 DATA SET FOR "multall" . GENERATED BY "stagen" .                       
    CP   and   GAMMA 
  -10.0000    1.0000
287.0491            1.4492              
       ITIMST 
         3
     CFL,    DAMP,    MACHLIM,    F_PDOWN 
  0.400000 10.000000  2.000000  0.000000
  IF_RESTART 
         0
  NSTEPS_MAX, CONLIM 
     10000  0.000150
   SFX,      SFT,      FAC_4TH,     NCHANGE 
  0.005000  0.005000  0.800000      1000
       NUMBER OF BLADE ROWS 
         2
        IM        KM 
        37        37
  FP(I),I=1,IMM1 
  1.000000  1.250000  1.562500  1.953125  2.441406  3.051758  3.814697  4.768372
  5.960464  7.450581  9.313226 11.641532 14.551915 18.189894 20.000000 20.000000
 20.000000 20.000000 20.000000 20.000000 20.000000 20.000000 18.189894 14.551915
 11.641532  9.313226  7.450581  5.960464  4.768372  3.814697  3.051758  2.441406
  1.953125  1.562500  1.250000  1.000000
  FR(K),K=1,KMM1 
  1.000000  1.250000  1.562500  1.953125  2.441406  3.051758  3.814697  4.768372
  5.960464  7.450581  9.313226 11.641532 14.551915 18.189894 20.000000 20.000000
 20.000000 20.000000 20.000000 20.000000 20.000000 20.000000 18.189894 14.551915
 11.641532  9.313226  7.450581  5.960464  4.768372  3.814697  3.051758  2.441406
  1.953125  1.562500  1.250000  1.000000
        IR        JR        KR        IRBB      JRBB      KRBB 
         3         3         3         9         9         9
   FBLK1,     FBLK2,     FBLK3  
  0.400000  0.200000  0.100000
       IFMIX 
         1
   RFMIX,    FEXTRAP,   FSMTHB,    FANGLE 
  0.025000  0.800000  1.000000  0.800000
      IFCOOL    IFBLEED    IF_ROUGH 
         0         0         0
       NSECS_IN 
         3
       IN_PRESS  IN_VTAN   IN_VR    IN_FLOW  IF_REPEAT  RFIN 
         0         0         1         0         0   0.50000
  IPOUT  SFEXIT  NSFEXIT 
    1  0.000000    0
  PLATE_LOSS  THROTTLE_EXIT 
  0.000000  0.000000
        ILOS      NLOS      IBOUND 
       100         5         0
   REYNO,     RF_VIS,   FTRANS, TURBVIS_LIM, PRANDTL, YPLUSWALL
       0.0     0.500     0.000  3000.000       1.0     0.000
   YPLAM      YPTURB 
  5.000000 25.000000
      ISHIFT    NEXTRAP_LE  NEXTRAP_TE 
         2        10        10
  (NSTG(N),N=1,NROWS) 
         1         1
  5  TIME STEPS FOR PRINTOUT 
 10010 10010 10010 10010 10010
  MARKER FOR VARIABLES TO BE SENT TO THE OUTPUT FILE.
 0 0 0 0 0 0 0 0 0 0 0 0 0 0 0 0 0 0 0 0
  STREAM SURFACES ON WHICH RESULTS ARE TO BE SENT TO   THE OUTPUT FILE 
 0 0 0 0 0 0 0 0 0 0 0 0 0 0 0 0 0 0 0 0 0 0 0 0 0 0 0 0 0 0 0 0 0 0 0 0 0
 ***************************************************************
 ************STARTING THE INPUT FOR EACH BLADE ROW**************
  BLADE ROW NUMBER =        1                                           
    NUMBER OF BLADES IN ROW 
        66
        JM        JLE       JTE 
       111        26        96
      KTIPSTART  KTIPEND 
         0         0
       BOUNDARY LAYER TRANSITION POINTS 
         0         0         0         0
  SET NEWGRID= 1 TO GENERATE A NEW GRID WITH DIFFERENT "J" POINTS AND SPACINGS.
         0
   RPMROW,    RPMHUB 
       0.0       0.0
       JROTHS    JROTHE    JROTTS    JROTTE 
         1         1         1         1
   PUPROW    PLEROW   PTEROW    PDROW 
 1944929.1 1944929.1 1167690.1 1167690.1
      NSECS_ROW   INSURF  
         3         0
  IF_CUSP_OUT   IFANGLES 
         1         0
         0         3         0
 ***************************************************************
  ROW NUMBER           1  SECTION NUMBER            1
           0           0           0  IF_DESIGN etc 
   1.00000   0.00000    0
 -0.015889 -0.014012 -0.012338 -0.010847 -0.009517 -0.008332 -0.007276 -0.006335
 -0.005495 -0.004747 -0.004081 -0.003487 -0.002957 -0.002485 -0.002064 -0.001688
 -0.001354 -0.001056 -0.000790 -0.000553 -0.000342 -0.000153  0.000015  0.000165
  0.000298  0.000417  0.000535  0.000658  0.000787  0.000922  0.001065  0.001214
  0.001372  0.001537  0.001712  0.001895  0.002089  0.002293  0.002507  0.002733
  0.002970  0.003220  0.003481  0.003755  0.004043  0.004345  0.004663  0.004996
  0.005346  0.005714  0.006101  0.006508  0.006938  0.007392  0.007874  0.008394
  0.008950  0.009542  0.010169  0.010829  0.011519  0.012226  0.012939  0.013656
  0.014373  0.015087  0.015796  0.016501  0.017205  0.017912  0.018621  0.019331
  0.020041  0.020750  0.021455  0.022151  0.022833  0.023499  0.024148  0.024779
  0.025392  0.025984  0.026560  0.027118  0.027660  0.028185  0.028694  0.029185
  0.029660  0.030118  0.030559  0.030983  0.031390  0.031780  0.032154  0.032510
  0.032868  0.033246  0.033645  0.034067  0.034514  0.034986  0.035485  0.036013
  0.036570  0.037160  0.037783  0.038441  0.039137  0.039873  0.040651
  1.000000  0.000000
 -0.010291 -0.010193 -0.010106 -0.010028 -0.009958 -0.009895 -0.009839 -0.009789
 -0.009744 -0.009704 -0.009669 -0.009637 -0.009608 -0.009583 -0.009560 -0.009540
 -0.009522 -0.009506 -0.009492 -0.009479 -0.009467 -0.009457 -0.009448 -0.009440
 -0.009433 -0.009426 -0.008837 -0.008561 -0.008366 -0.008223 -0.008098 -0.007973
 -0.007844 -0.007713 -0.007578 -0.007440 -0.007298 -0.007152 -0.007001 -0.006846
 -0.006686 -0.006522 -0.006353 -0.006179 -0.005999 -0.005815 -0.005625 -0.005430
 -0.005228 -0.005019 -0.004805 -0.004583 -0.004353 -0.004115 -0.003866 -0.003605
 -0.003330 -0.003042 -0.002744 -0.002436 -0.002121 -0.001805 -0.001491 -0.001181
 -0.000877 -0.000579 -0.000286  0.000000  0.000282  0.000562  0.000840  0.001115
  0.001387  0.001656  0.001921  0.002180  0.002433  0.002678  0.002915  0.003144
  0.003365  0.003578  0.003785  0.003984  0.004177  0.004363  0.004543  0.004717
  0.004884  0.005045  0.005200  0.005349  0.005492  0.005551  0.005398  0.004760
  0.005062  0.005381  0.005719  0.006076  0.006454  0.006853  0.007274  0.007720
  0.008191  0.008689  0.009215  0.009771  0.010359  0.010980  0.011636
  1.000000
  0.000000  0.000000  0.000000  0.000000  0.000000  0.000000  0.000000  0.000000
  0.000000  0.000000  0.000000  0.000000  0.000000  0.000000  0.000000  0.000000
  0.000000  0.000000  0.000000  0.000000  0.000000  0.000000  0.000000  0.000000
  0.000000  0.000000  0.001162  0.001699  0.002093  0.002392  0.002638  0.002869
  0.003100  0.003335  0.003574  0.003817  0.004064  0.004316  0.004571  0.004831
  0.005095  0.005363  0.005633  0.005905  0.006180  0.006458  0.006736  0.007016
  0.007298  0.007578  0.007857  0.008134  0.008408  0.008681  0.008948  0.009211
  0.009468  0.009714  0.009942  0.010148  0.010327  0.010474  0.010585  0.010659
  0.010697  0.010699  0.010668  0.010606  0.010510  0.010381  0.010221  0.010029
  0.009807  0.009555  0.009275  0.008970  0.008644  0.008301  0.007942  0.007571
  0.007191  0.006803  0.006408  0.006007  0.005604  0.005199  0.004793  0.004388
  0.003985  0.003585  0.003191  0.002802  0.002421  0.001971  0.001324  0.000000
  0.000000  0.000000  0.000000  0.000000  0.000000  0.000000  0.000000  0.000000
  0.000000  0.000000  0.000000  0.000000  0.000000  0.000000  0.000000
  1.000000  0.000000
  0.282424  0.282370  0.282313  0.282254  0.282194  0.282136  0.282080  0.282025
  0.281974  0.281926  0.281881  0.281839  0.281801  0.281765  0.281733  0.281703
  0.281676  0.281652  0.281630  0.281610  0.281592  0.281575  0.281561  0.281548
  0.281536  0.281525  0.281506  0.281486  0.281465  0.281443  0.281420  0.281395
  0.281368  0.281340  0.281311  0.281279  0.281245  0.281210  0.281172  0.281132
  0.281089  0.281044  0.280996  0.280945  0.280891  0.280834  0.280774  0.280709
  0.280641  0.280569  0.280492  0.280410  0.280323  0.280230  0.280130  0.280021
  0.279904  0.279778  0.279643  0.279500  0.279351  0.279196  0.279040  0.278882
  0.278725  0.278568  0.278412  0.278259  0.278106  0.277954  0.277803  0.277653
  0.277505  0.277359  0.277216  0.277078  0.276945  0.276818  0.276696  0.276581
  0.276472  0.276370  0.276273  0.276181  0.276095  0.276014  0.275938  0.275867
  0.275801  0.275739  0.275682  0.275629  0.275580  0.275535  0.275494  0.275456
  0.275428  0.275399  0.275368  0.275336  0.275302  0.275265  0.275227  0.275186
  0.275143  0.275096  0.275046  0.274993  0.274935  0.274874  0.274808
 ***************************************************************
  ROW NUMBER           1  SECTION NUMBER            2
           0           0           0  IF_DESIGN etc 
   1.00000   0.00000    0
 -0.016997 -0.015073 -0.013358 -0.011829 -0.010466 -0.009250 -0.008166 -0.007200
 -0.006338 -0.005570 -0.004885 -0.004275 -0.003730 -0.003245 -0.002812 -0.002426
 -0.002082 -0.001775 -0.001501 -0.001257 -0.001040 -0.000846 -0.000673 -0.000519
 -0.000382 -0.000259 -0.000137 -0.000009  0.000126  0.000266  0.000414  0.000570
  0.000734  0.000906  0.001088  0.001279  0.001481  0.001693  0.001916  0.002152
  0.002399  0.002659  0.002931  0.003217  0.003517  0.003833  0.004164  0.004512
  0.004878  0.005262  0.005666  0.006092  0.006541  0.007015  0.007520  0.008063
  0.008645  0.009265  0.009921  0.010612  0.011334  0.012074  0.012822  0.013572
  0.014323  0.015070  0.015813  0.016551  0.017288  0.018027  0.018769  0.019512
  0.020255  0.020996  0.021732  0.022459  0.023170  0.023865  0.024542  0.025200
  0.025837  0.026454  0.027052  0.027633  0.028196  0.028741  0.029268  0.029778
  0.030270  0.030744  0.031200  0.031639  0.032060  0.032463  0.032848  0.033216
  0.033583  0.033972  0.034383  0.034817  0.035276  0.035761  0.036274  0.036816
  0.037390  0.037995  0.038636  0.039313  0.040029  0.040786  0.041586
  1.000000  0.000000
 -0.009775 -0.009682 -0.009599 -0.009526 -0.009460 -0.009401 -0.009349 -0.009302
 -0.009260 -0.009223 -0.009190 -0.009160 -0.009134 -0.009111 -0.009090 -0.009071
 -0.009054 -0.009040 -0.009026 -0.009015 -0.009004 -0.008995 -0.008986 -0.008979
 -0.008972 -0.008966 -0.008372 -0.008093 -0.007896 -0.007751 -0.007626 -0.007499
 -0.007371 -0.007239 -0.007105 -0.006967 -0.006825 -0.006678 -0.006528 -0.006373
 -0.006214 -0.006051 -0.005883 -0.005710 -0.005532 -0.005350 -0.005161 -0.004968
 -0.004769 -0.004564 -0.004352 -0.004134 -0.003909 -0.003676 -0.003433 -0.003178
 -0.002910 -0.002631 -0.002343 -0.002046 -0.001744 -0.001440 -0.001140 -0.000846
 -0.000557 -0.000275  0.000000  0.000268  0.000532  0.000792  0.001050  0.001303
  0.001554  0.001800  0.002042  0.002278  0.002506  0.002727  0.002940  0.003145
  0.003342  0.003532  0.003714  0.003890  0.004060  0.004223  0.004380  0.004531
  0.004677  0.004816  0.004950  0.005078  0.005201  0.005251  0.005078  0.004391
  0.004677  0.004979  0.005298  0.005636  0.005993  0.006370  0.006769  0.007191
  0.007637  0.008108  0.008606  0.009133  0.009689  0.010278  0.010900
  1.000000
  0.000000  0.000000  0.000000  0.000000  0.000000  0.000000  0.000000  0.000000
  0.000000  0.000000  0.000000  0.000000  0.000000  0.000000  0.000000  0.000000
  0.000000  0.000000  0.000000  0.000000  0.000000  0.000000  0.000000  0.000000
  0.000000  0.000000  0.001175  0.001719  0.002119  0.002422  0.002670  0.002903
  0.003138  0.003375  0.003617  0.003863  0.004113  0.004368  0.004626  0.004890
  0.005157  0.005427  0.005701  0.005977  0.006255  0.006536  0.006818  0.007101
  0.007385  0.007670  0.007952  0.008233  0.008510  0.008784  0.009055  0.009324
  0.009583  0.009831  0.010062  0.010272  0.010453  0.010601  0.010713  0.010789
  0.010828  0.010830  0.010799  0.010734  0.010637  0.010507  0.010347  0.010153
  0.009928  0.009673  0.009390  0.009081  0.008752  0.008404  0.008041  0.007666
  0.007279  0.006887  0.006488  0.006084  0.005676  0.005266  0.004855  0.004445
  0.004037  0.003633  0.003234  0.002841  0.002455  0.002010  0.001358  0.000000
  0.000000  0.000000  0.000000  0.000000  0.000000  0.000000  0.000000  0.000000
  0.000000  0.000000  0.000000  0.000000  0.000000  0.000000  0.000000
  1.000000  0.000000
  0.298790  0.298786  0.298783  0.298780  0.298778  0.298775  0.298773  0.298771
  0.298769  0.298768  0.298766  0.298765  0.298764  0.298763  0.298762  0.298761
  0.298761  0.298760  0.298760  0.298759  0.298759  0.298758  0.298758  0.298758
  0.298757  0.298757  0.298757  0.298757  0.298757  0.298757  0.298757  0.298758
  0.298758  0.298758  0.298758  0.298758  0.298758  0.298759  0.298759  0.298759
  0.298760  0.298760  0.298760  0.298761  0.298761  0.298762  0.298762  0.298763
  0.298763  0.298764  0.298765  0.298765  0.298766  0.298767  0.298768  0.298769
  0.298770  0.298772  0.298773  0.298775  0.298776  0.298778  0.298779  0.298781
  0.298783  0.298785  0.298786  0.298788  0.298790  0.298791  0.298793  0.298794
  0.298796  0.298797  0.298798  0.298799  0.298800  0.298801  0.298802  0.298803
  0.298803  0.298804  0.298804  0.298805  0.298805  0.298805  0.298805  0.298805
  0.298805  0.298805  0.298805  0.298804  0.298804  0.298804  0.298804  0.298803
  0.298802  0.298801  0.298800  0.298798  0.298797  0.298796  0.298796  0.298795
  0.298795  0.298795  0.298796  0.298798  0.298800  0.298802  0.298805
 ***************************************************************
  ROW NUMBER           1  SECTION NUMBER            3
           0           0           0  IF_DESIGN etc 
   1.00000   0.00000    0
 -0.018592 -0.016557 -0.014744 -0.013127 -0.011686 -0.010401 -0.009257 -0.008236
 -0.007326 -0.006515 -0.005792 -0.005148 -0.004574 -0.004062 -0.003605 -0.003198
 -0.002835 -0.002512 -0.002224 -0.001967 -0.001738 -0.001533 -0.001351 -0.001189
 -0.001044 -0.000915 -0.000787 -0.000653 -0.000513 -0.000366 -0.000211 -0.000049
  0.000122  0.000302  0.000492  0.000691  0.000901  0.001123  0.001356  0.001601
  0.001859  0.002130  0.002414  0.002712  0.003024  0.003353  0.003698  0.004060
  0.004440  0.004840  0.005261  0.005703  0.006170  0.006663  0.007188  0.007752
  0.008356  0.009000  0.009682  0.010399  0.011147  0.011916  0.012691  0.013470
  0.014249  0.015024  0.015795  0.016561  0.017325  0.018093  0.018863  0.019635
  0.020406  0.021176  0.021942  0.022698  0.023438  0.024162  0.024867  0.025552
  0.026216  0.026860  0.027484  0.028091  0.028679  0.029249  0.029801  0.030334
  0.030849  0.031346  0.031825  0.032285  0.032726  0.033150  0.033555  0.033941
  0.034329  0.034739  0.035172  0.035630  0.036114  0.036626  0.037166  0.037738
  0.038342  0.038981  0.039656  0.040369  0.041123  0.041920  0.042760
  1.000000  0.000000
 -0.010170 -0.010078 -0.009997 -0.009925 -0.009860 -0.009803 -0.009753 -0.009707
 -0.009667 -0.009632 -0.009600 -0.009571 -0.009546 -0.009524 -0.009504 -0.009486
 -0.009470 -0.009456 -0.009443 -0.009432 -0.009422 -0.009413 -0.009405 -0.009398
 -0.009392 -0.009386 -0.008766 -0.008473 -0.008267 -0.008115 -0.007985 -0.007854
 -0.007721 -0.007585 -0.007445 -0.007302 -0.007155 -0.007004 -0.006848 -0.006688
 -0.006524 -0.006355 -0.006183 -0.006005 -0.005822 -0.005635 -0.005441 -0.005243
 -0.005039 -0.004830 -0.004614 -0.004391 -0.004162 -0.003925 -0.003679 -0.003421
 -0.003150 -0.002870 -0.002580 -0.002283 -0.001981 -0.001679 -0.001382 -0.001090
 -0.000806 -0.000530 -0.000261  0.000000  0.000256  0.000507  0.000755  0.000998
  0.001236  0.001470  0.001699  0.001920  0.002134  0.002340  0.002538  0.002728
  0.002909  0.003083  0.003249  0.003409  0.003563  0.003710  0.003851  0.003987
  0.004116  0.004240  0.004359  0.004472  0.004580  0.004625  0.004428  0.003668
  0.003948  0.004245  0.004558  0.004890  0.005240  0.005610  0.006002  0.006416
  0.006854  0.007316  0.007806  0.008323  0.008870  0.009449  0.010061
  1.000000
  0.000000  0.000000  0.000000  0.000000  0.000000  0.000000  0.000000  0.000000
  0.000000  0.000000  0.000000  0.000000  0.000000  0.000000  0.000000  0.000000
  0.000000  0.000000  0.000000  0.000000  0.000000  0.000000  0.000000  0.000000
  0.000000  0.000000  0.001228  0.001798  0.002218  0.002536  0.002795  0.003038
  0.003284  0.003533  0.003786  0.004043  0.004305  0.004571  0.004842  0.005118
  0.005397  0.005680  0.005966  0.006255  0.006547  0.006841  0.007136  0.007433
  0.007730  0.008026  0.008322  0.008618  0.008909  0.009195  0.009478  0.009758
  0.010032  0.010291  0.010532  0.010750  0.010942  0.011097  0.011214  0.011293
  0.011333  0.011337  0.011305  0.011237  0.011136  0.011000  0.010830  0.010628
  0.010392  0.010126  0.009829  0.009507  0.009162  0.008798  0.008419  0.008026
  0.007623  0.007213  0.006795  0.006372  0.005945  0.005515  0.005085  0.004656
  0.004230  0.003807  0.003389  0.002978  0.002574  0.002121  0.001442  0.000000
  0.000000  0.000000  0.000000  0.000000  0.000000  0.000000  0.000000  0.000000
  0.000000  0.000000  0.000000  0.000000  0.000000  0.000000  0.000000
  1.000000  0.000000
  0.315105  0.315152  0.315204  0.315259  0.315315  0.315371  0.315425  0.315478
  0.315528  0.315575  0.315619  0.315660  0.315698  0.315732  0.315764  0.315794
  0.315820  0.315844  0.315866  0.315886  0.315904  0.315920  0.315935  0.315948
  0.315960  0.315970  0.315981  0.315995  0.316015  0.316037  0.316059  0.316084
  0.316109  0.316136  0.316165  0.316196  0.316229  0.316264  0.316301  0.316340
  0.316382  0.316427  0.316474  0.316524  0.316577  0.316634  0.316694  0.316758
  0.316825  0.316898  0.316974  0.317056  0.317143  0.317237  0.317337  0.317446
  0.317564  0.317692  0.317828  0.317972  0.318124  0.318281  0.318440  0.318601
  0.318761  0.318921  0.319080  0.319238  0.319394  0.319550  0.319705  0.319859
  0.320012  0.320162  0.320309  0.320451  0.320588  0.320720  0.320845  0.320964
  0.321076  0.321183  0.321283  0.321378  0.321467  0.321551  0.321629  0.321703
  0.321771  0.321835  0.321894  0.321949  0.322000  0.322047  0.322090  0.322129
  0.322162  0.322191  0.322222  0.322254  0.322289  0.322327  0.322367  0.322410
  0.322458  0.322509  0.322566  0.322627  0.322693  0.322766  0.322852
 ***************************************************************
 ************STARTING THE INPUT FOR EACH BLADE ROW**************
  BLADE ROW NUMBER =        2                                           
    NUMBER OF BLADES IN ROW 
        44
        JM        JLE       JTE 
       111        21        91
      KTIPSTART  KTIPEND 
         0         0
       BOUNDARY LAYER TRANSITION POINTS 
         0         0         0         0
  SET NEWGRID= 1 TO GENERATE A NEW GRID WITH DIFFERENT "J" POINTS AND SPACINGS.
         0
   RPMROW,    RPMHUB 
    9000.0    9000.0
       JROTHS    JROTHE    JROTTS    JROTTE 
         1         1         1         1
   PUPROW    PLEROW   PTEROW    PDROW 
 1167690.1 1167690.1  654697.7  654697.7
      NSECS_ROW   INSURF  
         3         0
  IF_CUSP_OUT   IFANGLES 
         1         0
         0         3         0
 ***************************************************************
  ROW NUMBER           2  SECTION NUMBER            1
           0           0           0  IF_DESIGN etc 
   1.00000   0.00000    0
  0.027460  0.028993  0.030370  0.031606  0.032718  0.033717  0.034614  0.035418
  0.036138  0.036784  0.037363  0.037882  0.038348  0.038765  0.039139  0.039474
  0.039775  0.040045  0.040286  0.040503  0.040697  0.040891  0.041093  0.041305
  0.041528  0.041762  0.042007  0.042266  0.042538  0.042825  0.043126  0.043444
  0.043779  0.044131  0.044501  0.044891  0.045300  0.045728  0.046178  0.046650
  0.047145  0.047665  0.048211  0.048785  0.049387  0.050020  0.050687  0.051390
  0.052131  0.052921  0.053769  0.054677  0.055644  0.056668  0.057745  0.058868
  0.060021  0.061184  0.062351  0.063517  0.064678  0.065832  0.066977  0.068121
  0.069269  0.070420  0.071573  0.072725  0.073875  0.075019  0.076146  0.077251
  0.078330  0.079382  0.080404  0.081395  0.082354  0.083285  0.084189  0.085065
  0.085915  0.086737  0.087532  0.088299  0.089039  0.089752  0.090438  0.091096
  0.091726  0.092329  0.092905  0.093487  0.094115  0.094794  0.095527  0.096318
  0.097172  0.098095  0.099091  0.100167  0.101329  0.102584  0.103938  0.105401
  0.106981  0.108688  0.110530  0.112520  0.114668  0.116988  0.119493
  1.000000  0.000000
 -0.005758 -0.005621 -0.005499 -0.005390 -0.005292 -0.005205 -0.005128 -0.005058
 -0.004995 -0.004939 -0.004889 -0.004844 -0.004803 -0.004767 -0.004734 -0.004705
 -0.004679 -0.004656 -0.004635 -0.004616 -0.004599 -0.003553 -0.003063 -0.002732
 -0.002490 -0.002280 -0.002075 -0.001874 -0.001675 -0.001475 -0.001279 -0.001084
 -0.000891 -0.000698 -0.000508 -0.000319 -0.000134  0.000048  0.000226  0.000400
  0.000569  0.000731  0.000885  0.001031  0.001167  0.001292  0.001405  0.001504
  0.001585  0.001646  0.001686  0.001698  0.001681  0.001624  0.001525  0.001380
  0.001190  0.000957  0.000678  0.000358  0.000000 -0.000395 -0.000825 -0.001289
 -0.001794 -0.002337 -0.002916 -0.003531 -0.004178 -0.004856 -0.005558 -0.006277
 -0.007008 -0.007749 -0.008494 -0.009242 -0.009987 -0.010732 -0.011475 -0.012214
 -0.012948 -0.013674 -0.014390 -0.015095 -0.015788 -0.016467 -0.017131 -0.017778
 -0.018407 -0.019017 -0.019937 -0.020325 -0.020743 -0.021195 -0.021682 -0.022208
 -0.022776 -0.023389 -0.024052 -0.024766 -0.025538 -0.026372 -0.027272 -0.028244
 -0.029293 -0.030426 -0.031651 -0.032973 -0.034401 -0.035944 -0.037611
  1.000000
  0.000000  0.000000  0.000000  0.000000  0.000000  0.000000  0.000000  0.000000
  0.000000  0.000000  0.000000  0.000000  0.000000  0.000000  0.000000  0.000000
  0.000000  0.000000  0.000000  0.000000  0.000000  0.002046  0.002979  0.003667
  0.004189  0.004613  0.004992  0.005361  0.005726  0.006090  0.006450  0.006808
  0.007166  0.007523  0.007879  0.008235  0.008587  0.008938  0.009285  0.009630
  0.009970  0.010306  0.010636  0.010959  0.011276  0.011584  0.011882  0.012172
  0.012446  0.012708  0.012956  0.013186  0.013394  0.013569  0.013709  0.013809
  0.013866  0.013879  0.013846  0.013769  0.013653  0.013498  0.013308  0.013083
  0.012821  0.012524  0.012193  0.011830  0.011436  0.011014  0.010568  0.010105
  0.009626  0.009136  0.008638  0.008134  0.007628  0.007120  0.006610  0.006101
  0.005594  0.005090  0.004591  0.004099  0.003615  0.003139  0.002674  0.002219
  0.001777  0.001293  0.000000  0.000000  0.000000  0.000000  0.000000  0.000000
  0.000000  0.000000  0.000000  0.000000  0.000000  0.000000  0.000000  0.000000
  0.000000  0.000000  0.000000  0.000000  0.000000  0.000000  0.000000
  1.000000  0.000000
  0.276126  0.275895  0.275707  0.275555  0.275440  0.275363  0.275294  0.275232
  0.275177  0.275126  0.275080  0.275038  0.275000  0.274966  0.274935  0.274907
  0.274882  0.274859  0.274839  0.274821  0.274804  0.274784  0.274763  0.274741
  0.274717  0.274691  0.274663  0.274634  0.274602  0.274568  0.274532  0.274492
  0.274450  0.274404  0.274356  0.274303  0.274247  0.274186  0.274121  0.274051
  0.273976  0.273895  0.273808  0.273715  0.273615  0.273507  0.273390  0.273265
  0.273129  0.272981  0.272819  0.272641  0.272447  0.272236  0.272011  0.271770
  0.271519  0.271261  0.270998  0.270732  0.270464  0.270195  0.269927  0.269657
  0.269385  0.269111  0.268837  0.268563  0.268291  0.268021  0.267757  0.267499
  0.267250  0.267010  0.266779  0.266558  0.266347  0.266145  0.265952  0.265768
  0.265593  0.265427  0.265269  0.265119  0.264978  0.264844  0.264719  0.264601
  0.264490  0.264387  0.264290  0.264236  0.264179  0.264118  0.264055  0.263988
  0.263919  0.263846  0.263770  0.263692  0.263611  0.263529  0.263444  0.263359
  0.263273  0.263188  0.263105  0.263024  0.262947  0.262876  0.262813
 ***************************************************************
  ROW NUMBER           2  SECTION NUMBER            2
           0           0           0  IF_DESIGN etc 
   1.00000   0.00000    0
  0.029107  0.030569  0.031879  0.033053  0.034106  0.035051  0.035897  0.036656
  0.037337  0.037947  0.038494  0.038984  0.039424  0.039818  0.040171  0.040488
  0.040772  0.041027  0.041255  0.041460  0.041643  0.041827  0.042019  0.042220
  0.042431  0.042652  0.042885  0.043131  0.043389  0.043661  0.043948  0.044249
  0.044567  0.044902  0.045255  0.045625  0.046014  0.046422  0.046851  0.047300
  0.047773  0.048269  0.048790  0.049338  0.049914  0.050519  0.051157  0.051830
  0.052540  0.053296  0.054110  0.054981  0.055910  0.056893  0.057928  0.059009
  0.060118  0.061238  0.062362  0.063486  0.064606  0.065719  0.066824  0.067928
  0.069036  0.070147  0.071260  0.072372  0.073482  0.074586  0.075674  0.076740
  0.077781  0.078795  0.079780  0.080734  0.081658  0.082555  0.083424  0.084268
  0.085084  0.085874  0.086638  0.087374  0.088085  0.088768  0.089425  0.090056
  0.090659  0.091237  0.091787  0.092338  0.092932  0.093574  0.094267  0.095015
  0.095822  0.096693  0.097634  0.098650  0.099747  0.100930  0.102208  0.103588
  0.105077  0.106685  0.108421  0.110295  0.112318  0.114502  0.116859
  1.000000  0.000000
 -0.001162 -0.001233 -0.001296 -0.001353 -0.001404 -0.001449 -0.001490 -0.001527
 -0.001560 -0.001589 -0.001615 -0.001639 -0.001660 -0.001679 -0.001696 -0.001712
 -0.001725 -0.001738 -0.001749 -0.001759 -0.001768 -0.000815 -0.000364 -0.000014
  0.000256  0.000462  0.000634  0.000798  0.000958  0.001115  0.001268  0.001419
  0.001566  0.001709  0.001849  0.001985  0.002117  0.002241  0.002359  0.002469
  0.002572  0.002666  0.002750  0.002823  0.002883  0.002931  0.002961  0.002972
  0.002963  0.002930  0.002870  0.002777  0.002648  0.002474  0.002255  0.001988
  0.001673  0.001314  0.000916  0.000476  0.000000 -0.000510 -0.001053 -0.001630
 -0.002244 -0.002895 -0.003581 -0.004300 -0.005051 -0.005831 -0.006631 -0.007445
 -0.008268 -0.009097 -0.009927 -0.010756 -0.011579 -0.012400 -0.013214 -0.014021
 -0.014820 -0.015607 -0.016383 -0.017146 -0.017893 -0.018624 -0.019337 -0.020031
 -0.020704 -0.021356 -0.022313 -0.022742 -0.023204 -0.023703 -0.024242 -0.024824
 -0.025452 -0.026130 -0.026862 -0.027652 -0.028505 -0.029426 -0.030420 -0.031493
 -0.032652 -0.033903 -0.035253 -0.036711 -0.038284 -0.039983 -0.041817
  1.000000
  0.000000  0.000000  0.000000  0.000000  0.000000  0.000000  0.000000  0.000000
  0.000000  0.000000  0.000000  0.000000  0.000000  0.000000  0.000000  0.000000
  0.000000  0.000000  0.000000  0.000000  0.000000  0.001946  0.002888  0.003575
  0.004087  0.004497  0.004867  0.005229  0.005586  0.005941  0.006294  0.006646
  0.006997  0.007347  0.007696  0.008042  0.008390  0.008732  0.009072  0.009409
  0.009742  0.010070  0.010393  0.010709  0.011019  0.011323  0.011615  0.011896
  0.012165  0.012421  0.012664  0.012889  0.013093  0.013264  0.013401  0.013500
  0.013555  0.013567  0.013537  0.013463  0.013349  0.013197  0.013011  0.012790
  0.012534  0.012244  0.011920  0.011565  0.011180  0.010768  0.010332  0.009879
  0.009411  0.008932  0.008445  0.007953  0.007459  0.006960  0.006462  0.005964
  0.005468  0.004976  0.004489  0.004007  0.003533  0.003068  0.002613  0.002168
  0.001735  0.001253  0.000000  0.000000  0.000000  0.000000  0.000000  0.000000
  0.000000  0.000000  0.000000  0.000000  0.000000  0.000000  0.000000  0.000000
  0.000000  0.000000  0.000000  0.000000  0.000000  0.000000  0.000000
  1.000000  0.000000
  0.298805  0.298805  0.298804  0.298803  0.298800  0.298798  0.298796  0.298795
  0.298795  0.298795  0.298796  0.298797  0.298798  0.298799  0.298800  0.298801
  0.298802  0.298803  0.298804  0.298805  0.298805  0.298806  0.298806  0.298806
  0.298806  0.298807  0.298807  0.298808  0.298808  0.298808  0.298808  0.298809
  0.298809  0.298809  0.298810  0.298810  0.298810  0.298810  0.298810  0.298811
  0.298811  0.298811  0.298811  0.298810  0.298810  0.298810  0.298810  0.298809
  0.298808  0.298808  0.298807  0.298805  0.298804  0.298802  0.298800  0.298798
  0.298796  0.298794  0.298791  0.298788  0.298785  0.298783  0.298779  0.298777
  0.298773  0.298770  0.298767  0.298764  0.298761  0.298758  0.298755  0.298752
  0.298749  0.298746  0.298744  0.298741  0.298739  0.298737  0.298735  0.298733
  0.298732  0.298730  0.298729  0.298727  0.298726  0.298725  0.298724  0.298724
  0.298723  0.298722  0.298722  0.298724  0.298725  0.298727  0.298729  0.298731
  0.298733  0.298735  0.298738  0.298740  0.298744  0.298747  0.298750  0.298754
  0.298758  0.298763  0.298767  0.298772  0.298777  0.298782  0.298787
 ***************************************************************
  ROW NUMBER           2  SECTION NUMBER            3
           0           0           0  IF_DESIGN etc 
   1.00000   0.00000    0
  0.030337  0.031756  0.033031  0.034176  0.035205  0.036129  0.036957  0.037699
  0.038365  0.038961  0.039496  0.039975  0.040405  0.040790  0.041135  0.041445
  0.041722  0.041971  0.042194  0.042394  0.042573  0.042752  0.042939  0.043135
  0.043340  0.043556  0.043782  0.044021  0.044272  0.044536  0.044815  0.045108
  0.045416  0.045741  0.046083  0.046442  0.046819  0.047214  0.047629  0.048064
  0.048521  0.049000  0.049504  0.050032  0.050588  0.051171  0.051786  0.052434
  0.053117  0.053845  0.054626  0.055463  0.056354  0.057297  0.058289  0.059324
  0.060385  0.061456  0.062531  0.063605  0.064674  0.065737  0.066791  0.067844
  0.068901  0.069960  0.071022  0.072083  0.073141  0.074193  0.075231  0.076248
  0.077241  0.078209  0.079149  0.080061  0.080944  0.081801  0.082632  0.083439
  0.084221  0.084977  0.085709  0.086415  0.087096  0.087753  0.088383  0.088989
  0.089569  0.090124  0.090654  0.091191  0.091771  0.092397  0.093073  0.093803
  0.094592  0.095443  0.096362  0.097355  0.098428  0.099586  0.100836  0.102187
  0.103645  0.105220  0.106921  0.108758  0.110742  0.112885  0.115198
  1.000000  0.000000
  0.002582  0.002337  0.002117  0.001920  0.001743  0.001584  0.001442  0.001314
  0.001200  0.001097  0.001005  0.000922  0.000848  0.000782  0.000723  0.000669
  0.000621  0.000578  0.000540  0.000506  0.000475  0.001586  0.001960  0.002283
  0.002562  0.002792  0.002971  0.003114  0.003246  0.003373  0.003498  0.003616
  0.003729  0.003837  0.003939  0.004034  0.004123  0.004203  0.004275  0.004337
  0.004389  0.004430  0.004458  0.004472  0.004472  0.004452  0.004413  0.004352
  0.004266  0.004152  0.004004  0.003817  0.003588  0.003309  0.002979  0.002594
  0.002159  0.001680  0.001158  0.000597  0.000000 -0.000631 -0.001293 -0.001990
 -0.002725 -0.003497 -0.004305 -0.005146 -0.006019 -0.006921 -0.007841 -0.008773
 -0.009712 -0.010654 -0.011596 -0.012531 -0.013458 -0.014378 -0.015290 -0.016191
 -0.017083 -0.017960 -0.018822 -0.019667 -0.020494 -0.021303 -0.022089 -0.022854
 -0.023596 -0.024312 -0.025346 -0.025828 -0.026347 -0.026909 -0.027515 -0.028169
 -0.028875 -0.029637 -0.030460 -0.031348 -0.032307 -0.033342 -0.034459 -0.035665
 -0.036966 -0.038370 -0.039886 -0.041522 -0.043287 -0.045191 -0.047246
  1.000000
  0.000000  0.000000  0.000000  0.000000  0.000000  0.000000  0.000000  0.000000
  0.000000  0.000000  0.000000  0.000000  0.000000  0.000000  0.000000  0.000000
  0.000000  0.000000  0.000000  0.000000  0.000000  0.002271  0.003069  0.003664
  0.004178  0.004638  0.005047  0.005420  0.005782  0.006143  0.006504  0.006862
  0.007220  0.007575  0.007931  0.008286  0.008638  0.008988  0.009335  0.009678
  0.010018  0.010353  0.010682  0.011006  0.011324  0.011632  0.011930  0.012218
  0.012492  0.012753  0.013001  0.013231  0.013438  0.013614  0.013753  0.013853
  0.013909  0.013919  0.013885  0.013809  0.013691  0.013536  0.013344  0.013117
  0.012854  0.012556  0.012224  0.011860  0.011465  0.011042  0.010595  0.010130
  0.009651  0.009159  0.008658  0.008154  0.007646  0.007136  0.006625  0.006115
  0.005606  0.005101  0.004601  0.004108  0.003622  0.003145  0.002678  0.002223
  0.001779  0.001275  0.000000  0.000000  0.000000  0.000000  0.000000  0.000000
  0.000000  0.000000  0.000000  0.000000  0.000000  0.000000  0.000000  0.000000
  0.000000  0.000000  0.000000  0.000000  0.000000  0.000000  0.000000
  1.000000  0.000000
  0.321703  0.321886  0.322034  0.322151  0.322224  0.322290  0.322351  0.322407
  0.322459  0.322508  0.322552  0.322593  0.322630  0.322664  0.322695  0.322722
  0.322748  0.322771  0.322792  0.322811  0.322831  0.322851  0.322872  0.322895
  0.322919  0.322944  0.322972  0.323002  0.323033  0.323067  0.323104  0.323143
  0.323185  0.323230  0.323279  0.323331  0.323387  0.323447  0.323512  0.323581
  0.323655  0.323734  0.323820  0.323912  0.324011  0.324117  0.324231  0.324354
  0.324488  0.324632  0.324792  0.324966  0.325156  0.325361  0.325582  0.325817
  0.326062  0.326314  0.326571  0.326831  0.327093  0.327355  0.327618  0.327882
  0.328148  0.328416  0.328684  0.328953  0.329220  0.329484  0.329744  0.329997
  0.330243  0.330479  0.330707  0.330926  0.331135  0.331335  0.331527  0.331710
  0.331884  0.332051  0.332209  0.332359  0.332501  0.332635  0.332762  0.332882
  0.332994  0.333099  0.333178  0.333231  0.333288  0.333347  0.333410  0.333476
  0.333545  0.333618  0.333693  0.333771  0.333852  0.333935  0.334020  0.334106
  0.334193  0.334280  0.334367  0.334451  0.334533  0.334610  0.334681
  STARTING INLET BOUNDARY CONDITION DATA .
  NUMBER OF POINTS FOR INLET BOUNDARY CONDITIONS 
        37
  SPACING OF INLET BOUNDARY CONDITION POINTS 
  1.000000  1.250000  1.562500  1.953125  2.441406  3.051758  3.814697  4.768372
  5.960464  7.450581  9.313226 11.641532 14.551915 18.189894 20.000000 20.000000
 20.000000 20.000000 20.000000 20.000000 20.000000 20.000000 18.189894 14.551915
 11.641532  9.313226  7.450581  5.960464  4.768372  3.814697  3.051758  2.441406
  1.953125  1.562500  1.250000  1.000000
   INLET STAGNATION PRESSURES 
 3786000.0 3786000.0 3786000.0 3786000.0 3786000.0 3785999.8 3786000.0 3786000.2
 3785999.8 3786000.0 3786000.2 3786000.0 3786000.2 3786000.0 3786000.0 3786000.0
 3786000.0 3786000.0 3786000.0 3786000.0 3786000.0 3786000.0 3786000.0 3786000.0
 3786000.0 3786000.0 3786000.0 3786000.0 3786000.0 3786000.0 3786000.0 3786000.0
 3786000.0 3786000.0 3786000.0 3786000.0 3786000.0
   INLET STAGNATION TEMPERATURES 
  332.8109  332.8109  332.8109  332.8109  332.8109  332.8109  332.8109  332.8109
  332.8109  332.8109  332.8109  332.8109  332.8109  332.8109  332.8109  332.8109
  332.8109  332.8109  332.8109  332.8109  332.8109  332.8109  332.8109  332.8109
  332.8109  332.8109  332.8109  332.8109  332.8109  332.8109  332.8109  332.8109
  332.8109  332.8109  332.8109  332.8109  332.8109
   INLET ABSOLUTE TANGENTIAL VELOCITY 
    0.0000    0.0000    0.0000    0.0000    0.0000    0.0000    0.0000    0.0000
    0.0000    0.0000    0.0000    0.0000    0.0000    0.0000    0.0000    0.0000
    0.0000    0.0000    0.0000    0.0000    0.0000    0.0000    0.0000    0.0000
    0.0000    0.0000    0.0000    0.0000    0.0000    0.0000    0.0000    0.0000
    0.0000    0.0000    0.0000    0.0000    0.0000
   INLET MERIDIONAL VELOCITY 
  337.9268  337.9268  337.9268  337.9268  337.9268  337.9268  337.9267  337.9268
  337.9268  337.9268  337.9268  337.9268  337.9268  337.9268  337.9268  337.9268
  337.9268  337.9268  337.9268  337.9268  337.9268  337.9268  337.9268  337.9268
  337.9268  337.9268  337.9268  337.9268  337.9268  337.9268  337.9268  337.9268
  337.9268  337.9268  337.9268  337.9268  337.9268
   INLET MERIDIONAL YAW ANGLE  
    4.7636    4.7636    4.7636    4.7636    4.7636    4.7636    4.7636    4.7636
    4.7636    4.7636    4.7636    4.7636    4.7636    4.7636    4.7636    4.7636
    4.7636    4.7636    4.7636    4.7636    4.7636    4.7636    4.7636    4.7636
    4.7636    4.7636    4.7636    4.7636    4.7636    4.7636    4.7636    4.7636
    4.7636    4.7636    4.7636    4.7636    4.7636
   INLET PITCH ANGLE 
   -0.3433   -0.3413   -0.3388   -0.3357   -0.3317   -0.3268   -0.3207   -0.3130
   -0.3034   -0.2914   -0.2764   -0.2576   -0.2342   -0.2048   -0.1682   -0.1279
   -0.0877   -0.0474   -0.0071    0.0332    0.0735    0.1137    0.1540    0.1907
    0.2200    0.2434    0.2622    0.2772    0.2892    0.2988    0.3065    0.3126
    0.3175    0.3215    0.3246    0.3271    0.3291
   PDOWN_HUB   PDOWN_TIP 
  654697.7  654697.7
 MIXING LENGTH LIMITS ON ALL BLADE ROWS
  0.020000  0.030000  0.040000  0.050000  1.000000  0.500000
  0.020000  0.030000  0.040000  0.050000  1.000000  0.500000
  FACTOR TO INCREASE THE TURBULENT VISCOSITY OVER THE FIRST NMIXUP STEPS 
   2.00000 1000
