    np2    ns2
    527    527
 Face:           1
       498       359       358
       498       358       499
       497       359       498
       499       358       357
       497       360       359
       499       357       500
       496       360       497
       500       357       356
       496       361       360
       500       356       501
         4       361       496
       356         3       501
       501         3       225
       225         3       226
       501       225       224
       226         3       227
       501       224       502
       227         3       228
       502       224       223
       228         3       229
       502       223       222
       229         3       230
       502       222       221
       230         3       231
       502       221       503
       231         3       232
       503       221       220
       232         3       233
       503       220       219
       233         3       403
       503       219       218
       234       233       403
       503       218       504
       235       234       403
       504       218       217
       236       235       403
       504       217       216
       237       236       403
       504       216       505
       237       403       402
       505       216       215
       238       237       402
       505       215       214
       239       238       402
       505       214       213
       240       239       402
       505       213       506
       241       240       402
       506       213       212
       242       241       402
       506       212       211
       242       402       401
       506       211       507
       243       242       401
       507       211       210
       244       243       401
       507       210       209
       245       244       401
       507       209       208
       246       245       401
       507       208       207
       401       400       246
       507       207       206
       246       400       247
       507       206       508
       247       400       248
       508       206       205
       248       400       249
       508       205       204
       249       400       250
       508       204       203
       250       400       251
       508       203       202
       400       399       251
       508       202       509
       251       399       252
       509       202       201
       252       399       253
       509       201       200
       253       399       254
       509       200       199
       254       399       255
       509       199       510
       399       398       255
       510       199       198
       255       398       256
       510       198       197
       256       398       257
       510       197       196
       257       398       258
       510       196       195
       258       398       259
       510       195       511
       259       398       260
       511       195       194
       398       397       260
       511       194       193
       260       397       261
       511       193         2
       261       397       262
       511         2       192
       262       397       263
       511       192       512
       263       397       264
       512       192       191
       397       396       264
       512       191       190
       264       396       265
       512       190       189
       265       396       266
       512       189       513
       266       396       267
       513       189       188
       267       396       268
       513       188       187
       396       395       268
       513       187       186
       268       395       269
       513       186       514
       269       395       270
       514       186       185
       270       395       271
       514       185       184
       271       395       272
       514       184       183
       395       394       272
       514       183       515
       272       394       273
       515       183       182
       273       394       274
       515       182       181
       274       394       275
       515       181       180
       275       394       276
       515       180       516
       394       393       276
       516       180       179
       276       393       277
       516       179       178
       277       393       278
       516       178       177
       278       393       279
       516       177       176
       279       393       280
       516       176       517
       393       392       280
       517       176       175
       280       392       281
       517       175       174
       281       392       282
       517       174       173
       282       392       283
       517       173       518
       283       392       284
       518       173       172
       392       391       284
       518       172       171
       284       391       285
       518       171       170
       285       391       286
       518       170       519
       286       391       287
       519       170       169
       287       391       288
       519       169       168
       391       390       288
       519       168       167
       288       390       289
       519       167       520
       289       390       290
       520       167       166
       290       390       291
       520       166       165
       291       390       292
       520       165       521
       390       389       292
       521       165       164
       292       389       293
       521       164       163
       293       389       294
       521       163       449
       294       389       295
       163       450       449
       521       449       522
       295       389       296
       163       162       450
       449       448       522
       389       388       296
       162       451       450
       522       448       495
       296       388       297
       162       161       451
       448         9       495
       522       495       523
       297       388       298
       161       160       451
       523       495       494
       298       388       299
       160       452       451
       523       494       524
       299       388       300
       160       159       452
       524       494       493
       388       387       300
       159       453       452
       524       493       525
       300       387       301
       159       158       453
       525       493       492
       301       387       302
       158       454       453
       525       492       526
       302       387       303
       158       157       454
       526       492       491
       387       386       303
       157       156       454
       526       491       527
       303       386       304
       156       455       454
       527       491       490
       304       386       305
       156       155       455
       527       490        10
       305       386       306
       155       456       455
       306       386       307
       155       154       456
       386       385       307
       154       153       456
       307       385       308
       153       457       456
       308       385       309
       153       152       457
       309       385       310
       152       151       457
       310       385       311
       151       458       457
       385       384       311
       151       150       458
       311       384       312
       150       459       458
       312       384       313
       150       149       459
       313       384       314
       149       148       459
       384       383       314
       148       460       459
       314       383       315
       148       147       460
       315       383       316
       147       146       460
       316       383       317
       146       461       460
       317       383       318
       146       145       461
       382       318       383
       145       144       461
       382       319       318
       144       462       461
       382       320       319
       144       143       462
       382       321       320
       143       142       462
       381       321       382
       142       463       462
       381       322       321
       142       141       463
       381       323       322
       141       140       463
       381       324       323
       140       139       463
       381       325       324
       139       464       463
       380       325       381
       139       138       464
       380       326       325
       138       137       464
       380       327       326
       137       465       464
       380       328       327
       137       136       465
       379       328       380
       136       135       465
       379       329       328
       135       134       465
       379       330       329
       134       466       465
       379       331       330
       134       133       466
       379       332       331
       133       132       466
       378       332       379
       132       467       466
       378       333       332
       132       131       467
       378       334       333
       131       130       467
       378       335       334
       130       129       467
       377       335       378
       129       468       467
       377       336       335
       129       128       468
       377       337       336
       128       127       468
       377       338       337
       127       469       468
       377       339       338
       127       126       469
       377       340       339
       126       125       469
       376       340       377
       125       124       469
       376       341       340
       124       470       469
       376       342       341
       124       123       470
       376       343       342
       123       122       470
       376       344       343
       122       471       470
       376       345       344
       122       121       471
       375       345       376
       121       120       471
       375       346       345
       120       119       471
       375       347       346
       119       472       471
       375       348       347
       119       118       472
       374       348       375
       118       117       472
       374       349       348
       117       116       472
       374       350       349
       116       473       472
       373       350       374
       116       115       473
       373       351       350
       115       114       473
       372       351       373
       114       113       473
       372       352       351
       113       474       473
       371       352       372
       113       112       474
       370       352       371
       112       111       474
       370       432       352
       111       475       474
       432       431       352
       433       432       370
       111       110       475
       352       431       353
       370       369       433
       110       109       475
       431       430       353
       369       434       433
       109       108       475
       430       429       353
       369       368       434
       108       476       475
       429       428       353
       368       435       434
       108       107       476
       353       428       354
       368       367       435
       107       106       476
       428       427       354
       367       436       435
       106       105       476
       427       426       354
       367       366       436
       105       477       476
       354       426       355
       366       437       436
       105       104       477
       355       426         1
       366       365       437
       104       103       477
       426       425         1
       365       364       437
       103       102       477
       425        11         1
       364       438       437
       102       478       477
       425        12        11
       364       407       438
       102       101       478
       425        13        12
       407       439       438
       408       407       364
       101       100       478
       425       424        13
       407       406       439
       363       408       364
       100       479       478
        13       424        14
       406       440       439
       362       408       363
       100        99       479
        14       424        15
       406       405       440
       409       408       362
        99        98       479
       424        16        15
       405       441       440
         5       409       362
        98        97       479
       424       423        16
       405       404       441
        97       480       479
        16       423        17
       404         6       441
        97        96       480
        17       423        18
        96        95       480
        18       423        19
        95        94       480
        19       423        20
        94       481       480
        20       423        21
        94        93       481
       423        22        21
        93        92       481
       423       422        22
        92        91       481
        22       422        23
        91       482       481
        23       422        24
        91        90       482
        24       422        25
        90        89       482
       422       421        25
        89        88       482
        25       421        26
        88       483       482
        26       421        27
        88        87       483
        27       421        28
        87        86       483
       421       420        28
        86        85       483
        28       420        29
        85       484       483
        29       420        30
        85        84       484
        30       420        31
        84        83       484
        31       420        32
        83       485       484
       420       419        32
        83        82       485
        32       419        33
        82        81       485
        33       419        34
        81        80       485
        34       419        35
        80       486       485
       419       418        35
        80        79       486
        35       418        36
        79        78       486
        36       418        37
        78        77       486
        37       418        38
        77       487       486
       418       417        38
        77        76       487
        38       417        39
        76        75       487
        39       417        40
        75        74       487
        40       417        41
        74       488       487
       417       416        41
        74        73       488
        41       416        42
        73        72       488
        42       416        43
        72        71       488
        43       416        44
        71       489       488
        44       416        45
        71        70       489
       416       415        45
        70        69       489
        45       415        46
        69        68       489
        46       415        47
        68         8       489
        47       415        48
        67         8        68
       415       414        48
        66         8        67
        48       414        49
        65         8        66
       414       443        49
        64         8        65
        49       443       442
       414       413       443
        63         8        64
        50        49       442
       413       444       443
        63        62         8
        51        50       442
       413       412       444
        62        61         8
        52        51       442
       412       445       444
        61        60         8
        52       442         8
       412       411       445
        60        59         8
        53        52         8
       411       446       445
        59        58         8
        54        53         8
       411       410       446
        58        57         8
        55        54         8
       410       447       446
        57        56         8
        56        55         8
       410         7       447
 2d points
        0.049799050000000       -0.050508140000000        1.000000000000000        0.000000000000000        0.000000000000000        1.000000000000000
        0.000000000000000       -0.000151240000000        1.000000000000000        0.000000000000000        0.000000000000000        1.000000000000000
        0.000000000000000       -0.029032850000000        1.000000000000000        0.000000000000000        0.000000000000000        1.000000000000000
       -0.012449760000000       -0.029032850000000        1.000000000000000        0.000000000000000        0.000000000000000        1.000000000000000
        0.049799050000000       -0.079936280000000        1.000000000000000        0.000000000000000        0.000000000000000        1.000000000000000
        0.062248820000000       -0.079936280000000        1.000000000000000        0.000000000000000        0.000000000000000        1.000000000000000
        0.062248820000000       -0.021870580000000        1.000000000000000        0.000000000000000        0.000000000000000        1.000000000000000
        0.049799050000000       -0.021870580000000        1.000000000000000        0.000000000000000        0.000000000000000        1.000000000000000
        0.000000000000000        0.029032850000000        1.000000000000000        0.000000000000000        0.000000000000000        1.000000000000000
       -0.012449760000000        0.029032850000000        1.000000000000000        0.000000000000000        0.000000000000000        1.000000000000000
        0.049794955490460       -0.050386406588880        1.000000000000000        0.000000000000000        0.000000000000000        1.000000000000000
        0.049782519155818       -0.050269178765703        1.000000000000000        0.000000000000000        0.000000000000000        1.000000000000000
        0.049763497699178       -0.050155097698280        1.000000000000000        0.000000000000000        0.000000000000000        1.000000000000000
        0.049737666277468       -0.050038497542037        1.000000000000000        0.000000000000000        0.000000000000000        1.000000000000000
        0.049704242720435       -0.049916572918582        1.000000000000000        0.000000000000000        0.000000000000000        1.000000000000000
        0.049663025505265       -0.049791159076479        1.000000000000000        0.000000000000000        0.000000000000000        1.000000000000000
        0.049612206299830       -0.049660844052393        1.000000000000000        0.000000000000000        0.000000000000000        1.000000000000000
        0.049552813490300       -0.049520593999959        1.000000000000000        0.000000000000000        0.000000000000000        1.000000000000000
        0.049487105888892       -0.049366548800654        1.000000000000000        0.000000000000000        0.000000000000000        1.000000000000000
        0.049411610614477       -0.049189591557373        1.000000000000000        0.000000000000000        0.000000000000000        1.000000000000000
        0.049314124870069       -0.048961710790976        1.000000000000000        0.000000000000000        0.000000000000000        1.000000000000000
        0.049185515760806       -0.048661546154111        1.000000000000000        0.000000000000000        0.000000000000000        1.000000000000000
        0.049007330204794       -0.048247060712442        1.000000000000000        0.000000000000000        0.000000000000000        1.000000000000000
        0.048800997235677       -0.047768896169134        1.000000000000000        0.000000000000000        0.000000000000000        1.000000000000000
        0.048588366905488       -0.047278161424963        1.000000000000000        0.000000000000000        0.000000000000000        1.000000000000000
        0.048376092929986       -0.046790320276002        1.000000000000000        0.000000000000000        0.000000000000000        1.000000000000000
        0.048165972946562       -0.046309696319368        1.000000000000000        0.000000000000000        0.000000000000000        1.000000000000000
        0.047955850130325       -0.045830967774207        1.000000000000000        0.000000000000000        0.000000000000000        1.000000000000000
        0.047744834599707       -0.045352326418350        1.000000000000000        0.000000000000000        0.000000000000000        1.000000000000000
        0.047532880665403       -0.044873731048416        1.000000000000000        0.000000000000000        0.000000000000000        1.000000000000000
        0.047320137302070       -0.044395372154391        1.000000000000000        0.000000000000000        0.000000000000000        1.000000000000000
        0.047106594948245       -0.043917389774387        1.000000000000000        0.000000000000000        0.000000000000000        1.000000000000000
        0.046892240506617       -0.043439795024210        1.000000000000000        0.000000000000000        0.000000000000000        1.000000000000000
        0.046677143006880       -0.042962563224927        1.000000000000000        0.000000000000000        0.000000000000000        1.000000000000000
        0.046461214948469       -0.042485838290897        1.000000000000000        0.000000000000000        0.000000000000000        1.000000000000000
        0.046244578372984       -0.042009772037434        1.000000000000000        0.000000000000000        0.000000000000000        1.000000000000000
        0.046027620995052       -0.041534750326340        1.000000000000000        0.000000000000000        0.000000000000000        1.000000000000000
        0.045810683871282       -0.041061575036878        1.000000000000000        0.000000000000000        0.000000000000000        1.000000000000000
        0.045593233779118       -0.040590141239815        1.000000000000000        0.000000000000000        0.000000000000000        1.000000000000000
        0.045374879054035       -0.040119004093419        1.000000000000000        0.000000000000000        0.000000000000000        1.000000000000000
        0.045155473315438       -0.039647889412232        1.000000000000000        0.000000000000000        0.000000000000000        1.000000000000000
        0.044935131976881       -0.039177119023718        1.000000000000000        0.000000000000000        0.000000000000000        1.000000000000000
        0.044713873896733       -0.038706791294632        1.000000000000000        0.000000000000000        0.000000000000000        1.000000000000000
        0.044491693406994       -0.038236892116307        1.000000000000000        0.000000000000000        0.000000000000000        1.000000000000000
        0.044268687440407       -0.037767410612483        1.000000000000000        0.000000000000000        0.000000000000000        1.000000000000000
        0.044044764652084       -0.037298476419375        1.000000000000000        0.000000000000000        0.000000000000000        1.000000000000000
        0.043820002875782       -0.036830083907397        1.000000000000000        0.000000000000000        0.000000000000000        1.000000000000000
        0.043594309664002       -0.036362200971589        1.000000000000000        0.000000000000000        0.000000000000000        1.000000000000000
        0.043367551981182       -0.035894618204586        1.000000000000000        0.000000000000000        0.000000000000000        1.000000000000000
        0.043139833906561       -0.035426654664095        1.000000000000000        0.000000000000000        0.000000000000000        1.000000000000000
        0.042910654057017       -0.034957826296893        1.000000000000000        0.000000000000000        0.000000000000000        1.000000000000000
        0.042679423558679       -0.034488183163710        1.000000000000000        0.000000000000000        0.000000000000000        1.000000000000000
        0.042446489221320       -0.034017850053771        1.000000000000000        0.000000000000000        0.000000000000000        1.000000000000000
        0.042212012831347       -0.033547097442030        1.000000000000000        0.000000000000000        0.000000000000000        1.000000000000000
        0.041976131200298       -0.033076225440714        1.000000000000000        0.000000000000000        0.000000000000000        1.000000000000000
        0.041739020532996       -0.032605590947645        1.000000000000000        0.000000000000000        0.000000000000000        1.000000000000000
        0.041500815281987       -0.032135490783226        1.000000000000000        0.000000000000000        0.000000000000000        1.000000000000000
        0.041261659432704       -0.031666226478875        1.000000000000000        0.000000000000000        0.000000000000000        1.000000000000000
        0.041021781519057       -0.031198247693258        1.000000000000000        0.000000000000000        0.000000000000000        1.000000000000000
        0.040781022292105       -0.030731335006298        1.000000000000000        0.000000000000000        0.000000000000000        1.000000000000000
        0.040537491817721       -0.030261747435111        1.000000000000000        0.000000000000000        0.000000000000000        1.000000000000000
        0.040291926997923       -0.029791340048149        1.000000000000000        0.000000000000000        0.000000000000000        1.000000000000000
        0.040045642722826       -0.029322095798497        1.000000000000000        0.000000000000000        0.000000000000000        1.000000000000000
        0.039798837191939       -0.028853292112673        1.000000000000000        0.000000000000000        0.000000000000000        1.000000000000000
        0.039550307876601       -0.028385174961500        1.000000000000000        0.000000000000000        0.000000000000000        1.000000000000000
        0.039300189595576       -0.027917783567025        1.000000000000000        0.000000000000000        0.000000000000000        1.000000000000000
        0.039048789049320       -0.027451102628523        1.000000000000000        0.000000000000000        0.000000000000000        1.000000000000000
        0.038795907324280       -0.026984898769170        1.000000000000000        0.000000000000000        0.000000000000000        1.000000000000000
        0.038541552533403       -0.026519054422987        1.000000000000000        0.000000000000000        0.000000000000000        1.000000000000000
        0.038285752447308       -0.026053766502940        1.000000000000000        0.000000000000000        0.000000000000000        1.000000000000000
        0.038028587951812       -0.025589127735044        1.000000000000000        0.000000000000000        0.000000000000000        1.000000000000000
        0.037770073629941       -0.025125218031573        1.000000000000000        0.000000000000000        0.000000000000000        1.000000000000000
        0.037510147904646       -0.024662136827339        1.000000000000000        0.000000000000000        0.000000000000000        1.000000000000000
        0.037248893096770       -0.024199851825732        1.000000000000000        0.000000000000000        0.000000000000000        1.000000000000000
        0.036986091728909       -0.023738471644372        1.000000000000000        0.000000000000000        0.000000000000000        1.000000000000000
        0.036722185448689       -0.023277748255026        1.000000000000000        0.000000000000000        0.000000000000000        1.000000000000000
        0.036457481839108       -0.022817508245394        1.000000000000000        0.000000000000000        0.000000000000000        1.000000000000000
        0.036190680866588       -0.022358485746441        1.000000000000000        0.000000000000000        0.000000000000000        1.000000000000000
        0.035922044679549       -0.021900528100552        1.000000000000000        0.000000000000000        0.000000000000000        1.000000000000000
        0.035651823290113       -0.021443500466113        1.000000000000000        0.000000000000000        0.000000000000000        1.000000000000000
        0.035379914498026       -0.020987475944836        1.000000000000000        0.000000000000000        0.000000000000000        1.000000000000000
        0.035106434934119       -0.020532412544765        1.000000000000000        0.000000000000000        0.000000000000000        1.000000000000000
        0.034831341886698       -0.020078359847892        1.000000000000000        0.000000000000000        0.000000000000000        1.000000000000000
        0.034554605617109       -0.019625335604608        1.000000000000000        0.000000000000000        0.000000000000000        1.000000000000000
        0.034276199540680       -0.019173357470955        1.000000000000000        0.000000000000000        0.000000000000000        1.000000000000000
        0.033996059781999       -0.018722487007788        1.000000000000000        0.000000000000000        0.000000000000000        1.000000000000000
        0.033714185413802       -0.018272742307272        1.000000000000000        0.000000000000000        0.000000000000000        1.000000000000000
        0.033430613945165       -0.017824103247758        1.000000000000000        0.000000000000000        0.000000000000000        1.000000000000000
        0.033145152427449       -0.017376716827389        1.000000000000000        0.000000000000000        0.000000000000000        1.000000000000000
        0.032857905799837       -0.016930561408452        1.000000000000000        0.000000000000000        0.000000000000000        1.000000000000000
        0.032569941111600       -0.016484957832055        1.000000000000000        0.000000000000000        0.000000000000000        1.000000000000000
        0.032279736833734       -0.016040862101096        1.000000000000000        0.000000000000000        0.000000000000000        1.000000000000000
        0.031986740409122       -0.015598629316009        1.000000000000000        0.000000000000000        0.000000000000000        1.000000000000000
        0.031691701282772       -0.015157782558812        1.000000000000000        0.000000000000000        0.000000000000000        1.000000000000000
        0.031394647476312       -0.014718321780883        1.000000000000000        0.000000000000000        0.000000000000000        1.000000000000000
        0.031095555839414       -0.014280295096639        1.000000000000000        0.000000000000000        0.000000000000000        1.000000000000000
        0.030794379327533       -0.013843771838283        1.000000000000000        0.000000000000000        0.000000000000000        1.000000000000000
        0.030491080434465       -0.013408800368770        1.000000000000000        0.000000000000000        0.000000000000000        1.000000000000000
        0.030185638667071       -0.012975419547430        1.000000000000000        0.000000000000000        0.000000000000000        1.000000000000000
        0.029877988702716       -0.012543696771658        1.000000000000000        0.000000000000000        0.000000000000000        1.000000000000000
        0.029568077145239       -0.012113665746434        1.000000000000000        0.000000000000000        0.000000000000000        1.000000000000000
        0.029255827906849       -0.011685385754685        1.000000000000000        0.000000000000000        0.000000000000000        1.000000000000000
        0.028941282534318       -0.011258866060170        1.000000000000000        0.000000000000000        0.000000000000000        1.000000000000000
        0.028624321658169       -0.010834230278244        1.000000000000000        0.000000000000000        0.000000000000000        1.000000000000000
        0.028304735486158       -0.010411645242575        1.000000000000000        0.000000000000000        0.000000000000000        1.000000000000000
        0.027984078254596       -0.009989950028409        1.000000000000000        0.000000000000000        0.000000000000000        1.000000000000000
        0.027660495492739       -0.009570600467750        1.000000000000000        0.000000000000000        0.000000000000000        1.000000000000000
        0.027333277595507       -0.009154197278028        1.000000000000000        0.000000000000000        0.000000000000000        1.000000000000000
        0.027003467029702       -0.008740002148216        1.000000000000000        0.000000000000000        0.000000000000000        1.000000000000000
        0.026670982367967       -0.008328366274561        1.000000000000000        0.000000000000000        0.000000000000000        1.000000000000000
        0.026336275120009       -0.007919848423490        1.000000000000000        0.000000000000000        0.000000000000000        1.000000000000000
        0.025999994093055       -0.007515239233222        1.000000000000000        0.000000000000000        0.000000000000000        1.000000000000000
        0.025661382547823       -0.007113859035587        1.000000000000000        0.000000000000000        0.000000000000000        1.000000000000000
        0.025319248084494       -0.006714416053561        1.000000000000000        0.000000000000000        0.000000000000000        1.000000000000000
        0.024973511441928       -0.006317064695046        1.000000000000000        0.000000000000000        0.000000000000000        1.000000000000000
        0.024624314571989       -0.005922213974362        1.000000000000000        0.000000000000000        0.000000000000000        1.000000000000000
        0.024271725309396       -0.005530012742445        1.000000000000000        0.000000000000000        0.000000000000000        1.000000000000000
        0.023915612465694       -0.005140698802129        1.000000000000000        0.000000000000000        0.000000000000000        1.000000000000000
        0.023555956194106       -0.004754426996421        1.000000000000000        0.000000000000000        0.000000000000000        1.000000000000000
        0.023192772103951       -0.004371445797191        1.000000000000000        0.000000000000000        0.000000000000000        1.000000000000000
        0.022826326078254       -0.003992231258648        1.000000000000000        0.000000000000000        0.000000000000000        1.000000000000000
        0.022457267142567       -0.003617677830137        1.000000000000000        0.000000000000000        0.000000000000000        1.000000000000000
        0.022085635457899       -0.003248096117887        1.000000000000000        0.000000000000000        0.000000000000000        1.000000000000000
        0.021710191574558       -0.002882359057145        1.000000000000000        0.000000000000000        0.000000000000000        1.000000000000000
        0.021330220041229       -0.002520143301424        1.000000000000000        0.000000000000000        0.000000000000000        1.000000000000000
        0.020945931504306       -0.002161943761459        1.000000000000000        0.000000000000000        0.000000000000000        1.000000000000000
        0.020557366698281       -0.001808100470155        1.000000000000000        0.000000000000000        0.000000000000000        1.000000000000000
        0.020164434135777       -0.001458892890123        1.000000000000000        0.000000000000000        0.000000000000000        1.000000000000000
        0.019767072562796       -0.001114578380754        1.000000000000000        0.000000000000000        0.000000000000000        1.000000000000000
        0.019365195603720       -0.000775448506569        1.000000000000000        0.000000000000000        0.000000000000000        1.000000000000000
        0.018958728226532       -0.000441788871802        1.000000000000000        0.000000000000000        0.000000000000000        1.000000000000000
        0.018547570623140       -0.000113944297770        1.000000000000000        0.000000000000000        0.000000000000000        1.000000000000000
        0.018131693697244        0.000207817696413        1.000000000000000        0.000000000000000        0.000000000000000        1.000000000000000
        0.017710960449762        0.000523058432204        1.000000000000000        0.000000000000000        0.000000000000000        1.000000000000000
        0.017285369192546        0.000831454880365        1.000000000000000        0.000000000000000        0.000000000000000        1.000000000000000
        0.016854870882713        0.001132601391914        1.000000000000000        0.000000000000000        0.000000000000000        1.000000000000000
        0.016419393621728        0.001426038531868        1.000000000000000        0.000000000000000        0.000000000000000        1.000000000000000
        0.015978872588895        0.001711303650291        1.000000000000000        0.000000000000000        0.000000000000000        1.000000000000000
        0.015533281269489        0.001988001915903        1.000000000000000        0.000000000000000        0.000000000000000        1.000000000000000
        0.015082558640991        0.002255669189640        1.000000000000000        0.000000000000000        0.000000000000000        1.000000000000000
        0.014626614089062        0.002513721995911        1.000000000000000        0.000000000000000        0.000000000000000        1.000000000000000
        0.014165463991707        0.002761741422943        1.000000000000000        0.000000000000000        0.000000000000000        1.000000000000000
        0.013698915197168        0.002998806564640        1.000000000000000        0.000000000000000        0.000000000000000        1.000000000000000
        0.013226402760450        0.003222981142578        1.000000000000000        0.000000000000000        0.000000000000000        1.000000000000000
        0.012748175854883        0.003433910053377        1.000000000000000        0.000000000000000        0.000000000000000        1.000000000000000
        0.012265821600011        0.003634298228154        1.000000000000000        0.000000000000000        0.000000000000000        1.000000000000000
        0.011778482572023        0.003821301729360        1.000000000000000        0.000000000000000        0.000000000000000        1.000000000000000
        0.011286231444479        0.003994034364743        1.000000000000000        0.000000000000000        0.000000000000000        1.000000000000000
        0.010789286727139        0.004151870706738        1.000000000000000        0.000000000000000        0.000000000000000        1.000000000000000
        0.010287838283608        0.004293880526281        1.000000000000000        0.000000000000000        0.000000000000000        1.000000000000000
        0.009781364342613        0.004415476373225        1.000000000000000        0.000000000000000        0.000000000000000        1.000000000000000
        0.009271875384360        0.004520573813271        1.000000000000000        0.000000000000000        0.000000000000000        1.000000000000000
        0.008762653402740        0.004607625110919        1.000000000000000        0.000000000000000        0.000000000000000        1.000000000000000
        0.008262399787664        0.004674206516089        1.000000000000000        0.000000000000000        0.000000000000000        1.000000000000000
        0.007778725364297        0.004720231602862        1.000000000000000        0.000000000000000        0.000000000000000        1.000000000000000
        0.007303674745402        0.004745646664058        1.000000000000000        0.000000000000000        0.000000000000000        1.000000000000000
        0.006821999285850        0.004749737767710        1.000000000000000        0.000000000000000        0.000000000000000        1.000000000000000
        0.006326295798432        0.004736251696262        1.000000000000000        0.000000000000000        0.000000000000000        1.000000000000000
        0.005826804400490        0.004700687033000        1.000000000000000        0.000000000000000        0.000000000000000        1.000000000000000
        0.005335643883154        0.004642803292098        1.000000000000000        0.000000000000000        0.000000000000000        1.000000000000000
        0.004856327544734        0.004559182160774        1.000000000000000        0.000000000000000        0.000000000000000        1.000000000000000
        0.004389852765787        0.004457992844824        1.000000000000000        0.000000000000000        0.000000000000000        1.000000000000000
        0.003944484106556        0.004339106683712        1.000000000000000        0.000000000000000        0.000000000000000        1.000000000000000
        0.003530683452360        0.004207396788019        1.000000000000000        0.000000000000000        0.000000000000000        1.000000000000000
        0.003149569149009        0.004065729956312        1.000000000000000        0.000000000000000        0.000000000000000        1.000000000000000
        0.002788380057111        0.003910139266658        1.000000000000000        0.000000000000000        0.000000000000000        1.000000000000000
        0.002444820389716        0.003746103537148        1.000000000000000        0.000000000000000        0.000000000000000        1.000000000000000
        0.002153420632286        0.003591421922759        1.000000000000000        0.000000000000000        0.000000000000000        1.000000000000000
        0.001944192580103        0.003470547027271        1.000000000000000        0.000000000000000        0.000000000000000        1.000000000000000
        0.001782155835991        0.003370847652493        1.000000000000000        0.000000000000000        0.000000000000000        1.000000000000000
        0.001650431230551        0.003285420357581        1.000000000000000        0.000000000000000        0.000000000000000        1.000000000000000
        0.001533151783578        0.003205544283324        1.000000000000000        0.000000000000000        0.000000000000000        1.000000000000000
        0.001427139582807        0.003127064841919        1.000000000000000        0.000000000000000        0.000000000000000        1.000000000000000
        0.001331036195351        0.003048009531932        1.000000000000000        0.000000000000000        0.000000000000000        1.000000000000000
        0.001241195064548        0.002965867956815        1.000000000000000        0.000000000000000        0.000000000000000        1.000000000000000
        0.001153881451648        0.002877238421099        1.000000000000000        0.000000000000000        0.000000000000000        1.000000000000000
        0.001065622792750        0.002778191534317        1.000000000000000        0.000000000000000        0.000000000000000        1.000000000000000
        0.000974034556736        0.002664791244390        1.000000000000000        0.000000000000000        0.000000000000000        1.000000000000000
        0.000877306298295        0.002532671304951        1.000000000000000        0.000000000000000        0.000000000000000        1.000000000000000
        0.000773721836462        0.002376783377697        1.000000000000000        0.000000000000000        0.000000000000000        1.000000000000000
        0.000661440193003        0.002190572826318        1.000000000000000        0.000000000000000        0.000000000000000        1.000000000000000
        0.000539713828045        0.001968670365292        1.000000000000000        0.000000000000000        0.000000000000000        1.000000000000000
        0.000414940765398        0.001720475708723        1.000000000000000        0.000000000000000        0.000000000000000        1.000000000000000
        0.000307160307918        0.001478863326933        1.000000000000000        0.000000000000000        0.000000000000000        1.000000000000000
        0.000225070490171        0.001271103036106        1.000000000000000        0.000000000000000        0.000000000000000        1.000000000000000
        0.000161168119301        0.001086209012510        1.000000000000000        0.000000000000000        0.000000000000000        1.000000000000000
        0.000111353228270        0.000917078794655        1.000000000000000        0.000000000000000        0.000000000000000        1.000000000000000
        0.000073283020274        0.000758477946472        1.000000000000000        0.000000000000000        0.000000000000000        1.000000000000000
        0.000044394922586        0.000603219590781        1.000000000000000        0.000000000000000        0.000000000000000        1.000000000000000
        0.000023736013876        0.000443141474333        1.000000000000000        0.000000000000000        0.000000000000000        1.000000000000000
        0.000009867705166        0.000270089815372        1.000000000000000        0.000000000000000        0.000000000000000        1.000000000000000
        0.000002139017284        0.000075524853759        1.000000000000000        0.000000000000000        0.000000000000000        1.000000000000000
        0.000004992215034       -0.000411685854610        1.000000000000000        0.000000000000000        0.000000000000000        1.000000000000000
        0.000016294184614       -0.000701986055704        1.000000000000000        0.000000000000000        0.000000000000000        1.000000000000000
        0.000031650677372       -0.000976712631880        1.000000000000000        0.000000000000000        0.000000000000000        1.000000000000000
        0.000054660103286       -0.001215542514368        1.000000000000000        0.000000000000000        0.000000000000000        1.000000000000000
        0.000085186425835       -0.001423185594069        1.000000000000000        0.000000000000000        0.000000000000000        1.000000000000000
        0.000119284388267       -0.001599345110053        1.000000000000000        0.000000000000000        0.000000000000000        1.000000000000000
        0.000154444846608       -0.001746621914088        1.000000000000000        0.000000000000000        0.000000000000000        1.000000000000000
        0.000190375994974       -0.001874043869279        1.000000000000000        0.000000000000000        0.000000000000000        1.000000000000000
        0.000228534398523       -0.001988245392536        1.000000000000000        0.000000000000000        0.000000000000000        1.000000000000000
        0.000269903657236       -0.002093586815310        1.000000000000000        0.000000000000000        0.000000000000000        1.000000000000000
        0.000315764630989       -0.002194086039008        1.000000000000000        0.000000000000000        0.000000000000000        1.000000000000000
        0.000368047016044       -0.002293600372193        1.000000000000000        0.000000000000000        0.000000000000000        1.000000000000000
        0.000428847557943       -0.002395589823997        1.000000000000000        0.000000000000000        0.000000000000000        1.000000000000000
        0.000498528736919       -0.002502231436887        1.000000000000000        0.000000000000000        0.000000000000000        1.000000000000000
        0.000576009100619       -0.002615057173733        1.000000000000000        0.000000000000000        0.000000000000000        1.000000000000000
        0.000665151663829       -0.002740545719333        1.000000000000000        0.000000000000000        0.000000000000000        1.000000000000000
        0.000774193917384       -0.002888884803680        1.000000000000000        0.000000000000000        0.000000000000000        1.000000000000000
        0.000910183686069       -0.003067121651559        1.000000000000000        0.000000000000000        0.000000000000000        1.000000000000000
        0.001107867377439       -0.003314277594208        1.000000000000000        0.000000000000000        0.000000000000000        1.000000000000000
        0.001393462156016       -0.003653641261535        1.000000000000000        0.000000000000000        0.000000000000000        1.000000000000000
        0.001733294765126       -0.004036847223614        1.000000000000000        0.000000000000000        0.000000000000000        1.000000000000000
        0.002090676060110       -0.004419928182169        1.000000000000000        0.000000000000000        0.000000000000000        1.000000000000000
        0.002456900796348       -0.004794730811589        1.000000000000000        0.000000000000000        0.000000000000000        1.000000000000000
        0.002829296302171       -0.005162509187899        1.000000000000000        0.000000000000000        0.000000000000000        1.000000000000000
        0.003206804860869       -0.005524180761295        1.000000000000000        0.000000000000000        0.000000000000000        1.000000000000000
        0.003589508672312       -0.005879505404397        1.000000000000000        0.000000000000000        0.000000000000000        1.000000000000000
        0.003975994286650       -0.006229864276849        1.000000000000000        0.000000000000000        0.000000000000000        1.000000000000000
        0.004365582660301       -0.006575961292984        1.000000000000000        0.000000000000000        0.000000000000000        1.000000000000000
        0.004758198118922       -0.006917824304028        1.000000000000000        0.000000000000000        0.000000000000000        1.000000000000000
        0.005153814097196       -0.007255387254687        1.000000000000000        0.000000000000000        0.000000000000000        1.000000000000000
        0.005550952649941       -0.007590344168182        1.000000000000000        0.000000000000000        0.000000000000000        1.000000000000000
        0.005949956897397       -0.007922277323136        1.000000000000000        0.000000000000000        0.000000000000000        1.000000000000000
        0.006350804104897       -0.008251365472835        1.000000000000000        0.000000000000000        0.000000000000000        1.000000000000000
        0.006753308908871       -0.008578221752415        1.000000000000000        0.000000000000000        0.000000000000000        1.000000000000000
        0.007157062393082       -0.008903648757164        1.000000000000000        0.000000000000000        0.000000000000000        1.000000000000000
        0.007562187733956       -0.009227600442696        1.000000000000000        0.000000000000000        0.000000000000000        1.000000000000000
        0.007968582143733       -0.009550178008315        1.000000000000000        0.000000000000000        0.000000000000000        1.000000000000000
        0.008376142153922       -0.009871451836093        1.000000000000000        0.000000000000000        0.000000000000000        1.000000000000000
        0.008784293798428       -0.010192099806261        1.000000000000000        0.000000000000000        0.000000000000000        1.000000000000000
        0.009193134182340       -0.010511991199656        1.000000000000000        0.000000000000000        0.000000000000000        1.000000000000000
        0.009602579164032       -0.010831289613778        1.000000000000000        0.000000000000000        0.000000000000000        1.000000000000000
        0.010012537510149       -0.011150189597342        1.000000000000000        0.000000000000000        0.000000000000000        1.000000000000000
        0.010422913151228       -0.011468809815256        1.000000000000000        0.000000000000000        0.000000000000000        1.000000000000000
        0.010833608389540       -0.011787174141457        1.000000000000000        0.000000000000000        0.000000000000000        1.000000000000000
        0.011244338502713       -0.012105581181653        1.000000000000000        0.000000000000000        0.000000000000000        1.000000000000000
        0.011655144564938       -0.012424011729600        1.000000000000000        0.000000000000000        0.000000000000000        1.000000000000000
        0.012065927204268       -0.012742645849610        1.000000000000000        0.000000000000000        0.000000000000000        1.000000000000000
        0.012476669781849       -0.013061465583914        1.000000000000000        0.000000000000000        0.000000000000000        1.000000000000000
        0.012887177984268       -0.013380611292739        1.000000000000000        0.000000000000000        0.000000000000000        1.000000000000000
        0.013297390430596       -0.013700100381020        1.000000000000000        0.000000000000000        0.000000000000000        1.000000000000000
        0.013707282271939       -0.014019996329310        1.000000000000000        0.000000000000000        0.000000000000000        1.000000000000000
        0.014116727663193       -0.014340485570653        1.000000000000000        0.000000000000000        0.000000000000000        1.000000000000000
        0.014525729924389       -0.014661483969832        1.000000000000000        0.000000000000000        0.000000000000000        1.000000000000000
        0.014934062263007       -0.014983022052177        1.000000000000000        0.000000000000000        0.000000000000000        1.000000000000000
        0.015341406935256       -0.015304967228970        1.000000000000000        0.000000000000000        0.000000000000000        1.000000000000000
        0.015748084378822       -0.015627608615306        1.000000000000000        0.000000000000000        0.000000000000000        1.000000000000000
        0.016155028342426       -0.015951769448006        1.000000000000000        0.000000000000000        0.000000000000000        1.000000000000000
        0.016561973330800       -0.016277323842834        1.000000000000000        0.000000000000000        0.000000000000000        1.000000000000000
        0.016967560748921       -0.016603337373036        1.000000000000000        0.000000000000000        0.000000000000000        1.000000000000000
        0.017371785383412       -0.016929720333206        1.000000000000000        0.000000000000000        0.000000000000000        1.000000000000000
        0.017775577898717       -0.017257384034833        1.000000000000000        0.000000000000000        0.000000000000000        1.000000000000000
        0.018179195511503       -0.017586578197035        1.000000000000000        0.000000000000000        0.000000000000000        1.000000000000000
        0.018582343335393       -0.017917148342040        1.000000000000000        0.000000000000000        0.000000000000000        1.000000000000000
        0.018984932733908       -0.018248994499375        1.000000000000000        0.000000000000000        0.000000000000000        1.000000000000000
        0.019386881590780       -0.018582185259029        1.000000000000000        0.000000000000000        0.000000000000000        1.000000000000000
        0.019788184928387       -0.018916750064626        1.000000000000000        0.000000000000000        0.000000000000000        1.000000000000000
        0.020188809765085       -0.019252722800128        1.000000000000000        0.000000000000000        0.000000000000000        1.000000000000000
        0.020588696796465       -0.019590104599143        1.000000000000000        0.000000000000000        0.000000000000000        1.000000000000000
        0.020987809401118       -0.019928856512649        1.000000000000000        0.000000000000000        0.000000000000000        1.000000000000000
        0.021386097495568       -0.020268974762182        1.000000000000000        0.000000000000000        0.000000000000000        1.000000000000000
        0.021783487015611       -0.020610428617993        1.000000000000000        0.000000000000000        0.000000000000000        1.000000000000000
        0.022179690354527       -0.020953027749977        1.000000000000000        0.000000000000000        0.000000000000000        1.000000000000000
        0.022574110464440       -0.021296219474243        1.000000000000000        0.000000000000000        0.000000000000000        1.000000000000000
        0.022966380565762       -0.021639778315650        1.000000000000000        0.000000000000000        0.000000000000000        1.000000000000000
        0.023357540614171       -0.021984507948510        1.000000000000000        0.000000000000000        0.000000000000000        1.000000000000000
        0.023748344942018       -0.022331134958341        1.000000000000000        0.000000000000000        0.000000000000000        1.000000000000000
        0.024138489932857       -0.022679490764921        1.000000000000000        0.000000000000000        0.000000000000000        1.000000000000000
        0.024527827047815       -0.023029392279297        1.000000000000000        0.000000000000000        0.000000000000000        1.000000000000000
        0.024916308318955       -0.023380799180716        1.000000000000000        0.000000000000000        0.000000000000000        1.000000000000000
        0.025303899395580       -0.023733735744296        1.000000000000000        0.000000000000000        0.000000000000000        1.000000000000000
        0.025690615535180       -0.024088176891242        1.000000000000000        0.000000000000000        0.000000000000000        1.000000000000000
        0.026076346658184       -0.024444153849874        1.000000000000000        0.000000000000000        0.000000000000000        1.000000000000000
        0.026461431244698       -0.024801146905747        1.000000000000000        0.000000000000000        0.000000000000000        1.000000000000000
        0.026845536170962       -0.025159636062677        1.000000000000000        0.000000000000000        0.000000000000000        1.000000000000000
        0.027228476033056       -0.025520402992807        1.000000000000000        0.000000000000000        0.000000000000000        1.000000000000000
        0.027608104064221       -0.025880333808196        1.000000000000000        0.000000000000000        0.000000000000000        1.000000000000000
        0.027985567798962       -0.026240642671136        1.000000000000000        0.000000000000000        0.000000000000000        1.000000000000000
        0.028362458997534       -0.026602797738867        1.000000000000000        0.000000000000000        0.000000000000000        1.000000000000000
        0.028738754845299       -0.026966767634698        1.000000000000000        0.000000000000000        0.000000000000000        1.000000000000000
        0.029114225974951       -0.027332410431055        1.000000000000000        0.000000000000000        0.000000000000000        1.000000000000000
        0.029488833789261       -0.027699563620365        1.000000000000000        0.000000000000000        0.000000000000000        1.000000000000000
        0.029862473603074       -0.028068243409358        1.000000000000000        0.000000000000000        0.000000000000000        1.000000000000000
        0.030235146625972       -0.028438408097561        1.000000000000000        0.000000000000000        0.000000000000000        1.000000000000000
        0.030606807674117       -0.028810077510889        1.000000000000000        0.000000000000000        0.000000000000000        1.000000000000000
        0.030977634187518       -0.029182984724148        1.000000000000000        0.000000000000000        0.000000000000000        1.000000000000000
        0.031347739365045       -0.029556838065626        1.000000000000000        0.000000000000000        0.000000000000000        1.000000000000000
        0.031715969817102       -0.029932560702241        1.000000000000000        0.000000000000000        0.000000000000000        1.000000000000000
        0.032082852938093       -0.030309442097280        1.000000000000000        0.000000000000000        0.000000000000000        1.000000000000000
        0.032448386326820       -0.030687351305217        1.000000000000000        0.000000000000000        0.000000000000000        1.000000000000000
        0.032812475776891       -0.031066277322889        1.000000000000000        0.000000000000000        0.000000000000000        1.000000000000000
        0.033175138915558       -0.031446125813965        1.000000000000000        0.000000000000000        0.000000000000000        1.000000000000000
        0.033536320397523       -0.031826901371576        1.000000000000000        0.000000000000000        0.000000000000000        1.000000000000000
        0.033895954941177       -0.032208430872483        1.000000000000000        0.000000000000000        0.000000000000000        1.000000000000000
        0.034253782321358       -0.032590414348024        1.000000000000000        0.000000000000000        0.000000000000000        1.000000000000000
        0.034610334438334       -0.032973395287265        1.000000000000000        0.000000000000000        0.000000000000000        1.000000000000000
        0.034967105847030       -0.033358152903739        1.000000000000000        0.000000000000000        0.000000000000000        1.000000000000000
        0.035323131084496       -0.033745392703887        1.000000000000000        0.000000000000000        0.000000000000000        1.000000000000000
        0.035677979225128       -0.034134173997749        1.000000000000000        0.000000000000000        0.000000000000000        1.000000000000000
        0.036031487250452       -0.034523979628274        1.000000000000000        0.000000000000000        0.000000000000000        1.000000000000000
        0.036383630911099       -0.034914646708860        1.000000000000000        0.000000000000000        0.000000000000000        1.000000000000000
        0.036734372774699       -0.035306154984268        1.000000000000000        0.000000000000000        0.000000000000000        1.000000000000000
        0.037083657778731       -0.035698497841544        1.000000000000000        0.000000000000000        0.000000000000000        1.000000000000000
        0.037431473981793       -0.036091555130604        1.000000000000000        0.000000000000000        0.000000000000000        1.000000000000000
        0.037777638450637       -0.036485084054658        1.000000000000000        0.000000000000000        0.000000000000000        1.000000000000000
        0.038122031808792       -0.036879081893021        1.000000000000000        0.000000000000000        0.000000000000000        1.000000000000000
        0.038465876593236       -0.037274525336751        1.000000000000000        0.000000000000000        0.000000000000000        1.000000000000000
        0.038810024195700       -0.037671945030873        1.000000000000000        0.000000000000000        0.000000000000000        1.000000000000000
        0.039152955086871       -0.038071428055948        1.000000000000000        0.000000000000000        0.000000000000000        1.000000000000000
        0.039494668287032       -0.038471977202960        1.000000000000000        0.000000000000000        0.000000000000000        1.000000000000000
        0.039835042720682       -0.038873350066179        1.000000000000000        0.000000000000000        0.000000000000000        1.000000000000000
        0.040174071107243       -0.039275458104039        1.000000000000000        0.000000000000000        0.000000000000000        1.000000000000000
        0.040511724209594       -0.039678256497584        1.000000000000000        0.000000000000000        0.000000000000000        1.000000000000000
        0.040847939407055       -0.040081698378247        1.000000000000000        0.000000000000000        0.000000000000000        1.000000000000000
        0.041182605171249       -0.040485597613708        1.000000000000000        0.000000000000000        0.000000000000000        1.000000000000000
        0.041515422825552       -0.040889429157909        1.000000000000000        0.000000000000000        0.000000000000000        1.000000000000000
        0.041846394462100       -0.041292641287062        1.000000000000000        0.000000000000000        0.000000000000000        1.000000000000000
        0.042176036444785       -0.041697282824798        1.000000000000000        0.000000000000000        0.000000000000000        1.000000000000000
        0.042505448467961       -0.042104003535860        1.000000000000000        0.000000000000000        0.000000000000000        1.000000000000000
        0.042834326215589       -0.042512411682544        1.000000000000000        0.000000000000000        0.000000000000000        1.000000000000000
        0.043162449511211       -0.042922156462636        1.000000000000000        0.000000000000000        0.000000000000000        1.000000000000000
        0.043489685798533       -0.043333154553145        1.000000000000000        0.000000000000000        0.000000000000000        1.000000000000000
        0.043816111589255       -0.043745276190433        1.000000000000000        0.000000000000000        0.000000000000000        1.000000000000000
        0.044141629818775       -0.044158552017817        1.000000000000000        0.000000000000000        0.000000000000000        1.000000000000000
        0.044466255054517       -0.044572914593778        1.000000000000000        0.000000000000000        0.000000000000000        1.000000000000000
        0.044790042431273       -0.044988218518382        1.000000000000000        0.000000000000000        0.000000000000000        1.000000000000000
        0.045112908905868       -0.045404394550370        1.000000000000000        0.000000000000000        0.000000000000000        1.000000000000000
        0.045434399093623       -0.045821615241535        1.000000000000000        0.000000000000000        0.000000000000000        1.000000000000000
        0.045754784420972       -0.046239480096099        1.000000000000000        0.000000000000000        0.000000000000000        1.000000000000000
        0.046073904240432       -0.046657969821332        1.000000000000000        0.000000000000000        0.000000000000000        1.000000000000000
        0.046391702775688       -0.047077048379221        1.000000000000000        0.000000000000000        0.000000000000000        1.000000000000000
        0.046708317194232       -0.047496568269601        1.000000000000000        0.000000000000000        0.000000000000000        1.000000000000000
        0.047023576820354       -0.047916595736989        1.000000000000000        0.000000000000000        0.000000000000000        1.000000000000000
        0.047337364666210       -0.048336781724008        1.000000000000000        0.000000000000000        0.000000000000000        1.000000000000000
        0.047648404598468       -0.048755408718738        1.000000000000000        0.000000000000000        0.000000000000000        1.000000000000000
        0.047944495296783       -0.049155927654505        1.000000000000000        0.000000000000000        0.000000000000000        1.000000000000000
        0.048186061711555       -0.049484051380876        1.000000000000000        0.000000000000000        0.000000000000000        1.000000000000000
        0.048358049878648       -0.049718452675910        1.000000000000000        0.000000000000000        0.000000000000000        1.000000000000000
        0.048488417870389       -0.049896552443706        1.000000000000000        0.000000000000000        0.000000000000000        1.000000000000000
        0.048590846717467       -0.050036890118448        1.000000000000000        0.000000000000000        0.000000000000000        1.000000000000000
        0.048682124810520       -0.050160936851055        1.000000000000000        0.000000000000000        0.000000000000000        1.000000000000000
        0.048767896149953       -0.050271651888829        1.000000000000000        0.000000000000000        0.000000000000000        1.000000000000000
        0.048854365990188       -0.050372589087474        1.000000000000000        0.000000000000000        0.000000000000000        1.000000000000000
        0.048942785579496       -0.050465128983581        1.000000000000000        0.000000000000000        0.000000000000000        1.000000000000000
        0.049031778034467       -0.050549536780734        1.000000000000000        0.000000000000000        0.000000000000000        1.000000000000000
        0.049120452339923       -0.050625607101023        1.000000000000000        0.000000000000000        0.000000000000000        1.000000000000000
        0.049208298794514       -0.050693207705536        1.000000000000000        0.000000000000000        0.000000000000000        1.000000000000000
        0.049297242111960       -0.050753294648909        1.000000000000000        0.000000000000000        0.000000000000000        1.000000000000000
        0.049390511481230       -0.050805661611336        1.000000000000000        0.000000000000000        0.000000000000000        1.000000000000000
        0.049490119117660       -0.050846000750450        1.000000000000000        0.000000000000000        0.000000000000000        1.000000000000000
        0.049596154185198       -0.050861873928093        1.000000000000000        0.000000000000000        0.000000000000000        1.000000000000000
        0.049697264610074       -0.050828837772936        1.000000000000000        0.000000000000000        0.000000000000000        1.000000000000000
        0.049760250111205       -0.050738280199407        1.000000000000000        0.000000000000000        0.000000000000000        1.000000000000000
        0.049789178365790       -0.050628061196488        1.000000000000000        0.000000000000000        0.000000000000000        1.000000000000000
       -0.001694397352297       -0.029032850000000        1.000000000000000        0.000000000000000        0.000000000000000        1.000000000000000
       -0.003419294387328       -0.029032850000000        1.000000000000000        0.000000000000000        0.000000000000000        1.000000000000000
       -0.005152375293851       -0.029032850000000        1.000000000000000        0.000000000000000        0.000000000000000        1.000000000000000
       -0.006921350622390       -0.029032850000000        1.000000000000000        0.000000000000000        0.000000000000000        1.000000000000000
       -0.008739371544095       -0.029032850000000        1.000000000000000        0.000000000000000        0.000000000000000        1.000000000000000
       -0.010586978327170       -0.029032850000000        1.000000000000000        0.000000000000000        0.000000000000000        1.000000000000000
        0.049022118625907       -0.078487770993390        1.000000000000000        0.000000000000000        0.000000000000000        1.000000000000000
        0.048249440166143       -0.077067694117901        1.000000000000000        0.000000000000000        0.000000000000000        1.000000000000000
        0.047472776461744       -0.075660923503699        1.000000000000000        0.000000000000000        0.000000000000000        1.000000000000000
        0.046682941422504       -0.074251497122780        1.000000000000000        0.000000000000000        0.000000000000000        1.000000000000000
        0.045870789364840       -0.072824581917001        1.000000000000000        0.000000000000000        0.000000000000000        1.000000000000000
        0.045060875615276       -0.071424151405641        1.000000000000000        0.000000000000000        0.000000000000000        1.000000000000000
        0.044252529546270       -0.070048879413784        1.000000000000000        0.000000000000000        0.000000000000000        1.000000000000000
        0.043415042732480       -0.068647723633893        1.000000000000000        0.000000000000000        0.000000000000000        1.000000000000000
        0.042550776807882       -0.067227046092607        1.000000000000000        0.000000000000000        0.000000000000000        1.000000000000000
        0.041697338773813       -0.065849380693905        1.000000000000000        0.000000000000000        0.000000000000000        1.000000000000000
        0.040812172484192       -0.064446976942238        1.000000000000000        0.000000000000000        0.000000000000000        1.000000000000000
        0.039897263108345       -0.063025816520705        1.000000000000000        0.000000000000000        0.000000000000000        1.000000000000000
        0.038987580548605       -0.061641375114411        1.000000000000000        0.000000000000000        0.000000000000000        1.000000000000000
        0.038092030548100       -0.060306275149853        1.000000000000000        0.000000000000000        0.000000000000000        1.000000000000000
        0.037179352419548       -0.058974050791980        1.000000000000000        0.000000000000000        0.000000000000000        1.000000000000000
        0.036234130883095       -0.057624533310032        1.000000000000000        0.000000000000000        0.000000000000000        1.000000000000000
        0.035262735187523       -0.056269649916478        1.000000000000000        0.000000000000000        0.000000000000000        1.000000000000000
        0.034267865619950       -0.054915643786559        1.000000000000000        0.000000000000000        0.000000000000000        1.000000000000000
        0.033260170437631       -0.053578818168053        1.000000000000000        0.000000000000000        0.000000000000000        1.000000000000000
        0.032257255767359       -0.052282954375528        1.000000000000000        0.000000000000000        0.000000000000000        1.000000000000000
        0.031235501870006       -0.050998219908735        1.000000000000000        0.000000000000000        0.000000000000000        1.000000000000000
        0.030188646298927       -0.049719088448443        1.000000000000000        0.000000000000000        0.000000000000000        1.000000000000000
        0.029106635106604       -0.048436557765118        1.000000000000000        0.000000000000000        0.000000000000000        1.000000000000000
        0.027983198905886       -0.047147468084839        1.000000000000000        0.000000000000000        0.000000000000000        1.000000000000000
        0.026826538949843       -0.045865548165213        1.000000000000000        0.000000000000000        0.000000000000000        1.000000000000000
        0.025638635681040       -0.044596861265035        1.000000000000000        0.000000000000000        0.000000000000000        1.000000000000000
        0.024389803774942       -0.043315395669825        1.000000000000000        0.000000000000000        0.000000000000000        1.000000000000000
        0.023111887284341       -0.042059625430889        1.000000000000000        0.000000000000000        0.000000000000000        1.000000000000000
        0.021813958739176       -0.040841722029570        1.000000000000000        0.000000000000000        0.000000000000000        1.000000000000000
        0.020499331356122       -0.039667303889236        1.000000000000000        0.000000000000000        0.000000000000000        1.000000000000000
        0.019166774832514       -0.038537663243809        1.000000000000000        0.000000000000000        0.000000000000000        1.000000000000000
        0.017787934382101       -0.037433277611866        1.000000000000000        0.000000000000000        0.000000000000000        1.000000000000000
        0.016362564458333       -0.036360596248602        1.000000000000000        0.000000000000000        0.000000000000000        1.000000000000000
        0.014914015355425       -0.035342077323751        1.000000000000000        0.000000000000000        0.000000000000000        1.000000000000000
        0.013435989142803       -0.034376796405878        1.000000000000000        0.000000000000000        0.000000000000000        1.000000000000000
        0.011905037058125       -0.033455291813345        1.000000000000000        0.000000000000000        0.000000000000000        1.000000000000000
        0.010320936571473       -0.032585180813248        1.000000000000000        0.000000000000000        0.000000000000000        1.000000000000000
        0.008683369232628       -0.031775058194923        1.000000000000000        0.000000000000000        0.000000000000000        1.000000000000000
        0.007022559757255       -0.031049294767337        1.000000000000000        0.000000000000000        0.000000000000000        1.000000000000000
        0.005322914031338       -0.030410438011547        1.000000000000000        0.000000000000000        0.000000000000000        1.000000000000000
        0.003565957616833       -0.029863068367060        1.000000000000000        0.000000000000000        0.000000000000000        1.000000000000000
        0.001784011898636       -0.029409904529487        1.000000000000000        0.000000000000000        0.000000000000000        1.000000000000000
        0.060354586367356       -0.079936280000000        1.000000000000000        0.000000000000000        0.000000000000000        1.000000000000000
        0.058484813979483       -0.079936280000000        1.000000000000000        0.000000000000000        0.000000000000000        1.000000000000000
        0.056657801252341       -0.079936280000000        1.000000000000000        0.000000000000000        0.000000000000000        1.000000000000000
        0.054874841110364       -0.079936280000000        1.000000000000000        0.000000000000000        0.000000000000000        1.000000000000000
        0.053129794021221       -0.079936280000000        1.000000000000000        0.000000000000000        0.000000000000000        1.000000000000000
        0.051430027675481       -0.079936280000000        1.000000000000000        0.000000000000000        0.000000000000000        1.000000000000000
        0.062248820000000       -0.023829865294731        1.000000000000000        0.000000000000000        0.000000000000000        1.000000000000000
        0.062248820000000       -0.025756697555135        1.000000000000000        0.000000000000000        0.000000000000000        1.000000000000000
        0.062248820000000       -0.027642633039716        1.000000000000000        0.000000000000000        0.000000000000000        1.000000000000000
        0.062248820000000       -0.029492673191395        1.000000000000000        0.000000000000000        0.000000000000000        1.000000000000000
        0.062248820000000       -0.031300923658177        1.000000000000000        0.000000000000000        0.000000000000000        1.000000000000000
        0.062248820000000       -0.033058777329024        1.000000000000000        0.000000000000000        0.000000000000000        1.000000000000000
        0.062248820000000       -0.034799457546180        1.000000000000000        0.000000000000000        0.000000000000000        1.000000000000000
        0.062248820000000       -0.036541243822668        1.000000000000000        0.000000000000000        0.000000000000000        1.000000000000000
        0.062248820000000       -0.038286095787097        1.000000000000000        0.000000000000000        0.000000000000000        1.000000000000000
        0.062248820000000       -0.040030340721665        1.000000000000000        0.000000000000000        0.000000000000000        1.000000000000000
        0.062248820000000       -0.041771991913545        1.000000000000000        0.000000000000000        0.000000000000000        1.000000000000000
        0.062248820000000       -0.043498829791967        1.000000000000000        0.000000000000000        0.000000000000000        1.000000000000000
        0.062248820000000       -0.045179683137391        1.000000000000000        0.000000000000000        0.000000000000000        1.000000000000000
        0.062248820000000       -0.046788093057942        1.000000000000000        0.000000000000000        0.000000000000000        1.000000000000000
        0.062248820000000       -0.048355071017328        1.000000000000000        0.000000000000000        0.000000000000000        1.000000000000000
        0.062248820000000       -0.049952844059497        1.000000000000000        0.000000000000000        0.000000000000000        1.000000000000000
        0.062248820000000       -0.051543385174031        1.000000000000000        0.000000000000000        0.000000000000000        1.000000000000000
        0.062248820000000       -0.053104867327846        1.000000000000000        0.000000000000000        0.000000000000000        1.000000000000000
        0.062248820000000       -0.054699223351580        1.000000000000000        0.000000000000000        0.000000000000000        1.000000000000000
        0.062248820000000       -0.056258882354422        1.000000000000000        0.000000000000000        0.000000000000000        1.000000000000000
        0.062248820000000       -0.057823967544744        1.000000000000000        0.000000000000000        0.000000000000000        1.000000000000000
        0.062248820000000       -0.059440577412946        1.000000000000000        0.000000000000000        0.000000000000000        1.000000000000000
        0.062248820000000       -0.061119754224889        1.000000000000000        0.000000000000000        0.000000000000000        1.000000000000000
        0.062248820000000       -0.062818803820168        1.000000000000000        0.000000000000000        0.000000000000000        1.000000000000000
        0.062248820000000       -0.064524917349052        1.000000000000000        0.000000000000000        0.000000000000000        1.000000000000000
        0.062248820000000       -0.066278754878969        1.000000000000000        0.000000000000000        0.000000000000000        1.000000000000000
        0.062248820000000       -0.068103791777677        1.000000000000000        0.000000000000000        0.000000000000000        1.000000000000000
        0.062248820000000       -0.070013036501558        1.000000000000000        0.000000000000000        0.000000000000000        1.000000000000000
        0.062248820000000       -0.071981095123674        1.000000000000000        0.000000000000000        0.000000000000000        1.000000000000000
        0.062248820000000       -0.073967167915152        1.000000000000000        0.000000000000000        0.000000000000000        1.000000000000000
        0.062248820000000       -0.075956527513275        1.000000000000000        0.000000000000000        0.000000000000000        1.000000000000000
        0.062248820000000       -0.077946347549646        1.000000000000000        0.000000000000000        0.000000000000000        1.000000000000000
        0.051430027675481       -0.021870580000000        1.000000000000000        0.000000000000000        0.000000000000000        1.000000000000000
        0.053129794021221       -0.021870580000000        1.000000000000000        0.000000000000000        0.000000000000000        1.000000000000000
        0.054874841110364       -0.021870580000000        1.000000000000000        0.000000000000000        0.000000000000000        1.000000000000000
        0.056657801252341       -0.021870580000000        1.000000000000000        0.000000000000000        0.000000000000000        1.000000000000000
        0.058484813979483       -0.021870580000000        1.000000000000000        0.000000000000000        0.000000000000000        1.000000000000000
        0.060354586367356       -0.021870580000000        1.000000000000000        0.000000000000000        0.000000000000000        1.000000000000000
        0.001784012262830        0.028655796589626        1.000000000000000        0.000000000000000        0.000000000000000        1.000000000000000
        0.003565958435112        0.028202633803859        1.000000000000000        0.000000000000000        0.000000000000000        1.000000000000000
        0.005322914694033        0.027655262549149        1.000000000000000        0.000000000000000        0.000000000000000        1.000000000000000
        0.007022560536338        0.027016406051397        1.000000000000000        0.000000000000000        0.000000000000000        1.000000000000000
        0.008683366853430        0.026290635683461        1.000000000000000        0.000000000000000        0.000000000000000        1.000000000000000
        0.010320936923302        0.025480518478938        1.000000000000000        0.000000000000000        0.000000000000000        1.000000000000000
        0.011905037512756        0.024610407666325        1.000000000000000        0.000000000000000        0.000000000000000        1.000000000000000
        0.013435989534563        0.023688902913632        1.000000000000000        0.000000000000000        0.000000000000000        1.000000000000000
        0.014914016629692        0.022723623285835        1.000000000000000        0.000000000000000        0.000000000000000        1.000000000000000
        0.016362561222248        0.021705098039499        1.000000000000000        0.000000000000000        0.000000000000000        1.000000000000000
        0.017787934931436        0.020632421943447        1.000000000000000        0.000000000000000        0.000000000000000        1.000000000000000
        0.019166775199375        0.019528036161201        1.000000000000000        0.000000000000000        0.000000000000000        1.000000000000000
        0.020499332490073        0.018398396383745        1.000000000000000        0.000000000000000        0.000000000000000        1.000000000000000
        0.021813959012731        0.017223977324642        1.000000000000000        0.000000000000000        0.000000000000000        1.000000000000000
        0.023111887714061        0.016006074071089        1.000000000000000        0.000000000000000        0.000000000000000        1.000000000000000
        0.024389804342511        0.014750303954160        1.000000000000000        0.000000000000000        0.000000000000000        1.000000000000000
        0.025638636837199        0.013468838930480        1.000000000000000        0.000000000000000        0.000000000000000        1.000000000000000
        0.026826539357910        0.012200151362281        1.000000000000000        0.000000000000000        0.000000000000000        1.000000000000000
        0.027983199295530        0.010918231480878        1.000000000000000        0.000000000000000        0.000000000000000        1.000000000000000
        0.029106635371822        0.009629141748279        1.000000000000000        0.000000000000000        0.000000000000000        1.000000000000000
        0.030188641739089        0.008346607081476        1.000000000000000        0.000000000000000        0.000000000000000        1.000000000000000
        0.031235498167670        0.007067476448346        1.000000000000000        0.000000000000000        0.000000000000000        1.000000000000000
        0.032257256374240        0.005782745438420        1.000000000000000        0.000000000000000        0.000000000000000        1.000000000000000
        0.033260166498031        0.004486878177551        1.000000000000000        0.000000000000000        0.000000000000000        1.000000000000000
        0.034267865619636        0.003150055582330        1.000000000000000        0.000000000000000        0.000000000000000        1.000000000000000
        0.035262735479252        0.001796049720879        1.000000000000000        0.000000000000000        0.000000000000000        1.000000000000000
        0.036234131717512        0.000441166752955        1.000000000000000        0.000000000000000        0.000000000000000        1.000000000000000
        0.037179352321377       -0.000908351355183        1.000000000000000        0.000000000000000        0.000000000000000        1.000000000000000
        0.038092030930738       -0.002240575365699        1.000000000000000        0.000000000000000        0.000000000000000        1.000000000000000
        0.038987580781439       -0.003575675389508        1.000000000000000        0.000000000000000        0.000000000000000        1.000000000000000
        0.039897260880328       -0.004960118347720        1.000000000000000        0.000000000000000        0.000000000000000        1.000000000000000
        0.040812170806807       -0.006381278365302        1.000000000000000        0.000000000000000        0.000000000000000        1.000000000000000
        0.041697337240317       -0.007783681990386        1.000000000000000        0.000000000000000        0.000000000000000        1.000000000000000
        0.042550776644078       -0.009161346506059        1.000000000000000        0.000000000000000        0.000000000000000        1.000000000000000
        0.043415040878395       -0.010582025034477        1.000000000000000        0.000000000000000        0.000000000000000        1.000000000000000
        0.044252529563160       -0.011983179638586        1.000000000000000        0.000000000000000        0.000000000000000        1.000000000000000
        0.045060874816627       -0.013358452071531        1.000000000000000        0.000000000000000        0.000000000000000        1.000000000000000
        0.045870789175782       -0.014758882207464        1.000000000000000        0.000000000000000        0.000000000000000        1.000000000000000
        0.046682941486281       -0.016185797223721        1.000000000000000        0.000000000000000        0.000000000000000        1.000000000000000
        0.047472774531248       -0.017595224686726        1.000000000000000        0.000000000000000        0.000000000000000        1.000000000000000
        0.048249437433743       -0.019001995687807        1.000000000000000        0.000000000000000        0.000000000000000        1.000000000000000
        0.049022118640186       -0.020422071021282        1.000000000000000        0.000000000000000        0.000000000000000        1.000000000000000
       -0.010586978327170        0.029032850000000        1.000000000000000        0.000000000000000        0.000000000000000        1.000000000000000
       -0.008739371544095        0.029032850000000        1.000000000000000        0.000000000000000        0.000000000000000        1.000000000000000
       -0.006921350622390        0.029032850000000        1.000000000000000        0.000000000000000        0.000000000000000        1.000000000000000
       -0.005152375293851        0.029032850000000        1.000000000000000        0.000000000000000        0.000000000000000        1.000000000000000
       -0.003419294387328        0.029032850000000        1.000000000000000        0.000000000000000        0.000000000000000        1.000000000000000
       -0.001694397352297        0.029032850000000        1.000000000000000        0.000000000000000        0.000000000000000        1.000000000000000
       -0.012449760000000       -0.027051086409082        1.000000000000000        0.000000000000000        0.000000000000000        1.000000000000000
       -0.012449760000000       -0.025093931652908        1.000000000000000        0.000000000000000        0.000000000000000        1.000000000000000
       -0.012449760000000       -0.023175194516439        1.000000000000000        0.000000000000000        0.000000000000000        1.000000000000000
       -0.012449760000000       -0.021288142870932        1.000000000000000        0.000000000000000        0.000000000000000        1.000000000000000
       -0.012449760000000       -0.019442073129084        1.000000000000000        0.000000000000000        0.000000000000000        1.000000000000000
       -0.012449760000000       -0.017644213080694        1.000000000000000        0.000000000000000        0.000000000000000        1.000000000000000
       -0.012449760000000       -0.015858213390970        1.000000000000000        0.000000000000000        0.000000000000000        1.000000000000000
       -0.012449760000000       -0.014096967351754        1.000000000000000        0.000000000000000        0.000000000000000        1.000000000000000
       -0.012449760000000       -0.012335078140517        1.000000000000000        0.000000000000000        0.000000000000000        1.000000000000000
       -0.012449760000000       -0.010564714926256        1.000000000000000        0.000000000000000        0.000000000000000        1.000000000000000
       -0.012449760000000       -0.008830958302502        1.000000000000000        0.000000000000000        0.000000000000000        1.000000000000000
       -0.012449760000000       -0.007163551119284        1.000000000000000        0.000000000000000        0.000000000000000        1.000000000000000
       -0.012449760000000       -0.005546501800131        1.000000000000000        0.000000000000000        0.000000000000000        1.000000000000000
       -0.012449760000000       -0.003951038493718        1.000000000000000        0.000000000000000        0.000000000000000        1.000000000000000
       -0.012449760000000       -0.002374933542435        1.000000000000000        0.000000000000000        0.000000000000000        1.000000000000000
       -0.012449760000000       -0.000765335697595        1.000000000000000        0.000000000000000        0.000000000000000        1.000000000000000
       -0.012449760000000        0.000825149357412        1.000000000000000        0.000000000000000        0.000000000000000        1.000000000000000
       -0.012449760000000        0.002384680477552        1.000000000000000        0.000000000000000        0.000000000000000        1.000000000000000
       -0.012449760000000        0.003966921004670        1.000000000000000        0.000000000000000        0.000000000000000        1.000000000000000
       -0.012449760000000        0.005600641815958        1.000000000000000        0.000000000000000        0.000000000000000        1.000000000000000
       -0.012449760000000        0.007232365635583        1.000000000000000        0.000000000000000        0.000000000000000        1.000000000000000
       -0.012449760000000        0.008850502434190        1.000000000000000        0.000000000000000        0.000000000000000        1.000000000000000
       -0.012449760000000        0.010486124413896        1.000000000000000        0.000000000000000        0.000000000000000        1.000000000000000
       -0.012449760000000        0.012181272057870        1.000000000000000        0.000000000000000        0.000000000000000        1.000000000000000
       -0.012449760000000        0.013938007948284        1.000000000000000        0.000000000000000        0.000000000000000        1.000000000000000
       -0.012449760000000        0.015716273294527        1.000000000000000        0.000000000000000        0.000000000000000        1.000000000000000
       -0.012449760000000        0.017506022988060        1.000000000000000        0.000000000000000        0.000000000000000        1.000000000000000
       -0.012449760000000        0.019333363158267        1.000000000000000        0.000000000000000        0.000000000000000        1.000000000000000
       -0.012449760000000        0.021190293181811        1.000000000000000        0.000000000000000        0.000000000000000        1.000000000000000
       -0.012449760000000        0.023094212834511        1.000000000000000        0.000000000000000        0.000000000000000        1.000000000000000
       -0.012449760000000        0.025052576325458        1.000000000000000        0.000000000000000        0.000000000000000        1.000000000000000
       -0.012449760000000        0.027038483884024        1.000000000000000        0.000000000000000        0.000000000000000        1.000000000000000
