  BLADE PROFILES IN CARTESIAN COORDINATES (2D) BEFORE   PROJECTION, SCALING, MESHING AND STACKING 
  VARIABLES = "X", "YSS", "YPS" 
  BLADE           1  SECTION           1
    0.000000   -0.014840   -0.014840
    0.000062   -0.012961   -0.017411
    0.000249   -0.010303   -0.019814
    0.000561   -0.007801   -0.022152
    0.000997   -0.005369   -0.024303
    0.001557   -0.003011   -0.026323
    0.002241   -0.000745   -0.028138
    0.003050    0.001409   -0.030060
    0.003982    0.003442   -0.032061
    0.005038    0.005343   -0.034103
    0.006218    0.007111   -0.036314
    0.007520    0.008778   -0.038711
    0.008945    0.010295   -0.041298
    0.010493    0.011685   -0.044074
    0.012162    0.013004   -0.047007
    0.013954    0.014238   -0.050105
    0.015866    0.015403   -0.053362
    0.017899    0.016501   -0.056776
    0.020052    0.017538   -0.060341
    0.022325    0.018513   -0.064050
    0.024716    0.019427   -0.067898
    0.027226    0.020273   -0.071879
    0.029854    0.021040   -0.075987
    0.032600    0.021721   -0.080215
    0.035461    0.022293   -0.084559
    0.038439    0.022734   -0.089011
    0.041531    0.023017   -0.093565
    0.044738    0.023118   -0.098214
    0.048058    0.023036   -0.102953
    0.051491    0.022794   -0.107774
    0.055036    0.022467   -0.112670
    0.058691    0.022114   -0.117636
    0.062456    0.021745   -0.122663
    0.066331    0.021362   -0.127746
    0.070314    0.020967   -0.132876
    0.074403    0.020561   -0.138048
    0.078599    0.020146   -0.143254
    0.082900    0.019726   -0.148486
    0.087305    0.019301   -0.153739
    0.091812    0.018874   -0.159004
    0.096421    0.018447   -0.164274
    0.101131    0.018025   -0.169544
    0.105941    0.017613   -0.174814
    0.110848    0.017204   -0.180112
    0.115853    0.016805   -0.185334
    0.120953    0.016419   -0.190513
    0.126148    0.016048   -0.195654
    0.131435    0.015696   -0.200750
    0.136815    0.015364   -0.205795
    0.142285    0.015055   -0.210783
    0.147845    0.014773   -0.215723
    0.153492    0.014519   -0.220639
    0.159225    0.014297   -0.225396
    0.165044    0.014111   -0.230056
    0.170946    0.013983   -0.234627
    0.176930    0.013877   -0.239103
    0.182994    0.013813   -0.243491
    0.189138    0.013793   -0.247807
    0.195358    0.013823   -0.251920
    0.201655    0.013932   -0.255909
    0.208026    0.014069   -0.259797
    0.214470    0.014259   -0.263600
    0.220986    0.014545   -0.267142
    0.227570    0.014861   -0.270547
    0.234223    0.015245   -0.273832
    0.240941    0.015723   -0.276992
    0.247725    0.016245   -0.279888
    0.254571    0.016867   -0.282657
    0.261478    0.017570   -0.285322
    0.268445    0.018312   -0.287642
    0.275470    0.019175   -0.289801
    0.282550    0.020121   -0.291816
    0.289685    0.021153   -0.293638
    0.296872    0.022238   -0.295201
    0.304110    0.023442   -0.296594
    0.311396    0.024743   -0.297798
    0.318730    0.026145   -0.298702
    0.326109    0.027644   -0.299435
    0.333531    0.029246   -0.299982
    0.340994    0.030951   -0.300194
    0.348497    0.032722   -0.300236
    0.356038    0.034629   -0.300096
    0.363615    0.036661   -0.299589
    0.371226    0.038800   -0.298912
    0.378869    0.041002   -0.298065
    0.386542    0.043371   -0.296814
    0.394243    0.045801   -0.295397
    0.401971    0.048399   -0.293819
    0.409723    0.051065   -0.291816
    0.417498    0.053839   -0.289592
    0.425293    0.056794   -0.287174
    0.433107    0.059813   -0.284548
    0.440937    0.062946   -0.281561
    0.448783    0.066195   -0.278380
    0.456641    0.069571   -0.275016
    0.464509    0.073120   -0.271264
    0.472387    0.076733   -0.267254
    0.480272    0.080464   -0.263016
    0.488161    0.084312   -0.258563
    0.496053    0.088278   -0.253926
    0.503947    0.092361   -0.248917
    0.511839    0.096560   -0.243668
    0.519729    0.100876   -0.238187
    0.527613    0.105308   -0.232495
    0.535491    0.109853   -0.226647
    0.543360    0.114512   -0.220426
    0.551217    0.119283   -0.213968
    0.559063    0.124164   -0.207285
    0.566893    0.129153   -0.200378
    0.574707    0.134250   -0.193249
    0.582502    0.139451   -0.185899
    0.590277    0.144756   -0.178333
    0.598029    0.150161   -0.170576
    0.605757    0.155665   -0.162681
    0.613458    0.161265   -0.154485
    0.621131    0.166945   -0.146088
    0.628774    0.172687   -0.137494
    0.636385    0.178560   -0.128710
    0.643962    0.184519   -0.119739
    0.651503    0.190571   -0.110588
    0.659006    0.196704   -0.101262
    0.666469    0.202914   -0.091768
    0.673891    0.209198   -0.082112
    0.681270    0.215551   -0.072300
    0.688604    0.221972   -0.062320
    0.695890    0.228456   -0.052133
    0.703128    0.234987   -0.041896
    0.710315    0.241549   -0.031530
    0.717450    0.248202   -0.021043
    0.724530    0.254911   -0.010442
    0.731555    0.261671    0.000266
    0.738522    0.268471    0.011074
    0.745429    0.275309    0.021973
    0.752275    0.282179    0.032956
    0.759059    0.289078    0.044015
    0.765777    0.295987    0.055145
    0.772430    0.302902    0.066346
    0.779015    0.309863    0.077617
    0.785530    0.316836    0.088978
    0.791974    0.323823    0.100310
    0.798345    0.330817    0.111669
    0.804642    0.337809    0.123047
    0.810863    0.344795    0.134437
    0.817006    0.351770    0.145829
    0.823070    0.358730    0.157216
    0.829054    0.365658    0.168592
    0.834956    0.372551    0.179954
    0.840775    0.379440    0.191285
    0.846508    0.386295    0.202596
    0.852155    0.393113    0.213878
    0.857715    0.399894    0.225062
    0.863185    0.406627    0.236181
    0.868565    0.413309    0.247227
    0.873852    0.419933    0.258191
    0.879047    0.426497    0.269066
    0.884147    0.432995    0.279846
    0.889152    0.439422    0.290524
    0.894059    0.445766    0.301087
    0.898869    0.452025    0.311526
    0.903579    0.458216    0.321852
    0.908188    0.464319    0.332045
    0.912695    0.470331    0.342066
    0.917100    0.476245    0.351934
    0.921401    0.482059    0.361639
    0.925597    0.487767    0.371175
    0.929686    0.493367    0.380535
    0.933669    0.498853    0.389710
    0.937544    0.504223    0.398698
    0.941309    0.509471    0.407487
    0.944965    0.514594    0.416071
    0.948509    0.519588    0.424442
    0.951942    0.524450    0.432595
    0.955262    0.529175    0.440523
    0.958469    0.533761    0.448220
    0.961561    0.538204    0.455679
    0.964539    0.542500    0.462895
    0.967400    0.546646    0.469862
    0.970146    0.550639    0.476575
    0.972774    0.554481    0.483028
    0.975284    0.557976    0.489216
    0.977675    0.560769    0.495135
    0.979948    0.563058    0.500778
    0.982101    0.564954    0.506144
    0.984134    0.566516    0.511225
    0.986046    0.567788    0.516020
    0.987838    0.568793    0.520523
    0.989507    0.569544    0.524729
    0.991055    0.570053    0.528637
    0.992480    0.570325    0.532246
    0.993782    0.570364    0.535550
    0.994962    0.570201    0.538549
    0.996018    0.569781    0.541238
    0.996950    0.569120    0.543650
    0.997759    0.568269    0.545845
    0.998443    0.567200    0.548118
    0.999003    0.565910    0.550331
    0.999439    0.564427    0.552443
    0.999751    0.562765    0.554713
    0.999938    0.560943    0.558507
    1.000000    0.560134    0.560134
  BLADE PROFILES IN CARTESIAN COORDINATES (3D) 
  VARIABLES = "X", "YSS", "YPS" "R" 
  BLADE           1  SECTION           1
  -24.935350   17.118151   17.118151  482.311005
  -22.066246   14.547753   14.547753  482.308777
  -19.508142   12.255976   12.255976  482.306519
  -17.227327   10.212623   10.212623  482.304169
  -15.193743    8.390765    8.390765  482.301727
  -13.380597    6.766394    6.766394  482.299347
  -11.763990    5.318104    5.318104  482.297180
  -10.322617    4.026808    4.026808  482.295013
   -9.037481    2.875488    2.875488  482.292908
   -7.891651    1.848972    1.848972  482.291046
   -6.870026    0.933728    0.933728  482.289185
   -5.959142    0.117697    0.117697  482.287598
   -5.146997   -0.609877   -0.609877  482.286041
   -4.422884   -1.258582   -1.258582  482.284546
   -3.777262   -1.836967   -1.836967  482.283356
   -3.201625   -2.352656   -2.352656  482.282135
   -2.688382   -2.812447   -2.812447  482.281067
   -2.230776   -3.222395   -3.222395  482.280121
   -1.822771   -3.587906   -3.587906  482.279205
   -1.458990   -3.913795   -3.913795  482.278351
   -1.134645   -4.204360   -4.204360  482.277649
   -0.845459   -4.463427   -4.463427  482.277008
   -0.587618   -4.694413   -4.694413  482.276428
   -0.357727   -4.900359   -4.900359  482.275909
   -0.152755   -5.083982   -5.083982  482.275421
    0.030000   -5.247701   -5.247701  482.275024
    0.212754   -4.426946   -6.133517  482.274261
    0.403837   -4.129674   -6.495853  482.273529
    0.604014   -3.941947   -6.855008  482.272552
    0.814058   -3.801580   -7.216668  482.271790
    1.034739   -3.688714   -7.584670  482.270813
    1.266815   -3.595014   -7.960528  482.269867
    1.511061   -3.518062   -8.345176  482.268890
    1.768245   -3.458687   -8.739242  482.267731
    2.039130   -3.421520   -9.143105  482.266571
    2.324485   -3.412160   -9.556939  482.265350
    2.625082   -3.429896   -9.980723  482.264008
    2.941683   -3.459923  -10.414258  482.262604
    3.275060   -3.492672  -10.857155  482.261017
    3.625979   -3.527500  -11.308858  482.259491
    3.995029   -3.563972  -11.768403  482.257904
    4.382309   -3.601549  -12.234100  482.256104
    4.788714   -3.639694  -12.705109  482.254150
    5.215261   -3.677582  -13.180627  482.252136
    5.663074   -3.714792  -13.662608  482.250061
    6.133381   -3.750704  -14.142408  482.247711
    6.627535   -3.784343  -14.622561  482.245392
    7.146726   -3.814727  -15.101456  482.242767
    7.691951   -3.840738  -15.580786  482.239990
    8.265030   -3.861004  -16.048170  482.237213
    8.868005   -3.872884  -16.507145  482.234192
    9.503141   -3.877009  -16.958843  482.230896
   10.172956   -3.868610  -17.389301  482.227448
   10.880136   -3.847846  -17.805845  482.223633
   11.633273   -3.810083  -18.193798  482.219788
   12.443207   -3.750656  -18.558868  482.215393
   13.310843   -3.664713  -18.888325  482.210663
   14.235508   -3.547010  -19.162170  482.205688
   15.214961   -3.394873  -19.374729  482.200287
   16.245455   -3.199105  -19.510403  482.194611
   17.321625   -2.957747  -19.556652  482.188507
   18.426020   -2.667624  -19.503563  482.182465
   19.540995   -2.333884  -19.347572  482.176178
   20.660564   -1.954659  -19.087542  482.169830
   21.779802   -1.529406  -18.726822  482.163544
   22.894949   -1.062683  -18.267138  482.157166
   24.003315   -0.550821  -17.701412  482.150909
   25.103338    0.000000  -17.051394  482.144714
   26.202484    0.595882  -16.298618  482.138702
   27.305677    1.240205  -15.452852  482.132446
   28.412029    1.933241  -14.500858  482.126465
   29.520109    2.674612  -13.452163  482.120514
   30.627892    3.463244  -12.313461  482.114563
   31.732841    4.294319  -11.075686  482.108521
   32.831841    5.171966   -9.749735  482.102814
   33.915066    6.083959   -8.350562  482.097260
   34.976482    7.021986   -6.885708  482.091919
   36.013161    7.979067   -5.376574  482.086823
   37.022755    8.955873   -3.826992  482.081818
   38.003529    9.943542   -2.246700  482.077362
   38.954201   10.935539   -0.641888  482.072906
   39.874138   11.932919    0.978853  482.068787
   40.766727   12.933697    2.610181  482.064941
   41.632805   13.934009    4.251717  482.061310
   42.472424   14.934039    5.900982  482.057739
   43.285526   15.931005    7.547371  482.054443
   44.072163   16.921223    9.187389  482.051483
   44.832310   17.901197   10.817809  482.048553
   45.565971   18.870472   12.435036  482.045898
   46.273144   19.826067   14.030331  482.043518
   46.953835   20.765562   15.602088  482.041107
   47.608036   21.686670   17.146122  482.038910
   48.235752   22.587255   18.658155  482.037048
   48.836990   23.423262   20.134460  482.035187
   49.411739   23.860418   21.571341  482.033600
   49.959991   23.400576   23.400206  482.031952
   50.508244   24.516430   24.516245  482.031128
   51.087830   25.696215   25.696215  482.030121
   51.700500   26.943361   26.943361  482.029083
   52.348175   28.261734   28.261734  482.027893
   53.032825   29.655399   29.655399  482.026459
   53.756584   31.128639   31.128639  482.024963
   54.521675   32.686008   32.686008  482.023254
   55.330467   34.332310   34.332310  482.021332
   56.185444   36.072620   36.072620  482.019043
   57.089252   37.912289   37.912289  482.016479
   58.044682   39.856991   39.856991  482.013458
   59.054676   41.912735   41.912735  482.010071
   60.122345   44.085835   44.085835  482.006287
   61.250996   46.383011   46.383011  482.001953
   62.444099   48.811329   48.811329  481.997070
  BLADE PROFILES IN CARTESIAN COORDINATES (2D) BEFORE   PROJECTION, SCALING, MESHING AND STACKING 
  VARIABLES = "X", "YSS", "YPS" 
  BLADE           1  SECTION           2
    0.000000   -0.014841   -0.014841
    0.000062   -0.012933   -0.017364
    0.000249   -0.010278   -0.019789
    0.000561   -0.007778   -0.022128
    0.000997   -0.005345   -0.024283
    0.001557   -0.002988   -0.026304
    0.002241   -0.000723   -0.028115
    0.003050    0.001431   -0.030037
    0.003982    0.003463   -0.032038
    0.005038    0.005363   -0.034077
    0.006218    0.007130   -0.036285
    0.007520    0.008795   -0.038679
    0.008945    0.010312   -0.041263
    0.010493    0.011703   -0.044036
    0.012162    0.013022   -0.046965
    0.013954    0.014256   -0.050059
    0.015866    0.015422   -0.053312
    0.017899    0.016520   -0.056722
    0.020052    0.017558   -0.060282
    0.022325    0.018535   -0.063987
    0.024716    0.019449   -0.067830
    0.027226    0.020296   -0.071806
    0.029854    0.021064   -0.075909
    0.032600    0.021746   -0.080132
    0.035461    0.022319   -0.084470
    0.038439    0.022760   -0.088916
    0.041531    0.023043   -0.093465
    0.044738    0.023145   -0.098108
    0.048058    0.023063   -0.102841
    0.051491    0.022822   -0.107656
    0.055036    0.022498   -0.112547
    0.058691    0.022147   -0.117506
    0.062456    0.021781   -0.122527
    0.066331    0.021401   -0.127604
    0.070314    0.021008   -0.132728
    0.074403    0.020605   -0.137893
    0.078599    0.020194   -0.143093
    0.082900    0.019776   -0.148319
    0.087305    0.019354   -0.153565
    0.091812    0.018930   -0.158824
    0.096421    0.018506   -0.164089
    0.101131    0.018086   -0.169352
    0.105941    0.017678   -0.174616
    0.110848    0.017271   -0.179908
    0.115853    0.016875   -0.185122
    0.120953    0.016491   -0.190296
    0.126148    0.016123   -0.195431
    0.131435    0.015772   -0.200522
    0.136815    0.015443   -0.205562
    0.142285    0.015136   -0.210544
    0.147845    0.014856   -0.215479
    0.153492    0.014604   -0.220391
    0.159225    0.014383   -0.225142
    0.165044    0.014200   -0.229797
    0.170946    0.014073   -0.234363
    0.176930    0.013968   -0.238836
    0.182994    0.013904   -0.243220
    0.189138    0.013885   -0.247530
    0.195358    0.013917   -0.251641
    0.201655    0.014025   -0.255626
    0.208026    0.014162   -0.259511
    0.214470    0.014353   -0.263311
    0.220986    0.014638   -0.266851
    0.227570    0.014954   -0.270253
    0.234223    0.015365   -0.273537
    0.240941    0.015815   -0.276695
    0.247725    0.016337   -0.279590
    0.254571    0.016956   -0.282358
    0.261478    0.017658   -0.285022
    0.268445    0.018398   -0.287342
    0.275470    0.019259   -0.289502
    0.282550    0.020203   -0.291516
    0.289685    0.021231   -0.293340
    0.296872    0.022313   -0.294904
    0.304110    0.023514   -0.296298
    0.311396    0.024813   -0.297506
    0.318730    0.026210   -0.298411
    0.326109    0.027706   -0.299147
    0.333531    0.029303   -0.299699
    0.340994    0.031002   -0.299914
    0.348497    0.032767   -0.299959
    0.356038    0.034671   -0.299826
    0.363615    0.036696   -0.299322
    0.371226    0.038788   -0.298650
    0.378869    0.041024   -0.297813
    0.386542    0.043385   -0.296565
    0.394243    0.045808   -0.295155
    0.401971    0.048354   -0.293580
    0.409723    0.051055   -0.291589
    0.417498    0.053822   -0.289372
    0.425293    0.056722   -0.286963
    0.433107    0.059777   -0.284350
    0.440937    0.062901   -0.281369
    0.448783    0.066140   -0.278198
    0.456641    0.069502   -0.274841
    0.464509    0.073041   -0.271105
    0.472387    0.076644   -0.267105
    0.480272    0.080363   -0.262877
    0.488161    0.084200   -0.258437
    0.496053    0.088153   -0.253818
    0.503947    0.092224   -0.248819
    0.511839    0.096411   -0.243583
    0.519729    0.100713   -0.238114
    0.527613    0.105131   -0.232438
    0.535491    0.109662   -0.226601
    0.543360    0.114307   -0.220400
    0.551217    0.119062   -0.213958
    0.559063    0.123928   -0.207290
    0.566893    0.128903   -0.200399
    0.574707    0.133983   -0.193286
    0.582502    0.139169   -0.185954
    0.590277    0.144457   -0.178405
    0.598029    0.149846   -0.170668
    0.605757    0.155333   -0.162789
    0.613458    0.160916   -0.154612
    0.621131    0.166578   -0.146234
    0.628774    0.172302   -0.137660
    0.636385    0.178158   -0.128895
    0.643962    0.184098   -0.119945
    0.651503    0.190132   -0.110814
    0.659006    0.196247   -0.101510
    0.666469    0.202438   -0.092037
    0.673891    0.208702   -0.082402
    0.681270    0.215037   -0.072612
    0.688604    0.221438   -0.062653
    0.695890    0.227902   -0.052489
    0.703128    0.234413   -0.042274
    0.710315    0.240955   -0.031931
    0.717450    0.247589   -0.021467
    0.724530    0.254277   -0.010888
    0.731555    0.261016   -0.000203
    0.738522    0.267796    0.010581
    0.745429    0.274613    0.021456
    0.752275    0.281462    0.032416
    0.759059    0.288341    0.043451
    0.765777    0.295244    0.054558
    0.772430    0.302157    0.065735
    0.779015    0.309063    0.076982
    0.785530    0.316015    0.088319
    0.791974    0.322981    0.099627
    0.798345    0.329954    0.110962
    0.804642    0.336925    0.122316
    0.810863    0.343890    0.133682
    0.817006    0.350844    0.145050
    0.823070    0.357783    0.156413
    0.829054    0.364690    0.167765
    0.834956    0.371563    0.179104
    0.840775    0.378431    0.190410
    0.846508    0.385266    0.201698
    0.852155    0.392063    0.212957
    0.857715    0.398824    0.224117
    0.863185    0.405537    0.235213
    0.868565    0.412199    0.246236
    0.873852    0.418804    0.257178
    0.879047    0.425348    0.268030
    0.884147    0.431826    0.278787
    0.889152    0.438235    0.289443
    0.894059    0.444559    0.299984
    0.898869    0.450800    0.310403
    0.903579    0.456973    0.320707
    0.908188    0.463058    0.330879
    0.912695    0.469051    0.340880
    0.917100    0.474948    0.350727
    0.921401    0.480744    0.360412
    0.925597    0.486436    0.369929
    0.929686    0.492019    0.379269
    0.933669    0.497489    0.388425
    0.937544    0.502843    0.397395
    0.941309    0.508075    0.406166
    0.944965    0.513183    0.414732
    0.948509    0.518162    0.423086
    0.951942    0.523009    0.431222
    0.955262    0.527721    0.439134
    0.958469    0.532293    0.446815
    0.961561    0.536723    0.454259
    0.964539    0.541006    0.461460
    0.967400    0.545140    0.468413
    0.970146    0.549121    0.475112
    0.972774    0.552952    0.481552
    0.975284    0.556432    0.487728
    0.977675    0.559212    0.493634
    0.979948    0.561491    0.499266
    0.982101    0.563377    0.504621
    0.984134    0.564931    0.509692
    0.986046    0.566195    0.514476
    0.987838    0.567193    0.518970
    0.989507    0.567937    0.523169
    0.991055    0.568441    0.527068
    0.992480    0.568708    0.530670
    0.993782    0.568742    0.533967
    0.994962    0.568576    0.536960
    0.996018    0.568153    0.539643
    0.996950    0.567488    0.542050
    0.997759    0.566635    0.544241
    0.998443    0.565567    0.546508
    0.999003    0.564276    0.548716
    0.999439    0.562793    0.550825
    0.999751    0.561133    0.553092
    0.999938    0.557946    0.555275
    1.000000    0.556168    0.556168
  BLADE PROFILES IN CARTESIAN COORDINATES (3D) 
  VARIABLES = "X", "YSS", "YPS" "R" 
  BLADE           1  SECTION           2
  -25.003536   17.110573   17.110573  483.170013
  -22.130445   14.541230   14.541230  483.169983
  -19.568787   12.250390   12.250390  483.170013
  -17.284801   10.207870   10.207870  483.170013
  -15.248391    8.386750    8.386750  483.170074
  -13.432721    6.763034    6.763034  483.169983
  -11.813866    5.315324    5.315324  483.169983
  -10.370488    4.024541    4.024541  483.169983
   -9.083568    2.873674    2.873674  483.169952
   -7.936141    1.847559    1.847559  483.170074
   -6.913093    0.932670    0.932670  483.169952
   -6.000941    0.116952    0.116952  483.170013
   -5.187665   -0.610346   -0.610346  483.170044
   -4.462542   -1.258807   -1.258807  483.170013
   -3.816022   -1.836977   -1.836977  483.170013
   -3.239585   -2.352475   -2.352475  483.169983
   -2.725629   -2.812096   -2.812096  483.169983
   -2.267381   -3.221894   -3.221894  483.170044
   -1.858810   -3.587272   -3.587272  483.170013
   -1.494525   -3.913044   -3.913044  483.169983
   -1.169728   -4.203505   -4.203505  483.170013
   -0.880139   -4.462479   -4.462479  483.169983
   -0.621935   -4.693382   -4.693382  483.170013
   -0.391724   -4.899256   -4.899256  483.170105
   -0.186468   -5.082814   -5.082814  483.170013
   -0.003459   -5.246474   -5.246474  483.170044
    0.179550   -4.424522   -6.133383  483.170135
    0.370899   -4.127057   -6.495804  483.170105
    0.571361   -3.939034   -6.855031  483.170074
    0.781699   -3.798451   -7.216739  483.169983
    1.002686   -3.685357   -7.584803  483.169983
    1.235089   -3.591433   -7.960723  483.169983
    1.479676   -3.514284   -8.345435  483.170044
    1.737216   -3.454766   -8.739568  483.170044
    2.008482   -3.417526   -9.143497  483.170013
    2.294237   -3.408149   -9.557402  483.170013
    2.595256   -3.425835   -9.981260  483.169983
    2.912300   -3.455678  -10.414871  483.170044
    3.246146   -3.488234  -10.857852  483.169983
    3.597557   -3.522868  -11.309644  483.169952
    3.967125   -3.559150  -11.769287  483.170044
    4.354947   -3.596540  -12.235087  483.170135
    4.761921   -3.634492  -12.706209  483.170074
    5.189064   -3.672196  -13.181836  483.170044
    5.637503   -3.709237  -13.663944  483.170013
    6.108469   -3.744987  -14.143850  483.170013
    6.603319   -3.778475  -14.624168  483.170105
    7.123238   -3.808722  -15.103243  483.169983
    7.669225   -3.834611  -15.582772  483.169922
    8.243103   -3.854723  -16.050306  483.170105
    8.846928   -3.866547  -16.509523  483.169983
    9.482963   -3.870615  -16.961403  483.169922
   10.153709   -3.862167  -17.392176  483.169983
   10.861889   -3.841399  -17.808975  483.169922
   11.616076   -3.802581  -18.197279  483.170044
   12.427156   -3.744262  -18.562719  483.169922
   13.296002   -3.658449  -18.892576  483.169922
   14.221965   -3.540928  -19.166887  483.169983
   15.202807   -3.389057  -19.379936  483.170013
   16.234728   -3.193548  -19.516180  483.170013
   17.312407   -2.952684  -19.563059  483.169922
   18.418365   -2.664405  -19.510656  483.170166
   19.534914   -2.329684  -19.355423  483.169922
   20.656052   -1.950975  -19.096161  483.170105
   21.776850   -1.526631  -18.736347  483.169952
   22.893560   -1.060974  -18.277193  483.169983
   24.003469   -0.549895  -17.712370  483.170166
   25.105068    0.000000  -17.063370  483.169922
   26.205732    0.594872  -16.311367  483.169983
   27.310490    1.238109  -15.466632  483.169983
   28.418406    1.929985  -14.515494  483.169922
   29.528027    2.670126  -13.467744  483.170044
   30.637360    3.457465  -12.330044  483.170044
   31.743877    4.287191  -11.093319  483.169861
   32.844418    5.163454   -9.768458  483.169861
   33.929169    6.073992   -8.370397  483.170044
   34.992069    7.010545   -6.906654  483.169922
   36.030182    7.966132   -5.398630  483.169983
   37.041218    8.941424   -3.850155  483.170044
   38.023338    9.927687   -2.270969  483.169922
   38.975357   10.918015   -0.667228  483.169952
   39.896584   11.913905    0.952422  483.169983
   40.790409   12.913177    2.582682  483.170013
   41.657715   13.911983    4.223158  483.169952
   42.498493   14.910500    5.871364  483.169891
   43.312752   15.905982    7.516723  483.169952
   44.100479   16.894726    9.155709  483.169922
   44.861691   17.873247   10.785132  483.169952
   45.596375   18.841087   12.401370  483.170044
   46.304531   19.795261   13.995685  483.170044
   46.986179   20.733364   15.566496  483.169922
   47.641300   21.653112   17.109594  483.170044
   48.269897   22.552370   18.620729  483.169983
   48.871964   23.386742   20.096159  483.170044
   49.447514   23.822136   21.532179  483.169983
   49.996532   23.243803   23.243383  483.169983
   50.545567   24.358566   24.358356  483.170013
   51.125935   25.537222   25.537222  483.170013
   51.739468   26.783194   26.783194  483.170013
   52.388035   28.100321   28.100321  483.170044
   53.073650   29.492670   29.492670  483.169983
   53.798416   30.964546   30.964546  483.170044
   54.564571   32.520477   32.520477  483.169952
   55.374481   34.165291   34.165291  483.170013
   56.230656   35.904015   35.904015  483.170044
   57.135723   37.742054   37.742054  483.170013
   58.092484   39.685062   39.685062  483.169983
   59.103878   41.739048   41.739048  483.170013
   60.173050   43.910339   43.910339  483.169983
   61.303272   46.205635   46.205635  483.170044
   62.498055   48.632023   48.632023  483.170044
  BLADE PROFILES IN CARTESIAN COORDINATES (2D) BEFORE   PROJECTION, SCALING, MESHING AND STACKING 
  VARIABLES = "X", "YSS", "YPS" 
  BLADE           1  SECTION           3
    0.000000   -0.014842   -0.014842
    0.000062   -0.012905   -0.017319
    0.000249   -0.010253   -0.019763
    0.000561   -0.007754   -0.022105
    0.000997   -0.005322   -0.024263
    0.001557   -0.002964   -0.026284
    0.002241   -0.000700   -0.028093
    0.003050    0.001453   -0.030015
    0.003982    0.003484   -0.032014
    0.005038    0.005384   -0.034050
    0.006218    0.007150   -0.036256
    0.007520    0.008807   -0.038647
    0.008945    0.010327   -0.041228
    0.010493    0.011722   -0.043998
    0.012162    0.013040   -0.046924
    0.013954    0.014274   -0.050013
    0.015866    0.015441   -0.053263
    0.017899    0.016539   -0.056668
    0.020052    0.017578   -0.060224
    0.022325    0.018556   -0.063924
    0.024716    0.019471   -0.067762
    0.027226    0.020319   -0.071733
    0.029854    0.021088   -0.075831
    0.032600    0.021772   -0.080049
    0.035461    0.022345   -0.084382
    0.038439    0.022787   -0.088823
    0.041531    0.023070   -0.093365
    0.044738    0.023171   -0.098003
    0.048058    0.023090   -0.102730
    0.051491    0.022850   -0.107539
    0.055036    0.022528   -0.112424
    0.058691    0.022181   -0.117377
    0.062456    0.021818   -0.122392
    0.066331    0.021440   -0.127462
    0.070314    0.021050   -0.132581
    0.074403    0.020650   -0.137740
    0.078599    0.020241   -0.142933
    0.082900    0.019826   -0.148153
    0.087305    0.019407   -0.153393
    0.091812    0.018986   -0.158645
    0.096421    0.018566   -0.163904
    0.101131    0.018154   -0.169161
    0.105941    0.017742   -0.174418
    0.110848    0.017338   -0.179705
    0.115853    0.016944   -0.184912
    0.120953    0.016563   -0.190080
    0.126148    0.016197   -0.195210
    0.131435    0.015849   -0.200295
    0.136815    0.015522   -0.205330
    0.142285    0.015217   -0.210307
    0.147845    0.014939   -0.215236
    0.153492    0.014688   -0.220143
    0.159225    0.014469   -0.224888
    0.165044    0.014289   -0.229539
    0.170946    0.014163   -0.234101
    0.176930    0.014058   -0.238570
    0.182994    0.013996   -0.242949
    0.189138    0.013977   -0.247255
    0.195358    0.014011   -0.251362
    0.201655    0.014119   -0.255345
    0.208026    0.014256   -0.259227
    0.214470    0.014446   -0.263023
    0.220986    0.014732   -0.266561
    0.227570    0.015047   -0.269962
    0.234223    0.015458   -0.273243
    0.240941    0.015907   -0.276400
    0.247725    0.016456   -0.279293
    0.254571    0.017046   -0.282061
    0.261478    0.017746   -0.284723
    0.268445    0.018485   -0.287044
    0.275470    0.019344   -0.289203
    0.282550    0.020285   -0.291218
    0.289685    0.021311   -0.293045
    0.296872    0.022389   -0.294609
    0.304110    0.023586   -0.296004
    0.311396    0.024883   -0.297216
    0.318730    0.026276   -0.298122
    0.326109    0.027768   -0.298860
    0.333531    0.029360   -0.299419
    0.340994    0.031054   -0.299634
    0.348497    0.032811   -0.299683
    0.356038    0.034712   -0.299559
    0.363615    0.036731   -0.299057
    0.371226    0.038814   -0.298390
    0.378869    0.041047   -0.297563
    0.386542    0.043399   -0.296318
    0.394243    0.045816   -0.294914
    0.401971    0.048351   -0.293343
    0.409723    0.051047   -0.291364
    0.417498    0.053806   -0.289153
    0.425293    0.056694   -0.286752
    0.433107    0.059741   -0.284154
    0.440937    0.062856   -0.281179
    0.448783    0.066086   -0.278018
    0.456641    0.069435   -0.274667
    0.464509    0.072964   -0.270947
    0.472387    0.076556   -0.266957
    0.480272    0.080264   -0.262739
    0.488161    0.084089   -0.258312
    0.496053    0.088030   -0.253710
    0.503947    0.092088   -0.248721
    0.511839    0.096262   -0.243497
    0.519729    0.100552   -0.238042
    0.527613    0.104956   -0.232381
    0.535491    0.109473   -0.226556
    0.543360    0.114103   -0.220375
    0.551217    0.118844   -0.213947
    0.559063    0.123695   -0.207295
    0.566893    0.128654   -0.200420
    0.574707    0.133719   -0.193324
    0.582502    0.138889   -0.186008
    0.590277    0.144161   -0.178477
    0.598029    0.149533   -0.170758
    0.605757    0.155003   -0.162897
    0.613458    0.160569   -0.154738
    0.621131    0.166214   -0.146379
    0.628774    0.171921   -0.137825
    0.636385    0.177758   -0.129080
    0.643962    0.183681   -0.120149
    0.651503    0.189697   -0.111039
    0.659006    0.195793   -0.101755
    0.666469    0.201965   -0.092304
    0.673891    0.208210   -0.082690
    0.681270    0.214525   -0.072922
    0.688604    0.220907   -0.062984
    0.695890    0.227352   -0.052843
    0.703128    0.233843   -0.042650
    0.710315    0.240366   -0.032330
    0.717450    0.246979   -0.021888
    0.724530    0.253647   -0.011332
    0.731555    0.260366   -0.000670
    0.738522    0.267125    0.010090
    0.745429    0.273922    0.020943
    0.752275    0.280751    0.031879
    0.759059    0.287608    0.042891
    0.765777    0.294491    0.053974
    0.772430    0.301383    0.065128
    0.779015    0.308268    0.076351
    0.785530    0.315200    0.087664
    0.791974    0.322145    0.098948
    0.798345    0.329097    0.110259
    0.804642    0.336047    0.121590
    0.810863    0.342991    0.132932
    0.817006    0.349924    0.144276
    0.823070    0.356843    0.155615
    0.829054    0.363729    0.166944
    0.834956    0.370582    0.178258
    0.840775    0.377429    0.189542
    0.846508    0.384243    0.200806
    0.852155    0.391020    0.212041
    0.857715    0.397761    0.223179
    0.863185    0.404454    0.234251
    0.868565    0.411096    0.245252
    0.873852    0.417681    0.256171
    0.879047    0.424206    0.267000
    0.884147    0.430665    0.277736
    0.889152    0.437054    0.288369
    0.894059    0.443360    0.298889
    0.898869    0.449583    0.309286
    0.903579    0.455737    0.319569
    0.908188    0.461804    0.329720
    0.912695    0.467779    0.339700
    0.917100    0.473659    0.349527
    0.921401    0.479438    0.359193
    0.925597    0.485113    0.368690
    0.929686    0.490679    0.378011
    0.933669    0.496133    0.387148
    0.937544    0.501471    0.396099
    0.941309    0.506688    0.404852
    0.944965    0.511781    0.413401
    0.948509    0.516745    0.421738
    0.951942    0.521578    0.429858
    0.955262    0.526276    0.437753
    0.958469    0.530834    0.445419
    0.961561    0.535251    0.452848
    0.964539    0.539521    0.460034
    0.967400    0.543643    0.466973
    0.970146    0.547612    0.473658
    0.972774    0.551432    0.480085
    0.975284    0.554898    0.486248
    0.977675    0.557666    0.492142
    0.979948    0.559933    0.497764
    0.982101    0.561811    0.503107
    0.984134    0.563356    0.508168
    0.986046    0.564612    0.512942
    0.987838    0.565603    0.517427
    0.989507    0.566341    0.521617
    0.991055    0.566840    0.525509
    0.992480    0.567102    0.529103
    0.993782    0.567131    0.532393
    0.994962    0.566962    0.535380
    0.996018    0.566536    0.538058
    0.996950    0.565867    0.540460
    0.997759    0.565011    0.542647
    0.998443    0.563944    0.544908
    0.999003    0.562653    0.547111
    0.999439    0.561169    0.549218
    0.999751    0.559509    0.551482
    0.999938    0.557687    0.553664
    1.000000    0.554560    0.554560
  BLADE PROFILES IN CARTESIAN COORDINATES (3D) 
  VARIABLES = "X", "YSS", "YPS" "R" 
  BLADE           1  SECTION           3
  -25.072250   17.103519   17.103519  484.028992
  -22.195101   14.535153   14.535153  484.030945
  -19.629827   12.245194   12.245194  484.033264
  -17.342615   10.203455   10.203455  484.035553
  -15.303331    8.383029    8.383029  484.037750
  -13.485099    6.759928    6.759928  484.039978
  -11.863959    5.312761    5.312761  484.042328
  -10.418542    4.022459    4.022459  484.044434
   -9.129807    2.872016    2.872016  484.046356
   -7.980766    1.846274    1.846274  484.048218
   -6.956275    0.931715    0.931715  484.050049
   -6.042835    0.116289    0.116289  484.051697
   -5.228410   -0.610750   -0.610750  484.053131
   -4.502267   -1.258982   -1.258982  484.054596
   -3.854835   -1.836949   -1.836949  484.055847
   -3.277585   -2.352269   -2.352269  484.057007
   -2.762903   -2.811732   -2.811732  484.058044
   -2.304012   -3.221391   -3.221391  484.059021
   -1.894864   -3.586645   -3.586645  484.059875
   -1.530066   -3.912308   -3.912308  484.060699
   -1.204812   -4.202671   -4.202671  484.061432
   -0.914814   -4.461558   -4.461558  484.061981
   -0.656249   -4.692386   -4.692386  484.062622
   -0.425714   -4.898191   -4.898191  484.063080
   -0.220164   -5.081688   -5.081688  484.063599
   -0.036899   -5.245295   -5.245295  484.064056
    0.146365   -4.422264   -6.133464  484.064758
    0.337984   -4.124882   -6.495982  484.065491
    0.538724   -3.936268   -6.855288  484.066284
    0.749360   -3.795471   -7.217052  484.067139
    0.970655   -3.682146   -7.585190  484.068085
    1.203384   -3.587998   -7.961185  484.068970
    1.448315   -3.510649   -8.345972  484.070068
    1.706217   -3.450984   -8.740177  484.071136
    1.977864   -3.413669   -9.144185  484.072327
    2.264017   -3.404274   -9.558170  484.073486
    2.565459   -3.421908   -9.982112  484.074768
    2.882945   -3.451567  -10.415813  484.076202
    3.217258   -3.483929  -10.858889  484.077698
    3.569161   -3.518371  -11.310781  484.079224
    3.939250   -3.554462  -11.770531  484.080811
    4.327612   -3.591662  -12.236449  484.082703
    4.735158   -3.629421  -12.707697  484.084442
    5.162897   -3.666812  -13.183445  484.086548
    5.611966   -3.703820  -13.665693  484.088593
    6.083598   -3.739409  -14.145720  484.090820
    6.579134   -3.772745  -14.626214  484.093201
    7.099783   -3.802852  -15.105479  484.095703
    7.646533   -3.828622  -15.585220  484.098450
    8.221210   -3.848578  -16.052914  484.101227
    8.825879   -3.860344  -16.512384  484.104095
    9.462804   -3.864352  -16.964458  484.107391
   10.134494   -3.855856  -17.395546  484.110748
   10.843662   -3.835082  -17.812618  484.114380
   11.598907   -3.796275  -18.201279  484.118408
   12.411118   -3.736725  -18.567097  484.122742
   13.281170   -3.652307  -18.897373  484.127350
   14.208428   -3.534963  -19.172153  484.132324
   15.190654   -3.383355  -19.385702  484.137665
   16.224016   -3.188100  -19.522514  484.143372
   17.303194   -2.947721  -19.570023  484.149292
   18.410698   -2.659928  -19.518301  484.155426
   19.528799   -2.325693  -19.363827  484.161713
   20.651516   -1.947616  -19.105316  484.167877
   21.773882   -1.524039  -18.746405  484.174194
   22.892143   -1.059297  -18.287756  484.180450
   24.003618   -0.548989  -17.723822  484.186584
   25.106739    0.000000  -17.075821  484.192719
   26.208944    0.593884  -16.324570  484.198883
   27.315245    1.236055  -15.480835  484.205078
   28.424702    1.926792  -14.530524  484.211090
   29.535904    2.665730  -13.483686  484.217041
   30.646793    3.451804  -12.346946  484.222900
   31.754845    4.280210  -11.111242  484.229034
   32.856903    5.155109   -9.787423  484.234680
   33.943192    6.064226   -8.390425  484.240234
   35.007565    6.999335   -6.927753  484.245667
   36.047146    7.953459   -5.420790  484.250854
   37.059574    8.927263   -3.873387  484.255798
   38.043098    9.912049   -2.295241  484.260376
   38.996426   10.900895   -0.692533  484.264862
   39.918949   11.895280    0.926075  484.269073
   40.814030   12.893073    2.555319  484.272980
   41.682533   13.890409    4.194780  484.276855
   42.524513   14.887459    5.841991  484.280304
   43.339912   15.881479    7.486365  484.283661
   44.128757   16.868782    9.124376  484.286713
   44.891029   17.845879   10.752840  484.289581
   45.626747   18.812317   12.368142  484.292450
   46.335892   19.765104   13.961530  484.294952
   47.018490   20.701845   15.531434  484.297455
   47.674545   21.620272   17.073662  484.299591
   48.304012   22.518238   18.583942  484.301605
   48.906937   23.350996   20.058531  484.303558
   49.483299   23.784679   21.493755  484.305328
   50.033092   23.205215   23.204504  484.306915
   50.582897   24.318810   24.318453  484.308014
   51.164093   25.496378   25.496378  484.309052
   51.778492   26.741217   26.741217  484.310303
   52.427975   28.057146   28.057146  484.311676
   53.114555   29.448250   29.448250  484.313110
   53.840332   30.918808   30.918808  484.314789
   54.607571   32.473358   32.473358  484.316559
   55.418621   34.116711   34.116711  484.318634
   56.275997   35.853939   35.853939  484.320953
   57.182343   37.690407   37.690407  484.323639
   58.140453   39.631779   39.631779  484.326660
   59.153271   41.684071   41.684071  484.330017
   60.223938   43.853600   43.853600  484.333862
   61.355766   46.147087   46.147087  484.338135
   62.552216   48.571606   48.571606  484.343048
  BLADE PROFILES IN CARTESIAN COORDINATES (2D) BEFORE   PROJECTION, SCALING, MESHING AND STACKING 
  VARIABLES = "X", "YSS", "YPS" 
  BLADE           2  SECTION           1
    0.000000    0.020276    0.020276
    0.000062    0.021917    0.017387
    0.000249    0.024283    0.014571
    0.000561    0.026091    0.011730
    0.000997    0.027861    0.008896
    0.001557    0.029806    0.006088
    0.002241    0.031622    0.003325
    0.003050    0.033590    0.000636
    0.003982    0.035692   -0.001954
    0.005038    0.037967   -0.004417
    0.006218    0.040407   -0.006721
    0.007520    0.043020   -0.008859
    0.008945    0.045804   -0.010831
    0.010493    0.048750   -0.012634
    0.012162    0.051849   -0.014254
    0.013954    0.055087   -0.015770
    0.015866    0.058466   -0.017177
    0.017899    0.061979   -0.018490
    0.020052    0.065621   -0.019708
    0.022325    0.069383   -0.020848
    0.024716    0.073260   -0.021905
    0.027226    0.077246   -0.022885
    0.029854    0.081334   -0.023774
    0.032600    0.085518   -0.024569
    0.035461    0.089791   -0.025240
    0.038439    0.094163   -0.025781
    0.041531    0.098629   -0.026148
    0.044738    0.103135   -0.026299
    0.048058    0.107706   -0.026210
    0.051491    0.112335   -0.025878
    0.055036    0.117017   -0.025345
    0.058691    0.121744   -0.024723
    0.062456    0.126511   -0.024056
    0.066331    0.131306   -0.023349
    0.070314    0.136125   -0.022614
    0.074403    0.140963   -0.021845
    0.078599    0.145814   -0.021046
    0.082900    0.150672   -0.020218
    0.087305    0.155530   -0.019366
    0.091812    0.160381   -0.018490
    0.096421    0.165220   -0.017596
    0.101131    0.170040   -0.016688
    0.105941    0.174850   -0.015766
    0.110848    0.179665   -0.014834
    0.115853    0.184394   -0.013895
    0.120953    0.189057   -0.012953
    0.126148    0.193669   -0.012011
    0.131435    0.198224   -0.011072
    0.136815    0.202717   -0.010142
    0.142285    0.207164   -0.009226
    0.147845    0.211571   -0.008334
    0.153492    0.215837   -0.007448
    0.159225    0.219989   -0.006583
    0.165044    0.224050   -0.005742
    0.170946    0.228015   -0.004934
    0.176930    0.231897   -0.004179
    0.182994    0.235721   -0.003440
    0.189138    0.239321   -0.002739
    0.195358    0.242803   -0.002083
    0.201655    0.246193   -0.001504
    0.208026    0.249498   -0.000947
    0.214470    0.252563   -0.000442
    0.220986    0.255474   -0.000035
    0.227570    0.258280    0.000347
    0.234223    0.260983    0.000658
    0.240941    0.263416    0.000873
    0.247725    0.265678    0.001046
    0.254571    0.267819    0.001106
    0.261478    0.269850    0.001121
    0.268445    0.271558    0.001022
    0.275470    0.273106    0.000829
    0.282550    0.274509    0.000594
    0.289685    0.275750    0.000214
    0.296872    0.276710   -0.000227
    0.304110    0.277516   -0.000781
    0.311396    0.278190   -0.001461
    0.318730    0.278502   -0.002245
    0.326109    0.278678   -0.003087
    0.333531    0.278696   -0.004092
    0.340994    0.278392   -0.005214
    0.348497    0.277854   -0.006394
    0.356038    0.277157   -0.007760
    0.363615    0.276309   -0.009188
    0.371226    0.275081   -0.010797
    0.378869    0.273655   -0.012472
    0.386542    0.272047   -0.014342
    0.394243    0.270256   -0.016275
    0.401971    0.268126   -0.018357
    0.409723    0.265822   -0.020613
    0.417498    0.263336   -0.022946
    0.425293    0.260522   -0.025415
    0.433107    0.257445   -0.028092
    0.440937    0.254154   -0.030841
    0.448783    0.250671   -0.033724
    0.456641    0.247034   -0.036743
    0.464509    0.243014   -0.039899
    0.472387    0.238776   -0.043194
    0.480272    0.234318   -0.046637
    0.488161    0.229667   -0.050229
    0.496053    0.224852   -0.054003
    0.503947    0.219707   -0.057859
    0.511839    0.214317   -0.061853
    0.519729    0.208709   -0.065983
    0.527613    0.202886   -0.070249
    0.535491    0.196846   -0.074650
    0.543360    0.190592   -0.079185
    0.551217    0.184151   -0.083853
    0.559063    0.177560   -0.088652
    0.566893    0.170675   -0.093581
    0.574707    0.163584   -0.098621
    0.582502    0.156281   -0.103751
    0.590277    0.148780   -0.109057
    0.598029    0.141087   -0.114485
    0.605757    0.133207   -0.120032
    0.613458    0.125142   -0.125700
    0.621131    0.116898   -0.131488
    0.628774    0.108478   -0.137388
    0.636385    0.099888   -0.143396
    0.643962    0.091133   -0.149510
    0.651503    0.082218   -0.155727
    0.659006    0.073149   -0.162044
    0.666469    0.063930   -0.168456
    0.673891    0.054568   -0.174960
    0.681270    0.045068   -0.181533
    0.688604    0.035429   -0.188169
    0.695890    0.025665   -0.194929
    0.703128    0.015781   -0.201766
    0.710315    0.005785   -0.208677
    0.717450   -0.004342   -0.215667
    0.724530   -0.014605   -0.222723
    0.731555   -0.024897   -0.229839
    0.738522   -0.035274   -0.237012
    0.745429   -0.045730   -0.244236
    0.752275   -0.056257   -0.251506
    0.759059   -0.066848   -0.258819
    0.765777   -0.077496   -0.266150
    0.772430   -0.088193   -0.273501
    0.779015   -0.098933   -0.280913
    0.785530   -0.109710   -0.288348
    0.791974   -0.120521   -0.295802
    0.798345   -0.131351   -0.303269
    0.804642   -0.142192   -0.310752
    0.810863   -0.153060   -0.318237
    0.817006   -0.163943   -0.325719
    0.823070   -0.174770   -0.333194
    0.829054   -0.185578   -0.340655
    0.834956   -0.196359   -0.348099
    0.840775   -0.207105   -0.355518
    0.846508   -0.217808   -0.362909
    0.852155   -0.228461   -0.370251
    0.857715   -0.239055   -0.377547
    0.863185   -0.249588   -0.384821
    0.868565   -0.260049   -0.392046
    0.873852   -0.270428   -0.399215
    0.879047   -0.280717   -0.406324
    0.884147   -0.290910   -0.413368
    0.889152   -0.300998   -0.420341
    0.894059   -0.310993   -0.427238
    0.898869   -0.320869   -0.434053
    0.903579   -0.330597   -0.440785
    0.908188   -0.340190   -0.447424
    0.912695   -0.349643   -0.453967
    0.917100   -0.358947   -0.460408
    0.921401   -0.368096   -0.466743
    0.925597   -0.377082   -0.472966
    0.929686   -0.385900   -0.479074
    0.933669   -0.394542   -0.485060
    0.937544   -0.403002   -0.490922
    0.941309   -0.411275   -0.496653
    0.944965   -0.419352   -0.502250
    0.948509   -0.427228   -0.507710
    0.951942   -0.434896   -0.513026
    0.955262   -0.442351   -0.518196
    0.958469   -0.449587   -0.523215
    0.961561   -0.456599   -0.528078
    0.964539   -0.463380   -0.532782
    0.967400   -0.469926   -0.537324
    0.970146   -0.476232   -0.541699
    0.972774   -0.482293   -0.545913
    0.975284   -0.488105   -0.549887
    0.977675   -0.493662   -0.553272
    0.979948   -0.498959   -0.555988
    0.982101   -0.503989   -0.558195
    0.984134   -0.508759   -0.559992
    0.986046   -0.513258   -0.561447
    0.987838   -0.517485   -0.562594
    0.989507   -0.521434   -0.563463
    0.991055   -0.525102   -0.564065
    0.992480   -0.528487   -0.564417
    0.993782   -0.531587   -0.564526
    0.994962   -0.534398   -0.564397
    0.996018   -0.536920   -0.564043
    0.996950   -0.539239   -0.563466
    0.997759   -0.541409   -0.562642
    0.998443   -0.543596   -0.561631
    0.999003   -0.545859   -0.560421
    0.999439   -0.548062   -0.559019
    0.999751   -0.550176   -0.557426
    0.999938   -0.552072   -0.555567
    1.000000   -0.554396   -0.554403
  BLADE PROFILES IN CARTESIAN COORDINATES (3D) 
  VARIABLES = "X", "YSS", "YPS" "R" 
  BLADE           2  SECTION           1
   52.435631  -17.765131  -17.765131  482.027649
   53.604168  -16.711353  -16.711353  482.025299
   54.651833  -15.766585  -15.766585  482.022980
   55.591122  -14.919541  -14.919541  482.020630
   56.433250  -14.160118  -14.160118  482.018341
   57.188263  -13.479250  -13.479250  482.016144
   57.865173  -12.868812  -12.868812  482.014038
   58.472069  -12.321520  -12.321520  482.012085
   59.016163  -11.830842  -11.830842  482.010284
   59.503990  -11.390921  -11.390921  482.008575
   59.941360  -10.996510  -10.996510  482.006989
   60.333473  -10.642895  -10.642895  482.005493
   60.685036  -10.325863  -10.325863  482.004181
   61.000217  -10.041623  -10.041623  482.002960
   61.282818   -9.786788   -9.786788  482.001831
   61.536167   -9.558314   -9.558314  482.000824
   61.763309   -9.353475   -9.353475  481.999878
   61.966953   -9.169824   -9.169824  481.999084
   62.149548   -9.005172   -9.005172  481.998291
   62.313236   -8.857551   -8.857551  481.997620
   62.460003   -8.725202   -8.725202  481.997009
   62.606773   -7.996035   -9.443254  481.996246
   62.760212   -7.676282   -9.751889  481.995422
   62.920971   -7.368804   -9.945574  481.994659
   63.089638   -7.065703  -10.082897  481.993744
   63.266865   -6.762626  -10.190372  481.992798
   63.453243   -6.457528  -10.277854  481.991760
   63.649380   -6.149148  -10.349465  481.990723
   63.855907   -5.836674  -10.405075  481.989502
   64.073456   -5.518138  -10.441885  481.988220
   64.302620   -5.195513  -10.452875  481.986908
   64.544006   -4.868324  -10.433599  481.985443
   64.798256   -4.536175  -10.392474  481.983887
   65.065987   -4.199415  -10.344611  481.982239
   65.347786   -3.858721  -10.292440  481.980469
   65.644150   -3.514518  -10.236112  481.978607
   65.955177   -3.168061  -10.176035  481.976685
   66.281509   -2.819963  -10.112664  481.974548
   66.624046   -2.470687  -10.046638  481.972229
   66.983673   -2.118790   -9.978345  481.969757
   67.361359   -1.771397   -9.908389  481.967072
   67.758202   -1.426336   -9.837456  481.964203
   68.175133   -1.083589   -9.766710  481.961151
   68.612968   -0.744993   -9.697262  481.957886
   69.073181   -0.417625   -9.629260  481.954376
   69.557396   -0.097841   -9.565566  481.950684
   70.067459    0.211318   -9.505598  481.946625
   70.605347    0.504985   -9.453333  481.942261
   71.173248    0.780386   -9.408658  481.937622
   71.778053    1.037451   -9.375111  481.932617
   72.428474    1.266078   -9.355972  481.927002
   73.125237    1.467386   -9.355598  481.920837
   73.867783    1.623244   -9.378403  481.914246
   74.654320    1.729296   -9.429847  481.907257
   75.481857    1.774962   -9.515782  481.899475
   76.346062    1.749803   -9.640666  481.891296
   77.232933    1.650862   -9.807319  481.882843
   78.128311    1.471708  -10.015708  481.874207
   79.027374    1.216960  -10.266366  481.865356
   79.926170    0.883032  -10.559827  481.856354
   80.821663    0.481082  -10.892470  481.847290
   81.711723    0.000000  -11.266293  481.838348
   82.595108   -0.541532  -11.683470  481.829346
   83.477737   -1.160760  -12.140358  481.820282
   84.363670   -1.851423  -12.642616  481.811035
   85.252106   -2.610384  -13.190489  481.801819
   86.141937   -3.446633  -13.781217  481.792633
   87.031540   -4.353278  -14.419552  481.783508
   87.918854   -5.327335  -15.102236  481.774384
   88.801376   -6.365058  -15.826119  481.765381
   89.671265   -7.454952  -16.583149  481.756561
   90.523621   -8.588075  -17.365818  481.747955
   91.356110   -9.758417  -18.173737  481.739624
   92.166862  -10.955242  -19.000177  481.731598
   92.954445  -12.171228  -19.839800  481.723846
   93.717873  -13.401229  -20.686712  481.716400
   94.456642  -14.640312  -21.541143  481.709351
   95.173401  -15.890032  -22.401997  481.702606
   95.868904  -17.142708  -23.266539  481.696106
   96.543144  -18.396502  -24.131924  481.689941
   97.196106  -19.648285  -24.995253  481.684021
   97.827812  -20.894491  -25.856106  481.678436
   98.438240  -22.132509  -26.710939  481.673126
   99.027397  -23.356319  -27.557606  481.668121
   99.595284  -24.563829  -28.393633  481.663300
  100.141922  -25.752275  -29.216837  481.658783
  100.667267  -26.918674  -30.025248  481.654541
  101.171341  -28.059944  -30.816755  481.650665
  101.654182  -29.173330  -31.570318  481.646851
  102.115707  -30.256025  -31.978264  481.643311
  102.556000  -31.623449  -31.624208  481.640015
  102.996292  -32.517593  -32.517975  481.638153
  103.471581  -33.482452  -33.482452  481.636169
  103.984718  -34.524067  -34.524067  481.634125
  104.538666  -35.648548  -35.648548  481.631897
  105.136681  -36.862473  -36.862473  481.629578
  105.782265  -38.172974  -38.172974  481.627136
  106.479195  -39.587727  -39.587727  481.624603
  107.231590  -41.115021  -41.115021  481.621948
  108.043831  -42.763813  -42.763813  481.619171
  108.920700  -44.543777  -44.543777  481.616333
  109.867302  -46.465340  -46.465340  481.613434
  110.889229  -48.539761  -48.539761  481.610474
  111.992424  -50.779213  -50.779213  481.607391
  113.183418  -53.196831  -53.196831  481.604309
  114.469147  -55.806789  -55.806789  481.601196
  115.857147  -58.624371  -58.624371  481.598083
  117.355583  -61.666115  -61.666115  481.595154
  118.973213  -64.949867  -64.949867  481.592194
  120.719521  -68.494881  -68.494881  481.589478
  122.604759  -72.321945  -72.321945  481.586914
  BLADE PROFILES IN CARTESIAN COORDINATES (2D) BEFORE   PROJECTION, SCALING, MESHING AND STACKING 
  VARIABLES = "X", "YSS", "YPS" 
  BLADE           2  SECTION           2
    0.000000    0.020294    0.020294
    0.000062    0.021950    0.017422
    0.000249    0.024312    0.014592
    0.000561    0.026123    0.011745
    0.000997    0.027890    0.008905
    0.001557    0.029832    0.006089
    0.002241    0.031646    0.003318
    0.003050    0.033610    0.000619
    0.003982    0.035706   -0.001981
    0.005038    0.037976   -0.004456
    0.006218    0.040410   -0.006774
    0.007520    0.043016   -0.008930
    0.008945    0.045792   -0.010917
    0.010493    0.048730   -0.012737
    0.012162    0.051819   -0.014377
    0.013954    0.055047   -0.015912
    0.015866    0.058415   -0.017339
    0.017899    0.061917   -0.018673
    0.020052    0.065545   -0.019913
    0.022325    0.069294   -0.021075
    0.024716    0.073158   -0.022156
    0.027226    0.077128   -0.023161
    0.029854    0.081201   -0.024075
    0.032600    0.085368   -0.024896
    0.035461    0.089625   -0.025594
    0.038439    0.093978   -0.026163
    0.041531    0.098426   -0.026559
    0.044738    0.102913   -0.026739
    0.048058    0.107464   -0.026679
    0.051491    0.112072   -0.026376
    0.055036    0.116732   -0.025873
    0.058691    0.121438   -0.025280
    0.062456    0.126181   -0.024644
    0.066331    0.130950   -0.023967
    0.070314    0.135745   -0.023263
    0.074403    0.140559   -0.022526
    0.078599    0.145385   -0.021759
    0.082900    0.150216   -0.020965
    0.087305    0.155047   -0.020146
    0.091812    0.159872   -0.019305
    0.096421    0.164683   -0.018445
    0.101131    0.169494   -0.017572
    0.105941    0.174307   -0.016685
    0.110848    0.179044   -0.015790
    0.115853    0.183736   -0.014887
    0.120953    0.188369   -0.013982
    0.126148    0.192951   -0.013077
    0.131435    0.197475   -0.012176
    0.136815    0.201938   -0.011286
    0.142285    0.206350   -0.010417
    0.147845    0.210730   -0.009553
    0.153492    0.214952   -0.008705
    0.159225    0.219072   -0.007879
    0.165044    0.223102   -0.007078
    0.170946    0.227063   -0.006312
    0.176930    0.230953   -0.005595
    0.182994    0.234664   -0.004896
    0.189138    0.238229   -0.004234
    0.195358    0.241679   -0.003622
    0.201655    0.245033   -0.003081
    0.208026    0.248312   -0.002564
    0.214470    0.251325   -0.002104
    0.220986    0.254204   -0.001733
    0.227570    0.256973   -0.001390
    0.234223    0.259651   -0.001152
    0.240941    0.262029   -0.000946
    0.247725    0.264261   -0.000821
    0.254571    0.266365   -0.000793
    0.261478    0.268339   -0.000855
    0.268445    0.270023   -0.000957
    0.275470    0.271578   -0.001193
    0.282550    0.273003   -0.001476
    0.289685    0.274113   -0.001886
    0.296872    0.275029   -0.002401
    0.304110    0.275798   -0.002973
    0.311396    0.276412   -0.003680
    0.318730    0.276703   -0.004506
    0.326109    0.276843   -0.005398
    0.333531    0.276839   -0.006429
    0.340994    0.276476   -0.007593
    0.348497    0.275910   -0.008820
    0.356038    0.275176   -0.010216
    0.363615    0.274270   -0.011692
    0.371226    0.273021   -0.013329
    0.378869    0.271606   -0.015052
    0.386542    0.270023   -0.016951
    0.394243    0.268093   -0.018919
    0.401971    0.265922   -0.021091
    0.409723    0.263581   -0.023331
    0.417498    0.261071   -0.025699
    0.425293    0.258203   -0.028212
    0.433107    0.255097   -0.030919
    0.440937    0.251819   -0.033701
    0.448783    0.248353   -0.036617
    0.456641    0.244576   -0.039669
    0.464509    0.240525   -0.042858
    0.472387    0.236257   -0.046190
    0.480272    0.231768   -0.049665
    0.488161    0.227081   -0.053291
    0.496053    0.222240   -0.057094
    0.503947    0.217051   -0.060980
    0.511839    0.211630   -0.065004
    0.519729    0.205993   -0.069163
    0.527613    0.200139   -0.073459
    0.535491    0.194070   -0.077888
    0.543360    0.187817   -0.082452
    0.551217    0.181401   -0.087147
    0.559063    0.174694   -0.091973
    0.566893    0.167779   -0.096928
    0.574707    0.160655   -0.101994
    0.582502    0.153321   -0.107150
    0.590277    0.145793   -0.112481
    0.598029    0.138072   -0.117934
    0.605757    0.130164   -0.123505
    0.613458    0.122073   -0.129194
    0.621131    0.113802   -0.135004
    0.628774    0.105356   -0.140926
    0.636385    0.096740   -0.146956
    0.643962    0.087960   -0.153092
    0.651503    0.079020   -0.159329
    0.659006    0.069926   -0.165665
    0.666469    0.060683   -0.172097
    0.673891    0.051298   -0.178620
    0.681270    0.041775   -0.185232
    0.688604    0.032114   -0.191912
    0.695890    0.022328   -0.198643
    0.703128    0.012422   -0.205497
    0.710315    0.002405   -0.212424
    0.717450   -0.007742   -0.219428
    0.724530   -0.018027   -0.226499
    0.731555   -0.028339   -0.233630
    0.738522   -0.038736   -0.240817
    0.745429   -0.049211   -0.248054
    0.752275   -0.059757   -0.255338
    0.759059   -0.070367   -0.262664
    0.765777   -0.081033   -0.270007
    0.772430   -0.091748   -0.277369
    0.779015   -0.102504   -0.284793
    0.785530   -0.113297   -0.292239
    0.791974   -0.124124   -0.299703
    0.798345   -0.134970   -0.307179
    0.804642   -0.145827   -0.314672
    0.810863   -0.156709   -0.322166
    0.817006   -0.167607   -0.329657
    0.823070   -0.178448   -0.337140
    0.829054   -0.189270   -0.344609
    0.834956   -0.200064   -0.352060
    0.840775   -0.210823   -0.359487
    0.846508   -0.221539   -0.366885
    0.852155   -0.232204   -0.374233
    0.857715   -0.242810   -0.381536
    0.863185   -0.253353   -0.388815
    0.868565   -0.263825   -0.396045
    0.873852   -0.274215   -0.403220
    0.879047   -0.284515   -0.410334
    0.884147   -0.294718   -0.417382
    0.889152   -0.304815   -0.424359
    0.894059   -0.314819   -0.431260
    0.898869   -0.324705   -0.438079
    0.903579   -0.334441   -0.444814
    0.908188   -0.344043   -0.451456
    0.912695   -0.353504   -0.458002
    0.917100   -0.362816   -0.464446
    0.921401   -0.371972   -0.470784
    0.925597   -0.380966   -0.477009
    0.929686   -0.389790   -0.483119
    0.933669   -0.398438   -0.489108
    0.937544   -0.406905   -0.494971
    0.941309   -0.415184   -0.500704
    0.944965   -0.423267   -0.506303
    0.948509   -0.431148   -0.511764
    0.951942   -0.438822   -0.517082
    0.955262   -0.446282   -0.522252
    0.958469   -0.453523   -0.527272
    0.961561   -0.460539   -0.532136
    0.964539   -0.467325   -0.536841
    0.967400   -0.473875   -0.541383
    0.970146   -0.480185   -0.545759
    0.972774   -0.486250   -0.549974
    0.975284   -0.492065   -0.553946
    0.977675   -0.497625   -0.557325
    0.979948   -0.502926   -0.560035
    0.982101   -0.507959   -0.562237
    0.984134   -0.512731   -0.564027
    0.986046   -0.517233   -0.565478
    0.987838   -0.521462   -0.566621
    0.989507   -0.525414   -0.567487
    0.991055   -0.529083   -0.568085
    0.992480   -0.532471   -0.568433
    0.993782   -0.535572   -0.568540
    0.994962   -0.538385   -0.568410
    0.996018   -0.540908   -0.568051
    0.996950   -0.543227   -0.567471
    0.997759   -0.545395   -0.566646
    0.998443   -0.547585   -0.565632
    0.999003   -0.549847   -0.564420
    0.999439   -0.552046   -0.563016
    0.999751   -0.554157   -0.561421
    0.999938   -0.556065   -0.559561
    1.000000   -0.558408   -0.558408
  BLADE PROFILES IN CARTESIAN COORDINATES (3D) 
  VARIABLES = "X", "YSS", "YPS" "R" 
  BLADE           2  SECTION           2
   52.504738  -17.543575  -17.543575  483.170044
   53.670444  -16.501112  -16.501112  483.170013
   54.715565  -15.566487  -15.566487  483.170074
   55.652554  -14.728539  -14.728539  483.170013
   56.492638  -13.977275  -13.977275  483.169983
   57.245827  -13.303724  -13.303724  483.169983
   57.921078  -12.699847  -12.699847  483.170013
   58.526493  -12.158438  -12.158438  483.170013
   59.069279  -11.673034  -11.673034  483.169983
   59.555927  -11.237843  -11.237843  483.170074
   59.992226  -10.847668  -10.847668  483.170044
   60.383396  -10.497854  -10.497854  483.169983
   60.734100  -10.184228  -10.184228  483.170044
   61.048523   -9.903042   -9.903042  483.170013
   61.330425   -9.650944   -9.650944  483.170044
   61.583164   -9.424925   -9.424925  483.169983
   61.809753   -9.222285   -9.222285  483.169952
   62.012917   -9.040608   -9.040608  483.169983
   62.195057   -8.877723   -8.877723  483.170044
   62.358356   -8.731688   -8.731688  483.170013
   62.504761   -8.600760   -8.600760  483.170044
   62.651173   -7.873936   -9.319218  483.169983
   62.804237   -7.555776   -9.629004  483.170013
   62.964626   -7.249948   -9.824003  483.169983
   63.132889   -6.948558   -9.962811  483.169952
   63.309685   -6.647257  -10.071850  483.170044
   63.495605   -6.344009  -10.160979  483.170013
   63.691265   -6.037551  -10.234328  483.170105
   63.897312   -5.727082  -10.291786  483.170013
   64.114311   -5.410647  -10.330556  483.169983
   64.342918   -5.090189  -10.343608  483.169983
   64.583733   -4.765263  -10.326460  483.170013
   64.837357   -4.435466  -10.287510  483.169983
   65.104439   -4.101230  -10.241898  483.170013
   65.385574   -3.763113  -10.192073  483.169983
   65.681229   -3.421555  -10.138188  483.170044
   65.991486   -3.077825  -10.080647  483.170013
   66.317070   -2.732575  -10.019904  483.170013
   66.658783   -2.384530   -9.956594  483.170013
   67.017532   -2.037464   -9.891114  483.170044
   67.394295   -1.693177   -9.824067  483.169922
   67.790176   -1.351252   -9.756139  483.169952
   68.206116   -1.011846   -9.688927  483.169983
   68.642906   -0.676835   -9.622247  483.170044
   69.101997   -0.352801   -9.557511  483.170074
   69.585068   -0.033709   -9.497238  483.169983
   70.093895    0.268738   -9.440723  483.170044
   70.630516    0.558827   -9.392040  483.170135
   71.197037    0.830084   -9.351181  483.170135
   71.800392    1.083684   -9.322231  483.170044
   72.449242    1.307889   -9.306291  483.169891
   73.144341    1.504370   -9.310256  483.170044
   73.885109    1.659599   -9.336881  483.170105
   74.669754    1.758157   -9.392775  483.170074
   75.495293    1.799315   -9.482894  483.169922
   76.357468    1.769924   -9.611864  483.169983
   77.242203    1.666462   -9.782441  483.170074
   78.135452    1.486167   -9.994373  483.169952
   79.032372    1.225900  -10.248656  483.170044
   79.929016    0.888977  -10.545658  483.170013
   80.822395    0.483158  -10.881276  483.169952
   81.710304    0.000000  -11.258004  483.170013
   82.591568   -0.544094  -11.677624  483.170135
   83.472107   -1.165314  -12.136743  483.170044
   84.355904   -1.855373  -12.640994  483.169922
   85.242249   -2.618232  -13.190610  483.170135
   86.129959   -3.455970  -13.782866  483.170135
   87.017426   -4.363618  -14.422385  483.170044
   87.902626   -5.338435  -15.106065  483.170044
   88.783051   -6.376664  -15.830707  483.169952
   89.650864   -7.466783  -16.588722  483.169983
   90.501167   -8.599867  -17.371084  483.170044
   91.331680   -9.769970  -18.179098  483.170044
   92.140488  -10.966378  -19.005373  483.169983
   92.926193  -12.181750  -19.844629  483.169922
   93.687805  -13.410950  -20.691040  483.170044
   94.424789  -14.649042  -21.544739  483.169952
   95.139862  -15.897657  -22.404768  483.169983
   95.833679  -17.149099  -23.268358  483.169983
   96.506310  -18.401564  -24.132668  483.170105
   97.157707  -19.651873  -24.994835  483.170013
   97.787910  -20.896551  -25.854429  483.170044
   98.396858  -22.132952  -26.707922  483.169983
   98.984627  -23.355101  -27.553167  483.170013
   99.551155  -24.560894  -28.387733  483.169983
  100.096458  -25.747570  -29.209442  483.170044
  100.620575  -26.912199  -30.016344  483.169952
  101.123436  -28.051662  -30.806297  483.170013
  101.605095  -29.163252  -31.557999  483.170044
  102.065536  -30.244160  -31.964037  483.170013
  102.504761  -31.609781  -31.610273  483.169983
  102.943962  -32.502007  -32.502254  483.169952
  103.418144  -33.464947  -33.464947  483.169983
  103.930000  -34.504490  -34.504490  483.170044
  104.482620  -35.626736  -35.626736  483.169983
  105.079178  -36.838253  -36.838253  483.170074
  105.723198  -38.146137  -38.146137  483.170013
  106.418457  -39.558090  -39.558090  483.170044
  107.169022  -41.082352  -41.082352  483.170013
  107.979294  -42.727867  -42.727867  483.170044
  108.853996  -44.504284  -44.504284  483.170013
  109.798317  -46.422035  -46.422035  483.169983
  110.817757  -48.492336  -48.492336  483.170013
  111.918304  -50.727325  -50.727325  483.170013
  113.106392  -53.140125  -53.140125  483.170013
  114.388962  -55.744865  -55.744865  483.170074
  115.773598  -58.556801  -58.556801  483.169983
  117.268372  -61.592449  -61.592449  483.170044
  118.882065  -64.869583  -64.869583  483.170044
  120.624153  -68.407425  -68.407425  483.169983
  122.504776  -72.226685  -72.226685  483.169983
  BLADE PROFILES IN CARTESIAN COORDINATES (2D) BEFORE   PROJECTION, SCALING, MESHING AND STACKING 
  VARIABLES = "X", "YSS", "YPS" 
  BLADE           2  SECTION           3
    0.000000    0.020313    0.020313
    0.000062    0.021981    0.017454
    0.000249    0.024342    0.014613
    0.000561    0.026154    0.011759
    0.000997    0.027919    0.008912
    0.001557    0.029858    0.006089
    0.002241    0.031670    0.003310
    0.003050    0.033630    0.000601
    0.003982    0.035722   -0.002010
    0.005038    0.037986   -0.004497
    0.006218    0.040414   -0.006829
    0.007520    0.043013   -0.009003
    0.008945    0.045781   -0.011004
    0.010493    0.048711   -0.012842
    0.012162    0.051790   -0.014501
    0.013954    0.055008   -0.016055
    0.015866    0.058365   -0.017502
    0.017899    0.061855   -0.018857
    0.020052    0.065471   -0.020118
    0.022325    0.069207   -0.021304
    0.024716    0.073056   -0.022408
    0.027226    0.077012   -0.023438
    0.029854    0.081069   -0.024377
    0.032600    0.085220   -0.025224
    0.035461    0.089475   -0.025949
    0.038439    0.093827   -0.026546
    0.041531    0.098225   -0.026970
    0.044738    0.102692   -0.027179
    0.048058    0.107223   -0.027148
    0.051491    0.111811   -0.026875
    0.055036    0.116450   -0.026400
    0.058691    0.121134   -0.025836
    0.062456    0.125852   -0.025230
    0.066331    0.130598   -0.024584
    0.070314    0.135369   -0.023911
    0.074403    0.140157   -0.023206
    0.078599    0.144958   -0.022471
    0.082900    0.149764   -0.021710
    0.087305    0.154569   -0.020924
    0.091812    0.159366   -0.020117
    0.096421    0.164150   -0.019292
    0.101131    0.168931   -0.018454
    0.105941    0.173718   -0.017603
    0.110848    0.178426   -0.016743
    0.115853    0.183082   -0.015878
    0.120953    0.187685   -0.015009
    0.126148    0.192237   -0.014141
    0.131435    0.196731   -0.013278
    0.136815    0.201163   -0.012426
    0.142285    0.205541   -0.011595
    0.147845    0.209894   -0.010769
    0.153492    0.214073   -0.009961
    0.159225    0.218162   -0.009173
    0.165044    0.222160   -0.008411
    0.170946    0.226084   -0.007687
    0.176930    0.229948   -0.007008
    0.182994    0.233611   -0.006348
    0.189138    0.237145   -0.005726
    0.195358    0.240563   -0.005159
    0.201655    0.243880   -0.004654
    0.208026    0.247109   -0.004176
    0.214470    0.250094   -0.003762
    0.220986    0.252942   -0.003427
    0.227570    0.255674   -0.003123
    0.234223    0.258297   -0.002927
    0.240941    0.260651   -0.002760
    0.247725    0.262891   -0.002707
    0.254571    0.265005   -0.002687
    0.261478    0.266852   -0.002792
    0.268445    0.268498   -0.002936
    0.275470    0.270015   -0.003209
    0.282550    0.271416   -0.003542
    0.289685    0.272470   -0.003981
    0.296872    0.273400   -0.004537
    0.304110    0.274180   -0.005191
    0.311396    0.274661   -0.005897
    0.318730    0.274914   -0.006761
    0.326109    0.275017   -0.007734
    0.333531    0.274977   -0.008765
    0.340994    0.274571   -0.009966
    0.348497    0.274020   -0.011243
    0.356038    0.273302   -0.012666
    0.363615    0.272258   -0.014229
    0.371226    0.270971   -0.015856
    0.378869    0.269519   -0.017626
    0.386542    0.267914   -0.019553
    0.394243    0.265927   -0.021560
    0.401971    0.263727   -0.023769
    0.409723    0.261349   -0.026044
    0.417498    0.258816   -0.028447
    0.425293    0.255895   -0.031003
    0.433107    0.252759   -0.033740
    0.440937    0.249445   -0.036555
    0.448783    0.245953   -0.039505
    0.456641    0.242127   -0.042591
    0.464509    0.238046   -0.045812
    0.472387    0.233747   -0.049181
    0.480272    0.229265   -0.052699
    0.488161    0.224601   -0.056398
    0.496053    0.219637   -0.060178
    0.503947    0.214404   -0.064095
    0.511839    0.208954   -0.068149
    0.519729    0.203286   -0.072338
    0.527613    0.197402   -0.076662
    0.535491    0.191302   -0.081121
    0.543360    0.185016   -0.085712
    0.551217    0.178574   -0.090435
    0.559063    0.171837   -0.095288
    0.566893    0.164893   -0.100270
    0.574707    0.157732   -0.105361
    0.582502    0.150371   -0.110544
    0.590277    0.142814   -0.115900
    0.598029    0.135066   -0.121377
    0.605757    0.127131   -0.126971
    0.613458    0.119012   -0.132682
    0.621131    0.110714   -0.138515
    0.628774    0.102242   -0.144459
    0.636385    0.093601   -0.150511
    0.643962    0.084795   -0.156667
    0.651503    0.075830   -0.162925
    0.659006    0.066711   -0.169282
    0.666469    0.057444   -0.175733
    0.673891    0.048035   -0.182275
    0.681270    0.038489   -0.188905
    0.688604    0.028808   -0.195602
    0.695890    0.018999   -0.202351
    0.703128    0.009071   -0.209222
    0.710315   -0.000968   -0.216165
    0.717450   -0.011135   -0.223184
    0.724530   -0.021442   -0.230270
    0.731555   -0.031774   -0.237416
    0.738522   -0.042191   -0.244617
    0.745429   -0.052686   -0.251868
    0.752275   -0.063251   -0.259165
    0.759059   -0.073879   -0.266504
    0.765777   -0.084562   -0.273879
    0.772430   -0.095295   -0.281270
    0.779015   -0.106069   -0.288668
    0.785530   -0.116877   -0.296126
    0.791974   -0.127721   -0.303600
    0.798345   -0.138582   -0.311087
    0.804642   -0.149455   -0.318587
    0.810863   -0.160352   -0.326091
    0.817006   -0.171264   -0.333591
    0.823070   -0.182120   -0.341082
    0.829054   -0.192956   -0.348559
    0.834956   -0.203763   -0.356018
    0.840775   -0.214535   -0.363452
    0.846508   -0.225264   -0.370857
    0.852155   -0.235941   -0.378211
    0.857715   -0.246559   -0.385520
    0.863185   -0.257113   -0.392806
    0.868565   -0.267597   -0.400042
    0.873852   -0.277997   -0.407221
    0.879047   -0.288308   -0.414340
    0.884147   -0.298521   -0.421393
    0.889152   -0.308628   -0.428374
    0.894059   -0.318623   -0.435280
    0.898869   -0.328517   -0.442103
    0.903579   -0.338281   -0.448840
    0.908188   -0.347892   -0.455486
    0.912695   -0.357360   -0.462035
    0.917100   -0.366680   -0.468482
    0.921401   -0.375844   -0.474822
    0.925597   -0.384845   -0.481050
    0.929686   -0.393676   -0.487162
    0.933669   -0.402331   -0.493153
    0.937544   -0.410805   -0.499018
    0.941309   -0.419089   -0.504753
    0.944965   -0.427179   -0.510354
    0.948509   -0.435065   -0.515816
    0.951942   -0.442744   -0.521135
    0.955262   -0.450210   -0.526307
    0.958469   -0.457456   -0.531328
    0.961561   -0.464477   -0.536193
    0.964539   -0.471267   -0.540899
    0.967400   -0.477822   -0.545442
    0.970146   -0.484136   -0.549818
    0.972774   -0.490204   -0.554034
    0.975284   -0.496023   -0.558004
    0.977675   -0.501586   -0.561377
    0.979948   -0.506890   -0.564081
    0.982101   -0.511926   -0.566279
    0.984134   -0.516701   -0.568062
    0.986046   -0.521206   -0.569509
    0.987838   -0.525438   -0.570649
    0.989507   -0.529391   -0.571511
    0.991055   -0.533063   -0.572106
    0.992480   -0.536452   -0.572451
    0.993782   -0.539555   -0.572555
    0.994962   -0.542369   -0.572424
    0.996018   -0.544894   -0.572061
    0.996950   -0.547214   -0.571478
    0.997759   -0.549380   -0.570651
    0.998443   -0.551571   -0.569635
    0.999003   -0.553833   -0.568420
    0.999439   -0.556032   -0.567014
    0.999751   -0.558139   -0.565417
    0.999938   -0.560055   -0.563556
    1.000000   -0.562417   -0.562417
  BLADE PROFILES IN CARTESIAN COORDINATES (3D) 
  VARIABLES = "X", "YSS", "YPS" "R" 
  BLADE           2  SECTION           3
   52.572304  -17.326880  -17.326880  484.311951
   53.735279  -16.295555  -16.295555  484.314484
   54.777950  -15.370912  -15.370912  484.317078
   55.712761  -14.541920  -14.541920  484.319489
   56.550877  -13.798684  -13.798684  484.321747
   57.302292  -13.132333  -13.132333  484.324036
   57.975979  -12.534910  -12.534910  484.326050
   58.579979  -11.999290  -11.999290  484.328125
   59.121490  -11.519073  -11.519073  484.329926
   59.606991  -11.088531  -11.088531  484.331665
   60.042278  -10.702527  -10.702527  484.333221
   60.432522  -10.356452  -10.356452  484.334686
   60.782402  -10.046175  -10.046175  484.336029
   61.096096   -9.767995   -9.767995  484.337158
   61.377331   -9.518592   -9.518592  484.338257
   61.629475   -9.294984   -9.294984  484.339264
   61.855549   -9.094509   -9.094509  484.340149
   62.058224   -8.914772   -8.914772  484.340973
   62.239941   -8.753628   -8.753628  484.341705
   62.402855   -8.609153   -8.609153  484.342407
   62.548920   -8.479622   -8.479622  484.342987
   62.694981   -7.755000   -9.198592  484.343811
   62.847717   -7.438394   -9.509547  484.344604
   63.007698   -7.134172   -9.705865  484.345459
   63.175575   -6.834454   -9.846155  484.346344
   63.351944   -6.534885   -9.956755  484.347290
   63.537426   -6.233441  -10.047522  484.348328
   63.732632   -5.928864  -10.122602  484.349365
   63.938179   -5.619906  -10.181894  484.350555
   64.154686   -5.305409  -10.222610  484.351776
   64.382759   -4.987635  -10.237700  484.353058
   64.623001   -4.664925  -10.222653  484.354492
   64.876045   -4.337429  -10.185853  484.356049
   65.142479   -4.005694  -10.142467  484.357727
   65.422951   -3.670074  -10.094969  484.359436
   65.717911   -3.331107  -10.043506  484.361328
   66.027435   -2.990052   -9.988477  484.363403
   66.352226   -2.647549   -9.930335  484.365570
   66.693169   -2.302390   -9.869717  484.367798
   67.051056   -1.958292   -9.807023  484.370361
   67.426933   -1.617191   -9.742857  484.372955
   67.821877   -1.278339   -9.677922  484.375732
   68.236832   -0.942212   -9.613785  484.378815
   68.672592   -0.610730   -9.550261  484.382080
   69.130615   -0.289960   -9.488786  484.385559
   69.612518    0.025837   -9.431882  484.389282
   70.120148    0.324299   -9.378785  484.393372
   70.655472    0.610628   -9.333641  484.397675
   71.220665    0.878121   -9.296561  484.402344
   71.822586    1.127301   -9.271242  484.407318
   72.469910    1.349935   -9.260283  484.412781
   73.163353    1.539976   -9.267248  484.418884
   73.902344    1.691387   -9.298196  484.425598
   74.685165    1.789190   -9.359662  484.432678
   75.508743    1.822253   -9.453776  484.440399
   76.368820    1.789825   -9.585801  484.448303
   77.251480    1.680888   -9.760851  484.456940
   78.142609    1.497122   -9.975913  484.465668
   79.037376    1.233442  -10.233745  484.474487
   79.931877    0.892986  -10.534163  484.483276
   80.823120    0.483937  -10.872777  484.492371
   81.708946    0.000000  -11.252872  484.501251
   82.588097   -0.548314  -11.674444  484.510284
   83.466553   -1.171443  -12.135899  484.519318
   84.348236   -1.863397  -12.642178  484.528534
   85.232445   -2.627803  -13.193582  484.537598
   86.118027   -3.467088  -13.787418  484.546783
   87.003418   -4.375828  -14.428184  484.555939
   87.886505   -5.351501  -15.112919  484.565033
   88.764824   -6.390337  -15.838385  484.573944
   89.630569   -7.480824  -16.596981  484.582825
   90.478844   -8.613947  -17.379704  484.591431
   91.307365   -9.783924  -18.187780  484.599762
   92.114258  -10.980054  -19.013973  484.607849
   92.898102  -12.194932  -19.853106  484.615448
   93.657890  -13.423456  -20.698908  484.622803
   94.393143  -14.660693  -21.552052  484.629944
   95.106483  -15.908323  -22.411304  484.636627
   95.798683  -17.158684  -23.274035  484.643127
   96.469704  -18.409933  -24.137354  484.649231
   97.119560  -19.658922  -24.998470  484.655121
   97.748245  -20.902205  -25.856901  484.660767
   98.355774  -22.136305  -26.709154  484.666016
   98.942139  -23.357744  -27.553068  484.671082
   99.507309  -24.561949  -28.386272  484.675781
  100.051346  -25.747000  -29.206573  484.680267
  100.574188  -26.909966  -30.012045  484.684540
  101.075867  -28.047773  -30.800535  484.688568
  101.556389  -29.157677  -31.550489  484.692291
  102.015732  -30.236914  -31.954731  484.695801
  102.453918  -31.600840  -31.601328  484.699066
  102.892097  -32.491394  -32.491638  484.700867
  103.365135  -33.452518  -33.452518  484.702911
  103.875832  -34.490108  -34.490108  484.704987
  104.427132  -35.610237  -35.610237  484.707123
  105.022301  -36.819481  -36.819481  484.709412
  105.664833  -38.124931  -38.124931  484.711823
  106.358444  -39.534214  -39.534214  484.714325
  107.107246  -41.055618  -41.055618  484.717010
  107.915611  -42.698051  -42.698051  484.719788
  108.788315  -44.471149  -44.471149  484.722565
  109.730400  -46.385288  -46.385288  484.725464
  110.747452  -48.451702  -48.451702  484.728424
  111.845398  -50.682495  -50.682495  484.731567
  113.030716  -53.090755  -53.090755  484.734589
  114.310326  -55.690578  -55.690578  484.737640
  115.691711  -58.497204  -58.497204  484.740692
  117.182976  -61.527081  -61.527081  484.743652
  118.792900  -64.797989  -64.797989  484.746643
  120.530914  -68.329041  -68.329041  484.749359
  122.407166  -72.140984  -72.140984  484.751953
