    3D DATASET FOR MULTALL, GENERATED BY STAGEN  
   37    0   37    010000    0    0    3    2    1    2   37   10   10 1000
    0    2    1    3    0    1    0  100    5    0    1    0
    3    3    3    9    9    9    1    3    1
  BLADE ROW NUMBER =        1                                           
  111   26   96   69    0    0    1    1    1    1    0    0    0    0    0    0
       0.0 3194410.0 3194410.0 2141334.5 2141334.5   0.00000       0.0
  1.000000
 -0.024935 -0.022066 -0.019508 -0.017227 -0.015194 -0.013381 -0.011764 -0.010323
 -0.009037 -0.007892 -0.006870 -0.005959 -0.005147 -0.004423 -0.003777 -0.003202
 -0.002688 -0.002231 -0.001823 -0.001459 -0.001135 -0.000845 -0.000588 -0.000358
 -0.000153  0.000030  0.000213  0.000404  0.000604  0.000814  0.001035  0.001267
  0.001511  0.001768  0.002039  0.002324  0.002625  0.002942  0.003275  0.003626
  0.003995  0.004382  0.004789  0.005215  0.005663  0.006133  0.006628  0.007147
  0.007692  0.008265  0.008868  0.009503  0.010173  0.010880  0.011633  0.012443
  0.013311  0.014236  0.015215  0.016245  0.017322  0.018426  0.019541  0.020661
  0.021780  0.022895  0.024003  0.025103  0.026202  0.027306  0.028412  0.029520
  0.030628  0.031733  0.032832  0.033915  0.034976  0.036013  0.037023  0.038004
  0.038954  0.039874  0.040767  0.041633  0.042472  0.043286  0.044072  0.044832
  0.045566  0.046273  0.046954  0.047608  0.048236  0.048837  0.049412  0.049960
  0.050508  0.051088  0.051700  0.052348  0.053033  0.053757  0.054522  0.055330
  0.056185  0.057089  0.058045  0.059055  0.060122  0.061251  0.062444
  1.000000
  0.017118  0.014548  0.012256  0.010213  0.008391  0.006766  0.005318  0.004027
  0.002875  0.001849  0.000934  0.000118 -0.000610 -0.001259 -0.001837 -0.002353
 -0.002812 -0.003222 -0.003588 -0.003914 -0.004204 -0.004463 -0.004694 -0.004900
 -0.005084 -0.005248 -0.004427 -0.004130 -0.003942 -0.003802 -0.003689 -0.003595
 -0.003518 -0.003459 -0.003422 -0.003412 -0.003430 -0.003460 -0.003493 -0.003527
 -0.003564 -0.003602 -0.003640 -0.003678 -0.003715 -0.003751 -0.003784 -0.003815
 -0.003841 -0.003861 -0.003873 -0.003877 -0.003869 -0.003848 -0.003810 -0.003751
 -0.003665 -0.003547 -0.003395 -0.003199 -0.002958 -0.002668 -0.002334 -0.001955
 -0.001529 -0.001063 -0.000551  0.000000  0.000596  0.001240  0.001933  0.002675
  0.003463  0.004294  0.005172  0.006084  0.007022  0.007979  0.008956  0.009944
  0.010936  0.011933  0.012934  0.013934  0.014934  0.015931  0.016921  0.017901
  0.018870  0.019826  0.020766  0.021687  0.022587  0.023423  0.023860  0.023401
  0.024516  0.025696  0.026943  0.028262  0.029655  0.031129  0.032686  0.034332
  0.036073  0.037912  0.039857  0.041913  0.044086  0.046383  0.048811
  1.000000
  0.000000  0.000000  0.000000  0.000000  0.000000  0.000000  0.000000  0.000000
  0.000000  0.000000  0.000000  0.000000  0.000000  0.000000  0.000000  0.000000
  0.000000  0.000000  0.000000  0.000000  0.000000  0.000000  0.000000  0.000000
  0.000000  0.000000  0.001707  0.002366  0.002913  0.003415  0.003896  0.004366
  0.004827  0.005281  0.005722  0.006145  0.006551  0.006954  0.007364  0.007781
  0.008204  0.008633  0.009065  0.009503  0.009948  0.010392  0.010838  0.011287
  0.011740  0.012187  0.012634  0.013082  0.013521  0.013958  0.014384  0.014808
  0.015224  0.015615  0.015980  0.016311  0.016599  0.016836  0.017014  0.017133
  0.017197  0.017204  0.017151  0.017051  0.016895  0.016693  0.016434  0.016127
  0.015777  0.015370  0.014922  0.014435  0.013908  0.013356  0.012783  0.012190
  0.011577  0.010954  0.010324  0.009682  0.009033  0.008384  0.007734  0.007083
  0.006435  0.005796  0.005163  0.004541  0.003929  0.003289  0.002289  0.000000
  0.000000  0.000000  0.000000  0.000000  0.000000  0.000000  0.000000  0.000000
  0.000000  0.000000  0.000000  0.000000  0.000000  0.000000  0.000000
  1.000000
  0.482311  0.482309  0.482307  0.482304  0.482302  0.482299  0.482297  0.482295
  0.482293  0.482291  0.482289  0.482288  0.482286  0.482285  0.482283  0.482282
  0.482281  0.482280  0.482279  0.482278  0.482278  0.482277  0.482276  0.482276
  0.482275  0.482275  0.482274  0.482274  0.482273  0.482272  0.482271  0.482270
  0.482269  0.482268  0.482267  0.482265  0.482264  0.482263  0.482261  0.482259
  0.482258  0.482256  0.482254  0.482252  0.482250  0.482248  0.482245  0.482243
  0.482240  0.482237  0.482234  0.482231  0.482227  0.482224  0.482220  0.482215
  0.482211  0.482206  0.482200  0.482195  0.482188  0.482182  0.482176  0.482170
  0.482164  0.482157  0.482151  0.482145  0.482139  0.482132  0.482126  0.482121
  0.482115  0.482109  0.482103  0.482097  0.482092  0.482087  0.482082  0.482077
  0.482073  0.482069  0.482065  0.482061  0.482058  0.482054  0.482051  0.482049
  0.482046  0.482044  0.482041  0.482039  0.482037  0.482035  0.482034  0.482032
  0.482031  0.482030  0.482029  0.482028  0.482026  0.482025  0.482023  0.482021
  0.482019  0.482016  0.482013  0.482010  0.482006  0.482002  0.481997
  1.000000
 -0.025004 -0.022130 -0.019569 -0.017285 -0.015248 -0.013433 -0.011814 -0.010370
 -0.009084 -0.007936 -0.006913 -0.006001 -0.005188 -0.004463 -0.003816 -0.003240
 -0.002726 -0.002267 -0.001859 -0.001495 -0.001170 -0.000880 -0.000622 -0.000392
 -0.000186 -0.000003  0.000180  0.000371  0.000571  0.000782  0.001003  0.001235
  0.001480  0.001737  0.002008  0.002294  0.002595  0.002912  0.003246  0.003598
  0.003967  0.004355  0.004762  0.005189  0.005638  0.006108  0.006603  0.007123
  0.007669  0.008243  0.008847  0.009483  0.010154  0.010862  0.011616  0.012427
  0.013296  0.014222  0.015203  0.016235  0.017312  0.018418  0.019535  0.020656
  0.021777  0.022894  0.024003  0.025105  0.026206  0.027310  0.028418  0.029528
  0.030637  0.031744  0.032844  0.033929  0.034992  0.036030  0.037041  0.038023
  0.038975  0.039897  0.040790  0.041658  0.042498  0.043313  0.044100  0.044862
  0.045596  0.046305  0.046986  0.047641  0.048270  0.048872  0.049448  0.049997
  0.050546  0.051126  0.051739  0.052388  0.053074  0.053798  0.054565  0.055374
  0.056231  0.057136  0.058092  0.059104  0.060173  0.061303  0.062498
  1.000000
  0.017111  0.014541  0.012250  0.010208  0.008387  0.006763  0.005315  0.004025
  0.002874  0.001848  0.000933  0.000117 -0.000610 -0.001259 -0.001837 -0.002352
 -0.002812 -0.003222 -0.003587 -0.003913 -0.004204 -0.004462 -0.004693 -0.004899
 -0.005083 -0.005246 -0.004425 -0.004127 -0.003939 -0.003798 -0.003685 -0.003591
 -0.003514 -0.003455 -0.003418 -0.003408 -0.003426 -0.003456 -0.003488 -0.003523
 -0.003559 -0.003597 -0.003634 -0.003672 -0.003709 -0.003745 -0.003778 -0.003809
 -0.003835 -0.003855 -0.003867 -0.003871 -0.003862 -0.003841 -0.003803 -0.003744
 -0.003658 -0.003541 -0.003389 -0.003194 -0.002953 -0.002664 -0.002330 -0.001951
 -0.001527 -0.001061 -0.000550  0.000000  0.000595  0.001238  0.001930  0.002670
  0.003457  0.004287  0.005163  0.006074  0.007011  0.007966  0.008941  0.009928
  0.010918  0.011914  0.012913  0.013912  0.014910  0.015906  0.016895  0.017873
  0.018841  0.019795  0.020733  0.021653  0.022552  0.023387  0.023822  0.023244
  0.024359  0.025537  0.026783  0.028100  0.029493  0.030965  0.032520  0.034165
  0.035904  0.037742  0.039685  0.041739  0.043910  0.046206  0.048632
  1.000000
  0.000000  0.000000  0.000000  0.000000  0.000000  0.000000  0.000000  0.000000
  0.000000  0.000000  0.000000  0.000000  0.000000  0.000000  0.000000  0.000000
  0.000000  0.000000  0.000000  0.000000  0.000000  0.000000  0.000000  0.000000
  0.000000  0.000000  0.001709  0.002369  0.002916  0.003418  0.003899  0.004369
  0.004831  0.005285  0.005726  0.006149  0.006555  0.006959  0.007370  0.007787
  0.008210  0.008639  0.009072  0.009510  0.009955  0.010399  0.010846  0.011295
  0.011748  0.012196  0.012643  0.013091  0.013530  0.013968  0.014395  0.014818
  0.015234  0.015626  0.015991  0.016323  0.016610  0.016846  0.017026  0.017145
  0.017210  0.017216  0.017162  0.017063  0.016906  0.016705  0.016445  0.016138
  0.015788  0.015381  0.014932  0.014444  0.013917  0.013365  0.012792  0.012199
  0.011585  0.010961  0.010330  0.009689  0.009039  0.008389  0.007739  0.007088
  0.006440  0.005800  0.005167  0.004544  0.003932  0.003291  0.002290  0.000000
  0.000000  0.000000  0.000000  0.000000  0.000000  0.000000  0.000000  0.000000
  0.000000  0.000000  0.000000  0.000000  0.000000  0.000000  0.000000
  1.000000
  0.483170  0.483170  0.483170  0.483170  0.483170  0.483170  0.483170  0.483170
  0.483170  0.483170  0.483170  0.483170  0.483170  0.483170  0.483170  0.483170
  0.483170  0.483170  0.483170  0.483170  0.483170  0.483170  0.483170  0.483170
  0.483170  0.483170  0.483170  0.483170  0.483170  0.483170  0.483170  0.483170
  0.483170  0.483170  0.483170  0.483170  0.483170  0.483170  0.483170  0.483170
  0.483170  0.483170  0.483170  0.483170  0.483170  0.483170  0.483170  0.483170
  0.483170  0.483170  0.483170  0.483170  0.483170  0.483170  0.483170  0.483170
  0.483170  0.483170  0.483170  0.483170  0.483170  0.483170  0.483170  0.483170
  0.483170  0.483170  0.483170  0.483170  0.483170  0.483170  0.483170  0.483170
  0.483170  0.483170  0.483170  0.483170  0.483170  0.483170  0.483170  0.483170
  0.483170  0.483170  0.483170  0.483170  0.483170  0.483170  0.483170  0.483170
  0.483170  0.483170  0.483170  0.483170  0.483170  0.483170  0.483170  0.483170
  0.483170  0.483170  0.483170  0.483170  0.483170  0.483170  0.483170  0.483170
  0.483170  0.483170  0.483170  0.483170  0.483170  0.483170  0.483170
  1.000000
 -0.025072 -0.022195 -0.019630 -0.017343 -0.015303 -0.013485 -0.011864 -0.010419
 -0.009130 -0.007981 -0.006956 -0.006043 -0.005228 -0.004502 -0.003855 -0.003278
 -0.002763 -0.002304 -0.001895 -0.001530 -0.001205 -0.000915 -0.000656 -0.000426
 -0.000220 -0.000037  0.000146  0.000338  0.000539  0.000749  0.000971  0.001203
  0.001448  0.001706  0.001978  0.002264  0.002565  0.002883  0.003217  0.003569
  0.003939  0.004328  0.004735  0.005163  0.005612  0.006084  0.006579  0.007100
  0.007647  0.008221  0.008826  0.009463  0.010134  0.010844  0.011599  0.012411
  0.013281  0.014208  0.015191  0.016224  0.017303  0.018411  0.019529  0.020652
  0.021774  0.022892  0.024004  0.025107  0.026209  0.027315  0.028425  0.029536
  0.030647  0.031755  0.032857  0.033943  0.035008  0.036047  0.037060  0.038043
  0.038996  0.039919  0.040814  0.041683  0.042525  0.043340  0.044129  0.044891
  0.045627  0.046336  0.047018  0.047675  0.048304  0.048907  0.049483  0.050033
  0.050583  0.051164  0.051778  0.052428  0.053115  0.053840  0.054608  0.055419
  0.056276  0.057182  0.058140  0.059153  0.060224  0.061356  0.062552
  1.000000
  0.017104  0.014535  0.012245  0.010203  0.008383  0.006760  0.005313  0.004022
  0.002872  0.001846  0.000932  0.000116 -0.000611 -0.001259 -0.001837 -0.002352
 -0.002812 -0.003221 -0.003587 -0.003912 -0.004203 -0.004462 -0.004692 -0.004898
 -0.005082 -0.005245 -0.004422 -0.004125 -0.003936 -0.003795 -0.003682 -0.003588
 -0.003511 -0.003451 -0.003414 -0.003404 -0.003422 -0.003452 -0.003484 -0.003518
 -0.003554 -0.003592 -0.003629 -0.003667 -0.003704 -0.003739 -0.003773 -0.003803
 -0.003829 -0.003849 -0.003860 -0.003864 -0.003856 -0.003835 -0.003796 -0.003737
 -0.003652 -0.003535 -0.003383 -0.003188 -0.002948 -0.002660 -0.002326 -0.001948
 -0.001524 -0.001059 -0.000549  0.000000  0.000594  0.001236  0.001927  0.002666
  0.003452  0.004280  0.005155  0.006064  0.006999  0.007953  0.008927  0.009912
  0.010901  0.011895  0.012893  0.013890  0.014887  0.015881  0.016869  0.017846
  0.018812  0.019765  0.020702  0.021620  0.022518  0.023351  0.023785  0.023205
  0.024319  0.025496  0.026741  0.028057  0.029448  0.030919  0.032473  0.034117
  0.035854  0.037690  0.039632  0.041684  0.043854  0.046147  0.048572
  1.000000
  0.000000  0.000000  0.000000  0.000000  0.000000  0.000000  0.000000  0.000000
  0.000000  0.000000  0.000000  0.000000  0.000000  0.000000  0.000000  0.000000
  0.000000  0.000000  0.000000  0.000000  0.000000  0.000000  0.000000  0.000000
  0.000000  0.000000  0.001711  0.002371  0.002919  0.003422  0.003903  0.004373
  0.004835  0.005289  0.005731  0.006154  0.006560  0.006964  0.007375  0.007792
  0.008216  0.008645  0.009078  0.009517  0.009962  0.010406  0.010853  0.011303
  0.011757  0.012204  0.012652  0.013100  0.013540  0.013978  0.014405  0.014830
  0.015245  0.015637  0.016002  0.016334  0.016622  0.016858  0.017038  0.017158
  0.017222  0.017228  0.017175  0.017076  0.016918  0.016717  0.016457  0.016149
  0.015799  0.015391  0.014943  0.014455  0.013927  0.013374  0.012801  0.012207
  0.011593  0.010969  0.010338  0.009696  0.009045  0.008395  0.007744  0.007093
  0.006444  0.005804  0.005170  0.004547  0.003934  0.003292  0.002291  0.000001
  0.000000  0.000000  0.000000  0.000000  0.000000  0.000000  0.000000  0.000000
  0.000000  0.000000  0.000000  0.000000  0.000000  0.000000  0.000000
  1.000000
  0.484029  0.484031  0.484033  0.484036  0.484038  0.484040  0.484042  0.484044
  0.484046  0.484048  0.484050  0.484052  0.484053  0.484055  0.484056  0.484057
  0.484058  0.484059  0.484060  0.484061  0.484061  0.484062  0.484063  0.484063
  0.484064  0.484064  0.484065  0.484066  0.484066  0.484067  0.484068  0.484069
  0.484070  0.484071  0.484072  0.484073  0.484075  0.484076  0.484078  0.484079
  0.484081  0.484083  0.484084  0.484087  0.484089  0.484091  0.484093  0.484096
  0.484098  0.484101  0.484104  0.484107  0.484111  0.484114  0.484118  0.484123
  0.484127  0.484132  0.484138  0.484143  0.484149  0.484155  0.484162  0.484168
  0.484174  0.484180  0.484187  0.484193  0.484199  0.484205  0.484211  0.484217
  0.484223  0.484229  0.484235  0.484240  0.484246  0.484251  0.484256  0.484260
  0.484265  0.484269  0.484273  0.484277  0.484280  0.484284  0.484287  0.484290
  0.484292  0.484295  0.484297  0.484300  0.484302  0.484304  0.484305  0.484307
  0.484308  0.484309  0.484310  0.484312  0.484313  0.484315  0.484317  0.484319
  0.484321  0.484324  0.484327  0.484330  0.484334  0.484338  0.484343
  BLADE ROW NUMBER =        2                                           
  111   21   91   86    0    0    1    1    1    1    0    0    0    0    0    0
    3000.0 2141334.5 2141334.5 1380862.8 1380862.8   0.00000    3000.0
  1.000000
  0.052436  0.053604  0.054652  0.055591  0.056433  0.057188  0.057865  0.058472
  0.059016  0.059504  0.059941  0.060333  0.060685  0.061000  0.061283  0.061536
  0.061763  0.061967  0.062150  0.062313  0.062460  0.062607  0.062760  0.062921
  0.063090  0.063267  0.063453  0.063649  0.063856  0.064073  0.064303  0.064544
  0.064798  0.065066  0.065348  0.065644  0.065955  0.066282  0.066624  0.066984
  0.067361  0.067758  0.068175  0.068613  0.069073  0.069557  0.070067  0.070605
  0.071173  0.071778  0.072428  0.073125  0.073868  0.074654  0.075482  0.076346
  0.077233  0.078128  0.079027  0.079926  0.080822  0.081712  0.082595  0.083478
  0.084364  0.085252  0.086142  0.087032  0.087919  0.088801  0.089671  0.090524
  0.091356  0.092167  0.092954  0.093718  0.094457  0.095173  0.095869  0.096543
  0.097196  0.097828  0.098438  0.099027  0.099595  0.100142  0.100667  0.101171
  0.101654  0.102116  0.102556  0.102996  0.103472  0.103985  0.104539  0.105137
  0.105782  0.106479  0.107232  0.108044  0.108921  0.109867  0.110889  0.111992
  0.113183  0.114469  0.115857  0.117356  0.118973  0.120720  0.122605
  1.000000
 -0.017765 -0.016711 -0.015767 -0.014920 -0.014160 -0.013479 -0.012869 -0.012322
 -0.011831 -0.011391 -0.010997 -0.010643 -0.010326 -0.010042 -0.009787 -0.009558
 -0.009353 -0.009170 -0.009005 -0.008858 -0.008725 -0.007996 -0.007676 -0.007369
 -0.007066 -0.006763 -0.006458 -0.006149 -0.005837 -0.005518 -0.005196 -0.004868
 -0.004536 -0.004199 -0.003859 -0.003515 -0.003168 -0.002820 -0.002471 -0.002119
 -0.001771 -0.001426 -0.001084 -0.000745 -0.000418 -0.000098  0.000211  0.000505
  0.000780  0.001037  0.001266  0.001467  0.001623  0.001729  0.001775  0.001750
  0.001651  0.001472  0.001217  0.000883  0.000481  0.000000 -0.000542 -0.001161
 -0.001851 -0.002610 -0.003447 -0.004353 -0.005327 -0.006365 -0.007455 -0.008588
 -0.009758 -0.010955 -0.012171 -0.013401 -0.014640 -0.015890 -0.017143 -0.018397
 -0.019648 -0.020894 -0.022133 -0.023356 -0.024564 -0.025752 -0.026919 -0.028060
 -0.029173 -0.030256 -0.031623 -0.032518 -0.033482 -0.034524 -0.035649 -0.036862
 -0.038173 -0.039588 -0.041115 -0.042764 -0.044544 -0.046465 -0.048540 -0.050779
 -0.053197 -0.055807 -0.058624 -0.061666 -0.064950 -0.068495 -0.072322
  1.000000
  0.000000  0.000000  0.000000  0.000000  0.000000  0.000000  0.000000  0.000000
  0.000000  0.000000  0.000000  0.000000  0.000000  0.000000  0.000000  0.000000
  0.000000  0.000000  0.000000  0.000000  0.000000  0.001447  0.002076  0.002577
  0.003017  0.003428  0.003820  0.004200  0.004568  0.004924  0.005257  0.005565
  0.005856  0.006145  0.006434  0.006722  0.007008  0.007293  0.007576  0.007860
  0.008137  0.008411  0.008683  0.008952  0.009212  0.009468  0.009717  0.009958
  0.010189  0.010413  0.010622  0.010823  0.011002  0.011159  0.011291  0.011390
  0.011458  0.011487  0.011483  0.011443  0.011374  0.011266  0.011142  0.010980
  0.010791  0.010580  0.010335  0.010066  0.009775  0.009461  0.009128  0.008778
  0.008415  0.008045  0.007669  0.007285  0.006901  0.006512  0.006124  0.005735
  0.005347  0.004962  0.004578  0.004201  0.003830  0.003465  0.003107  0.002757
  0.002397  0.001722  0.000001  0.000000  0.000000  0.000000  0.000000  0.000000
  0.000000  0.000000  0.000000  0.000000  0.000000  0.000000  0.000000  0.000000
  0.000000  0.000000  0.000000  0.000000  0.000000  0.000000  0.000000
  1.000000
  0.482028  0.482025  0.482023  0.482021  0.482018  0.482016  0.482014  0.482012
  0.482010  0.482009  0.482007  0.482006  0.482004  0.482003  0.482002  0.482001
  0.482000  0.481999  0.481998  0.481998  0.481997  0.481996  0.481995  0.481995
  0.481994  0.481993  0.481992  0.481991  0.481990  0.481988  0.481987  0.481985
  0.481984  0.481982  0.481980  0.481979  0.481977  0.481975  0.481972  0.481970
  0.481967  0.481964  0.481961  0.481958  0.481954  0.481951  0.481947  0.481942
  0.481938  0.481933  0.481927  0.481921  0.481914  0.481907  0.481899  0.481891
  0.481883  0.481874  0.481865  0.481856  0.481847  0.481838  0.481829  0.481820
  0.481811  0.481802  0.481793  0.481784  0.481774  0.481765  0.481757  0.481748
  0.481740  0.481732  0.481724  0.481716  0.481709  0.481703  0.481696  0.481690
  0.481684  0.481678  0.481673  0.481668  0.481663  0.481659  0.481655  0.481651
  0.481647  0.481643  0.481640  0.481638  0.481636  0.481634  0.481632  0.481630
  0.481627  0.481625  0.481622  0.481619  0.481616  0.481613  0.481610  0.481607
  0.481604  0.481601  0.481598  0.481595  0.481592  0.481589  0.481587
  1.000000
  0.052505  0.053670  0.054716  0.055653  0.056493  0.057246  0.057921  0.058526
  0.059069  0.059556  0.059992  0.060383  0.060734  0.061049  0.061330  0.061583
  0.061810  0.062013  0.062195  0.062358  0.062505  0.062651  0.062804  0.062965
  0.063133  0.063310  0.063496  0.063691  0.063897  0.064114  0.064343  0.064584
  0.064837  0.065104  0.065386  0.065681  0.065991  0.066317  0.066659  0.067018
  0.067394  0.067790  0.068206  0.068643  0.069102  0.069585  0.070094  0.070631
  0.071197  0.071800  0.072449  0.073144  0.073885  0.074670  0.075495  0.076357
  0.077242  0.078135  0.079032  0.079929  0.080822  0.081710  0.082592  0.083472
  0.084356  0.085242  0.086130  0.087017  0.087903  0.088783  0.089651  0.090501
  0.091332  0.092140  0.092926  0.093688  0.094425  0.095140  0.095834  0.096506
  0.097158  0.097788  0.098397  0.098985  0.099551  0.100096  0.100621  0.101123
  0.101605  0.102066  0.102505  0.102944  0.103418  0.103930  0.104483  0.105079
  0.105723  0.106418  0.107169  0.107979  0.108854  0.109798  0.110818  0.111918
  0.113106  0.114389  0.115774  0.117268  0.118882  0.120624  0.122505
  1.000000
 -0.017544 -0.016501 -0.015566 -0.014729 -0.013977 -0.013304 -0.012700 -0.012158
 -0.011673 -0.011238 -0.010848 -0.010498 -0.010184 -0.009903 -0.009651 -0.009425
 -0.009222 -0.009041 -0.008878 -0.008732 -0.008601 -0.007874 -0.007556 -0.007250
 -0.006949 -0.006647 -0.006344 -0.006038 -0.005727 -0.005411 -0.005090 -0.004765
 -0.004435 -0.004101 -0.003763 -0.003422 -0.003078 -0.002733 -0.002385 -0.002037
 -0.001693 -0.001351 -0.001012 -0.000677 -0.000353 -0.000034  0.000269  0.000559
  0.000830  0.001084  0.001308  0.001504  0.001660  0.001758  0.001799  0.001770
  0.001666  0.001486  0.001226  0.000889  0.000483  0.000000 -0.000544 -0.001165
 -0.001855 -0.002618 -0.003456 -0.004364 -0.005338 -0.006377 -0.007467 -0.008600
 -0.009770 -0.010966 -0.012182 -0.013411 -0.014649 -0.015898 -0.017149 -0.018402
 -0.019652 -0.020897 -0.022133 -0.023355 -0.024561 -0.025748 -0.026912 -0.028052
 -0.029163 -0.030244 -0.031610 -0.032502 -0.033465 -0.034504 -0.035627 -0.036838
 -0.038146 -0.039558 -0.041082 -0.042728 -0.044504 -0.046422 -0.048492 -0.050727
 -0.053140 -0.055745 -0.058557 -0.061592 -0.064870 -0.068407 -0.072227
  1.000000
  0.000000  0.000000  0.000000  0.000000  0.000000  0.000000  0.000000  0.000000
  0.000000  0.000000  0.000000  0.000000  0.000000  0.000000  0.000000  0.000000
  0.000000  0.000000  0.000000  0.000000  0.000000  0.001445  0.002073  0.002574
  0.003014  0.003425  0.003817  0.004197  0.004565  0.004920  0.005253  0.005561
  0.005852  0.006141  0.006429  0.006717  0.007003  0.007287  0.007572  0.007854
  0.008131  0.008405  0.008677  0.008945  0.009205  0.009464  0.009709  0.009951
  0.010181  0.010406  0.010614  0.010815  0.010996  0.011151  0.011282  0.011382
  0.011449  0.011481  0.011475  0.011435  0.011364  0.011258  0.011134  0.010971
  0.010786  0.010572  0.010327  0.010059  0.009768  0.009454  0.009122  0.008771
  0.008409  0.008039  0.007663  0.007280  0.006896  0.006507  0.006119  0.005731
  0.005343  0.004958  0.004575  0.004198  0.003827  0.003462  0.003104  0.002755
  0.002395  0.001720  0.000000  0.000000  0.000000  0.000000  0.000000  0.000000
  0.000000  0.000000  0.000000  0.000000  0.000000  0.000000  0.000000  0.000000
  0.000000  0.000000  0.000000  0.000000  0.000000  0.000000  0.000000
  1.000000
  0.483170  0.483170  0.483170  0.483170  0.483170  0.483170  0.483170  0.483170
  0.483170  0.483170  0.483170  0.483170  0.483170  0.483170  0.483170  0.483170
  0.483170  0.483170  0.483170  0.483170  0.483170  0.483170  0.483170  0.483170
  0.483170  0.483170  0.483170  0.483170  0.483170  0.483170  0.483170  0.483170
  0.483170  0.483170  0.483170  0.483170  0.483170  0.483170  0.483170  0.483170
  0.483170  0.483170  0.483170  0.483170  0.483170  0.483170  0.483170  0.483170
  0.483170  0.483170  0.483170  0.483170  0.483170  0.483170  0.483170  0.483170
  0.483170  0.483170  0.483170  0.483170  0.483170  0.483170  0.483170  0.483170
  0.483170  0.483170  0.483170  0.483170  0.483170  0.483170  0.483170  0.483170
  0.483170  0.483170  0.483170  0.483170  0.483170  0.483170  0.483170  0.483170
  0.483170  0.483170  0.483170  0.483170  0.483170  0.483170  0.483170  0.483170
  0.483170  0.483170  0.483170  0.483170  0.483170  0.483170  0.483170  0.483170
  0.483170  0.483170  0.483170  0.483170  0.483170  0.483170  0.483170  0.483170
  0.483170  0.483170  0.483170  0.483170  0.483170  0.483170  0.483170
  1.000000
  0.052572  0.053735  0.054778  0.055713  0.056551  0.057302  0.057976  0.058580
  0.059121  0.059607  0.060042  0.060433  0.060782  0.061096  0.061377  0.061629
  0.061856  0.062058  0.062240  0.062403  0.062549  0.062695  0.062848  0.063008
  0.063176  0.063352  0.063537  0.063733  0.063938  0.064155  0.064383  0.064623
  0.064876  0.065142  0.065423  0.065718  0.066027  0.066352  0.066693  0.067051
  0.067427  0.067822  0.068237  0.068673  0.069131  0.069613  0.070120  0.070655
  0.071221  0.071823  0.072470  0.073163  0.073902  0.074685  0.075509  0.076369
  0.077251  0.078143  0.079037  0.079932  0.080823  0.081709  0.082588  0.083467
  0.084348  0.085232  0.086118  0.087003  0.087887  0.088765  0.089631  0.090479
  0.091307  0.092114  0.092898  0.093658  0.094393  0.095106  0.095799  0.096470
  0.097120  0.097748  0.098356  0.098942  0.099507  0.100051  0.100574  0.101076
  0.101556  0.102016  0.102454  0.102892  0.103365  0.103876  0.104427  0.105022
  0.105665  0.106358  0.107107  0.107916  0.108788  0.109730  0.110747  0.111845
  0.113031  0.114310  0.115692  0.117183  0.118793  0.120531  0.122407
  1.000000
 -0.017327 -0.016296 -0.015371 -0.014542 -0.013799 -0.013132 -0.012535 -0.011999
 -0.011519 -0.011089 -0.010703 -0.010356 -0.010046 -0.009768 -0.009519 -0.009295
 -0.009095 -0.008915 -0.008754 -0.008609 -0.008480 -0.007755 -0.007438 -0.007134
 -0.006834 -0.006535 -0.006233 -0.005929 -0.005620 -0.005305 -0.004988 -0.004665
 -0.004337 -0.004006 -0.003670 -0.003331 -0.002990 -0.002648 -0.002302 -0.001958
 -0.001617 -0.001278 -0.000942 -0.000611 -0.000290  0.000026  0.000324  0.000611
  0.000878  0.001127  0.001350  0.001540  0.001691  0.001789  0.001822  0.001790
  0.001681  0.001497  0.001233  0.000893  0.000484  0.000000 -0.000548 -0.001171
 -0.001863 -0.002628 -0.003467 -0.004376 -0.005352 -0.006390 -0.007481 -0.008614
 -0.009784 -0.010980 -0.012195 -0.013423 -0.014661 -0.015908 -0.017159 -0.018410
 -0.019659 -0.020902 -0.022136 -0.023358 -0.024562 -0.025747 -0.026910 -0.028048
 -0.029158 -0.030237 -0.031601 -0.032491 -0.033453 -0.034490 -0.035610 -0.036819
 -0.038125 -0.039534 -0.041056 -0.042698 -0.044471 -0.046385 -0.048452 -0.050682
 -0.053091 -0.055691 -0.058497 -0.061527 -0.064798 -0.068329 -0.072141
  1.000000
  0.000000  0.000000  0.000000  0.000000  0.000000  0.000000  0.000000  0.000000
  0.000000  0.000000  0.000000  0.000000  0.000000  0.000000  0.000000  0.000000
  0.000000  0.000000  0.000000  0.000000  0.000000  0.001444  0.002071  0.002572
  0.003012  0.003422  0.003814  0.004194  0.004562  0.004917  0.005250  0.005558
  0.005848  0.006137  0.006425  0.006712  0.006998  0.007283  0.007567  0.007849
  0.008126  0.008400  0.008672  0.008940  0.009199  0.009458  0.009703  0.009944
  0.010175  0.010399  0.010610  0.010807  0.010990  0.011149  0.011276  0.011376
  0.011442  0.011473  0.011467  0.011427  0.011357  0.011253  0.011126  0.010964
  0.010779  0.010566  0.010320  0.010052  0.009761  0.009448  0.009116  0.008766
  0.008404  0.008034  0.007658  0.007275  0.006891  0.006503  0.006115  0.005727
  0.005340  0.004955  0.004573  0.004195  0.003824  0.003460  0.003102  0.002753
  0.002393  0.001718  0.000000  0.000000  0.000000  0.000000  0.000000  0.000000
  0.000000  0.000000  0.000000  0.000000  0.000000  0.000000  0.000000  0.000000
  0.000000  0.000000  0.000000  0.000000  0.000000  0.000000  0.000000
  1.000000
  0.484312  0.484314  0.484317  0.484319  0.484322  0.484324  0.484326  0.484328
  0.484330  0.484332  0.484333  0.484335  0.484336  0.484337  0.484338  0.484339
  0.484340  0.484341  0.484342  0.484342  0.484343  0.484344  0.484345  0.484345
  0.484346  0.484347  0.484348  0.484349  0.484351  0.484352  0.484353  0.484354
  0.484356  0.484358  0.484359  0.484361  0.484363  0.484366  0.484368  0.484370
  0.484373  0.484376  0.484379  0.484382  0.484386  0.484389  0.484393  0.484398
  0.484402  0.484407  0.484413  0.484419  0.484426  0.484433  0.484440  0.484448
  0.484457  0.484466  0.484474  0.484483  0.484492  0.484501  0.484510  0.484519
  0.484529  0.484538  0.484547  0.484556  0.484565  0.484574  0.484583  0.484591
  0.484600  0.484608  0.484615  0.484623  0.484630  0.484637  0.484643  0.484649
  0.484655  0.484661  0.484666  0.484671  0.484676  0.484680  0.484685  0.484689
  0.484692  0.484696  0.484699  0.484701  0.484703  0.484705  0.484707  0.484709
  0.484712  0.484714  0.484717  0.484720  0.484723  0.484725  0.484728  0.484732
  0.484735  0.484738  0.484741  0.484744  0.484747  0.484749  0.484752
    -10.00   1.00000   0.40000   0.00500   0.00500   2.00000
 10.000000  0.000000  0.400000  0.200000  0.100000  0.000000  0.000150  0.500000
 3194410.0 3194410.0 1380862.8 1380862.8
 3786000.0 3786000.0 3786000.0 3786000.0 3786000.0 3785999.8 3786000.0 3786000.2
 3785999.8 3786000.0 3786000.2 3786000.0 3786000.2 3786000.0 3786000.0 3786000.0
 3786000.0 3786000.0 3786000.0 3786000.0 3786000.0 3786000.0 3786000.0 3786000.0
 3786000.0 3786000.0 3786000.0 3786000.0 3786000.0 3786000.0 3786000.0 3786000.0
 3786000.0 3786000.0 3786000.0 3786000.0 3786000.0
     332.8     332.8     332.8     332.8     332.8     332.8     332.8     332.8
     332.8     332.8     332.8     332.8     332.8     332.8     332.8     332.8
     332.8     332.8     332.8     332.8     332.8     332.8     332.8     332.8
     332.8     332.8     332.8     332.8     332.8     332.8     332.8     332.8
     332.8     332.8     332.8     332.8     332.8
  0.000000  0.000000  0.000000  0.000000  0.000000  0.000000  0.000000  0.000000
  0.000000  0.000000  0.000000  0.000000  0.000000  0.000000  0.000000  0.000000
  0.000000  0.000000  0.000000  0.000000  0.000000  0.000000  0.000000  0.000000
  0.000000  0.000000  0.000000  0.000000  0.000000  0.000000  0.000000  0.000000
  0.000000  0.000000  0.000000  0.000000  0.000000
136.612930136.612946136.612930136.612930136.612930136.612930136.612930136.612930
136.612930136.612930136.612930136.612930136.612930136.612946136.612930136.612930
136.612930136.612930136.612930136.612930136.612930136.612930136.612930136.612930
136.612930136.612930136.612930136.612930136.612930136.612930136.612930136.612930
136.612930136.612930136.612930136.612930136.612930
-39.805607-39.805607-39.805611-39.805607-39.805607-39.805607-39.805607-39.805607
-39.805603-39.805607-39.805607-39.805607-39.805607-39.805607-39.805607-39.805607
-39.805611-39.805607-39.805607-39.805607-39.805607-39.805607-39.805607-39.805607
-39.805607-39.805607-39.805607-39.805607-39.805603-39.805607-39.805607-39.805607
-39.805607-39.805607-39.805607-39.805607-39.805607
 -0.009147 -0.009092 -0.009024 -0.008939 -0.008832 -0.008699 -0.008532 -0.008324
 -0.008063 -0.007738 -0.007331 -0.006822 -0.006186 -0.005392 -0.004398 -0.003306
 -0.002213 -0.001121 -0.000029  0.001064  0.002156  0.003248  0.004341  0.005334
  0.006129  0.006765  0.007273  0.007680  0.008006  0.008266  0.008475  0.008641
  0.008775  0.008881  0.008967  0.009035  0.009090
  1.000000  1.250000  1.562500  1.953125  2.441406  3.051758  3.814697  4.768372
  5.960464  7.450581  9.313226 11.641532 14.551915 18.189894 20.000000 20.000000
 20.000000 20.000000 20.000000 20.000000 20.000000 20.000000 18.189894 14.551915
 11.641532  9.313226  7.450581  5.960464  4.768372  3.814697  3.051758  2.441406
  1.953125  1.562500  1.250000  1.000000
  1.000000  1.250000  1.562500  1.953125  2.441406  3.051758  3.814697  4.768372
  5.960464  7.450581  9.313226 11.641532 14.551915 18.189894 20.000000 20.000000
 20.000000 20.000000 20.000000 20.000000 20.000000 20.000000 18.189894 14.551915
 11.641532  9.313226  7.450581  5.960464  4.768372  3.814697  3.051758  2.441406
  1.953125  1.562500  1.250000  1.000000
1000010000100001000010000
 0 0 0 0 0 0 0 0 0 0 0 0 0 0 0 0 0 0 0 0
 0 0 0 0 0 0 0 0 0 0 0 0 0 0 0 0 0 0 0 0 0 0 0 0 0 0 0 0 0 0 0 0 0 0 0 0 0
       0.0     0.500     0.000     0.800    3000.0     1.000     0.000
  0.025000  0.800000  1.000000  0.800000
  0.020000  0.030000  0.040000  0.050000  1.000000  0.500000
  0.020000  0.030000  0.040000  0.050000  1.000000  0.500000
   2.00000 1000
   1   1
  7.500000 25.000000
