  BLADE PROFILES IN CARTESIAN COORDINATES (2D) BEFORE   PROJECTION, SCALING, MESHING AND STACKING 
  VARIABLES = "X", "YSS", "YPS" 
  BLADE           1  SECTION           1
    0.000000   -0.021637   -0.021637
    0.000062   -0.020674   -0.025279
    0.000249   -0.018045   -0.027348
    0.000561   -0.015773   -0.029661
    0.000997   -0.013387   -0.032027
    0.001557   -0.010924   -0.033933
    0.002241   -0.008441   -0.036036
    0.003050   -0.006054   -0.038262
    0.003982   -0.003665   -0.040679
    0.005038   -0.001286   -0.043350
    0.006218    0.001059   -0.046264
    0.007520    0.003352   -0.049420
    0.008945    0.005577   -0.052806
    0.010493    0.007708   -0.056415
    0.012162    0.009735   -0.060269
    0.013954    0.011674   -0.064319
    0.015866    0.013565   -0.068567
    0.017899    0.015331   -0.073013
    0.020052    0.016951   -0.077647
    0.022325    0.018541   -0.082462
    0.024716    0.020057   -0.087449
    0.027226    0.021506   -0.092601
    0.029854    0.022884   -0.097909
    0.032600    0.024187   -0.103364
    0.035461    0.025437   -0.108958
    0.038439    0.026629   -0.114681
    0.041531    0.027764   -0.120524
    0.044738    0.028836   -0.126477
    0.048058    0.029837   -0.132532
    0.051491    0.030754   -0.138679
    0.055036    0.031574   -0.144907
    0.058691    0.032265   -0.151208
    0.062456    0.032815   -0.157570
    0.066331    0.033201   -0.163984
    0.070314    0.033407   -0.170440
    0.074403    0.033447   -0.176928
    0.078599    0.033368   -0.183438
    0.082900    0.033284   -0.189960
    0.087305    0.033219   -0.196485
    0.091812    0.033177   -0.203013
    0.096421    0.033162   -0.209583
    0.101131    0.033178   -0.216030
    0.105941    0.033229   -0.222437
    0.110848    0.033319   -0.228798
    0.115853    0.033453   -0.235108
    0.120953    0.033635   -0.241363
    0.126148    0.033869   -0.247546
    0.131435    0.034160   -0.253603
    0.136815    0.034511   -0.259581
    0.142285    0.034929   -0.265501
    0.147845    0.035416   -0.271169
    0.153492    0.035977   -0.276768
    0.159225    0.036616   -0.282295
    0.165044    0.037337   -0.287504
    0.170946    0.038144   -0.292638
    0.176930    0.039084   -0.297632
    0.182994    0.040087   -0.302338
    0.189138    0.041185   -0.306947
    0.195358    0.042380   -0.311258
    0.201655    0.043740   -0.315469
    0.208026    0.045153   -0.319407
    0.214470    0.046736   -0.323113
    0.220986    0.048429   -0.326631
    0.227570    0.050288   -0.329800
    0.234223    0.052191   -0.332855
    0.240941    0.054328   -0.335456
    0.247725    0.056537   -0.338007
    0.254571    0.058925   -0.339936
    0.261478    0.061460   -0.341836
    0.268445    0.064166   -0.343255
    0.275470    0.067001   -0.344610
    0.282550    0.070024   -0.345430
    0.289685    0.073225   -0.346137
    0.296872    0.076537   -0.346335
    0.304110    0.080098   -0.346365
    0.311396    0.083779   -0.345924
    0.318730    0.087637   -0.345247
    0.326109    0.091678   -0.344155
    0.333531    0.095904   -0.342742
    0.340994    0.100322   -0.340997
    0.348497    0.104932   -0.338821
    0.356038    0.109738   -0.336422
    0.363615    0.114741   -0.333370
    0.371226    0.119944   -0.330141
    0.378869    0.125346   -0.326472
    0.386542    0.130949   -0.322501
    0.394243    0.136752   -0.318209
    0.401971    0.142757   -0.313298
    0.409723    0.148962   -0.308143
    0.417498    0.155366   -0.302674
    0.425293    0.161965   -0.296641
    0.433107    0.168708   -0.290326
    0.440937    0.175742   -0.283757
    0.448783    0.182984   -0.276536
    0.456641    0.190425   -0.268976
    0.464509    0.198064   -0.261063
    0.472387    0.205887   -0.252808
    0.480272    0.213846   -0.244285
    0.488161    0.222115   -0.235199
    0.496053    0.230581   -0.225741
    0.503947    0.239239   -0.215917
    0.511839    0.248086   -0.205726
    0.519729    0.257110   -0.195169
    0.527613    0.266270   -0.184249
    0.535491    0.275716   -0.172967
    0.543360    0.285350   -0.161329
    0.551217    0.295162   -0.149338
    0.559063    0.305126   -0.137001
    0.566893    0.315208   -0.124324
    0.574707    0.325572   -0.111312
    0.582502    0.336115   -0.097973
    0.590277    0.346820   -0.084313
    0.598029    0.357682   -0.070340
    0.605757    0.368680   -0.056027
    0.613458    0.379768   -0.041252
    0.621131    0.391120   -0.026350
    0.628774    0.402620   -0.011165
    0.636385    0.414256    0.004293
    0.643962    0.426023    0.020017
    0.651503    0.437897    0.035997
    0.659006    0.449839    0.052288
    0.666469    0.461997    0.068930
    0.673891    0.474280    0.085660
    0.681270    0.486667    0.102608
    0.688604    0.499153    0.119764
    0.695890    0.511731    0.137126
    0.703128    0.524383    0.154855
    0.710315    0.537055    0.172607
    0.717450    0.549909    0.190524
    0.724530    0.562830    0.208596
    0.731555    0.575811    0.226809
    0.738522    0.588845    0.245163
    0.745429    0.601926    0.263691
    0.752275    0.615033    0.282404
    0.759059    0.628123    0.301102
    0.765777    0.641319    0.319883
    0.772430    0.654542    0.338735
    0.779015    0.667774    0.357646
    0.785530    0.681009    0.376648
    0.791974    0.694238    0.395768
    0.798345    0.707455    0.414802
    0.804642    0.720638    0.433845
    0.810863    0.733753    0.452881
    0.817006    0.746891    0.471899
    0.823070    0.759998    0.490886
    0.829054    0.773051    0.509849
    0.834956    0.786044    0.528780
    0.840775    0.798968    0.547686
    0.846508    0.811815    0.566432
    0.852155    0.824578    0.585081
    0.857715    0.837235    0.603620
    0.863185    0.849767    0.622034
    0.868565    0.862231    0.640313
    0.873852    0.874578    0.658455
    0.879047    0.886810    0.676435
    0.884147    0.898909    0.694262
    0.889152    0.910866    0.711925
    0.894059    0.922675    0.729336
    0.898869    0.934328    0.746533
    0.903579    0.945817    0.763503
    0.908188    0.957134    0.780234
    0.912695    0.968273    0.796716
    0.917100    0.979212    0.812934
    0.921401    0.989951    0.828883
    0.925597    1.000510    0.844548
    0.929686    1.010860    0.859913
    0.933669    1.020994    0.874968
    0.937544    1.030907    0.889703
    0.941309    1.040591    0.904123
    0.944965    1.050039    0.918203
    0.948509    1.059245    0.931907
    0.951942    1.068202    0.945248
    0.955262    1.076904    0.958216
    0.958469    1.085345    0.970802
    0.961561    1.093520    0.982996
    0.964539    1.101421    0.994788
    0.967400    1.109044    1.006169
    0.970146    1.116391    1.017132
    0.972774    1.123445    1.027668
    0.975284    1.130193    1.037769
    0.977675    1.136302    1.047428
    0.979948    1.141426    1.056636
    0.982101    1.145797    1.065387
    0.984134    1.149553    1.073666
    0.986046    1.152772    1.081482
    0.987838    1.155509    1.088824
    0.989507    1.157794    1.095684
    0.991055    1.159645    1.102057
    0.992480    1.161077    1.107937
    0.993782    1.162094    1.113319
    0.994962    1.162701    1.118202
    0.996018    1.162980    1.122583
    0.996950    1.162783    1.126585
    0.997759    1.162106    1.130319
    0.998443    1.161115    1.133994
    0.999003    1.159742    1.137758
    0.999439    1.158001    1.141386
    0.999751    1.155922    1.144866
    0.999938    1.153561    1.148289
    1.000000    1.150481    1.150481
  BLADE PROFILES IN CARTESIAN COORDINATES (3D) 
  VARIABLES = "X", "YSS", "YPS" "R" 
  BLADE           1  SECTION           1
  -10.596903    6.775317    6.775317  177.617020
   -9.340686    5.341833    5.341833  177.585373
   -8.220856    4.063809    4.063809  177.551804
   -7.222636    2.924434    2.924434  177.517273
   -6.332835    1.908700    1.908700  177.482727
   -5.539675    1.003209    1.003209  177.448730
   -4.832666    0.196008    0.196008  177.415848
   -4.202445   -0.523567   -0.523567  177.384338
   -3.640666   -1.165026   -1.165026  177.354507
   -3.139888   -1.736851   -1.736851  177.326523
   -2.693483   -2.246604   -2.246604  177.300415
   -2.295542   -2.701025   -2.701025  177.276199
   -1.940799   -3.106123   -3.106123  177.253815
   -1.624561   -3.467257   -3.467257  177.233307
   -1.342641   -3.789199   -3.789199  177.214493
   -1.091315   -4.076207   -4.076207  177.197342
   -0.867260   -4.332073   -4.332073  177.181732
   -0.667514   -4.560178   -4.560178  177.167572
   -0.489437   -4.763537   -4.763537  177.154739
   -0.330678   -4.944837   -4.944837  177.143097
   -0.189139   -5.106470   -5.106470  177.132599
   -0.062951   -5.250572   -5.250572  177.123169
    0.049550   -5.379045   -5.379045  177.114685
    0.149851   -5.493584   -5.493584  177.107040
    0.239273   -5.595702   -5.595702  177.100159
    0.319000   -5.686747   -5.686747  177.093994
    0.398142   -5.318458   -6.092247  177.083023
    0.480883   -5.148703   -6.299214  177.071487
    0.567556   -5.024682   -6.504276  177.059296
    0.658489   -4.926927   -6.710908  177.046432
    0.754014   -4.848063   -6.920135  177.032852
    0.854464   -4.780199   -7.133158  177.018372
    0.960169   -4.720822   -7.350500  177.003082
    1.071458   -4.668487   -7.572464  176.986862
    1.188661   -4.621281   -7.799199  176.969635
    1.312111   -4.578978   -8.030709  176.951355
    1.442135   -4.542232   -8.266868  176.931885
    1.579062   -4.512697   -8.507434  176.911255
    1.723224   -4.492760   -8.752048  176.889282
    1.874949   -4.484444   -9.000240  176.865982
    2.034488   -4.485783   -9.251334  176.841217
    2.201882   -4.487986   -9.504287  176.815033
    2.377513   -4.488545   -9.759914  176.787247
    2.561817   -4.486939  -10.014047  176.757812
    2.755275   -4.482551  -10.267449  176.726608
    2.958419   -4.474689  -10.520352  176.693466
    3.171825   -4.462568  -10.770341  176.658325
    3.396003   -4.445307  -11.017913  176.621002
    3.631378   -4.421943  -11.256678  176.581467
    3.878729   -4.391398  -11.488967  176.539474
    4.138938   -4.351512  -11.712747  176.494858
    4.412981   -4.302319  -11.923018  176.447357
    4.701924   -4.240575  -12.119553  176.396790
    5.006941   -4.165068  -12.298932  176.342819
    5.331714   -4.072014  -12.458552  176.284912
    5.680923   -3.957268  -12.593369  176.221970
    6.054942   -3.816768  -12.690325  176.153915
    6.453475   -3.647089  -12.751439  176.080795
    6.875575   -3.444085  -12.765433  176.002762
    7.319588   -3.205946  -12.720502  175.920029
    7.783247   -2.928041  -12.611975  175.833145
    8.259023   -2.610976  -12.432988  175.743530
    8.739332   -2.257938  -12.187858  175.652740
    9.221604   -1.870325  -11.871016  175.561462
    9.703742   -1.451291  -11.488054  175.470093
   10.184130   -0.997188  -11.037559  175.379227
   10.661633   -0.515165  -10.528782  175.289062
   11.135597    0.000000   -9.954402  175.200027
   11.609236    0.545954   -9.318160  175.111542
   12.084709    1.129447   -8.616385  175.023300
   12.561634    1.746423   -7.849154  174.935654
   13.039419    2.402745   -7.017509  174.848740
   13.517200    3.090442   -6.118554  174.762894
   13.993895    3.814576   -5.162007  174.678421
   14.468174    4.566972   -4.148674  174.595718
   14.935814    5.344893   -3.085185  174.515594
   15.394211    6.139909   -1.986662  174.438553
   15.842097    6.946469   -0.857686  174.364853
   16.278471    7.764208    0.292777  174.294510
   16.702557    8.584817    1.463863  174.227844
   17.113815    9.410001    2.642268  174.164764
   17.511963   10.233459    3.830067  174.105240
   17.898436   11.054649    5.020447  174.049057
   18.273605   11.876286    6.214896  173.996094
   18.637487   12.693860    7.410752  173.946152
   18.990055   13.504353    8.600815  173.899323
   19.331291   14.308781    9.784804  173.855331
   19.661200   15.103875   10.959645  173.814301
   19.979755   15.887671   12.119764  173.775970
   20.286959   16.657841   13.264036  173.740265
   20.582796   17.414228   14.389653  173.707169
   20.867250   18.154478   15.493787  173.676514
   21.140306   18.876984   16.572906  173.648163
   21.401957   19.573614   17.625229  173.622009
   21.652197   20.035589   18.648174  173.597977
   21.890993   19.887438   19.887035  173.576004
   22.130426   20.718233   20.718033  173.559769
   22.383545   21.596613   21.596613  173.542740
   22.651133   22.525070   22.525070  173.524750
   22.934010   23.506460   23.506460  173.505890
   23.233055   24.543795   24.543795  173.485947
   23.549189   25.640242   25.640242  173.464920
   23.883381   26.799177   26.799177  173.442764
   24.236660   28.024126   28.024126  173.419281
   24.610121   29.318850   29.318850  173.394394
   25.004869   30.687239   30.687239  173.367691
   25.422144   32.133514   32.133514  173.339233
   25.863230   33.662079   33.662079  173.308914
   26.329489   35.277603   35.277603  173.276581
   26.822344   36.984993   36.984993  173.242004
   27.343302   38.789406   38.789406  173.205063
  BLADE PROFILES IN CARTESIAN COORDINATES (2D) BEFORE   PROJECTION, SCALING, MESHING AND STACKING 
  VARIABLES = "X", "YSS", "YPS" 
  BLADE           1  SECTION           2
    0.000000   -0.021432   -0.021432
    0.000062   -0.019685   -0.023084
    0.000249   -0.016907   -0.025822
    0.000561   -0.014335   -0.028313
    0.000997   -0.011794   -0.030377
    0.001557   -0.009416   -0.032405
    0.002241   -0.006980   -0.034486
    0.003050   -0.004540   -0.036547
    0.003982   -0.002123   -0.038843
    0.005038    0.000251   -0.041355
    0.006218    0.002564   -0.044098
    0.007520    0.004797   -0.047084
    0.008945    0.006922   -0.050280
    0.010493    0.008957   -0.053685
    0.012162    0.010896   -0.057299
    0.013954    0.012774   -0.061114
    0.015866    0.014526   -0.065121
    0.017899    0.016139   -0.069315
    0.020052    0.017712   -0.073687
    0.022325    0.019208   -0.078231
    0.024716    0.020636   -0.082937
    0.027226    0.022003   -0.087799
    0.029854    0.023307   -0.092809
    0.032600    0.024540   -0.097958
    0.035461    0.025718   -0.103239
    0.038439    0.026836   -0.108643
    0.041531    0.027886   -0.114161
    0.044738    0.028860   -0.119784
    0.048058    0.029747   -0.125505
    0.051491    0.030525   -0.131314
    0.055036    0.031173   -0.137202
    0.058691    0.031666   -0.143160
    0.062456    0.031981   -0.149179
    0.066331    0.032108   -0.155249
    0.070314    0.032080   -0.161362
    0.074403    0.031984   -0.167511
    0.078599    0.031887   -0.173738
    0.082900    0.031803   -0.179913
    0.087305    0.031734   -0.186088
    0.091812    0.031685   -0.192256
    0.096421    0.031659   -0.198409
    0.101131    0.031659   -0.204539
    0.105941    0.031689   -0.210638
    0.110848    0.031754   -0.216704
    0.115853    0.031857   -0.222751
    0.120953    0.032001   -0.228671
    0.126148    0.032213   -0.234513
    0.131435    0.032457   -0.240304
    0.136815    0.032754   -0.246056
    0.142285    0.033110   -0.251589
    0.147845    0.033527   -0.257026
    0.153492    0.034010   -0.262384
    0.159225    0.034562   -0.267615
    0.165044    0.035186   -0.272656
    0.170946    0.035885   -0.277588
    0.176930    0.036711   -0.282358
    0.182994    0.037585   -0.286913
    0.189138    0.038542   -0.291346
    0.195358    0.039640   -0.295530
    0.201655    0.040788   -0.299591
    0.208026    0.042083   -0.303458
    0.214470    0.043479   -0.306982
    0.220986    0.044979   -0.310399
    0.227570    0.046582   -0.313482
    0.234223    0.048336   -0.316453
    0.240941    0.050183   -0.319114
    0.247725    0.052164   -0.321535
    0.254571    0.054289   -0.323739
    0.261478    0.056570   -0.325582
    0.268445    0.058936   -0.327300
    0.275470    0.061479   -0.328463
    0.282550    0.064212   -0.329540
    0.289685    0.067051   -0.330199
    0.296872    0.070058   -0.330709
    0.304110    0.073165   -0.330816
    0.311396    0.076513   -0.330663
    0.318730    0.079956   -0.330203
    0.326109    0.083568   -0.329363
    0.333531    0.087431   -0.328326
    0.340994    0.091393   -0.326692
    0.348497    0.095528   -0.324907
    0.356038    0.099838   -0.322715
    0.363615    0.104326   -0.320261
    0.371226    0.108995   -0.317492
    0.378869    0.113846   -0.314194
    0.386542    0.118882   -0.310671
    0.394243    0.124102   -0.306782
    0.401971    0.129508   -0.302490
    0.409723    0.135100   -0.297901
    0.417498    0.140878   -0.292941
    0.425293    0.146842   -0.287582
    0.433107    0.152991   -0.281908
    0.440937    0.159326   -0.275936
    0.448783    0.165829   -0.269461
    0.456641    0.172458   -0.262646
    0.464509    0.179359   -0.255531
    0.472387    0.186456   -0.248166
    0.480272    0.193736   -0.240255
    0.488161    0.201195   -0.232006
    0.496053    0.208833   -0.223418
    0.503947    0.216629   -0.214490
    0.511839    0.224547   -0.205221
    0.519729    0.232733   -0.195610
    0.527613    0.241107   -0.185680
    0.535491    0.249650   -0.175543
    0.543360    0.258359   -0.164920
    0.551217    0.267233   -0.153967
    0.559063    0.276258   -0.142690
    0.566893    0.285385   -0.131076
    0.574707    0.294772   -0.119015
    0.582502    0.304316   -0.106798
    0.590277    0.314009   -0.094282
    0.598029    0.323847   -0.081471
    0.605757    0.333812   -0.068374
    0.613458    0.343857   -0.054997
    0.621131    0.354147   -0.041349
    0.628774    0.364569   -0.027436
    0.636385    0.375117   -0.013267
    0.643962    0.385787    0.001178
    0.651503    0.396552    0.016012
    0.659006    0.407385    0.030931
    0.666469    0.418405    0.046073
    0.673891    0.429547    0.061428
    0.681270    0.440786    0.076987
    0.688604    0.452115    0.092741
    0.695890    0.463531    0.108725
    0.703128    0.475009    0.124998
    0.710315    0.486517    0.141308
    0.717450    0.498171    0.157774
    0.724530    0.509902    0.174384
    0.731555    0.521688    0.191129
    0.738522    0.533524    0.208020
    0.745429    0.545404    0.225151
    0.752275    0.557301    0.242261
    0.759059    0.569197    0.259461
    0.765777    0.581170    0.276739
    0.772430    0.593180    0.294085
    0.779015    0.605202    0.311488
    0.785530    0.617226    0.328970
    0.791974    0.629247    0.346572
    0.798345    0.641257    0.364094
    0.804642    0.653231    0.381624
    0.810863    0.665157    0.399151
    0.817006    0.677093    0.416663
    0.823070    0.688995    0.434147
    0.829054    0.700861    0.451605
    0.834956    0.712672    0.469036
    0.840775    0.724421    0.486455
    0.846508    0.736101    0.503724
    0.852155    0.747705    0.520904
    0.857715    0.759225    0.537983
    0.863185    0.770641    0.554950
    0.868565    0.781941    0.571792
    0.873852    0.793168    0.588502
    0.879047    0.804283    0.605072
    0.884147    0.815283    0.621497
    0.889152    0.826159    0.637781
    0.894059    0.836900    0.653828
    0.898869    0.847498    0.669678
    0.903579    0.857948    0.685321
    0.908188    0.868242    0.700745
    0.912695    0.878374    0.715938
    0.917100    0.888336    0.730889
    0.921401    0.898123    0.745589
    0.925597    0.907715    0.760031
    0.929686    0.917115    0.774199
    0.933669    0.926335    0.788081
    0.937544    0.935354    0.801667
    0.941309    0.944164    0.814947
    0.944965    0.952760    0.827928
    0.948509    0.961136    0.840585
    0.951942    0.969286    0.852888
    0.955262    0.977204    0.864848
    0.958469    0.984885    0.876455
    0.961561    0.992323    0.887701
    0.964539    0.999512    0.898576
    0.967400    1.006457    0.909074
    0.970146    1.013138    0.919185
    0.972774    1.019553    0.928904
    0.975284    1.025669    0.938221
    0.977675    1.031128    0.947129
    0.979948    1.035698    0.955623
    0.982101    1.039581    0.963686
    0.984134    1.042903    0.971330
    0.986046    1.045744    0.978542
    0.987838    1.048142    0.985315
    0.989507    1.050129    0.991643
    0.991055    1.051719    0.997522
    0.992480    1.052925    1.002946
    0.993782    1.053755    1.007911
    0.994962    1.054209    1.012416
    0.996018    1.054388    1.016457
    0.996950    1.054109    1.020141
    0.997759    1.053360    1.023541
    0.998443    1.052353    1.026961
    0.999003    1.050993    1.030421
    0.999439    1.049293    1.033765
    0.999751    1.047264    1.036976
    0.999938    1.044865    1.040108
    1.000000    1.042518    1.042518
  BLADE PROFILES IN CARTESIAN COORDINATES (3D) 
  VARIABLES = "X", "YSS", "YPS" "R" 
  BLADE           1  SECTION           2
  -11.382267    6.784842    6.784842  188.971237
  -10.089145    5.398077    5.398077  188.969391
   -8.936193    4.161639    4.161639  188.967590
   -7.908218    3.059235    3.059235  188.965820
   -6.991673    2.076337    2.076337  188.964249
   -6.174475    1.199987    1.199987  188.962799
   -5.445861    0.418636    0.418636  188.961502
   -4.796226   -0.278014   -0.278014  188.960312
   -4.217009   -0.899145   -0.899145  188.959244
   -3.700577   -1.452946   -1.452946  188.958313
   -3.240124   -1.946714   -1.946714  188.957474
   -2.829583   -2.386957   -2.386957  188.956711
   -2.463544   -2.779479   -2.779479  188.956070
   -2.137181   -3.129451   -3.129451  188.955505
   -1.846196   -3.441487   -3.441487  188.954987
   -1.586752   -3.719698   -3.719698  188.954544
   -1.355431   -3.967752   -3.967752  188.954147
   -1.149184   -4.188917   -4.188917  188.953781
   -0.965295   -4.386109   -4.386109  188.953491
   -0.801337   -4.561926   -4.561926  188.953186
   -0.655152   -4.718684   -4.718684  188.952972
   -0.524813   -4.858450   -4.858450  188.952744
   -0.408603   -4.983065   -4.983065  188.952560
   -0.304990   -5.094172   -5.094172  188.952393
   -0.212607   -5.193238   -5.193238  188.952209
   -0.130239   -5.281563   -5.281563  188.952087
   -0.047871   -4.900644   -5.691479  188.951981
    0.038252   -4.728239   -5.892884  188.952057
    0.128475   -4.606611   -6.092181  188.952103
    0.223144   -4.511257   -6.292879  188.952209
    0.322607   -4.435309   -6.496488  188.952225
    0.427206   -4.369911   -6.703829  188.952332
    0.537290   -4.312566   -6.915421  188.952408
    0.653204   -4.262035   -7.131575  188.952499
    0.775295   -4.217037   -7.352449  188.952576
    0.903908   -4.177904   -7.578063  188.952682
    1.039390   -4.145873   -7.808324  188.952820
    1.182087   -4.123358   -8.043026  188.952972
    1.332342   -4.113015   -8.281852  188.953079
    1.490505   -4.113893   -8.524351  188.953186
    1.656841   -4.117823   -8.771400  188.953400
    1.831391   -4.120847   -9.018497  188.953598
    2.014562   -4.122505   -9.266899  188.953781
    2.206812   -4.122290   -9.516030  188.954010
    2.408646   -4.119646   -9.765844  188.954208
    2.620617   -4.113827  -10.013981  188.954468
    2.843338   -4.103848  -10.259980  188.954773
    3.077344   -4.089574  -10.502398  188.955063
    3.323081   -4.069798  -10.738966  188.955414
    3.581374   -4.043549  -10.968796  188.955795
    3.853139   -4.008698  -11.190642  188.956177
    4.139409   -3.965490  -11.400756  188.956589
    4.441300   -3.910636  -11.598043  188.957031
    4.760037   -3.842214  -11.777619  188.957535
    5.099484   -3.758474  -11.938750  188.958115
    5.464530   -3.655217  -12.077765  188.958710
    5.855586   -3.527921  -12.188050  188.959442
    6.272341   -3.372854  -12.255903  188.960083
    6.713788   -3.188531  -12.279876  188.960922
    7.178244   -2.969721  -12.251073  188.961807
    7.663280   -2.712844  -12.159266  188.962692
    8.161054   -2.421335  -12.004001  188.963593
    8.663589   -2.095934  -11.779600  188.964569
    9.168190   -1.737449  -11.490475  188.965561
    9.672647   -1.347242  -11.137340  188.966568
   10.175253   -0.928979  -10.719834  188.967514
   10.674800   -0.478229  -10.245052  188.968460
   11.170601    0.000000   -9.708045  188.969452
   11.665996    0.508139   -9.111736  188.970261
   12.163218    1.052604   -8.455956  188.971191
   12.661870    1.628362   -7.731998  188.972092
   13.161285    2.241208   -6.943999  188.972946
   13.660581    2.883922   -6.098243  188.973785
   14.158600    3.561276   -5.194612  188.974533
   14.653934    4.265604   -4.231331  188.975327
   15.142159    4.994132   -3.227644  188.975983
   15.620547    5.739268   -2.185761  188.976608
   16.087790    6.495424   -1.115195  188.977219
   16.542822    7.262751   -0.022150  188.977722
   16.984865    8.033002    1.088819  188.978119
   17.413343    8.807586    2.208292  188.978577
   17.827972    9.581132    3.337101  188.978912
   18.230270   10.352671    4.468777  188.979187
   18.620617   11.124634    5.604437  188.979385
   18.999041   11.893191    6.742037  188.979568
   19.365515   12.655591    7.874290  188.979752
   19.720062   13.411482    9.000772  188.979813
   20.062670   14.159254   10.118986  188.979797
   20.393332   14.896468   11.223275  188.979889
   20.712063   15.621257   12.312508  188.979828
   21.018860   16.332489   13.383975  188.979782
   21.313711   17.028849   14.435496  188.979660
   21.596626   17.708605   15.463027  188.979553
   21.867607   18.361280   16.465103  188.979385
   22.126652   18.784578   17.439224  188.979202
   22.373755   18.625921   18.625547  188.979050
   22.620865   19.412506   19.412319  188.978516
   22.882086   20.244217   20.244217  188.977875
   23.158215   21.123426   21.123426  188.977264
   23.450129   22.052862   22.052862  188.976669
   23.758701   23.035376   23.035376  188.976151
   24.084904   24.074020   24.074020  188.975693
   24.429735   25.171989   25.171989  188.975342
   24.794270   26.332699   26.332699  188.975098
   25.179605   27.559706   27.559706  188.975021
   25.586960   28.856842   28.856842  188.975220
   26.017580   30.228090   30.228090  188.975632
   26.472795   31.677692   31.677692  188.976318
   26.953999   33.210133   33.210133  188.977264
   27.462694   34.830143   34.830143  188.978516
   28.000441   36.542698   36.542698  188.980057
  BLADE PROFILES IN CARTESIAN COORDINATES (2D) BEFORE   PROJECTION, SCALING, MESHING AND STACKING 
  VARIABLES = "X", "YSS", "YPS" 
  BLADE           1  SECTION           3
    0.000000   -0.021284   -0.021284
    0.000062   -0.017749   -0.022321
    0.000249   -0.015366   -0.024921
    0.000561   -0.012993   -0.027271
    0.000997   -0.010519   -0.029213
    0.001557   -0.008029   -0.031259
    0.002241   -0.005550   -0.033185
    0.003050   -0.003103   -0.035211
    0.003982   -0.000727   -0.037400
    0.005038    0.001580   -0.039794
    0.006218    0.003822   -0.042391
    0.007520    0.005979   -0.045206
    0.008945    0.008040   -0.048234
    0.010493    0.009997   -0.051467
    0.012162    0.011906   -0.054897
    0.013954    0.013667   -0.058518
    0.015866    0.015281   -0.062323
    0.017899    0.016866   -0.066303
    0.020052    0.018370   -0.070482
    0.022325    0.019803   -0.074797
    0.024716    0.021174   -0.079266
    0.027226    0.022492   -0.083884
    0.029854    0.023738   -0.088642
    0.032600    0.024929   -0.093534
    0.035461    0.026060   -0.098551
    0.038439    0.027122   -0.103686
    0.041531    0.028110   -0.108930
    0.044738    0.029008   -0.114275
    0.048058    0.029794   -0.119713
    0.051491    0.030447   -0.125235
    0.055036    0.030942   -0.130833
    0.058691    0.031255   -0.136498
    0.062456    0.031379   -0.142222
    0.066331    0.031355   -0.147995
    0.070314    0.031274   -0.153808
    0.074403    0.031190   -0.159654
    0.078599    0.031115   -0.165522
    0.082900    0.031049   -0.171405
    0.087305    0.031005   -0.177294
    0.091812    0.030971   -0.183180
    0.096421    0.030958   -0.189066
    0.101131    0.030967   -0.194989
    0.105941    0.031004   -0.200790
    0.110848    0.031070   -0.206552
    0.115853    0.031170   -0.212267
    0.120953    0.031307   -0.217930
    0.126148    0.031484   -0.223545
    0.131435    0.031706   -0.229128
    0.136815    0.031975   -0.234538
    0.142285    0.032296   -0.239858
    0.147845    0.032671   -0.245110
    0.153492    0.033103   -0.250291
    0.159225    0.033634   -0.255251
    0.165044    0.034202   -0.260131
    0.170946    0.034837   -0.264953
    0.176930    0.035543   -0.269453
    0.182994    0.036367   -0.273878
    0.189138    0.037236   -0.278233
    0.195358    0.038223   -0.282216
    0.201655    0.039264   -0.286116
    0.208026    0.040434   -0.289895
    0.214470    0.041696   -0.293319
    0.220986    0.043013   -0.296635
    0.227570    0.044515   -0.299729
    0.234223    0.046071   -0.302607
    0.240941    0.047771   -0.305335
    0.247725    0.049572   -0.307617
    0.254571    0.051475   -0.309793
    0.261478    0.053547   -0.311681
    0.268445    0.055701   -0.313357
    0.275470    0.058004   -0.314800
    0.282550    0.060462   -0.315889
    0.289685    0.063018   -0.316855
    0.296872    0.065728   -0.317258
    0.304110    0.068595   -0.317544
    0.311396    0.071616   -0.317529
    0.318730    0.074726   -0.317230
    0.326109    0.078065   -0.316704
    0.333531    0.081491   -0.315666
    0.340994    0.085075   -0.314464
    0.348497    0.088894   -0.312900
    0.356038    0.092806   -0.311078
    0.363615    0.096877   -0.308989
    0.371226    0.101112   -0.306375
    0.378869    0.105512   -0.303561
    0.386542    0.110080   -0.300442
    0.394243    0.114816   -0.296897
    0.401971    0.119724   -0.293097
    0.409723    0.124803   -0.288977
    0.417498    0.130054   -0.284444
    0.425293    0.135478   -0.279635
    0.433107    0.141074   -0.274557
    0.440937    0.146842   -0.268989
    0.448783    0.152782   -0.263113
    0.456641    0.158892   -0.256956
    0.464509    0.165173   -0.250541
    0.472387    0.171623   -0.243646
    0.480272    0.178241   -0.236427
    0.488161    0.185009   -0.228894
    0.496053    0.191892   -0.221073
    0.503947    0.199014   -0.213034
    0.511839    0.206316   -0.204514
    0.519729    0.213780   -0.195661
    0.527613    0.221403   -0.186498
    0.535491    0.229183   -0.177026
    0.543360    0.237118   -0.167246
    0.551217    0.245191   -0.157161
    0.559063    0.253357   -0.146776
    0.566893    0.261770   -0.136094
    0.574707    0.270330   -0.125120
    0.582502    0.279032   -0.113860
    0.590277    0.287872   -0.102318
    0.598029    0.296846   -0.090502
    0.605757    0.305941   -0.078417
    0.613458    0.315108   -0.066070
    0.621131    0.324498   -0.053467
    0.628774    0.334010   -0.040579
    0.636385    0.343638   -0.027329
    0.643962    0.353379   -0.013981
    0.651503    0.363206   -0.000407
    0.659006    0.373101    0.013385
    0.666469    0.383157    0.027386
    0.673891    0.393334    0.041589
    0.681270    0.403599    0.055984
    0.688604    0.413948    0.070595
    0.695890    0.424377    0.085499
    0.703128    0.434860    0.100445
    0.710315    0.445380    0.115546
    0.717450    0.456017    0.130794
    0.724530    0.466736    0.146178
    0.731555    0.477509    0.161690
    0.738522    0.488327    0.177351
    0.745429    0.499186    0.193221
    0.752275    0.510080    0.209076
    0.759059    0.520987    0.225017
    0.765777    0.531883    0.241033
    0.772430    0.542848    0.257114
    0.779015    0.553841    0.273250
    0.785530    0.564837    0.289446
    0.791974    0.575829    0.305704
    0.798345    0.586813    0.322033
    0.804642    0.597780    0.338293
    0.810863    0.608709    0.354551
    0.817006    0.619588    0.370796
    0.823070    0.630470    0.387018
    0.829054    0.641314    0.403210
    0.834956    0.652118    0.419367
    0.840775    0.662866    0.435490
    0.846508    0.673552    0.451576
    0.852155    0.684168    0.467521
    0.857715    0.694707    0.483374
    0.863185    0.705164    0.499122
    0.868565    0.715520    0.514756
    0.873852    0.725764    0.530264
    0.879047    0.735935    0.545645
    0.884147    0.745996    0.560879
    0.889152    0.755942    0.575971
    0.894059    0.765771    0.590915
    0.898869    0.775471    0.605633
    0.903579    0.785034    0.620159
    0.908188    0.794456    0.634482
    0.912695    0.803729    0.648591
    0.917100    0.812846    0.662477
    0.921401    0.821804    0.676128
    0.925597    0.830594    0.689539
    0.929686    0.839211    0.702697
    0.933669    0.847649    0.715591
    0.937544    0.855893    0.728212
    0.941309    0.863946    0.740548
    0.944965    0.871815    0.752592
    0.948509    0.879482    0.764335
    0.951942    0.886942    0.775781
    0.955262    0.894190    0.786905
    0.958469    0.901229    0.797688
    0.961561    0.908044    0.808136
    0.964539    0.914624    0.818240
    0.967400    0.920974    0.827994
    0.970146    0.927086    0.837388
    0.972774    0.932961    0.846418
    0.975284    0.938531    0.855074
    0.977675    0.943426    0.863342
    0.979948    0.947510    0.871233
    0.982101    0.950968    0.878734
    0.984134    0.953916    0.885839
    0.986046    0.956424    0.892540
    0.987838    0.958526    0.898834
    0.989507    0.960252    0.904715
    0.991055    0.961612    0.910176
    0.992480    0.962621    0.915215
    0.993782    0.963283    0.919831
    0.994962    0.963601    0.924017
    0.996018    0.963653    0.927773
    0.996950    0.963310    0.931188
    0.997759    0.962516    0.934299
    0.998443    0.961489    0.937508
    0.999003    0.960139    0.940706
    0.999439    0.958476    0.943800
    0.999751    0.956502    0.946761
    0.999938    0.954126    0.949513
    1.000000    0.952320    0.952320
  BLADE PROFILES IN CARTESIAN COORDINATES (3D) 
  VARIABLES = "X", "YSS", "YPS" "R" 
  BLADE           1  SECTION           3
  -12.413028    6.903805    6.903805  200.295929
  -11.050487    5.526146    5.526146  200.323807
   -9.835805    4.297795    4.297795  200.354462
   -8.752974    3.202523    3.202523  200.386642
   -7.787697    2.225878    2.225878  200.419403
   -6.927222    1.354991    1.354991  200.451950
   -6.160174    0.578397    0.578397  200.483719
   -5.476405   -0.114119   -0.114119  200.514328
   -4.866869   -0.731663   -0.731663  200.543411
   -4.323504   -1.282351   -1.282351  200.570908
   -3.839120   -1.773419   -1.773419  200.596558
   -3.407312   -2.211321   -2.211321  200.620407
   -3.022366   -2.601809   -2.601809  200.642456
   -2.679196   -2.950015   -2.950015  200.662766
   -2.373261   -3.260514   -3.260514  200.681396
   -2.100522   -3.537388   -3.537388  200.698410
   -1.857371   -3.784274   -3.784274  200.713882
   -1.640597   -4.004421   -4.004421  200.727982
   -1.447339   -4.200722   -4.200722  200.740738
   -1.275042   -4.375758   -4.375758  200.752289
   -1.121433   -4.531833   -4.531833  200.762711
   -0.984483   -4.670999   -4.670999  200.772110
   -0.862385   -4.795087   -4.795087  200.780548
   -0.753528   -4.905731   -4.905731  200.788177
   -0.656475   -5.004386   -5.004386  200.795059
   -0.569946   -5.092352   -5.092352  200.801224
   -0.483944   -4.688323   -5.521751  200.807343
   -0.394031   -4.512418   -5.723022  200.817383
   -0.299844   -4.388330   -5.922429  200.829224
   -0.201028   -4.294284   -6.123406  200.841690
   -0.097219   -4.217145   -6.327982  200.854950
    0.011941   -4.151355   -6.535698  200.868988
    0.126811   -4.093654   -6.747718  200.883926
    0.247750   -4.042698   -6.964379  200.899734
    0.375119   -3.998040   -7.185828  200.916611
    0.509275   -3.960426   -7.412093  200.934540
    0.650576   -3.932064   -7.643072  200.953568
    0.799382   -3.915724   -7.878561  200.973831
    0.956049   -3.912748   -8.118242  200.995453
    1.120934   -3.916426   -8.361697  201.018341
    1.294318   -3.920165   -8.608289  201.042740
    1.476233   -3.922921   -8.857000  201.068604
    1.667105   -3.924573   -9.107420  201.096085
    1.867401   -3.924539   -9.360241  201.125229
    2.077652   -3.922280   -9.610457  201.156128
    2.298421   -3.917192   -9.860297  201.189026
    2.530353   -3.908592  -10.110211  201.223969
    2.773987   -3.895730  -10.353959  201.261078
    3.029794   -3.877797  -10.595616  201.300537
    3.298620   -3.852762  -10.828303  201.342453
    3.581421   -3.821299  -11.053738  201.387070
    3.879254   -3.780173  -11.270718  201.434677
    4.193289   -3.728904  -11.470736  201.485397
    4.524790   -3.665210  -11.655827  201.539581
    4.877758   -3.586223  -11.823992  201.597870
    5.257288   -3.488257  -11.969131  201.661316
    5.663786   -3.368100  -12.086063  201.729965
    6.096926   -3.221769  -12.167697  201.803848
    6.555669   -3.046431  -12.201138  201.882889
    7.038232   -2.837939  -12.185429  201.966827
    7.542131   -2.594382  -12.104954  202.055084
    8.059209   -2.316400  -11.963517  202.146240
    8.581199   -2.006419  -11.755056  202.238647
    9.105317   -1.664318  -11.482303  202.331848
    9.629281   -1.291075  -11.146949  202.425110
   10.151334   -0.888031  -10.746699  202.517990
   10.670228   -0.456622  -10.287824  202.610245
   11.185279    0.000000   -9.774051  202.701462
   11.699964    0.490258   -9.196568  202.792252
   12.216607    1.012982   -8.556456  202.882706
   12.734834    1.567057   -7.854465  202.972748
   13.253964    2.156498   -7.091116  203.062073
   13.773076    2.775389   -6.267911  203.150360
   14.290989    3.427985   -5.383311  203.237289
   14.806259    4.107020   -4.446595  203.322479
   15.314297    4.809585   -3.466778  203.405014
   15.812259    5.528649   -2.446939  203.484375
   16.298794    6.258496   -1.401835  203.560379
   16.772799    6.999642   -0.332473  203.632812
   17.233427    7.744916    0.754566  203.701630
   17.680113    8.492209    1.850487  203.766678
   18.112530    9.240067    2.955810  203.828079
   18.532253    9.986325    4.064505  203.886063
   18.939686   10.732444    5.176923  203.940765
   19.334833   11.475932    6.292224  203.992218
   19.717682   12.214136    7.402102  204.040573
   20.088203   12.944903    8.506229  204.085892
   20.446413   13.668338    9.603018  204.128250
   20.792286   14.381816   10.685980  204.167831
   21.125816   15.083577   11.754229  204.204590
   21.446981   15.771756   12.805286  204.238739
   21.755785   16.445654   13.836603  204.270325
   22.052202   17.103825   14.844888  204.299515
   22.336229   17.732454   15.827781  204.326401
   22.607843   18.129822   16.783737  204.351105
   22.867046   17.955227   17.954845  204.373764
   23.126884   18.722239   18.722046  204.392151
   23.401562   19.533331   19.533331  204.408920
   23.691916   20.390827   20.390827  204.426712
   23.998854   21.297400   21.297400  204.445663
   24.323311   22.255854   22.255854  204.465897
   24.666279   23.269184   23.269184  204.487503
   25.028822   24.340544   24.340544  204.510712
   25.412035   25.473276   25.473276  204.535645
   25.817085   26.670946   26.670946  204.562653
   26.245211   27.937328   27.937328  204.592239
   26.697733   29.276331   29.276331  204.624252
   27.176022   30.692167   30.692167  204.659012
   27.681551   32.189281   32.189281  204.696732
   28.215862   33.772388   33.772388  204.737808
   28.779776   35.447403   35.447403  204.786423
  BLADE PROFILES IN CARTESIAN COORDINATES (2D) BEFORE   PROJECTION, SCALING, MESHING AND STACKING 
  VARIABLES = "X", "YSS", "YPS" 
  BLADE           2  SECTION           1
    0.000000    0.022204    0.022204
    0.000062    0.026093    0.020692
    0.000249    0.027730    0.017604
    0.000561    0.029968    0.014687
    0.000997    0.032090    0.011850
    0.001557    0.034347    0.009092
    0.002241    0.036794    0.006430
    0.003050    0.039334    0.003882
    0.003982    0.042141    0.001484
    0.005038    0.045200   -0.000740
    0.006218    0.048529   -0.002757
    0.007520    0.052096   -0.004547
    0.008945    0.055914   -0.006104
    0.010493    0.059972   -0.007488
    0.012162    0.064258   -0.008564
    0.013954    0.068786   -0.009388
    0.015866    0.073530   -0.010065
    0.017899    0.078449   -0.010571
    0.020052    0.083562   -0.010912
    0.022325    0.088861   -0.011095
    0.024716    0.094336   -0.011143
    0.027226    0.099981   -0.011048
    0.029854    0.105768   -0.010814
    0.032600    0.111687   -0.010440
    0.035461    0.117785   -0.009902
    0.038439    0.124017   -0.009189
    0.041531    0.130376   -0.008289
    0.044738    0.136851   -0.007165
    0.048058    0.143435   -0.005787
    0.051491    0.150118   -0.004129
    0.055036    0.156891   -0.002190
    0.058691    0.163745   -0.000008
    0.062456    0.170671    0.002317
    0.066331    0.177659    0.004718
    0.070314    0.184700    0.007184
    0.074403    0.191785    0.009709
    0.078599    0.198903    0.012289
    0.082900    0.206046    0.014918
    0.087305    0.213204    0.017591
    0.091812    0.220366    0.020301
    0.096421    0.227523    0.023045
    0.101131    0.234666    0.025815
    0.105941    0.241785    0.028607
    0.110848    0.248871    0.031413
    0.115853    0.255913    0.034229
    0.120953    0.262903    0.037047
    0.126148    0.269850    0.039862
    0.131435    0.276789    0.042666
    0.136815    0.283568    0.045455
    0.142285    0.290231    0.048221
    0.147845    0.296794    0.050957
    0.153492    0.303250    0.053659
    0.159225    0.309590    0.056319
    0.165044    0.315836    0.058930
    0.170946    0.322021    0.061487
    0.176930    0.327923    0.063983
    0.182994    0.333667    0.066411
    0.189138    0.339308    0.068762
    0.195358    0.344839    0.071032
    0.201655    0.350065    0.073206
    0.208026    0.355081    0.075243
    0.214470    0.359969    0.077231
    0.220986    0.364728    0.079115
    0.227570    0.369099    0.080889
    0.234223    0.373335    0.082549
    0.240941    0.377425    0.084091
    0.247725    0.381090    0.085419
    0.254571    0.384615    0.086687
    0.261478    0.387923    0.087827
    0.268445    0.390923    0.088736
    0.275470    0.393769    0.089584
    0.282550    0.396104    0.090194
    0.289685    0.398286    0.090655
    0.296872    0.400236    0.090962
    0.304110    0.401829    0.091117
    0.311396    0.403282    0.091101
    0.318730    0.404120    0.090864
    0.326109    0.404839    0.090435
    0.333531    0.405233    0.089772
    0.340994    0.405329    0.088969
    0.348497    0.405176    0.087911
    0.356038    0.404566    0.086705
    0.363615    0.403781    0.085256
    0.371226    0.402419    0.083571
    0.378869    0.400857    0.081763
    0.386542    0.399033    0.079603
    0.394243    0.396703    0.077321
    0.401971    0.394155    0.074817
    0.409723    0.391236    0.072070
    0.417498    0.388012    0.068974
    0.425293    0.384536    0.065751
    0.433107    0.380453    0.062292
    0.440937    0.376157    0.058598
    0.448783    0.371626    0.054666
    0.456641    0.366540    0.050496
    0.464509    0.361129    0.046088
    0.472387    0.355459    0.041465
    0.480272    0.349563    0.036679
    0.488161    0.343100    0.031563
    0.496053    0.336326    0.026190
    0.503947    0.329235    0.020574
    0.511839    0.321863    0.014724
    0.519729    0.314252    0.008641
    0.527613    0.306178    0.002329
    0.535491    0.297744   -0.004211
    0.543360    0.288995   -0.010951
    0.551217    0.279933   -0.017845
    0.559063    0.270559   -0.025071
    0.566893    0.260877   -0.032539
    0.574707    0.250891   -0.040222
    0.582502    0.240605   -0.048116
    0.590277    0.230025   -0.056218
    0.598029    0.219156   -0.064495
    0.605757    0.208004   -0.072915
    0.613458    0.196575   -0.081627
    0.621131    0.184877   -0.090566
    0.628774    0.172916   -0.099692
    0.636385    0.160684   -0.109002
    0.643962    0.148174   -0.118490
    0.651503    0.135317   -0.128151
    0.659006    0.122356   -0.137962
    0.666469    0.109171   -0.147864
    0.673891    0.095769   -0.158040
    0.681270    0.082159   -0.168378
    0.688604    0.068351   -0.178862
    0.695890    0.054351   -0.189485
    0.703128    0.040165   -0.200240
    0.710315    0.025768   -0.211121
    0.717450    0.011115   -0.222104
    0.724530   -0.003574   -0.233137
    0.731555   -0.018404   -0.244370
    0.738522   -0.033367   -0.255718
    0.745429   -0.048452   -0.267156
    0.752275   -0.063649   -0.278678
    0.759059   -0.078947   -0.290275
    0.765777   -0.094350   -0.301940
    0.772430   -0.109861   -0.313666
    0.779015   -0.125510   -0.325426
    0.785530   -0.141121   -0.337183
    0.791974   -0.156780   -0.349044
    0.798345   -0.172473   -0.360946
    0.804642   -0.188191   -0.372873
    0.810863   -0.203922   -0.384810
    0.817006   -0.219654   -0.396750
    0.823070   -0.235377   -0.408683
    0.829054   -0.251092   -0.420602
    0.834956   -0.266791   -0.432497
    0.840775   -0.282497   -0.444361
    0.846508   -0.298074   -0.456184
    0.852155   -0.313583   -0.467945
    0.857715   -0.329012   -0.479612
    0.863185   -0.344350   -0.491263
    0.868565   -0.359585   -0.502840
    0.873852   -0.374707   -0.514338
    0.879047   -0.389703   -0.525745
    0.884147   -0.404563   -0.537050
    0.889152   -0.419275   -0.548245
    0.894059   -0.433835   -0.559321
    0.898869   -0.448225   -0.570269
    0.903579   -0.462433   -0.581081
    0.908188   -0.476462   -0.591749
    0.912695   -0.490313   -0.602265
    0.917100   -0.503910   -0.612621
    0.921401   -0.517282   -0.622808
    0.925597   -0.530420   -0.632819
    0.929686   -0.543314   -0.642645
    0.933669   -0.555953   -0.652279
    0.937544   -0.568328   -0.661714
    0.941309   -0.580428   -0.670942
    0.944965   -0.592246   -0.679955
    0.948509   -0.603772   -0.688747
    0.951942   -0.614995   -0.697310
    0.955262   -0.625909   -0.705638
    0.958469   -0.636504   -0.713724
    0.961561   -0.646772   -0.721562
    0.964539   -0.656704   -0.729144
    0.967400   -0.666294   -0.736466
    0.970146   -0.675533   -0.743520
    0.972774   -0.684415   -0.750302
    0.975284   -0.692932   -0.756807
    0.977675   -0.701077   -0.763030
    0.979948   -0.708844   -0.768913
    0.982101   -0.716227   -0.774149
    0.984134   -0.723220   -0.778601
    0.986046   -0.729811   -0.782420
    0.987838   -0.736005   -0.785703
    0.989507   -0.741796   -0.788513
    0.991055   -0.747176   -0.790876
    0.992480   -0.752142   -0.792824
    0.993782   -0.756686   -0.794366
    0.994962   -0.760812   -0.795519
    0.996018   -0.764609   -0.796289
    0.996950   -0.768215   -0.796682
    0.997759   -0.771713   -0.796739
    0.998443   -0.775111   -0.796407
    0.999003   -0.778430   -0.795642
    0.999439   -0.781549   -0.794576
    0.999751   -0.784448   -0.793160
    0.999938   -0.787115   -0.791395
    1.000000   -0.788344   -0.788344
  BLADE PROFILES IN CARTESIAN COORDINATES (3D) 
  VARIABLES = "X", "YSS", "YPS" "R" 
  BLADE           2  SECTION           1
   19.103025  -23.756723  -23.756723  173.884583
   20.069052  -22.266632  -22.266632  173.765427
   20.936340  -20.932848  -20.932848  173.669220
   21.714949  -19.738739  -19.738739  173.592148
   22.414944  -18.670519  -18.670519  173.540588
   23.042997  -17.713503  -17.713503  173.498611
   23.606117  -16.855700  -16.855700  173.461166
   24.110998  -16.086786  -16.086786  173.427658
   24.563656  -15.397534  -15.397534  173.397507
   24.969458  -14.779649  -14.779649  173.370102
   25.333256  -14.225743  -14.225743  173.345306
   25.659422  -13.729197  -13.729197  173.322922
   25.951830  -13.284057  -13.284057  173.302780
   26.213984  -12.884998  -12.884998  173.284592
   26.449013  -12.527251  -12.527251  173.268250
   26.659721  -12.206533  -12.206533  173.253464
   26.848627  -11.919010  -11.919010  173.240173
   27.017988  -11.661246  -11.661246  173.228210
   27.169830  -11.430160  -11.430160  173.217422
   27.305956  -11.222984  -11.222984  173.207703
   27.427999  -11.037251  -11.037251  173.199005
   27.549820  -10.318080  -11.619412  173.188339
   27.677172   -9.955610  -11.844869  173.177063
   27.810556   -9.602219  -11.966936  173.165054
   27.950497   -9.248077  -12.027646  173.152161
   28.097492   -8.893028  -12.057174  173.138428
   28.252048   -8.533555  -12.063869  173.123734
   28.414679   -8.168752  -12.052849  173.107956
   28.585888   -7.798163  -12.025372  173.091003
   28.766172   -7.418931  -11.979408  173.072815
   28.956047   -7.032193  -11.911752  173.053329
   29.156013   -6.637811  -11.817021  173.032318
   29.366571   -6.235900  -11.694508  173.009750
   29.588230   -5.826768  -11.555767  172.985458
   29.821489   -5.410899  -11.409474  172.959381
   30.066730   -4.989165  -11.256579  172.931351
   30.324003   -4.563130  -11.097920  172.901260
   30.593906   -4.133585  -10.934085  172.869003
   30.877104   -3.701426  -10.765698  172.834366
   31.174309   -3.267645  -10.593470  172.797211
   31.486347   -2.833336  -10.418221  172.757263
   31.814102   -2.396441  -10.240934  172.714401
   32.158321   -1.966515  -10.062787  172.668213
   32.519684   -1.542215   -9.885227  172.618637
   32.899349   -1.123581   -9.709657  172.565384
   33.298687   -0.712714   -9.537717  172.507996
   33.719162   -0.316519   -9.371461  172.446259
   34.162403    0.065091   -9.213936  172.379578
   34.630192    0.426719   -9.067806  172.307602
   35.128162    0.764395   -8.933080  172.229187
   35.663479    1.077213   -8.817105  172.142975
   36.236649    1.355214   -8.722696  172.048431
   36.847240    1.582620   -8.659926  171.945572
   37.493736    1.752347   -8.634917  171.834152
   38.173588    1.847850   -8.655802  171.714523
   38.883278    1.864224   -8.733802  171.587051
   39.611313    1.786021   -8.869916  171.453796
   40.346035    1.612067   -9.066401  171.317078
   41.083530    1.344548   -9.323445  171.177856
   41.820587    0.984992   -9.644685  171.036682
   42.554749    0.535110  -10.024905  170.894638
   43.284279    0.000000  -10.460442  170.752106
   44.008202   -0.628544  -10.958401  170.609680
   44.731422   -1.333650  -11.517708  170.466614
   45.457237   -2.136966  -12.137589  170.322388
   46.185097   -3.028563  -12.822550  170.177490
   46.914047   -4.008152  -13.573461  170.032227
   47.642803   -5.073968  -14.381899  169.887146
   48.369736   -6.223095  -15.257476  169.742767
   49.092804   -7.457653  -16.189121  169.599762
   49.805599   -8.751324  -17.165901  169.459671
   50.504116  -10.098037  -18.186178  169.323380
   51.186481  -11.495502  -19.236380  169.191452
   51.851181  -12.922872  -20.314453  169.064133
   52.497028  -14.377005  -21.414469  168.941925
   53.123245  -15.855398  -22.527510  168.824905
   53.729362  -17.341139  -23.648674  168.713120
   54.317635  -18.838312  -24.782063  168.606232
   54.888618  -20.344500  -25.921705  168.504105
   55.442333  -21.856491  -27.064026  168.406662
   55.978752  -23.364134  -28.204214  168.313904
   56.497868  -24.865826  -29.343212  168.225769
   56.999695  -26.357721  -30.475229  168.142090
   57.484196  -27.837101  -31.596977  168.062897
   57.951385  -29.296366  -32.705479  167.988037
   58.401237  -30.733212  -33.797821  167.917435
   58.833740  -32.144146  -34.871162  167.850967
   59.248878  -33.525604  -35.922726  167.788498
   59.646645  -34.874226  -36.949886  167.729950
   60.027027  -36.186382  -37.778202  167.675140
   60.389988  -37.787758  -37.788261  167.623962
   60.755833  -38.921955  -38.922211  167.595291
   61.150833  -40.146038  -40.146038  167.564941
   61.577320  -41.467430  -41.467430  167.532944
   62.037811  -42.893867  -42.893867  167.499283
   62.535019  -44.433716  -44.433716  167.463913
   63.071884  -46.096012  -46.096012  167.426895
   63.651577  -47.890499  -47.890499  167.388229
   64.277496  -49.827709  -49.827709  167.348022
   64.953354  -51.919022  -51.919022  167.306381
   65.683144  -54.176754  -54.176754  167.263412
   66.471153  -56.614185  -56.614185  167.219376
   67.322021  -59.245689  -59.245689  167.174408
   68.240807  -62.086823  -62.086823  167.128891
   69.232887  -65.154358  -65.154358  167.083160
   70.304138  -68.466530  -68.466530  167.037643
   71.460869  -72.042976  -72.042976  166.992920
   72.709854  -75.905037  -75.905037  166.949570
   74.058441  -80.075760  -80.075760  166.908310
   75.514549  -84.580154  -84.580154  166.869965
   77.086662  -89.445274  -89.445274  166.835464
  BLADE PROFILES IN CARTESIAN COORDINATES (2D) BEFORE   PROJECTION, SCALING, MESHING AND STACKING 
  VARIABLES = "X", "YSS", "YPS" 
  BLADE           2  SECTION           2
    0.000000    0.024311    0.024311
    0.000062    0.028157    0.023213
    0.000249    0.030044    0.020341
    0.000561    0.032201    0.017813
    0.000997    0.034103    0.015245
    0.001557    0.036131    0.012578
    0.002241    0.038362    0.009878
    0.003050    0.040701    0.007240
    0.003982    0.043334    0.004616
    0.005038    0.046217    0.001982
    0.006218    0.049290   -0.000636
    0.007520    0.052554   -0.003214
    0.008945    0.056020   -0.005733
    0.010493    0.059680   -0.008181
    0.012162    0.063523   -0.010540
    0.013954    0.067539   -0.012788
    0.015866    0.071720   -0.014928
    0.017899    0.076057   -0.016969
    0.020052    0.080542   -0.018907
    0.022325    0.085166   -0.020713
    0.024716    0.089921   -0.022438
    0.027226    0.094799   -0.024070
    0.029854    0.099792   -0.025613
    0.032600    0.104898   -0.027081
    0.035461    0.110148   -0.028468
    0.038439    0.115438   -0.029771
    0.041531    0.120809   -0.030992
    0.044738    0.126249   -0.032114
    0.048058    0.131751   -0.033134
    0.051491    0.137310   -0.034020
    0.055036    0.142915   -0.034762
    0.058691    0.148559   -0.035312
    0.062456    0.154232   -0.035628
    0.066331    0.159927   -0.035674
    0.070314    0.165635   -0.035443
    0.074403    0.171348   -0.034989
    0.078599    0.177058   -0.034454
    0.082900    0.182766   -0.033906
    0.087305    0.188507   -0.033347
    0.091812    0.194131   -0.032781
    0.096421    0.199714   -0.032212
    0.101131    0.205252   -0.031646
    0.105941    0.210763   -0.031088
    0.110848    0.216261   -0.030553
    0.115853    0.221586   -0.030025
    0.120953    0.226816   -0.029518
    0.126148    0.231967   -0.029037
    0.131435    0.237048   -0.028586
    0.136815    0.242048   -0.028169
    0.142285    0.246852   -0.027824
    0.147845    0.251570   -0.027502
    0.153492    0.256220   -0.027229
    0.159225    0.260574   -0.027010
    0.165044    0.264848   -0.026887
    0.170946    0.269044   -0.026803
    0.176930    0.272891   -0.026785
    0.182994    0.276651   -0.026884
    0.189138    0.280288   -0.027027
    0.195358    0.283584   -0.027297
    0.201655    0.286772   -0.027613
    0.208026    0.289744   -0.028073
    0.214470    0.292503   -0.028631
    0.220986    0.295120   -0.029290
    0.227570    0.297291   -0.030050
    0.234223    0.299357   -0.030973
    0.240941    0.301158   -0.032001
    0.247725    0.302729   -0.033137
    0.254571    0.304098   -0.034414
    0.261478    0.305026   -0.035863
    0.268445    0.305821   -0.037436
    0.275470    0.306255   -0.039188
    0.282550    0.306509   -0.041048
    0.289685    0.306456   -0.043086
    0.296872    0.306075   -0.045303
    0.304110    0.305523   -0.047694
    0.311396    0.304401   -0.050196
    0.318730    0.303133   -0.052872
    0.326109    0.301565   -0.055818
    0.333531    0.299673   -0.058866
    0.340994    0.297579   -0.062097
    0.348497    0.294898   -0.065516
    0.356038    0.292036   -0.069138
    0.363615    0.288944   -0.073040
    0.371226    0.285320   -0.077056
    0.378869    0.281480   -0.081269
    0.386542    0.277405   -0.085683
    0.394243    0.272790   -0.090288
    0.401971    0.267892   -0.095022
    0.409723    0.262719   -0.100045
    0.417498    0.257255   -0.105288
    0.425293    0.251349   -0.110740
    0.433107    0.245113   -0.116402
    0.440937    0.238591   -0.122271
    0.448783    0.231844   -0.128349
    0.456641    0.224572   -0.134635
    0.464509    0.216980   -0.141127
    0.472387    0.209069   -0.147810
    0.480272    0.200834   -0.154626
    0.488161    0.192276   -0.161768
    0.496053    0.183393   -0.169116
    0.503947    0.174187   -0.176667
    0.511839    0.164660   -0.184419
    0.519729    0.154815   -0.192371
    0.527613    0.144655   -0.200503
    0.535491    0.134183   -0.208758
    0.543360    0.123405   -0.217334
    0.551217    0.112325   -0.226103
    0.559063    0.100948   -0.235060
    0.566893    0.089279   -0.244202
    0.574707    0.077325   -0.253526
    0.582502    0.065091   -0.263016
    0.590277    0.052583   -0.272612
    0.598029    0.039807   -0.282502
    0.605757    0.026771   -0.292562
    0.613458    0.013481   -0.302786
    0.621131   -0.000059   -0.313170
    0.628774   -0.013884   -0.323709
    0.636385   -0.028047   -0.334386
    0.643962   -0.042307   -0.345139
    0.651503   -0.056783   -0.356153
    0.659006   -0.071468   -0.367305
    0.666469   -0.086354   -0.378586
    0.673891   -0.101431   -0.389994
    0.681270   -0.116702   -0.401521
    0.688604   -0.132189   -0.413141
    0.695890   -0.147924   -0.424819
    0.703128   -0.163705   -0.436677
    0.710315   -0.179631   -0.448654
    0.717450   -0.195694   -0.460720
    0.724530   -0.211885   -0.472868
    0.731555   -0.228192   -0.485091
    0.738522   -0.244635   -0.497383
    0.745429   -0.261276   -0.509737
    0.752275   -0.277892   -0.522131
    0.759059   -0.294584   -0.534521
    0.765777   -0.311341   -0.547025
    0.772430   -0.328151   -0.559576
    0.779015   -0.345004   -0.572151
    0.785530   -0.361889   -0.584743
    0.791974   -0.378804   -0.597345
    0.798345   -0.395754   -0.609948
    0.804642   -0.412768   -0.622545
    0.810863   -0.429685   -0.635128
    0.817006   -0.446578   -0.647674
    0.823070   -0.463435   -0.660154
    0.829054   -0.480245   -0.672648
    0.834956   -0.496997   -0.685101
    0.840775   -0.513680   -0.697506
    0.846508   -0.530281   -0.709847
    0.852155   -0.546797   -0.722117
    0.857715   -0.563215   -0.734308
    0.863185   -0.579531   -0.746410
    0.868565   -0.595760   -0.758417
    0.873852   -0.611794   -0.770320
    0.879047   -0.627678   -0.782112
    0.884147   -0.643402   -0.793783
    0.889152   -0.658954   -0.805312
    0.894059   -0.674324   -0.816690
    0.898869   -0.689501   -0.827954
    0.903579   -0.704474   -0.839067
    0.908188   -0.719232   -0.850020
    0.912695   -0.733766   -0.860807
    0.917100   -0.748067   -0.871418
    0.921401   -0.762124   -0.881846
    0.925597   -0.775924   -0.892085
    0.929686   -0.789459   -0.902128
    0.933669   -0.802717   -0.911966
    0.937544   -0.815690   -0.921592
    0.941309   -0.828368   -0.931000
    0.944965   -0.840742   -0.940181
    0.948509   -0.852815   -0.949130
    0.951942   -0.864569   -0.957841
    0.955262   -0.875975   -0.966308
    0.958469   -0.887043   -0.974523
    0.961561   -0.897765   -0.982481
    0.964539   -0.908131   -0.990175
    0.967400   -0.918135   -0.997601
    0.970146   -0.927760   -1.004753
    0.972774   -0.937011   -1.011631
    0.975284   -0.945887   -1.018221
    0.977675   -0.954372   -1.024516
    0.979948   -0.962461   -1.030254
    0.982101   -0.970147   -1.035083
    0.984134   -0.977425   -1.039203
    0.986046   -0.984289   -1.042734
    0.987838   -0.990735   -1.045747
    0.989507   -0.996755   -1.048295
    0.991055   -1.002345   -1.050406
    0.992480   -1.007508   -1.052098
    0.993782   -1.012236   -1.053389
    0.994962   -1.016522   -1.054284
    0.996018   -1.020421   -1.054793
    0.996950   -1.023962   -1.055016
    0.997759   -1.027592   -1.054779
    0.998443   -1.031112   -1.054064
    0.999003   -1.034493   -1.053088
    0.999439   -1.037704   -1.051755
    0.999751   -1.040703   -1.050064
    0.999938   -1.043418   -1.047939
    1.000000   -1.046252   -1.046252
  BLADE PROFILES IN CARTESIAN COORDINATES (3D) 
  VARIABLES = "X", "YSS", "YPS" "R" 
  BLADE           2  SECTION           2
   20.107620  -14.111720  -14.111720  188.979858
   21.030098  -13.122476  -13.122476  188.979782
   21.857145  -12.235545  -12.235545  188.979401
   22.598648  -11.440338  -11.440338  188.978577
   23.263443  -10.727340  -10.727340  188.977036
   23.859470  -10.088120  -10.088120  188.976013
   24.393843   -9.515041   -9.515041  188.975372
   24.872938   -9.001259   -9.001259  188.975052
   25.302475   -8.540634   -8.540634  188.975037
   25.687576   -8.127671   -8.127671  188.975281
   26.032843   -7.757434   -7.757434  188.975662
   26.342392   -7.425498   -7.425498  188.976105
   26.619923   -7.127901   -7.127901  188.976578
   26.868738   -6.861090   -6.861090  188.977081
   27.091829   -6.621882   -6.621882  188.977585
   27.291828   -6.407418   -6.407418  188.978043
   27.471146   -6.215141   -6.215141  188.978531
   27.631916   -6.042753   -6.042753  188.978973
   27.776049   -5.888198   -5.888198  188.979385
   27.905275   -5.749631   -5.749631  188.979782
   28.021137   -5.625398   -5.625398  188.980042
   28.136997   -5.018314   -6.187965  188.980225
   28.258137   -4.700507   -6.461255  188.980331
   28.385040   -4.398865   -6.666374  188.980469
   28.518200   -4.102390   -6.828540  188.980637
   28.658108   -3.807398   -6.961852  188.980759
   28.805231   -3.511737   -7.072932  188.980927
   28.960079   -3.214094   -7.168845  188.981064
   29.123127   -2.912123   -7.253064  188.981186
   29.294853   -2.607985   -7.326901  188.981323
   29.475760   -2.300954   -7.390436  188.981491
   29.666336   -1.990647   -7.441934  188.981613
   29.867048   -1.677185   -7.477828  188.981735
   30.078392   -1.360948   -7.491214  188.981842
   30.300869   -1.042444   -7.478009  188.981934
   30.534830   -0.722455   -7.448827  188.982025
   30.780354   -0.400030   -7.417615  188.982101
   31.038004   -0.081971   -7.385476  188.982162
   31.308416    0.234703   -7.353129  188.982193
   31.592318    0.551319   -7.321974  188.982254
   31.890471    0.858985   -7.292005  188.982193
   32.203754    1.162996   -7.264546  188.982162
   32.532902    1.459148   -7.241768  188.982071
   32.878559    1.747913   -7.223462  188.981964
   33.241863    2.019417   -7.212652  188.981796
   33.624130    2.278156   -7.209383  188.981644
   34.026794    2.521041   -7.217721  188.981339
   34.451435    2.738645   -7.238655  188.981049
   34.899776    2.934654   -7.276516  188.980682
   35.377220    3.096980   -7.333534  188.980270
   35.890701    3.227226   -7.415456  188.979706
   36.440765    3.310984   -7.528487  188.979004
   37.026966    3.341221   -7.678086  188.978317
   37.647911    3.309401   -7.871453  188.977341
   38.301212    3.193924   -8.111097  188.976379
   38.983459    2.998879   -8.403433  188.975204
   39.683617    2.713206   -8.753654  188.974030
   40.390488    2.340718   -9.153275  188.972656
   41.100254    1.878685   -9.601707  188.971283
   41.809818    1.332086  -10.104888  188.969833
   42.516781    0.707899  -10.656942  188.968399
   43.219448    0.000000  -11.252513  188.966858
   43.916836   -0.781493  -11.899568  188.965317
   44.613647   -1.641653  -12.595827  188.963699
   45.313042   -2.584525  -13.343513  188.962097
   46.014439   -3.609576  -14.149429  188.960526
   46.716930   -4.715339  -15.004909  188.958847
   47.419231   -5.899409  -15.918745  188.957260
   48.119743   -7.163951  -16.881948  188.955627
   48.816467   -8.495898  -17.891129  188.954041
   49.503204   -9.882877  -18.941038  188.952454
   50.176102  -11.320315  -20.016104  188.950958
   50.833321  -12.788016  -21.119188  188.949554
   51.473381  -14.284765  -22.238951  188.948120
   52.095135  -15.801776  -23.367174  188.946854
   52.697842  -17.327454  -24.505934  188.945663
   53.281052  -18.858793  -25.646425  188.944565
   53.846916  -20.397968  -26.788944  188.943497
   54.395996  -21.936256  -27.930588  188.942505
   54.928268  -23.472233  -29.072371  188.941589
   55.443752  -25.004084  -30.208597  188.940781
   55.942451  -26.524107  -31.336464  188.939987
   56.424358  -28.028803  -32.451782  188.939301
   56.889473  -29.515135  -33.554943  188.938644
   57.337803  -30.979906  -34.641685  188.938141
   57.769329  -32.419163  -35.709629  188.937622
   58.184071  -33.830379  -36.756119  188.937210
   58.582024  -35.208305  -37.778889  188.936783
   58.963192  -36.550575  -38.775967  188.936493
   59.327549  -37.855198  -39.519676  188.936157
   59.675129  -39.477295  -39.477798  188.936081
   60.022705  -40.584465  -40.584713  188.936813
   60.397930  -41.779438  -41.779438  188.937607
   60.803005  -43.069489  -43.069489  188.938477
   61.240299  -44.462170  -44.462170  188.939453
   61.712391  -45.965652  -45.965652  188.940491
   62.222050  -47.588753  -47.588753  188.941635
   62.772228  -49.340992  -49.340992  188.942902
   63.366188  -51.232639  -51.232639  188.944229
   64.007401  -53.274788  -53.274788  188.945709
   64.699608  -55.479408  -55.479408  188.947327
   65.446884  -57.859447  -57.859447  188.949066
   66.253632  -60.428837  -60.428837  188.950928
   67.124527  -63.202648  -63.202648  188.952972
   68.064720  -66.197159  -66.197159  188.955124
   69.079697  -69.429909  -69.429909  188.957443
   70.175407  -72.919868  -72.919868  188.959885
   71.358322  -76.687454  -76.687454  188.962463
   72.635307  -80.754776  -80.754776  188.965103
   74.013885  -85.145660  -85.145660  188.967758
   75.502144  -89.885803  -89.885803  188.970413
  BLADE PROFILES IN CARTESIAN COORDINATES (2D) BEFORE   PROJECTION, SCALING, MESHING AND STACKING 
  VARIABLES = "X", "YSS", "YPS" 
  BLADE           2  SECTION           3
    0.000000    0.026922    0.026922
    0.000062    0.031303    0.025726
    0.000249    0.033427    0.022429
    0.000561    0.035778    0.019617
    0.000997    0.037698    0.016567
    0.001557    0.039725    0.013370
    0.002241    0.041884    0.010180
    0.003050    0.044118    0.006991
    0.003982    0.046606    0.003692
    0.005038    0.049330    0.000324
    0.006218    0.052158   -0.003077
    0.007520    0.055165   -0.006445
    0.008945    0.058341   -0.009845
    0.010493    0.061686   -0.013262
    0.012162    0.065209   -0.016681
    0.013954    0.068812   -0.020086
    0.015866    0.072530   -0.023466
    0.017899    0.076367   -0.026824
    0.020052    0.080314   -0.030132
    0.022325    0.084363   -0.033407
    0.024716    0.088505   -0.036634
    0.027226    0.092740   -0.039843
    0.029854    0.097095   -0.043027
    0.032600    0.101447   -0.046187
    0.035461    0.105859   -0.049338
    0.038439    0.110324   -0.052463
    0.041531    0.114835   -0.055563
    0.044738    0.119397   -0.058627
    0.048058    0.124033   -0.061631
    0.051491    0.128601   -0.064574
    0.055036    0.133182   -0.067416
    0.058691    0.137772   -0.070088
    0.062456    0.142376   -0.072516
    0.066331    0.147008   -0.074594
    0.070314    0.151530   -0.076319
    0.074403    0.156028   -0.077729
    0.078599    0.160516   -0.079126
    0.082900    0.164994   -0.080531
    0.087305    0.169327   -0.081965
    0.091812    0.173637   -0.083418
    0.096421    0.177935   -0.084901
    0.101131    0.182022   -0.086414
    0.105941    0.186040   -0.087961
    0.110848    0.190006   -0.089547
    0.115853    0.193851   -0.091171
    0.120953    0.197599   -0.092843
    0.126148    0.201279   -0.094566
    0.131435    0.204664   -0.096342
    0.136815    0.207988   -0.098174
    0.142285    0.211227   -0.100065
    0.147845    0.214170   -0.102017
    0.153492    0.217034   -0.104055
    0.159225    0.219724   -0.106142
    0.165044    0.222233   -0.108324
    0.170946    0.224633   -0.110585
    0.176930    0.226640   -0.112931
    0.182994    0.228561   -0.115370
    0.189138    0.230272   -0.117909
    0.195358    0.231765   -0.120521
    0.201655    0.233112   -0.123246
    0.208026    0.234030   -0.126115
    0.214470    0.234836   -0.129034
    0.220986    0.235380   -0.132103
    0.227570    0.235695   -0.135306
    0.234223    0.235817   -0.138587
    0.240941    0.235490   -0.142050
    0.247725    0.235016   -0.145594
    0.254571    0.234256   -0.149329
    0.261478    0.233232   -0.153159
    0.268445    0.232015   -0.157129
    0.275470    0.230274   -0.161243
    0.282550    0.228368   -0.165506
    0.289685    0.226232   -0.169923
    0.296872    0.223637   -0.174496
    0.304110    0.220831   -0.179232
    0.311396    0.217773   -0.184130
    0.318730    0.214259   -0.189193
    0.326109    0.210512   -0.194422
    0.333531    0.206544   -0.199826
    0.340994    0.202052   -0.205404
    0.348497    0.197278   -0.211157
    0.356038    0.192240   -0.217087
    0.363615    0.186959   -0.223195
    0.371226    0.181182   -0.229482
    0.378869    0.175091   -0.235950
    0.386542    0.168688   -0.242598
    0.394243    0.161989   -0.249410
    0.401971    0.155071   -0.256358
    0.409723    0.147638   -0.263558
    0.417498    0.139882   -0.270963
    0.425293    0.131801   -0.278552
    0.433107    0.123392   -0.286325
    0.440937    0.114655   -0.294282
    0.448783    0.105589   -0.302422
    0.456641    0.096195   -0.310733
    0.464509    0.086475   -0.319169
    0.472387    0.076429   -0.327888
    0.480272    0.066060   -0.336789
    0.488161    0.055371   -0.345870
    0.496053    0.044366   -0.355129
    0.503947    0.033047   -0.364544
    0.511839    0.021419   -0.374082
    0.519729    0.009485   -0.383887
    0.527613   -0.002749   -0.393878
    0.535491   -0.015279   -0.404038
    0.543360   -0.028100   -0.414363
    0.551217   -0.041231   -0.424852
    0.559063   -0.054789   -0.435488
    0.566893   -0.068478   -0.446219
    0.574707   -0.082436   -0.457218
    0.582502   -0.096658   -0.468368
    0.590277   -0.111135   -0.479666
    0.598029   -0.125863   -0.491108
    0.605757   -0.140833   -0.502666
    0.613458   -0.156092   -0.514318
    0.621131   -0.171681   -0.526172
    0.628774   -0.187367   -0.538184
    0.636385   -0.203266   -0.550318
    0.643962   -0.219370   -0.562569
    0.651503   -0.235672   -0.574934
    0.659006   -0.252171   -0.587406
    0.666469   -0.268897   -0.599967
    0.673891   -0.285875   -0.612569
    0.681270   -0.302907   -0.625353
    0.688604   -0.320091   -0.638232
    0.695890   -0.337419   -0.651191
    0.703128   -0.354882   -0.664224
    0.710315   -0.372481   -0.677324
    0.717450   -0.390234   -0.690485
    0.724530   -0.408161   -0.703687
    0.731555   -0.426085   -0.716890
    0.738522   -0.444092   -0.730207
    0.745429   -0.462174   -0.743572
    0.752275   -0.480318   -0.756965
    0.759059   -0.498516   -0.770378
    0.765777   -0.516776   -0.783805
    0.772430   -0.535092   -0.797239
    0.779015   -0.553477   -0.810672
    0.785530   -0.571791   -0.824083
    0.791974   -0.590103   -0.837442
    0.798345   -0.608400   -0.850832
    0.804642   -0.626672   -0.864200
    0.810863   -0.644908   -0.877535
    0.817006   -0.663105   -0.890824
    0.823070   -0.681249   -0.904059
    0.829054   -0.699343   -0.917232
    0.834956   -0.717391   -0.930337
    0.840775   -0.735284   -0.943365
    0.846508   -0.753071   -0.956309
    0.852155   -0.770742   -0.969147
    0.857715   -0.788284   -0.981863
    0.863185   -0.805686   -0.994508
    0.868565   -0.822939   -1.007038
    0.873852   -0.840032   -1.019445
    0.879047   -0.856959   -1.031727
    0.884147   -0.873700   -1.043870
    0.889152   -0.890246   -1.055867
    0.894059   -0.906604   -1.067710
    0.898869   -0.922758   -1.079391
    0.903579   -0.938649   -1.090903
    0.908188   -0.954301   -1.102238
    0.912695   -0.969703   -1.113390
    0.917100   -0.984847   -1.124352
    0.921401   -0.999721   -1.135115
    0.925597   -1.014315   -1.145673
    0.929686   -1.028619   -1.156020
    0.933669   -1.042624   -1.166148
    0.937544   -1.056322   -1.176051
    0.941309   -1.069704   -1.185722
    0.944965   -1.082758   -1.195155
    0.948509   -1.095476   -1.204343
    0.951942   -1.107848   -1.213281
    0.955262   -1.119867   -1.221962
    0.958469   -1.131525   -1.230380
    0.961561   -1.142812   -1.238530
    0.964539   -1.153721   -1.246406
    0.967400   -1.164246   -1.254003
    0.970146   -1.174378   -1.261318
    0.972774   -1.184110   -1.268343
    0.975284   -1.193436   -1.275075
    0.977675   -1.202350   -1.281390
    0.979948   -1.210844   -1.286798
    0.982101   -1.218913   -1.291312
    0.984134   -1.226552   -1.295150
    0.986046   -1.233754   -1.298433
    0.987838   -1.240511   -1.301210
    0.989507   -1.246828   -1.303527
    0.991055   -1.252697   -1.305411
    0.992480   -1.258111   -1.306875
    0.993782   -1.263065   -1.307931
    0.994962   -1.267557   -1.308592
    0.996018   -1.271586   -1.308891
    0.996950   -1.275309   -1.308779
    0.997759   -1.278928   -1.308282
    0.998443   -1.282424   -1.307438
    0.999003   -1.285794   -1.306215
    0.999439   -1.289198   -1.304644
    0.999751   -1.292426   -1.302731
    0.999938   -1.295495   -1.300475
    1.000000   -1.296909   -1.296909
  BLADE PROFILES IN CARTESIAN COORDINATES (3D) 
  VARIABLES = "X", "YSS", "YPS" "R" 
  BLADE           2  SECTION           3
   20.934313   -6.455225   -6.455225  204.183640
   21.827162   -5.852898   -5.852898  204.277481
   22.628544   -5.312406   -5.312406  204.353012
   23.348345   -4.827332   -4.827332  204.405670
   23.994738   -4.392094   -4.392094  204.445419
   24.574242   -4.001819   -4.001819  204.481689
   25.093765   -3.651870   -3.651870  204.514908
   25.559502   -3.338083   -3.338083  204.545380
   25.977016   -3.056727   -3.056727  204.573639
   26.351278   -2.804456   -2.804456  204.599670
   26.686798   -2.578259   -2.578259  204.623489
   26.987579   -2.375443   -2.375443  204.645218
   27.257223   -2.193593   -2.193593  204.664993
   27.498957   -2.030542   -2.030542  204.682983
   27.715668   -1.884346   -1.884346  204.699310
   27.909950   -1.753266   -1.753266  204.714142
   28.084116   -1.635738   -1.635738  204.727539
   28.240265   -1.530362   -1.530362  204.739685
   28.380249   -1.435881   -1.435881  204.750671
   28.505751   -1.351171   -1.351171  204.760590
   28.618259   -1.275219   -1.275219  204.771011
   28.730551   -0.671743   -1.934938  204.781693
   28.847940   -0.383949   -2.278932  204.792984
   28.970892   -0.114818   -2.556004  204.805069
   29.099878    0.144195   -2.797753  204.817886
   29.235361    0.397822   -3.015110  204.831619
   29.377819    0.649352   -3.214523  204.846313
   29.527714    0.901767   -3.402417  204.862045
   29.685507    1.151294   -3.582324  204.878876
   29.851671    1.400966   -3.756366  204.896942
   30.026663    1.652333   -3.924609  204.916351
   30.210951    1.902953   -4.085660  204.937225
   30.404995    2.152091   -4.235076  204.959625
   30.609264    2.402776   -4.361086  204.983658
   30.824213    2.649677   -4.453644  205.009521
   31.050203    2.895258   -4.529103  205.037216
   31.287283    3.136814   -4.606625  205.067001
   31.535980    3.375399   -4.686985  205.098846
   31.796906    3.604002   -4.771053  205.132980
   32.070751    3.827646   -4.859740  205.169617
   32.358242    4.043883   -4.954049  205.208908
   32.660198    4.247413   -5.055311  205.251160
   32.977333    4.441427   -5.164517  205.296539
   33.310223    4.616711   -5.283404  205.345230
   33.659988    4.777354   -5.412973  205.397522
   34.027828    4.916796   -5.555992  205.453796
   34.415138    5.034133   -5.714655  205.514435
   34.823414    5.126114   -5.890519  205.579758
   35.254257    5.181823   -6.087565  205.650238
   35.712887    5.205745   -6.311240  205.726944
   36.205872    5.180572   -6.568109  205.811310
   36.733723    5.107408   -6.863246  205.903595
   37.295963    4.965762   -7.199662  206.004166
   37.891266    4.752835   -7.583659  206.113037
   38.517239    4.458977   -8.019432  206.229889
   39.170658    4.075485   -8.510606  206.354202
   39.840912    3.604626   -9.053679  206.484222
   40.517292    3.042441   -9.642344  206.617661
   41.196178    2.402083  -10.273252  206.753647
   41.874634    1.676323  -10.950555  206.891312
   42.550400    0.874653  -11.667192  207.030014
   43.221870    0.000000  -12.423100  207.169113
   43.888153   -0.944393  -13.218229  207.308182
   44.553753   -1.963321  -14.054784  207.448090
   45.221737   -3.061042  -14.942402  207.589096
   45.891556   -4.243927  -15.874069  207.730881
   46.562374   -5.498812  -16.858337  207.873047
   47.233006   -6.829233  -17.884966  208.015167
   47.901932   -8.235360  -18.959269  208.156769
   48.567284   -9.702930  -20.074619  208.297089
   49.223164  -11.227146  -21.216602  208.434753
   49.865913  -12.784298  -22.384296  208.568848
   50.493778  -14.374043  -23.566696  208.698807
   51.105385  -15.983869  -24.756832  208.824387
   51.699646  -17.604334  -25.954998  208.945084
   52.275822  -19.234671  -27.152597  209.060867
   52.833534  -20.859829  -28.343681  209.171600
   53.374809  -22.484821  -29.534742  209.277618
   53.900181  -24.109789  -30.721071  209.379166
   54.409649  -25.725576  -31.899710  209.476181
   54.903217  -27.329540  -33.067265  209.568787
   55.380882  -28.918903  -34.223946  209.656906
   55.842625  -30.490902  -35.365814  209.740692
   56.288429  -32.039036  -36.490166  209.820206
   56.718300  -33.560867  -37.594700  209.895508
   57.132236  -35.053501  -38.677197  209.966721
   57.530209  -36.513824  -39.735439  210.033875
   57.912205  -37.938480  -40.767273  210.097153
   58.278221  -39.324535  -41.767925  210.156616
   58.628246  -40.668964  -42.454327  210.212448
   58.962254  -42.280399  -42.280937  210.257156
   59.299461  -43.401997  -43.402267  210.285507
   59.663548  -44.612568  -44.612568  210.315521
   60.056686  -45.919487  -45.919487  210.347198
   60.481159  -47.330406  -47.330406  210.380615
   60.939499  -48.853600  -48.853600  210.415695
   61.434418  -50.498005  -50.498005  210.452469
   61.968819  -52.273228  -52.273228  210.490906
   62.545864  -54.189697  -54.189697  210.530960
   63.168964  -56.258583  -56.258583  210.572571
   63.841827  -58.492012  -58.492012  210.615585
   64.568382  -60.903004  -60.903004  210.659836
   65.352936  -63.505642  -63.505642  210.705093
   66.200165  -66.315132  -66.315132  210.751190
   67.115021  -69.347755  -69.347755  210.797729
   68.102936  -72.621201  -72.621201  210.844345
   69.169708  -76.154427  -76.154427  210.890594
   70.321632  -79.967941  -79.967941  210.935913
   71.565521  -84.083763  -84.083763  210.979752
   72.908638  -88.525665  -88.525665  211.021347
   74.358894  -93.319252  -93.319252  211.059982
