  BLADE PROFILES IN CARTESIAN COORDINATES (2D) BEFORE   PROJECTION, SCALING, MESHING AND STACKING 
  VARIABLES = "X", "YSS", "YPS" 
  BLADE           1  SECTION           1
    0.000000    0.001414    0.001414
    0.000062    0.002938   -0.002159
    0.000249    0.005634   -0.004297
    0.000561    0.008441   -0.006322
    0.000997    0.011445   -0.008591
    0.001557    0.014401   -0.010876
    0.002241    0.017315   -0.013201
    0.003050    0.020204   -0.015564
    0.003982    0.023060   -0.017976
    0.005038    0.025860   -0.020471
    0.006218    0.028567   -0.023009
    0.007520    0.031145   -0.025567
    0.008945    0.033565   -0.028117
    0.010493    0.035810   -0.030631
    0.012162    0.037887   -0.033079
    0.013954    0.039837   -0.035430
    0.015866    0.041749   -0.037649
    0.017899    0.043721   -0.039718
    0.020052    0.045775   -0.041633
    0.022325    0.047908   -0.043412
    0.024716    0.050117   -0.045110
    0.027226    0.052402   -0.046811
    0.029854    0.054760   -0.048539
    0.032600    0.057188   -0.050293
    0.035461    0.059686   -0.052070
    0.038439    0.062252   -0.053866
    0.041531    0.064883   -0.055677
    0.044738    0.067578   -0.057499
    0.048058    0.070335   -0.059328
    0.051491    0.073154   -0.061161
    0.055036    0.076031   -0.062994
    0.058691    0.078963   -0.064822
    0.062456    0.081938   -0.066643
    0.066331    0.084982   -0.068456
    0.070314    0.088079   -0.070279
    0.074403    0.091229   -0.072050
    0.078599    0.094429   -0.073794
    0.082900    0.097679   -0.075511
    0.087305    0.100977   -0.077197
    0.091812    0.104322   -0.078848
    0.096421    0.107695   -0.080460
    0.101131    0.111128   -0.082030
    0.105941    0.114604   -0.083553
    0.110848    0.118122   -0.085035
    0.115853    0.121682   -0.086489
    0.120953    0.125282   -0.087851
    0.126148    0.128921   -0.089142
    0.131435    0.132595   -0.090369
    0.136815    0.136294   -0.091527
    0.142285    0.140042   -0.092613
    0.147845    0.143825   -0.093624
    0.153492    0.147642   -0.094557
    0.159225    0.151492   -0.095417
    0.165044    0.155375   -0.096223
    0.170946    0.159275   -0.096896
    0.176930    0.163218   -0.097467
    0.182994    0.167191   -0.097942
    0.189138    0.171193   -0.098320
    0.195358    0.175224   -0.098596
    0.201655    0.179282   -0.098768
    0.208026    0.183364   -0.098833
    0.214470    0.187463   -0.098796
    0.220986    0.191597   -0.098687
    0.227570    0.195755   -0.098401
    0.234223    0.199938   -0.097994
    0.240941    0.204143   -0.097466
    0.247725    0.208371   -0.096816
    0.254571    0.212610   -0.096041
    0.261478    0.216880   -0.095138
    0.268445    0.221170   -0.094119
    0.275470    0.225479   -0.093005
    0.282550    0.229808   -0.091706
    0.289685    0.234156   -0.090257
    0.296872    0.238521   -0.088671
    0.304110    0.242901   -0.086946
    0.311396    0.247293   -0.085081
    0.318730    0.251707   -0.083075
    0.326109    0.256137   -0.080925
    0.333531    0.260581   -0.078632
    0.340994    0.265040   -0.076204
    0.348497    0.269512   -0.073675
    0.356038    0.273997   -0.070940
    0.363615    0.278494   -0.068046
    0.371226    0.283001   -0.065004
    0.378869    0.287518   -0.061814
    0.386542    0.292048   -0.058474
    0.394243    0.296589   -0.054986
    0.401971    0.301138   -0.051348
    0.409723    0.305697   -0.047561
    0.417498    0.310263   -0.043625
    0.425293    0.314837   -0.039540
    0.433107    0.319418   -0.035321
    0.440937    0.324004   -0.030994
    0.448783    0.328596   -0.026466
    0.456641    0.333193   -0.021791
    0.464509    0.337794   -0.016969
    0.472387    0.342399   -0.011997
    0.480272    0.347006   -0.006882
    0.488161    0.351615   -0.001626
    0.496053    0.356226    0.003770
    0.503947    0.360838    0.009304
    0.511839    0.365449    0.014974
    0.519729    0.370060    0.020779
    0.527613    0.374669    0.026717
    0.535491    0.379276    0.032785
    0.543360    0.383880    0.038982
    0.551217    0.388480    0.045304
    0.559063    0.393075    0.051749
    0.566893    0.397665    0.058315
    0.574707    0.402248    0.064999
    0.582502    0.406824    0.071798
    0.590277    0.411392    0.078709
    0.598029    0.415952    0.085729
    0.605757    0.420501    0.092855
    0.613458    0.425040    0.100083
    0.621131    0.429567    0.107410
    0.628774    0.434080    0.114832
    0.636385    0.438581    0.122346
    0.643962    0.443069    0.129948
    0.651503    0.447540    0.137635
    0.659006    0.451996    0.145401
    0.666469    0.456434    0.153244
    0.673891    0.460855    0.161159
    0.681270    0.465256    0.169142
    0.688604    0.469637    0.177191
    0.695890    0.473997    0.185302
    0.703128    0.478334    0.193468
    0.710315    0.482649    0.201684
    0.717450    0.486939    0.209946
    0.724530    0.491204    0.218251
    0.731555    0.495442    0.226608
    0.738522    0.499653    0.235013
    0.745429    0.503835    0.243412
    0.752275    0.507987    0.251833
    0.759059    0.512109    0.260272
    0.765777    0.516197    0.268723
    0.772430    0.520252    0.277182
    0.779015    0.524274    0.285644
    0.785530    0.528262    0.294103
    0.791974    0.532213    0.302555
    0.798345    0.536127    0.310998
    0.804642    0.540002    0.319425
    0.810863    0.543837    0.327830
    0.817006    0.547632    0.336207
    0.823070    0.551386    0.344552
    0.829054    0.555096    0.352874
    0.834956    0.558762    0.361156
    0.840775    0.562382    0.369370
    0.846508    0.565956    0.377531
    0.852155    0.569483    0.385634
    0.857715    0.572960    0.393673
    0.863185    0.576387    0.401644
    0.868565    0.579764    0.409545
    0.873852    0.583090    0.417369
    0.879047    0.586363    0.425109
    0.884147    0.589581    0.432761
    0.889152    0.592745    0.440320
    0.894059    0.595853    0.447781
    0.898869    0.598903    0.455140
    0.903579    0.601895    0.462405
    0.908188    0.604828    0.469551
    0.912695    0.607700    0.476572
    0.917100    0.610512    0.483473
    0.921401    0.613261    0.490248
    0.925597    0.615947    0.496896
    0.929686    0.618569    0.503409
    0.933669    0.621126    0.509784
    0.937544    0.623617    0.516016
    0.941309    0.626041    0.522101
    0.944965    0.628398    0.528035
    0.948509    0.630686    0.533814
    0.951942    0.632904    0.539436
    0.955262    0.635053    0.544895
    0.958469    0.637130    0.550188
    0.961561    0.639135    0.555312
    0.964539    0.641068    0.560263
    0.967400    0.642886    0.565039
    0.970146    0.644263    0.569635
    0.972774    0.645100    0.574050
    0.975284    0.645577    0.578279
    0.977675    0.645792    0.582321
    0.979948    0.645799    0.586172
    0.982101    0.645633    0.589829
    0.984134    0.645313    0.593291
    0.986046    0.644852    0.596553
    0.987838    0.644259    0.599617
    0.989507    0.643542    0.602478
    0.991055    0.642703    0.605135
    0.992480    0.641798    0.607586
    0.993782    0.640725    0.609830
    0.994962    0.639503    0.611864
    0.996018    0.638228    0.613688
    0.996950    0.636865    0.615300
    0.997759    0.635411    0.616741
    0.998443    0.633852    0.618055
    0.999003    0.632226    0.619494
    0.999439    0.630549    0.620851
    0.999751    0.628834    0.622524
    0.999938    0.627116    0.624382
    1.000000    0.625295    0.625295
  BLADE PROFILES IN CARTESIAN COORDINATES (3D) 
  VARIABLES = "X", "YSS", "YPS" "R" 
  BLADE           1  SECTION           1
  -16.423897  -13.231705  -13.231705  281.450592
  -14.479291  -13.059294  -13.059294  281.399017
  -12.745849  -12.905194  -12.905194  281.344208
  -11.200688  -12.767486  -12.767486  281.287842
   -9.823392  -12.644450  -12.644450  281.231354
   -8.595725  -12.534539  -12.534539  281.175751
   -7.501435  -12.436374  -12.436374  281.121979
   -6.526020  -12.348711  -12.348711  281.070465
   -5.656560  -12.270444  -12.270444  281.021729
   -4.881532  -12.200571  -12.200571  280.975861
   -4.190672  -12.138196  -12.138196  280.933044
   -3.574831  -12.082526  -12.082526  280.893433
   -3.025849  -12.032846  -12.032846  280.856812
   -2.536464  -11.988515  -11.988515  280.823212
   -2.100203  -11.948957  -11.948957  280.792419
   -1.711284  -11.913668  -11.913668  280.764343
   -1.364575  -11.882180  -11.882180  280.738770
   -1.055485  -11.854095  -11.854095  280.715485
   -0.779928  -11.829040  -11.829040  280.694519
   -0.534268  -11.806689  -11.806689  280.675476
   -0.315255  -11.786757  -11.786757  280.658325
   -0.120002  -11.768979  -11.768979  280.642822
    0.054076  -11.753122  -11.753122  280.628937
    0.209274  -11.738982  -11.738982  280.616394
    0.347639  -11.726370  -11.726370  280.605133
    0.471000  -11.715123  -11.715123  280.595001
    0.593347  -11.039017  -12.368505  280.576965
    0.721255  -10.735080  -12.649701  280.558105
    0.855239  -10.530981  -12.873210  280.538177
    0.995806  -10.378108  -13.052993  280.516998
    1.143472  -10.233432  -13.194991  280.494690
    1.298748  -10.086237  -13.311073  280.471100
    1.462142   -9.935758  -13.420703  280.446045
    1.634167   -9.781396  -13.530004  280.419403
    1.815333   -9.622643  -13.639125  280.391083
    2.006148   -9.459081  -13.748024  280.361145
    2.207124   -9.290328  -13.856549  280.329254
    2.418767   -9.116149  -13.964474  280.295380
    2.641588   -8.936728  -14.071517  280.259430
    2.876088   -8.750634  -14.178362  280.221222
    3.122668   -8.558292  -14.281862  280.180664
    3.381376   -8.359762  -14.382805  280.137665
    3.652816   -8.155168  -14.480644  280.092133
    3.937648   -7.943544  -14.574766  280.043884
    4.236628   -7.724536  -14.665271  279.992676
    4.550562   -7.497821  -14.750460  279.938385
    4.880346   -7.263095  -14.828300  279.880768
    5.226773   -7.020192  -14.899006  279.819611
    5.590495   -6.768074  -14.961373  279.754791
    5.972718   -6.506449  -15.015821  279.685944
    6.374799   -6.235167  -15.056964  279.612762
    6.798236   -5.952399  -15.084929  279.534943
    7.244700   -5.657667  -15.098158  279.451965
    7.715980   -5.350505  -15.095435  279.363586
    8.217772   -5.026528  -15.071830  279.268494
    8.757306   -4.681882  -15.022826  279.165375
    9.335168   -4.316792  -14.945474  279.053864
    9.950898   -3.931229  -14.836537  278.934021
   10.603002   -3.526657  -14.686642  278.805969
   11.288975   -3.104819  -14.495034  278.670441
   12.005259   -2.667464  -14.260055  278.527985
   12.740270   -2.221705  -13.978280  278.380981
   13.482284   -1.774369  -13.653840  278.232147
   14.227320   -1.327155  -13.289142  278.082489
   14.972143   -0.881711  -12.887033  277.932739
   15.714272   -0.439104  -12.448486  277.783752
   16.451958    0.000000  -11.973543  277.636047
   17.184183    0.435367  -11.465617  277.489868
   17.915913    0.870276  -10.922200  277.344879
   18.650492    1.306967  -10.340952  277.200287
   19.387339    1.745380   -9.722232  277.056549
   20.125523    2.185213   -9.066863  276.913971
   20.863733    2.625924   -8.376198  276.773285
   21.600302    3.066637   -7.652208  276.634705
   22.333153    3.506505   -6.897569  276.499146
   23.055792    3.941684   -6.120228  276.367706
   23.764174    4.369849   -5.326138  276.241394
   24.456348    4.789886   -4.519907  276.120422
   25.130753    5.200852   -3.704062  276.005219
   25.786221    5.601989   -2.886278  275.895874
   26.421894    5.992645   -2.068082  275.792389
   27.037331    6.372691   -1.252511  275.694855
   27.634762    6.743321   -0.438538  275.602661
   28.214754    7.104847    0.373154  275.515808
   28.777317    7.457136    1.178646  275.433929
   29.322430    7.799973    1.976933  275.356995
   29.850056    8.133471    2.766693  275.285004
   30.360184    8.457398    3.545784  275.217651
   30.852814    8.771630    4.313300  275.154755
   31.327900    9.076035    5.066204  275.096283
   31.785429    9.370496    5.803861  275.042023
   32.225384    9.654860    6.524593  274.991730
   32.647736    9.929255    7.227019  274.945221
   33.052475   10.066566    7.909826  274.902405
   33.439564    9.996993    8.571665  274.863068
   33.808990    9.370866    9.370550  274.826996
   34.179520    9.813170    9.813012  274.800568
   34.571232   10.280861   10.280861  274.772705
   34.985329   10.775213   10.775213  274.743378
   35.423107   11.297747   11.297747  274.712433
   35.885880   11.850060   11.850060  274.679901
   36.375103   12.433844   12.433844  274.645508
   36.892277   13.050893   13.050893  274.609131
   37.438980   13.703088   13.703088  274.570526
   38.016907   14.392422   14.392422  274.529510
   38.627758   15.120970   15.120970  274.485474
   39.273476   15.890973   15.890973  274.438446
   39.956017   16.704781   16.704781  274.388184
   40.677498   17.564873   17.564873  274.334564
   41.440121   18.473856   18.473856  274.277222
   42.246220   19.434492   19.434492  274.215698
  BLADE PROFILES IN CARTESIAN COORDINATES (2D) BEFORE   PROJECTION, SCALING, MESHING AND STACKING 
  VARIABLES = "X", "YSS", "YPS" 
  BLADE           1  SECTION           2
    0.000000    0.001605    0.001605
    0.000062    0.002890   -0.002175
    0.000249    0.005435   -0.004269
    0.000561    0.008135   -0.006272
    0.000997    0.011003   -0.008491
    0.001557    0.013854   -0.010728
    0.002241    0.016681   -0.013000
    0.003050    0.019496   -0.015318
    0.003982    0.022293   -0.017709
    0.005038    0.025045   -0.020163
    0.006218    0.027713   -0.022656
    0.007520    0.030280   -0.025164
    0.008945    0.032680   -0.027660
    0.010493    0.034910   -0.030115
    0.012162    0.036971   -0.032500
    0.013954    0.038895   -0.034781
    0.015866    0.040761   -0.036921
    0.017899    0.042681   -0.038930
    0.020052    0.044679   -0.040790
    0.022325    0.046752   -0.042538
    0.024716    0.048885   -0.044197
    0.027226    0.051106   -0.045871
    0.029854    0.053398   -0.047574
    0.032600    0.055757   -0.049304
    0.035461    0.058183   -0.051056
    0.038439    0.060674   -0.052828
    0.041531    0.063227   -0.054616
    0.044738    0.065842   -0.056416
    0.048058    0.068517   -0.058225
    0.051491    0.071249   -0.060039
    0.055036    0.074038   -0.061853
    0.058691    0.076881   -0.063665
    0.062456    0.079778   -0.065471
    0.066331    0.082726   -0.067267
    0.070314    0.085721   -0.069050
    0.074403    0.088752   -0.070816
    0.078599    0.091845   -0.072565
    0.082900    0.094985   -0.074315
    0.087305    0.098169   -0.076005
    0.091812    0.101396   -0.077659
    0.096421    0.104666   -0.079277
    0.101131    0.107978   -0.080855
    0.105941    0.111329   -0.082391
    0.110848    0.114715   -0.083880
    0.115853    0.118127   -0.085319
    0.120953    0.121588   -0.086705
    0.126148    0.125085   -0.088034
    0.131435    0.128616   -0.089307
    0.136815    0.132180   -0.090551
    0.142285    0.135777   -0.091680
    0.147845    0.139404   -0.092736
    0.153492    0.143046   -0.093719
    0.159225    0.146730   -0.094624
    0.165044    0.150443   -0.095449
    0.170946    0.154184   -0.096191
    0.176930    0.157951   -0.096846
    0.182994    0.161744   -0.097420
    0.189138    0.165560   -0.097936
    0.195358    0.169387   -0.098307
    0.201655    0.173249   -0.098573
    0.208026    0.177133   -0.098738
    0.214470    0.181039   -0.098800
    0.220986    0.184965   -0.098755
    0.227570    0.188912   -0.098601
    0.234223    0.192876   -0.098336
    0.240941    0.196848   -0.097967
    0.247725    0.200847   -0.097519
    0.254571    0.204864   -0.096900
    0.261478    0.208897   -0.096152
    0.268445    0.212945   -0.095281
    0.275470    0.217009   -0.094286
    0.282550    0.221085   -0.093165
    0.289685    0.225166   -0.091916
    0.296872    0.229269   -0.090538
    0.304110    0.233384   -0.089042
    0.311396    0.237510   -0.087448
    0.318730    0.241647   -0.085673
    0.326109    0.245795   -0.083749
    0.333531    0.249953   -0.081688
    0.340994    0.254119   -0.079489
    0.348497    0.258292   -0.077152
    0.356038    0.262468   -0.074676
    0.363615    0.266658   -0.072061
    0.371226    0.270854   -0.069305
    0.378869    0.275056   -0.066409
    0.386542    0.279264   -0.063386
    0.394243    0.283477   -0.060258
    0.401971    0.287694   -0.056939
    0.409723    0.291915   -0.053476
    0.417498    0.296138   -0.049863
    0.425293    0.300364   -0.046110
    0.433107    0.304592   -0.042216
    0.440937    0.308821   -0.038183
    0.448783    0.313048   -0.034011
    0.456641    0.317278   -0.029700
    0.464509    0.321508   -0.025252
    0.472387    0.325737   -0.020668
    0.480272    0.329964   -0.015949
    0.488161    0.334189   -0.011095
    0.496053    0.338411   -0.006109
    0.503947    0.342629   -0.000992
    0.511839    0.346843    0.004255
    0.519729    0.351052    0.009629
    0.527613    0.355256    0.015113
    0.535491    0.359453    0.020689
    0.543360    0.363644    0.026435
    0.551217    0.367827    0.032301
    0.559063    0.372002    0.038283
    0.566893    0.376167    0.044381
    0.574707    0.380324    0.050590
    0.582502    0.384469    0.056909
    0.590277    0.388604    0.063334
    0.598029    0.392728    0.069863
    0.605757    0.396838    0.076492
    0.613458    0.400936    0.083219
    0.621131    0.405019    0.090040
    0.628774    0.409088    0.096952
    0.636385    0.413141    0.103951
    0.643962    0.417177    0.111034
    0.651503    0.421197    0.118198
    0.659006    0.425199    0.125438
    0.666469    0.429182    0.132767
    0.673891    0.433146    0.140187
    0.681270    0.437089    0.147634
    0.688604    0.441011    0.155141
    0.695890    0.444911    0.162705
    0.703128    0.448788    0.170322
    0.710315    0.452642    0.177987
    0.717450    0.456471    0.185697
    0.724530    0.460274    0.193447
    0.731555    0.464051    0.201232
    0.738522    0.467800    0.209048
    0.745429    0.471522    0.216890
    0.752275    0.475215    0.224755
    0.759059    0.478878    0.232637
    0.765777    0.482510    0.240532
    0.772430    0.486111    0.248437
    0.779015    0.489680    0.256348
    0.785530    0.493215    0.264258
    0.791974    0.496715    0.272163
    0.798345    0.500181    0.280056
    0.804642    0.503610    0.287934
    0.810863    0.507003    0.295807
    0.817006    0.510357    0.303659
    0.823070    0.513672    0.311460
    0.829054    0.516948    0.319227
    0.834956    0.520183    0.326954
    0.840775    0.523375    0.334637
    0.846508    0.526525    0.342270
    0.852155    0.529633    0.349850
    0.857715    0.532696    0.357374
    0.863185    0.535713    0.364836
    0.868565    0.538685    0.372229
    0.873852    0.541610    0.379551
    0.879047    0.544487    0.386794
    0.884147    0.547315    0.393955
    0.889152    0.550094    0.401030
    0.894059    0.552822    0.408026
    0.898869    0.555499    0.414922
    0.903579    0.558124    0.421708
    0.908188    0.560696    0.428390
    0.912695    0.563214    0.434964
    0.917100    0.565678    0.441425
    0.921401    0.568086    0.447771
    0.925597    0.570438    0.453995
    0.929686    0.572733    0.460093
    0.933669    0.574971    0.466062
    0.937544    0.577150    0.471898
    0.941309    0.579270    0.477596
    0.944965    0.581331    0.483154
    0.948509    0.583331    0.488566
    0.951942    0.585269    0.493831
    0.955262    0.587146    0.498943
    0.958469    0.588961    0.503901
    0.961561    0.590712    0.508700
    0.964539    0.592400    0.513338
    0.967400    0.594003    0.517812
    0.970146    0.595229    0.522117
    0.972774    0.595908    0.526252
    0.975284    0.596227    0.530214
    0.977675    0.596287    0.534000
    0.979948    0.596146    0.537607
    0.982101    0.595839    0.541034
    0.984134    0.595388    0.544277
    0.986046    0.594805    0.547333
    0.987838    0.594101    0.550203
    0.989507    0.593282    0.552884
    0.991055    0.592353    0.555374
    0.992480    0.591355    0.557671
    0.993782    0.590212    0.559772
    0.994962    0.588946    0.561678
    0.996018    0.587624    0.563387
    0.996950    0.586215    0.564897
    0.997759    0.584704    0.566256
    0.998443    0.583124    0.567490
    0.999003    0.581489    0.568886
    0.999439    0.579815    0.570226
    0.999751    0.578128    0.571806
    0.999938    0.576620    0.573610
    1.000000    0.574432    0.574432
  BLADE PROFILES IN CARTESIAN COORDINATES (3D) 
  VARIABLES = "X", "YSS", "YPS" "R" 
  BLADE           1  SECTION           2
  -17.618141  -12.839984  -12.839984  298.790527
  -15.619795  -12.675214  -12.675214  298.787354
  -13.838062  -12.528291  -12.528291  298.784302
  -12.249457  -12.397290  -12.397290  298.781464
  -10.833052  -12.280484  -12.280484  298.778748
   -9.570184  -12.176338  -12.176338  298.776276
   -8.444207  -12.083482  -12.083482  298.774048
   -7.440279  -12.000690  -12.000690  298.772034
   -6.545176  -11.926875  -11.926875  298.770294
   -5.747097  -11.861061  -11.861061  298.768677
   -5.035529  -11.802380  -11.802380  298.767242
   -4.401091  -11.750060  -11.750060  298.766022
   -3.835424  -11.703414  -11.703414  298.764954
   -3.331076  -11.661825  -11.661825  298.763916
   -2.881393  -11.624744  -11.624744  298.763123
   -2.480456  -11.591682  -11.591682  298.762329
   -2.122981  -11.562204  -11.562204  298.761658
   -1.804254  -11.535921  -11.535921  298.761078
   -1.520074  -11.512488  -11.512488  298.760498
   -1.266703  -11.491596  -11.491596  298.760071
   -1.040791  -11.472967  -11.472967  298.759674
   -0.839372  -11.456359  -11.456359  298.759308
   -0.659783  -11.441551  -11.441551  298.758911
   -0.499660  -11.428349  -11.428349  298.758698
   -0.356896  -11.416576  -11.416576  298.758423
   -0.229606  -11.406081  -11.406081  298.758209
   -0.102317  -10.728987  -12.060433  298.758057
    0.030776  -10.421366  -12.345318  298.758087
    0.170203  -10.213882  -12.570560  298.758209
    0.316502  -10.060123  -12.750337  298.758362
    0.470207   -9.916236  -12.892864  298.758453
    0.631851   -9.770541  -13.010654  298.758636
    0.801974   -9.621087  -13.122546  298.758820
    0.981105   -9.467888  -13.234269  298.758911
    1.169779   -9.310443  -13.345962  298.759064
    1.368535   -9.148343  -13.457593  298.759308
    1.577903   -8.981228  -13.569030  298.759460
    1.798421   -8.808776  -13.680056  298.759644
    2.030623   -8.630693  -13.790375  298.759949
    2.275043   -8.447107  -13.899610  298.760223
    2.532090   -8.257555  -14.007635  298.760437
    2.801838   -8.061785  -14.113836  298.760834
    3.084905   -7.859793  -14.216040  298.761230
    3.382001   -7.651235  -14.314826  298.761536
    3.693907   -7.436110  -14.409549  298.761993
    4.021486   -7.213767  -14.499460  298.762451
    4.365672   -6.983376  -14.584072  298.762939
    4.727295   -6.744876  -14.662514  298.763489
    5.107051   -6.498614  -14.731508  298.764038
    5.506208   -6.242991  -14.791396  298.764740
    5.926190   -5.977726  -14.840787  298.765411
    6.368577   -5.702141  -14.879852  298.766205
    6.835111   -5.415814  -14.902271  298.767029
    7.327680   -5.116992  -14.908271  298.767914
    7.852249   -4.802771  -14.895279  298.768860
    8.416385   -4.469555  -14.861509  298.769989
    9.020703   -4.116544  -14.797311  298.771149
    9.664746   -3.744896  -14.701102  298.772461
   10.346956   -3.355931  -14.569107  298.773834
   11.064699   -2.950863  -14.397720  298.775360
   11.814264   -2.532135  -14.179833  298.776855
   12.583511   -2.106613  -13.918532  298.778564
   13.360104   -1.680277  -13.617964  298.780121
   14.139900   -1.255222  -13.276985  298.781860
   14.919473   -0.832911  -12.896571  298.783539
   15.696181   -0.414390  -12.480345  298.785156
   16.468176    0.000000  -12.030140  298.786774
   17.234365    0.409920  -11.547633  298.788422
   17.999941    0.818480  -11.030495  298.789948
   18.768328    1.227816  -10.478075  298.791443
   19.538933    1.637866   -9.886928  298.792969
   20.310728    2.048365   -9.259865  298.794373
   21.082317    2.458818   -8.598199  298.795776
   21.851940    2.868515   -7.903845  298.797058
   22.617397    3.276516   -7.179429  298.798431
   23.371902    3.679370   -6.430583  298.799500
   24.111179    4.074958   -5.667516  298.800537
   24.833242    4.462303   -4.892343  298.801453
   25.536453    4.840525   -4.109237  298.802216
   26.219549    5.209144   -3.322022  298.802948
   26.881723    5.567633   -2.533931  298.803558
   27.522465    5.915747   -1.747928  298.804077
   28.144167    6.254718   -0.962512  298.804504
   28.747408    6.584842   -0.181189  298.804718
   29.332203    6.905996    0.595181  298.805054
   29.898554    7.218279    1.365183  298.805115
   30.446440    7.521549    2.126829  298.805237
   30.975895    7.815745    2.878999  298.805237
   31.486898    8.100786    3.618690  298.805115
   31.979456    8.376587    4.345193  298.804993
   32.453568    8.643058    5.056923  298.804749
   32.909222    8.900114    5.752385  298.804504
   33.346436    9.148044    6.430226  298.804291
   33.765205    9.264620    7.089150  298.803925
   34.165524    9.168977    7.727839  298.803467
   34.547390    8.504719    8.504353  298.803101
   34.929260    8.923237    8.923055  298.802063
   35.332939    9.365850    9.365850  298.800812
   35.759674    9.833746    9.833746  298.799622
   36.210777   10.328365   10.328365  298.798462
   36.687641   10.851235   10.851235  298.797455
   37.191757   11.403978   11.403978  298.796539
   37.724636   11.988295   11.988295  298.795807
   38.287968   12.605989   12.605989  298.795288
   38.883461   13.258978   13.258978  298.794983
   39.512970   13.949284   13.949284  298.795349
   40.178440   14.679037   14.679037  298.796082
   40.881908   15.450487   15.450487  298.797302
   41.625553   16.266024   16.266024  298.798981
   42.411671   17.128170   17.128170  298.801239
   43.242680   18.039568   18.039568  298.804108
  BLADE PROFILES IN CARTESIAN COORDINATES (2D) BEFORE   PROJECTION, SCALING, MESHING AND STACKING 
  VARIABLES = "X", "YSS", "YPS" 
  BLADE           1  SECTION           3
    0.000000   -0.000481   -0.000481
    0.000062    0.002675   -0.002084
    0.000249    0.005187   -0.004175
    0.000561    0.007827   -0.006187
    0.000997    0.010611   -0.008372
    0.001557    0.013401   -0.010578
    0.002241    0.016152   -0.012817
    0.003050    0.018905   -0.015108
    0.003982    0.021651   -0.017473
    0.005038    0.024368   -0.019900
    0.006218    0.027003   -0.022361
    0.007520    0.029523   -0.024824
    0.008945    0.031902   -0.027268
    0.010493    0.034119   -0.029677
    0.012162    0.036172   -0.032013
    0.013954    0.038085   -0.034246
    0.015866    0.039931   -0.036349
    0.017899    0.041811   -0.038306
    0.020052    0.043765   -0.040116
    0.022325    0.045792   -0.041806
    0.024716    0.047892   -0.043442
    0.027226    0.050061   -0.045096
    0.029854    0.052299   -0.046781
    0.032600    0.054600   -0.048495
    0.035461    0.056952   -0.050253
    0.038439    0.059381   -0.052010
    0.041531    0.061871   -0.053784
    0.044738    0.064419   -0.055569
    0.048058    0.067025   -0.057363
    0.051491    0.069686   -0.059164
    0.055036    0.072401   -0.060966
    0.058691    0.075168   -0.062768
    0.062456    0.077986   -0.064566
    0.066331    0.080853   -0.066355
    0.070314    0.083768   -0.068132
    0.074403    0.086729   -0.069894
    0.078599    0.089735   -0.071637
    0.082900    0.092767   -0.073358
    0.087305    0.095856   -0.075053
    0.091812    0.098986   -0.076724
    0.096421    0.102155   -0.078388
    0.101131    0.105363   -0.079982
    0.105941    0.108608   -0.081532
    0.110848    0.111888   -0.083039
    0.115853    0.115203   -0.084499
    0.120953    0.118551   -0.085908
    0.126148    0.121927   -0.087264
    0.131435    0.125323   -0.088564
    0.136815    0.128761   -0.089803
    0.142285    0.132229   -0.090978
    0.147845    0.135724   -0.092093
    0.153492    0.139247   -0.093172
    0.159225    0.142794   -0.094131
    0.165044    0.146367   -0.095012
    0.170946    0.149947   -0.095814
    0.176930    0.153564   -0.096533
    0.182994    0.157203   -0.097167
    0.189138    0.160862   -0.097714
    0.195358    0.164542   -0.098171
    0.201655    0.168241   -0.098534
    0.208026    0.171959   -0.098807
    0.214470    0.175691   -0.099022
    0.220986    0.179429   -0.099078
    0.227570    0.183194   -0.099030
    0.234223    0.186975   -0.098876
    0.240941    0.190769   -0.098614
    0.247725    0.194578   -0.098242
    0.254571    0.198399   -0.097758
    0.261478    0.202231   -0.097159
    0.268445    0.206063   -0.096454
    0.275470    0.209916   -0.095667
    0.282550    0.213779   -0.094711
    0.289685    0.217652   -0.093622
    0.296872    0.221533   -0.092410
    0.304110    0.225422   -0.091074
    0.311396    0.229318   -0.089611
    0.318730    0.233221   -0.088021
    0.326109    0.237126   -0.086303
    0.333531    0.241032   -0.084454
    0.340994    0.244949   -0.082489
    0.348497    0.248871   -0.080426
    0.356038    0.252797   -0.078184
    0.363615    0.256725   -0.075803
    0.371226    0.260656   -0.073281
    0.378869    0.264588   -0.070627
    0.386542    0.268521   -0.067838
    0.394243    0.272455   -0.064914
    0.401971    0.276387   -0.061857
    0.409723    0.280314   -0.058665
    0.417498    0.284246   -0.055339
    0.425293    0.288176   -0.051878
    0.433107    0.292104   -0.048285
    0.440937    0.296030   -0.044572
    0.448783    0.299952   -0.040760
    0.456641    0.303870   -0.036769
    0.464509    0.307783   -0.032646
    0.472387    0.311692   -0.028393
    0.480272    0.315595   -0.024006
    0.488161    0.319492   -0.019489
    0.496053    0.323382   -0.014847
    0.503947    0.327264   -0.010080
    0.511839    0.331139   -0.005190
    0.519729    0.335005   -0.000178
    0.527613    0.338863    0.004953
    0.535491    0.342711    0.010203
    0.543360    0.346548    0.015568
    0.551217    0.350373    0.021047
    0.559063    0.354189    0.026637
    0.566893    0.357993    0.032337
    0.574707    0.361785    0.038143
    0.582502    0.365564    0.044054
    0.590277    0.369329    0.050066
    0.598029    0.373080    0.056177
    0.605757    0.376815    0.062384
    0.613458    0.380536    0.068683
    0.621131    0.384240    0.075073
    0.628774    0.387927    0.081550
    0.636385    0.391597    0.088110
    0.643962    0.395249    0.094750
    0.651503    0.398882    0.101468
    0.659006    0.402496    0.108258
    0.666469    0.406090    0.115119
    0.673891    0.409663    0.122045
    0.681270    0.413215    0.129034
    0.688604    0.416745    0.136081
    0.695890    0.420252    0.143184
    0.703128    0.423735    0.150337
    0.710315    0.427195    0.157536
    0.717450    0.430629    0.164779
    0.724530    0.434039    0.172060
    0.731555    0.437422    0.179376
    0.738522    0.440778    0.186724
    0.745429    0.444107    0.194100
    0.752275    0.447407    0.201498
    0.759059    0.450678    0.208913
    0.765777    0.453920    0.216341
    0.772430    0.457131    0.223778
    0.779015    0.460310    0.231219
    0.785530    0.463458    0.238674
    0.791974    0.466573    0.246133
    0.798345    0.469655    0.253558
    0.804642    0.472703    0.260970
    0.810863    0.475716    0.268363
    0.817006    0.478693    0.275734
    0.823070    0.481633    0.283077
    0.829054    0.484537    0.290388
    0.834956    0.487403    0.297662
    0.840775    0.490231    0.304896
    0.846508    0.493019    0.312088
    0.852155    0.495768    0.319229
    0.857715    0.498476    0.326316
    0.863185    0.501142    0.333343
    0.868565    0.503766    0.340306
    0.873852    0.506348    0.347202
    0.879047    0.508886    0.354025
    0.884147    0.511380    0.360784
    0.889152    0.513830    0.367458
    0.894059    0.516233    0.374036
    0.898869    0.518590    0.380525
    0.903579    0.520901    0.386919
    0.908188    0.523164    0.393216
    0.912695    0.525379    0.399413
    0.917100    0.527544    0.405503
    0.921401    0.529660    0.411484
    0.925597    0.531726    0.417350
    0.929686    0.533742    0.423098
    0.933669    0.535706    0.428724
    0.937544    0.537619    0.434224
    0.941309    0.539479    0.439596
    0.944965    0.541286    0.444834
    0.948509    0.543039    0.449937
    0.951942    0.544739    0.454900
    0.955262    0.546383    0.459720
    0.958469    0.547973    0.464394
    0.961561    0.549506    0.468919
    0.964539    0.550984    0.473292
    0.967400    0.552405    0.477510
    0.970146    0.553530    0.481569
    0.972774    0.554089    0.485469
    0.975284    0.554280    0.489205
    0.977675    0.554213    0.492775
    0.979948    0.553947    0.496177
    0.982101    0.553521    0.499408
    0.984134    0.552957    0.502466
    0.986046    0.552269    0.505350
    0.987838    0.551468    0.508055
    0.989507    0.550560    0.510583
    0.991055    0.549551    0.512931
    0.992480    0.548466    0.515097
    0.993782    0.547260    0.517079
    0.994962    0.545960    0.518876
    0.996018    0.544578    0.520488
    0.996950    0.543108    0.521912
    0.997759    0.541566    0.523203
    0.998443    0.539965    0.524372
    0.999003    0.538319    0.525739
    0.999439    0.536649    0.527076
    0.999751    0.535004    0.528570
    0.999938    0.533381    0.530321
    1.000000    0.531058    0.531058
  BLADE PROFILES IN CARTESIAN COORDINATES (3D) 
  VARIABLES = "X", "YSS", "YPS" "R" 
  BLADE           1  SECTION           3
  -19.236664  -12.867352  -12.867352  316.080902
  -17.128218  -12.705035  -12.705035  316.126160
  -15.248601  -12.560673  -12.560673  316.176056
  -13.573046  -12.432255  -12.432255  316.228516
  -12.079427  -12.317999  -12.317999  316.281982
  -10.748007  -12.216324  -12.216324  316.335083
   -9.561170  -12.125828  -12.125828  316.386993
   -8.503219  -12.045266  -12.045266  316.436951
   -7.560145  -11.973544  -11.973544  316.484497
   -6.719468  -11.909676  -11.909676  316.529388
   -5.970062  -11.852798  -11.852798  316.571350
   -5.302009  -11.802137  -11.802137  316.610382
   -4.706470  -11.757010  -11.757010  316.646454
   -4.175568  -11.716807  -11.716807  316.679749
   -3.702279  -11.680992  -11.680992  316.710205
   -3.280349  -11.649079  -11.649079  316.737976
   -2.904201  -11.620643  -11.620643  316.763367
   -2.568858  -11.595302  -11.595302  316.786407
   -2.269898  -11.572721  -11.572721  316.807281
   -2.003366  -11.552592  -11.552592  316.826172
   -1.765742  -11.534657  -11.534657  316.843170
   -1.553895  -11.518669  -11.518669  316.858612
   -1.365021  -11.504419  -11.504419  316.872437
   -1.196632  -11.491715  -11.491715  316.884949
   -1.046501  -11.480392  -11.480392  316.896179
   -0.912654  -11.470301  -11.470301  316.906250
   -0.779720  -10.772628  -12.145810  316.916351
   -0.640738  -10.453436  -12.442846  316.931183
   -0.495159  -10.236690  -12.676339  316.950470
   -0.342419  -10.076324  -12.862949  316.970947
   -0.181969   -9.928441  -13.010038  316.992676
   -0.013249   -9.778352  -13.132093  317.015656
    0.164294   -9.625120  -13.249509  317.040070
    0.351214   -9.468689  -13.367709  317.066010
    0.548069   -9.307650  -13.485526  317.093567
    0.755410   -9.141837  -13.603155  317.122833
    0.973792   -8.971015  -13.720737  317.154053
    1.203766   -8.794861  -13.838075  317.187195
    1.445886   -8.613105  -13.954882  317.222443
    1.700705   -8.425484  -14.070783  317.260010
    1.968650   -8.232005  -14.185290  317.299957
    2.249775   -8.033159  -14.297700  317.342377
    2.544734   -7.827682  -14.408554  317.387177
    2.854254   -7.615741  -14.515178  317.434906
    3.179139   -7.396979  -14.617465  317.485565
    3.520289   -7.171028  -14.715128  317.539307
    3.878660   -6.938197  -14.807314  317.596436
    4.255121   -6.696850  -14.893014  317.657227
    4.650369   -6.447372  -14.972668  317.721771
    5.065733   -6.189169  -15.041224  317.790436
    5.502678   -5.922297  -15.099332  317.863525
    5.962838   -5.644833  -15.145514  317.941437
    6.448020   -5.356499  -15.177889  318.024506
    6.960171   -5.056780  -15.196143  318.113159
    7.505481   -4.742232  -15.192714  318.208710
    8.091813   -4.408488  -15.166931  318.312561
    8.719782   -4.056330  -15.114379  318.424988
    9.388908   -3.686192  -15.031923  318.546051
   10.097563   -3.299260  -14.910331  318.675385
   10.843017   -2.897576  -14.748560  318.812775
   11.621408   -2.483621  -14.544878  318.957397
   12.420140   -2.063419  -14.295782  319.106689
   13.226460   -1.643712  -14.004247  319.258118
   14.036059   -1.226642  -13.672852  319.410675
   14.845411   -0.812960  -13.303315  319.563568
   15.651814   -0.403901  -12.899538  319.715851
   16.453363    0.000000  -12.458823  319.866943
   17.248978    0.398573  -11.984867  320.016541
   18.044018    0.794867  -11.475751  320.165161
   18.842119    1.190935  -10.929309  320.313629
   19.642677    1.586802  -10.345900  320.461243
   20.444643    1.982236   -9.726314  320.607635
   21.246593    2.376716   -9.071851  320.752380
   22.046730    2.769587   -8.384416  320.894897
   22.842810    3.159961   -7.666587  321.034546
   23.627747    3.544571   -6.925992  321.170013
   24.397150    3.921428   -6.168694  321.300201
   25.148916    4.289672   -5.399004  321.424927
   25.881361    4.648608   -4.620925  321.543823
   26.593201    4.997705   -3.838112  321.656738
   27.283493    5.336582   -3.054309  321.763611
   27.951777    5.665062   -2.271281  321.864410
   28.600477    5.984343   -1.491146  321.959656
   29.230223    6.294777   -0.713719  322.049438
   29.840994    6.596390    0.059297  322.134064
   30.432774    6.889156    0.825983  322.213531
   31.005575    7.173069    1.584663  322.287964
   31.559341    7.448091    2.333540  322.357544
   32.094070    7.714186    3.070302  322.422577
   32.609737    7.971283    3.794080  322.483124
   33.106327    8.219405    4.503143  322.539215
   33.583820    8.458482    5.196057  322.591248
   34.042187    8.688896    5.871475  322.639313
   34.481411    8.791595    6.528102  322.683502
   34.901466    8.668631    7.164527  322.724182
   35.302341    7.944013    7.943621  322.761444
   35.704315    8.353009    8.352814  322.792328
   36.129250    8.785613    8.785613  322.819763
   36.578457    9.242966    9.242966  322.848938
   37.053288    9.726493    9.726493  322.880066
   37.555225   10.237699   10.237699  322.913269
   38.085800   10.778173   10.778173  322.948792
   38.646641   11.349599   11.349599  322.987000
   39.239460   11.953765   11.953765  323.028046
   39.866043   12.592566   12.592566  323.072510
   40.528282   13.268010   13.268010  323.121429
   41.228260   13.982203   13.982203  323.174408
   41.968082   14.737381   14.737381  323.231934
   42.750015   15.535914   15.535914  323.294495
   43.576435   16.380316   16.380316  323.362549
   44.448421   17.273733   17.273733  323.442902
  BLADE PROFILES IN CARTESIAN COORDINATES (2D) BEFORE   PROJECTION, SCALING, MESHING AND STACKING 
  VARIABLES = "X", "YSS", "YPS" 
  BLADE           2  SECTION           1
    0.000000   -0.001492   -0.001492
    0.000062    0.001149   -0.003837
    0.000249    0.004150   -0.006033
    0.000561    0.007584   -0.008106
    0.000997    0.011279   -0.010159
    0.001557    0.014707   -0.012216
    0.002241    0.017861   -0.014332
    0.003050    0.020957   -0.016498
    0.003982    0.023966   -0.018779
    0.005038    0.026886   -0.021189
    0.006218    0.029687   -0.023723
    0.007520    0.032340   -0.026345
    0.008945    0.034835   -0.028997
    0.010493    0.037174   -0.031631
    0.012162    0.039314   -0.034201
    0.013954    0.041314   -0.036660
    0.015866    0.043230   -0.038963
    0.017899    0.045167   -0.041069
    0.020052    0.047144   -0.042954
    0.022325    0.049158   -0.044698
    0.024716    0.051206   -0.046363
    0.027226    0.053284   -0.048033
    0.029854    0.055386   -0.049724
    0.032600    0.057511   -0.051433
    0.035461    0.059653   -0.053158
    0.038439    0.061808   -0.054899
    0.041531    0.063975   -0.056654
    0.044738    0.066148   -0.058421
    0.048058    0.068329   -0.060199
    0.051491    0.070537   -0.061988
    0.055036    0.072709   -0.063783
    0.058691    0.074868   -0.065564
    0.062456    0.077016   -0.067376
    0.066331    0.079150   -0.069195
    0.070314    0.081265   -0.071020
    0.074403    0.083360   -0.072851
    0.078599    0.085430   -0.074687
    0.082900    0.087473   -0.076528
    0.087305    0.089485   -0.078373
    0.091812    0.091463   -0.080223
    0.096421    0.093404   -0.082076
    0.101131    0.095310   -0.083931
    0.105941    0.097204   -0.085771
    0.110848    0.099011   -0.087632
    0.115853    0.100763   -0.089497
    0.120953    0.102463   -0.091365
    0.126148    0.104107   -0.093236
    0.131435    0.105693   -0.095111
    0.136815    0.107217   -0.096989
    0.142285    0.108677   -0.098871
    0.147845    0.110071   -0.100755
    0.153492    0.111395   -0.102631
    0.159225    0.112650   -0.104523
    0.165044    0.113867   -0.106420
    0.170946    0.114956   -0.108322
    0.176930    0.115964   -0.110230
    0.182994    0.116890   -0.112143
    0.189138    0.117730   -0.114062
    0.195358    0.118484   -0.115978
    0.201655    0.119149   -0.117909
    0.208026    0.119722   -0.119848
    0.214470    0.120207   -0.121795
    0.220986    0.120636   -0.123749
    0.227570    0.120911   -0.125713
    0.234223    0.121083   -0.127686
    0.240941    0.121155   -0.129668
    0.247725    0.121123   -0.131655
    0.254571    0.120986   -0.133659
    0.261478    0.120743   -0.135673
    0.268445    0.120391   -0.137699
    0.275470    0.119939   -0.139738
    0.282550    0.119413   -0.141789
    0.289685    0.118721   -0.143853
    0.296872    0.117910   -0.145931
    0.304110    0.116984   -0.148024
    0.311396    0.115942   -0.150132
    0.318730    0.114783   -0.152255
    0.326109    0.113508   -0.154394
    0.333531    0.112114   -0.156550
    0.340994    0.110601   -0.158721
    0.348497    0.108976   -0.160910
    0.356038    0.107272   -0.163117
    0.363615    0.105392   -0.165346
    0.371226    0.103386   -0.167590
    0.378869    0.101258   -0.169852
    0.386542    0.099010   -0.172134
    0.394243    0.096641   -0.174435
    0.401971    0.094151   -0.176755
    0.409723    0.091540   -0.179095
    0.417498    0.088808   -0.181456
    0.425293    0.085956   -0.183836
    0.433107    0.082984   -0.186238
    0.440937    0.079893   -0.188661
    0.448783    0.076687   -0.191112
    0.456641    0.073411   -0.193577
    0.464509    0.069959   -0.196063
    0.472387    0.066390   -0.198570
    0.480272    0.062707   -0.201098
    0.488161    0.058910   -0.203647
    0.496053    0.055001   -0.206217
    0.503947    0.050981   -0.208808
    0.511839    0.046851   -0.211419
    0.519729    0.042614   -0.214051
    0.527613    0.038270   -0.216704
    0.535491    0.033822   -0.219376
    0.543360    0.029271   -0.222068
    0.551217    0.024619   -0.224779
    0.559063    0.019868   -0.227510
    0.566893    0.015021   -0.230259
    0.574707    0.010079   -0.233026
    0.582502    0.005045   -0.235812
    0.590277   -0.000078   -0.238614
    0.598029   -0.005290   -0.241434
    0.605757   -0.010585   -0.244269
    0.613458   -0.015963   -0.247120
    0.621131   -0.021421   -0.249986
    0.628774   -0.026955   -0.252866
    0.636385   -0.032563   -0.255760
    0.643962   -0.038242   -0.258666
    0.651503   -0.043988   -0.261584
    0.659006   -0.049800   -0.264513
    0.666469   -0.055672   -0.267453
    0.673891   -0.061604   -0.270401
    0.681270   -0.067590   -0.273358
    0.688604   -0.073628   -0.276322
    0.695890   -0.079715   -0.279293
    0.703128   -0.085846   -0.282269
    0.710315   -0.092019   -0.285249
    0.717450   -0.098230   -0.288232
    0.724530   -0.104475   -0.291218
    0.731555   -0.110751   -0.294204
    0.738522   -0.117053   -0.297190
    0.745429   -0.123379   -0.300175
    0.752275   -0.129725   -0.303157
    0.759059   -0.136086   -0.306135
    0.765777   -0.142459   -0.309108
    0.772430   -0.148840   -0.312074
    0.779015   -0.155225   -0.315033
    0.785530   -0.161611   -0.317983
    0.791974   -0.167993   -0.320921
    0.798345   -0.174367   -0.323839
    0.804642   -0.180730   -0.326754
    0.810863   -0.187078   -0.329655
    0.817006   -0.193407   -0.332540
    0.823070   -0.199712   -0.335408
    0.829054   -0.205991   -0.338258
    0.834956   -0.212239   -0.341087
    0.840775   -0.218480   -0.343895
    0.846508   -0.224655   -0.346680
    0.852155   -0.230787   -0.349440
    0.857715   -0.236872   -0.352175
    0.863185   -0.242906   -0.354882
    0.868565   -0.248886   -0.357561
    0.873852   -0.254808   -0.360210
    0.879047   -0.260667   -0.362827
    0.884147   -0.266460   -0.365411
    0.889152   -0.272184   -0.367961
    0.894059   -0.277835   -0.370475
    0.898869   -0.283408   -0.372945
    0.903579   -0.288901   -0.375385
    0.908188   -0.294310   -0.377784
    0.912695   -0.299631   -0.380143
    0.917100   -0.304860   -0.382459
    0.921401   -0.309996   -0.384730
    0.925597   -0.315033   -0.386957
    0.929686   -0.319971   -0.389136
    0.933669   -0.324814   -0.391268
    0.937544   -0.329538   -0.393351
    0.941309   -0.334151   -0.395384
    0.944965   -0.338650   -0.397365
    0.948509   -0.343032   -0.399294
    0.951942   -0.347294   -0.401168
    0.955262   -0.351433   -0.402988
    0.958469   -0.355447   -0.404752
    0.961561   -0.359333   -0.406458
    0.964539   -0.363088   -0.408106
    0.967400   -0.366709   -0.409695
    0.970146   -0.370195   -0.411224
    0.972774   -0.373543   -0.412692
    0.975284   -0.376751   -0.414098
    0.977675   -0.379816   -0.415441
    0.979948   -0.382737   -0.416720
    0.982101   -0.385511   -0.417895
    0.984134   -0.388137   -0.418833
    0.986046   -0.390613   -0.419528
    0.987838   -0.392937   -0.420039
    0.989507   -0.395108   -0.420405
    0.991055   -0.397124   -0.420648
    0.992480   -0.398983   -0.420780
    0.993782   -0.400684   -0.420810
    0.994962   -0.402230   -0.420741
    0.996018   -0.403689   -0.420572
    0.996950   -0.405207   -0.420303
    0.997759   -0.406761   -0.419929
    0.998443   -0.408322   -0.419499
    0.999003   -0.409862   -0.418915
    0.999439   -0.411350   -0.418137
    0.999751   -0.412762   -0.417299
    0.999938   -0.414084   -0.416331
    1.000000   -0.414741   -0.414741
  BLADE PROFILES IN CARTESIAN COORDINATES (3D) 
  VARIABLES = "X", "YSS", "YPS" "R" 
  BLADE           2  SECTION           1
   29.156170   -5.210037   -5.210037  275.380219
   30.685612   -5.036545   -5.036545  275.175934
   32.058979   -4.881432   -4.881432  275.010529
   33.292141   -4.742713   -4.742713  274.877899
   34.400738   -4.618835   -4.618835  274.784729
   35.396183   -4.508021   -4.508021  274.714386
   36.288727   -4.408697   -4.408697  274.651550
   37.088951   -4.319665   -4.319665  274.595215
   37.806396   -4.239857   -4.239857  274.544495
   38.449570   -4.168306   -4.168306  274.498352
   39.026173   -4.104160   -4.104160  274.456512
   39.543095   -4.046651   -4.046651  274.418610
   40.006531   -3.995096   -3.995096  274.384460
   40.422016   -3.948877   -3.948877  274.353668
   40.794495   -3.907439   -3.907439  274.325806
   41.128429   -3.870290   -3.870290  274.300720
   41.427818   -3.836985   -3.836985  274.278137
   41.696220   -3.807127   -3.807127  274.257751
   41.936859   -3.780357   -3.780357  274.239380
   42.152592   -3.756357   -3.756357  274.222870
   42.346001   -3.734841   -3.734841  274.208008
   42.539017   -2.621098   -4.793839  274.190033
   42.740799   -2.128321   -5.231958  274.170990
   42.952141   -1.798389   -5.598991  274.150604
   43.173862   -1.555909   -5.894095  274.128937
   43.406734   -1.336622   -6.118318  274.105682
   43.651588   -1.122144   -6.297771  274.080750
   43.909237   -0.910945   -6.467399  274.054077
   44.180454   -0.702117   -6.635325  274.025513
   44.466042   -0.495122   -6.802433  273.994720
   44.766811   -0.289682   -6.969401  273.961700
   45.083549   -0.083738   -7.136766  273.926208
   45.417068    0.118245   -7.303542  273.888000
   45.768147    0.318078   -7.472568  273.846924
   46.137573    0.515600   -7.643189  273.802673
   46.525982    0.710199   -7.815479  273.755249
   46.933414    0.900939   -7.989399  273.704315
   47.360832    1.087208   -8.165276  273.649658
   47.809265    1.269793   -8.342779  273.591095
   48.279881    1.445407   -8.523032  273.528076
   48.773941    1.612861   -8.706804  273.460480
   49.292866    1.772377   -8.894134  273.387787
   49.837841    1.922660   -9.085405  273.309631
   50.409897    2.062213   -9.280106  273.225586
   51.010937    2.191788   -9.480394  273.135284
   51.643051    2.304006   -9.686346  273.038116
   52.308578    2.400080   -9.898731  272.933350
   53.010120    2.477774  -10.118025  272.820282
   53.750450    2.535804  -10.346185  272.698334
   54.538517    2.568433  -10.585728  272.565430
   55.385597    2.570505  -10.840014  272.419250
   56.292553    2.538038  -11.110234  272.259125
   57.258652    2.468084  -11.396461  272.084656
   58.281452    2.346852  -11.698804  271.895905
   59.357014    2.173807  -12.017204  271.692963
   60.479671    1.944707  -12.351129  271.476837
   61.631290    1.661126  -12.696756  271.250977
   62.793411    1.320104  -13.049330  271.019165
   63.959843    0.927513  -13.408143  270.783020
   65.125542    0.485622  -13.772486  270.543823
   66.286621    0.000000  -14.142538  270.302948
   67.440346   -0.534099  -14.516957  270.061310
   68.585144   -1.109720  -14.896098  269.819855
   69.728828   -1.729733  -15.283001  269.577209
   70.876587   -2.396587  -15.679952  269.332733
   72.027542   -3.109680  -16.087200  269.087036
   73.180267   -3.867897  -16.504728  268.840820
   74.332649   -4.669486  -16.932205  268.594818
   75.482155   -5.511995  -17.369001  268.350037
   76.625572   -6.392130  -17.814112  268.107666
   77.752754   -7.300436  -18.263573  267.870056
   78.857407   -8.229375  -18.714607  267.638916
   79.936539   -9.173585  -19.165537  267.415100
   80.987747  -10.127943  -19.614809  267.199402
   82.009193  -11.087710  -20.061008  266.992096
   82.999619  -12.048591  -20.502890  266.793640
   83.958313  -13.006881  -20.938877  266.604034
   84.888802  -13.963285  -21.371101  266.422821
   85.792007  -14.916244  -21.798740  266.249603
   86.667923  -15.865250  -22.221111  266.084320
   87.516525  -16.804703  -22.637575  265.927032
   88.337807  -17.733957  -23.047537  265.777527
   89.131783  -18.650942  -23.450117  265.635681
   89.898384  -19.553654  -23.845251  265.501373
   90.637611  -20.440241  -24.232161  265.374451
   91.349457  -21.309612  -24.610142  265.254639
   92.033897  -22.158463  -24.978598  265.141968
   92.690895  -22.985872  -25.336998  265.036011
   93.320419  -23.790228  -25.684763  264.936737
   93.922470  -24.570011  -25.939348  264.843719
   94.496979  -25.635931  -25.636353  264.757019
   95.076714  -26.182058  -26.182270  264.708344
   95.702660  -26.771402  -26.771402  264.656982
   96.378510  -27.407619  -27.407619  264.602722
   97.108299  -28.094467  -28.094467  264.545715
   97.896278  -28.835953  -28.835953  264.485779
   98.747108  -29.636456  -29.636456  264.423035
   99.665863  -30.500683  -30.500683  264.357574
  100.657898  -31.433708  -31.433708  264.289520
  101.729126  -32.441051  -32.441051  264.219025
  102.885841  -33.528637  -33.528637  264.146362
  104.134888  -34.702908  -34.702908  264.071777
  105.483627  -35.970798  -35.970798  263.995636
  106.940079  -37.339848  -37.339848  263.918701
  108.512749  -38.818172  -38.818172  263.841400
  110.210968  -40.414589  -40.414589  263.764496
  112.044762  -42.138634  -42.138634  263.688934
  114.024849  -44.000622  -44.000622  263.615753
  116.162918  -46.011742  -46.011742  263.546204
  118.471466  -48.184120  -48.184120  263.481628
  120.964050  -50.530907  -50.530907  263.423615
  BLADE PROFILES IN CARTESIAN COORDINATES (2D) BEFORE   PROJECTION, SCALING, MESHING AND STACKING 
  VARIABLES = "X", "YSS", "YPS" 
  BLADE           2  SECTION           2
    0.000000    0.000586    0.000586
    0.000062    0.004393   -0.001038
    0.000249    0.006526   -0.004124
    0.000561    0.008508   -0.007604
    0.000997    0.010697   -0.011513
    0.001557    0.012928   -0.014983
    0.002241    0.015238   -0.018383
    0.003050    0.017621   -0.021724
    0.003982    0.020134   -0.025029
    0.005038    0.022813   -0.028252
    0.006218    0.025583   -0.031343
    0.007520    0.028405   -0.034260
    0.008945    0.031233   -0.036966
    0.010493    0.034027   -0.039448
    0.012162    0.036749   -0.041718
    0.013954    0.039355   -0.043828
    0.015866    0.041797   -0.045878
    0.017899    0.044055   -0.047963
    0.020052    0.046119   -0.050103
    0.022325    0.048005   -0.052294
    0.024716    0.049772   -0.054533
    0.027226    0.051511   -0.056818
    0.029854    0.053250   -0.059147
    0.032600    0.054989   -0.061518
    0.035461    0.056725   -0.063928
    0.038439    0.058453   -0.066377
    0.041531    0.060171   -0.068861
    0.044738    0.061874   -0.071380
    0.048058    0.063560   -0.073932
    0.051491    0.065224   -0.076516
    0.055036    0.066863   -0.079129
    0.058691    0.068474   -0.081772
    0.062456    0.070054   -0.084438
    0.066331    0.071600   -0.087109
    0.070314    0.073107   -0.089829
    0.074403    0.074576   -0.092574
    0.078599    0.076036   -0.095343
    0.082900    0.077404   -0.098134
    0.087305    0.078721   -0.100948
    0.091812    0.079984   -0.103784
    0.096421    0.081190   -0.106640
    0.101131    0.082336   -0.109517
    0.105941    0.083419   -0.112413
    0.110848    0.084436   -0.115307
    0.115853    0.085385   -0.118239
    0.120953    0.086263   -0.121189
    0.126148    0.087066   -0.124157
    0.131435    0.087793   -0.127143
    0.136815    0.088442   -0.130146
    0.142285    0.089047   -0.133167
    0.147845    0.089520   -0.136204
    0.153492    0.089903   -0.139258
    0.159225    0.090198   -0.142327
    0.165044    0.090400   -0.145398
    0.170946    0.090507   -0.148499
    0.176930    0.090518   -0.151617
    0.182994    0.090430   -0.154751
    0.189138    0.090241   -0.157901
    0.195358    0.089949   -0.161068
    0.201655    0.089558   -0.164250
    0.208026    0.089100   -0.167449
    0.214470    0.088479   -0.170664
    0.220986    0.087745   -0.173885
    0.227570    0.086899   -0.177132
    0.234223    0.085939   -0.180396
    0.240941    0.084863   -0.183676
    0.247725    0.083670   -0.186973
    0.254571    0.082359   -0.190287
    0.261478    0.080928   -0.193618
    0.268445    0.079376   -0.196966
    0.275470    0.077701   -0.200331
    0.282550    0.075904   -0.203714
    0.289685    0.073984   -0.207109
    0.296872    0.071986   -0.210527
    0.304110    0.069805   -0.213962
    0.311396    0.067497   -0.217415
    0.318730    0.065061   -0.220886
    0.326109    0.062498   -0.224375
    0.333531    0.059806   -0.227882
    0.340994    0.056987   -0.231407
    0.348497    0.054038   -0.234951
    0.356038    0.050961   -0.238512
    0.363615    0.047755   -0.242092
    0.371226    0.044420   -0.245691
    0.378869    0.040956   -0.249307
    0.386542    0.037365   -0.252942
    0.394243    0.033645   -0.256596
    0.401971    0.029797   -0.260267
    0.409723    0.025823   -0.263960
    0.417498    0.021725   -0.267669
    0.425293    0.017553   -0.271395
    0.433107    0.013200   -0.275139
    0.440937    0.008721   -0.278900
    0.448783    0.004119   -0.282679
    0.456641   -0.000603   -0.286475
    0.464509   -0.005446   -0.290288
    0.472387   -0.010407   -0.294118
    0.480272   -0.015485   -0.297964
    0.488161   -0.020679   -0.301826
    0.496053   -0.025986   -0.305703
    0.503947   -0.031406   -0.309596
    0.511839   -0.036936   -0.313504
    0.519729   -0.042574   -0.317426
    0.527613   -0.048318   -0.321361
    0.535491   -0.054166   -0.325310
    0.543360   -0.060116   -0.329271
    0.551217   -0.066165   -0.333245
    0.559063   -0.072312   -0.337230
    0.566893   -0.078552   -0.341226
    0.574707   -0.084885   -0.345232
    0.582502   -0.091307   -0.349248
    0.590277   -0.097815   -0.353272
    0.598029   -0.104406   -0.357304
    0.605757   -0.111079   -0.361343
    0.613458   -0.117828   -0.365389
    0.621131   -0.124653   -0.369439
    0.628774   -0.131548   -0.373484
    0.636385   -0.138512   -0.377543
    0.643962   -0.145540   -0.381605
    0.651503   -0.152630   -0.385668
    0.659006   -0.159783   -0.389732
    0.666469   -0.167032   -0.393795
    0.673891   -0.174287   -0.397857
    0.681270   -0.181590   -0.401916
    0.688604   -0.188936   -0.405971
    0.695890   -0.196322   -0.410020
    0.703128   -0.203745   -0.414064
    0.710315   -0.211199   -0.418100
    0.717450   -0.218682   -0.422127
    0.724530   -0.226189   -0.426144
    0.731555   -0.233716   -0.430150
    0.738522   -0.241261   -0.434143
    0.745429   -0.248817   -0.438122
    0.752275   -0.256382   -0.442086
    0.759059   -0.263952   -0.446032
    0.765777   -0.271521   -0.449952
    0.772430   -0.279087   -0.453863
    0.779015   -0.286644   -0.457753
    0.785530   -0.294190   -0.461621
    0.791974   -0.301720   -0.465465
    0.798345   -0.309263   -0.469284
    0.804642   -0.316749   -0.473076
    0.810863   -0.324206   -0.476840
    0.817006   -0.331629   -0.480574
    0.823070   -0.339015   -0.484277
    0.829054   -0.346359   -0.487948
    0.834956   -0.353657   -0.491584
    0.840775   -0.360906   -0.495185
    0.846508   -0.368099   -0.498748
    0.852155   -0.375235   -0.502273
    0.857715   -0.382307   -0.505751
    0.863185   -0.389313   -0.509195
    0.868565   -0.396249   -0.512597
    0.873852   -0.403109   -0.515954
    0.879047   -0.409892   -0.519264
    0.884147   -0.416613   -0.522528
    0.889152   -0.423227   -0.525742
    0.894059   -0.429749   -0.528905
    0.898869   -0.436177   -0.532017
    0.903579   -0.442507   -0.535075
    0.908188   -0.448734   -0.538079
    0.912695   -0.454855   -0.541026
    0.917100   -0.460866   -0.543916
    0.921401   -0.466765   -0.546747
    0.925597   -0.472546   -0.549517
    0.929686   -0.478207   -0.552222
    0.933669   -0.483745   -0.554869
    0.937544   -0.489155   -0.557452
    0.941309   -0.494435   -0.559969
    0.944965   -0.499582   -0.562419
    0.948509   -0.504593   -0.564802
    0.951942   -0.509465   -0.567115
    0.955262   -0.514200   -0.569358
    0.958469   -0.518782   -0.571530
    0.961561   -0.523215   -0.573630
    0.964539   -0.527498   -0.575656
    0.967400   -0.531626   -0.577607
    0.970146   -0.535598   -0.579483
    0.972774   -0.539411   -0.581283
    0.975284   -0.543063   -0.583005
    0.977675   -0.546551   -0.584649
    0.979948   -0.549874   -0.586214
    0.982101   -0.553029   -0.587624
    0.984134   -0.556015   -0.588718
    0.986046   -0.558829   -0.589576
    0.987838   -0.561469   -0.590248
    0.989507   -0.563935   -0.590767
    0.991055   -0.566223   -0.591152
    0.992480   -0.568335   -0.591411
    0.993782   -0.570268   -0.591551
    0.994962   -0.572020   -0.591574
    0.996018   -0.573654   -0.591481
    0.996950   -0.575285   -0.591269
    0.997759   -0.576951   -0.590933
    0.998443   -0.578630   -0.590488
    0.999003   -0.580289   -0.589894
    0.999439   -0.581896   -0.589133
    0.999751   -0.583430   -0.588251
    0.999938   -0.584901   -0.587215
    1.000000   -0.585940   -0.585940
  BLADE PROFILES IN CARTESIAN COORDINATES (3D) 
  VARIABLES = "X", "YSS", "YPS" "R" 
  BLADE           2  SECTION           2
   30.772684    1.014995    1.014995  298.805237
   32.232231    0.894746    0.894746  298.804810
   33.540791    0.786935    0.786935  298.804169
   34.713989    0.690275    0.690275  298.802795
   35.765835    0.603610    0.603610  298.799591
   36.708870    0.525912    0.525912  298.797394
   37.554344    0.456252    0.456252  298.795990
   38.312374    0.393800    0.393800  298.795227
   38.991993    0.337808    0.337808  298.795044
   39.601295    0.287609    0.287609  298.795410
   40.147579    0.242603    0.242603  298.796051
   40.637348    0.202253    0.202253  298.796814
   41.076450    0.166076    0.166076  298.797668
   41.470135    0.133642    0.133642  298.798584
   41.823097    0.104563    0.104563  298.799500
   42.139553    0.078492    0.078492  298.800446
   42.423252    0.055118    0.055118  298.801300
   42.677628    0.034161    0.034161  298.802155
   42.905682    0.015373    0.015373  298.802948
   43.110134   -0.001472   -0.001472  298.803680
   43.293449   -0.016575   -0.016575  298.804230
   43.476765    1.036025   -1.129179  298.804474
   43.668430    1.489208   -1.642364  298.804688
   43.869221    1.857915   -1.976112  298.804962
   44.079914    2.153590   -2.219166  298.805206
   44.301270    2.382998   -2.442750  298.805481
   44.534054    2.564760   -2.663660  298.805786
   44.779049    2.730751   -2.883818  298.806030
   45.037022    2.891659   -3.104607  298.806366
   45.308731    3.048111   -3.327068  298.806641
   45.594963    3.200272   -3.552006  298.806824
   45.896473    3.348093   -3.780082  298.807159
   46.214050    3.491359   -4.011848  298.807312
   46.548447    3.629700   -4.246638  298.807648
   46.900436    3.762582   -4.486495  298.807861
   47.270622    3.891558   -4.731571  298.808044
   47.659092    4.010695   -4.981395  298.808228
   48.066730    4.122113   -5.236419  298.808319
   48.494587    4.224917   -5.497194  298.808441
   48.943771    4.318161   -5.762832  298.808533
   49.415520    4.400764   -6.036383  298.808472
   49.911186    4.471465   -6.317289  298.808533
   50.431969    4.531015   -6.606139  298.808411
   50.978867    4.572604   -6.903340  298.808289
   51.553696    4.597415   -7.208918  298.808075
   52.158516    4.603474   -7.525394  298.807709
   52.795609    4.588454   -7.853221  298.807373
   53.467457    4.550474   -8.193618  298.807007
   54.176819    4.485988   -8.547689  298.806274
   54.932266    4.387884   -8.919802  298.805542
   55.744694    4.252276   -9.315710  298.804596
   56.614975    4.073411   -9.735598  298.803558
   57.542480    3.845552  -10.179314  298.802307
   58.524937    3.565795  -10.646244  298.800842
   59.558601    3.223853  -11.135577  298.799225
   60.638039    2.819827  -11.645536  298.797180
   61.745861    2.356494  -12.168947  298.795135
   62.864235    1.839734  -12.698570  298.792908
   63.987232    1.272219  -13.232823  298.790619
   65.109894    0.660010  -13.769981  298.788147
   66.228477    0.000000  -14.309184  298.785522
   67.340225   -0.701333  -14.849813  298.782898
   68.443649   -1.441447  -15.391686  298.780273
   69.546143   -2.224210  -15.939003  298.777557
   70.652733   -3.052788  -16.494814  298.774780
   71.762497   -3.926421  -17.059248  298.771820
   72.873955   -4.843764  -17.632101  298.769043
   73.985138   -5.802792  -18.212801  298.766235
   75.093483   -6.800683  -18.799871  298.763458
   76.195847   -7.833833  -19.393105  298.760712
   77.282410   -8.894059  -19.986668  298.757874
   78.347054   -9.968021  -20.577080  298.755280
   79.386894  -11.052458  -21.162432  298.752777
   80.399605  -12.142055  -21.740992  298.750458
   81.383362  -13.231926  -22.311121  298.748199
   82.336960  -14.317737  -22.871605  298.746094
   83.259727  -15.397548  -23.421991  298.744080
   84.155045  -16.469559  -23.963270  298.742279
   85.023766  -17.533623  -24.495447  298.740540
   85.865936  -18.587564  -25.018021  298.738922
   86.681557  -19.629198  -25.530169  298.737518
   87.470596  -20.657196  -26.032112  298.736145
   88.233070  -21.668686  -26.522844  298.734924
   88.968971  -22.661411  -27.001850  298.733795
   89.678322  -23.633968  -27.468569  298.732849
   90.361092  -24.584587  -27.922510  298.731934
   91.017296  -25.511860  -28.363392  298.731171
   91.646927  -26.413933  -28.790527  298.730469
   92.250008  -27.288927  -29.203444  298.729828
   92.826508  -28.135630  -29.508543  298.729340
   93.376450  -29.273582  -29.273989  298.729279
   93.926384  -29.876938  -29.877142  298.730530
   94.520065  -30.528082  -30.528082  298.731812
   95.160973  -31.231028  -31.231028  298.733337
   95.852859  -31.989899  -31.989899  298.734955
   96.599808  -32.809151  -32.809151  298.736755
   97.406166  -33.693581  -33.693581  298.738708
   98.276680  -34.648376  -34.648376  298.740814
   99.216431  -35.679138  -35.679138  298.743134
  100.230957  -36.791912  -36.791912  298.745667
  101.326172  -37.993221  -37.993221  298.748383
  102.508522  -39.290112  -39.290112  298.751343
  103.784935  -40.690186  -40.690186  298.754547
  105.162865  -42.201653  -42.201653  298.758026
  106.650444  -43.833374  -43.833374  298.761688
  108.256340  -45.594933  -45.594933  298.765625
  109.989983  -47.496616  -47.496616  298.769806
  111.861572  -49.549603  -49.549603  298.774139
  113.882050  -51.765911  -51.765911  298.778687
  116.063225  -54.158512  -54.158512  298.783264
  118.417946  -56.741417  -56.741417  298.787872
  BLADE PROFILES IN CARTESIAN COORDINATES (2D) BEFORE   PROJECTION, SCALING, MESHING AND STACKING 
  VARIABLES = "X", "YSS", "YPS" 
  BLADE           2  SECTION           3
    0.000000   -0.006972   -0.006972
    0.000062   -0.003312   -0.013123
    0.000249    0.000837   -0.018723
    0.000561    0.004711   -0.022610
    0.000997    0.008184   -0.025515
    0.001557    0.011278   -0.028306
    0.002241    0.014098   -0.030978
    0.003050    0.016663   -0.033530
    0.003982    0.019210   -0.035956
    0.005038    0.021710   -0.038188
    0.006218    0.024188   -0.040251
    0.007520    0.026677   -0.042295
    0.008945    0.029179   -0.044390
    0.010493    0.031711   -0.046577
    0.012162    0.034250   -0.048864
    0.013954    0.036822   -0.051244
    0.015866    0.039385   -0.053714
    0.017899    0.041926   -0.056268
    0.020052    0.044399   -0.058903
    0.022325    0.046715   -0.061615
    0.024716    0.048907   -0.064401
    0.027226    0.050908   -0.067257
    0.029854    0.052690   -0.070182
    0.032600    0.054256   -0.073172
    0.035461    0.055663   -0.076225
    0.038439    0.057006   -0.079338
    0.041531    0.058316   -0.082510
    0.044738    0.059594   -0.085738
    0.048058    0.060834   -0.089009
    0.051491    0.062035   -0.092326
    0.055036    0.063192   -0.095712
    0.058691    0.064301   -0.099146
    0.062456    0.065361   -0.102629
    0.066331    0.066366   -0.106157
    0.070314    0.067315   -0.109729
    0.074403    0.068204   -0.113344
    0.078599    0.069029   -0.117001
    0.082900    0.069788   -0.120699
    0.087305    0.070477   -0.124434
    0.091812    0.071094   -0.128205
    0.096421    0.071636   -0.132014
    0.101131    0.072099   -0.135853
    0.105941    0.072493   -0.139716
    0.110848    0.072826   -0.143631
    0.115853    0.073038   -0.147579
    0.120953    0.073160   -0.151559
    0.126148    0.073191   -0.155572
    0.131435    0.073124   -0.159615
    0.136815    0.072956   -0.163689
    0.142285    0.072688   -0.167792
    0.147845    0.072318   -0.171924
    0.153492    0.071844   -0.176082
    0.159225    0.071263   -0.180266
    0.165044    0.070573   -0.184465
    0.170946    0.069772   -0.188706
    0.176930    0.068857   -0.192974
    0.182994    0.067828   -0.197268
    0.189138    0.066681   -0.201587
    0.195358    0.065416   -0.205931
    0.201655    0.064029   -0.210301
    0.208026    0.062531   -0.214694
    0.214470    0.060941   -0.219112
    0.220986    0.059183   -0.223553
    0.227570    0.057297   -0.228018
    0.234223    0.055282   -0.232506
    0.240941    0.053131   -0.237015
    0.247725    0.050850   -0.241546
    0.254571    0.048437   -0.246093
    0.261478    0.045891   -0.250670
    0.268445    0.043211   -0.255270
    0.275470    0.040395   -0.259891
    0.282550    0.037444   -0.264533
    0.289685    0.034357   -0.269197
    0.296872    0.031133   -0.273881
    0.304110    0.027771   -0.278586
    0.311396    0.024271   -0.283311
    0.318730    0.020634   -0.288057
    0.326109    0.016858   -0.292822
    0.333531    0.012944   -0.297607
    0.340994    0.008891   -0.302411
    0.348497    0.004700   -0.307234
    0.356038    0.000371   -0.312076
    0.363615   -0.004095   -0.316936
    0.371226   -0.008699   -0.321814
    0.378869   -0.013440   -0.326710
    0.386542   -0.018316   -0.331623
    0.394243   -0.023328   -0.336554
    0.401971   -0.028475   -0.341501
    0.409723   -0.033755   -0.346464
    0.417498   -0.039168   -0.351444
    0.425293   -0.044712   -0.356438
    0.433107   -0.050386   -0.361448
    0.440937   -0.056189   -0.366472
    0.448783   -0.062119   -0.371510
    0.456641   -0.068175   -0.376562
    0.464509   -0.074355   -0.381626
    0.472387   -0.080657   -0.386703
    0.480272   -0.087079   -0.391791
    0.488161   -0.093620   -0.396891
    0.496053   -0.100277   -0.402000
    0.503947   -0.107048   -0.407120
    0.511839   -0.113931   -0.412249
    0.519729   -0.120924   -0.417386
    0.527613   -0.128023   -0.422531
    0.535491   -0.135227   -0.427682
    0.543360   -0.142533   -0.432840
    0.551217   -0.149938   -0.438002
    0.559063   -0.157439   -0.443169
    0.566893   -0.165034   -0.448340
    0.574707   -0.172719   -0.453512
    0.582502   -0.180491   -0.458687
    0.590277   -0.188347   -0.463861
    0.598029   -0.196285   -0.469036
    0.605757   -0.204299   -0.474207
    0.613458   -0.212388   -0.479371
    0.621131   -0.220548   -0.484537
    0.628774   -0.228774   -0.489699
    0.636385   -0.237066   -0.494856
    0.643962   -0.245425   -0.500005
    0.651503   -0.253880   -0.505147
    0.659006   -0.262342   -0.510279
    0.666469   -0.270853   -0.515400
    0.673891   -0.279409   -0.520509
    0.681270   -0.288005   -0.525605
    0.688604   -0.296637   -0.530687
    0.695890   -0.305302   -0.535753
    0.703128   -0.313995   -0.540801
    0.710315   -0.322712   -0.545830
    0.717450   -0.331448   -0.550840
    0.724530   -0.340201   -0.555827
    0.731555   -0.348965   -0.560786
    0.738522   -0.357736   -0.565727
    0.745429   -0.366509   -0.570644
    0.752275   -0.375287   -0.575534
    0.759059   -0.384092   -0.580395
    0.765777   -0.392851   -0.585225
    0.772430   -0.401594   -0.590024
    0.779015   -0.410318   -0.594790
    0.785530   -0.419017   -0.599521
    0.791974   -0.427688   -0.604216
    0.798345   -0.436326   -0.608872
    0.804642   -0.444927   -0.613490
    0.810863   -0.453485   -0.618065
    0.817006   -0.461996   -0.622592
    0.823070   -0.470457   -0.627083
    0.829054   -0.478861   -0.631528
    0.834956   -0.487212   -0.635926
    0.840775   -0.495520   -0.640275
    0.846508   -0.503734   -0.644573
    0.852155   -0.511874   -0.648820
    0.857715   -0.519936   -0.653013
    0.863185   -0.527916   -0.657151
    0.868565   -0.535809   -0.661232
    0.873852   -0.543612   -0.665254
    0.879047   -0.551319   -0.669217
    0.884147   -0.558927   -0.673114
    0.889152   -0.566431   -0.676953
    0.894059   -0.573827   -0.680728
    0.898869   -0.581112   -0.684438
    0.903579   -0.588284   -0.688081
    0.908188   -0.595350   -0.691655
    0.912695   -0.602275   -0.695158
    0.917100   -0.609073   -0.698590
    0.921401   -0.615739   -0.701948
    0.925597   -0.622270   -0.705233
    0.929686   -0.628662   -0.708441
    0.933669   -0.634911   -0.711573
    0.937544   -0.641013   -0.714626
    0.941309   -0.646966   -0.717599
    0.944965   -0.652766   -0.720492
    0.948509   -0.658410   -0.723302
    0.951942   -0.663893   -0.726026
    0.955262   -0.669214   -0.728669
    0.958469   -0.674370   -0.731226
    0.961561   -0.679357   -0.733696
    0.964539   -0.684172   -0.736078
    0.967400   -0.688814   -0.738372
    0.970146   -0.693283   -0.740575
    0.972774   -0.697566   -0.742688
    0.975284   -0.701667   -0.744708
    0.977675   -0.705584   -0.746636
    0.979948   -0.709313   -0.748450
    0.982101   -0.712854   -0.750024
    0.984134   -0.716203   -0.751280
    0.986046   -0.719357   -0.752294
    0.987838   -0.722319   -0.753114
    0.989507   -0.725084   -0.753768
    0.991055   -0.727650   -0.754274
    0.992480   -0.730018   -0.754641
    0.993782   -0.732184   -0.754875
    0.994962   -0.734147   -0.754977
    0.996018   -0.735957   -0.754944
    0.996950   -0.737698   -0.754774
    0.997759   -0.739473   -0.754478
    0.998443   -0.741264   -0.754019
    0.999003   -0.743068   -0.753386
    0.999439   -0.744811   -0.752609
    0.999751   -0.746467   -0.751664
    0.999938   -0.748021   -0.750510
    1.000000   -0.749576   -0.749576
  BLADE PROFILES IN CARTESIAN COORDINATES (3D) 
  VARIABLES = "X", "YSS", "YPS" "R" 
  BLADE           2  SECTION           3
   32.053394    6.055762    6.055762  322.417786
   33.467976    5.687978    5.687978  322.578766
   34.737846    5.357834    5.357834  322.708527
   35.878178    5.061457    5.061457  322.803558
   36.903172    4.795285    4.795285  322.870209
   37.822094    4.556618    4.556618  322.931061
   38.645897    4.342617    4.342617  322.986908
   39.384403    4.150736    4.150736  323.038208
   40.046429    3.978694    3.978694  323.085724
   40.639851    3.824448    3.824448  323.129761
   41.171829    3.686148    3.686148  323.170105
   41.648724    3.562148    3.562148  323.206909
   42.076241    3.450970    3.450970  323.240448
   42.459496    3.351286    3.351286  323.270996
   42.803078    3.261910    3.261910  323.298767
   43.111092    3.181776    3.181776  323.323975
   43.387222    3.109928    3.109928  323.346802
   43.634781    3.045511    3.045511  323.367462
   43.856701    2.987754    2.987754  323.386169
   44.055660    2.935971    2.935971  323.403381
   44.234032    2.889543    2.889543  323.421143
   44.412014    4.227818    1.608978  323.439178
   44.598068    4.631258    1.263374  323.458374
   44.792931    4.956341    0.984162  323.478790
   44.997364    5.246035    0.713227  323.500580
   45.212090    5.505728    0.445480  323.523834
   45.437847    5.725203    0.178132  323.548767
   45.675385    5.902487   -0.090746  323.575378
   45.925430    6.039429   -0.362578  323.604004
   46.188732    6.158334   -0.638474  323.634674
   46.466019    6.270416   -0.919185  323.667572
   46.758011    6.375757   -1.204416  323.702942
   47.065453    6.474003   -1.497417  323.740845
   47.389099    6.564666   -1.797280  323.781677
   47.729641    6.647117   -2.104549  323.825500
   48.087646    6.720586   -2.419532  323.872589
   48.463200    6.784134   -2.742036  323.923065
   48.857151    6.836892   -3.072488  323.977020
   49.270470    6.878114   -3.410888  324.034912
   49.704193    6.908338   -3.759223  324.097137
   50.159523    6.922174   -4.118055  324.163849
   50.637722    6.920294   -4.487815  324.235596
   51.139923    6.900698   -4.869154  324.312347
   51.667065    6.862023   -5.262453  324.395020
   52.220863    6.802227   -5.668002  324.483765
   52.803303    6.718979   -6.088858  324.579224
   53.416485    6.609589   -6.525542  324.682129
   54.062801    6.471015   -6.979568  324.792938
   54.744816    6.302388   -7.452600  324.912354
   55.470779    6.092405   -7.950154  325.042572
   56.251057    5.835604   -8.478915  325.185730
   57.086445    5.526502   -9.039313  325.342316
   57.976254    5.159545   -9.631450  325.512848
   58.918228    4.729757  -10.253781  325.697357
   59.908718    4.233170  -10.904384  325.895508
   60.942509    3.667166  -11.580635  326.106567
   62.002884    3.037143  -12.272550  326.326996
   63.072899    2.351665  -12.970192  326.553253
   64.146820    1.614429  -13.670913  326.783844
   65.219978    0.829287  -14.372683  327.017303
   66.288818    0.000000  -15.074049  327.252441
   67.350853   -0.870018  -15.774125  327.488251
   68.404617   -1.777954  -16.472607  327.724121
   69.457306   -2.728781  -17.174845  327.961365
   70.513741   -3.726408  -17.884634  328.200165
   71.573029   -4.769928  -18.602024  328.440613
   72.633896   -5.857769  -19.326649  328.681671
   73.694466   -6.987587  -20.057344  328.922638
   74.752357   -8.156228  -20.793583  329.162567
   75.804573   -9.362445  -21.533361  329.400330
   76.841843  -10.588358  -22.270155  329.633636
   77.858391  -11.827357  -22.999739  329.860931
   78.851425  -13.073245  -23.719921  330.081268
   79.818748  -14.320286  -24.428394  330.293945
   80.758659  -15.565710  -25.124449  330.498505
   81.670029  -16.800583  -25.806177  330.694824
   82.552200  -18.023085  -26.472597  330.882416
   83.408432  -19.234900  -27.125336  331.062195
   84.239548  -20.434910  -27.765314  331.234283
   85.045525  -21.622335  -28.391720  331.398712
   85.826401  -22.791960  -29.004004  331.555542
   86.582146  -23.943020  -29.601501  331.704834
   87.312744  -25.073536  -30.184135  331.846832
   88.018181  -26.182613  -30.751348  331.981598
   88.698433  -27.266371  -31.302553  332.109192
   89.353493  -28.323978  -31.837299  332.229797
   89.983330  -29.353733  -32.354992  332.343567
   90.587921  -30.354101  -32.855541  332.450836
   91.167236  -31.323675  -33.338329  332.551605
   91.721298  -32.260292  -33.693935  332.646118
   92.250015  -33.506172  -33.506599  332.719391
   92.784538  -34.179699  -34.179913  332.767548
   93.361694  -34.906567  -34.906567  332.818329
   93.984886  -35.691250  -35.691250  332.872040
   94.657799  -36.538364  -36.538364  332.928558
   95.384438  -37.452839  -37.452839  332.988007
   96.169052  -38.440041  -38.440041  333.050354
   97.016312  -39.505737  -39.505737  333.115417
   97.931190  -40.656151  -40.656151  333.183258
   98.919151  -41.897995  -41.897995  333.253662
   99.985992  -43.238518  -43.238518  333.326416
  101.138084  -44.685535  -44.685535  333.401337
  102.382179  -46.247467  -46.247467  333.477936
  103.725647  -47.933372  -47.933372  333.555847
  105.176453  -49.753071  -49.753071  333.634521
  106.743172  -51.717079  -51.717079  333.713318
  108.435020  -53.836769  -53.836769  333.791412
  110.261986  -56.124378  -56.124378  333.867920
  112.234879  -58.593086  -58.593086  333.941864
  114.365196  -61.257084  -61.257084  334.011963
  116.665489  -64.131638  -64.131638  334.076996
