  BLADE PROFILES IN CARTESIAN COORDINATES (2D) BEFORE   PROJECTION, SCALING, MESHING AND STACKING 
  VARIABLES = "X", "YSS", "YPS" 
  BLADE           1  SECTION           1
    0.000000   -0.008841   -0.008841
    0.000062   -0.007278   -0.012766
    0.000249   -0.004501   -0.015644
    0.000561   -0.001847   -0.018465
    0.000997    0.000682   -0.021002
    0.001557    0.003088   -0.023202
    0.002241    0.005350   -0.025240
    0.003050    0.007500   -0.027150
    0.003982    0.009543   -0.029043
    0.005038    0.011479   -0.030913
    0.006218    0.013373   -0.032753
    0.007520    0.015218   -0.034586
    0.008945    0.017030   -0.036533
    0.010493    0.018826   -0.038614
    0.012162    0.020597   -0.040821
    0.013954    0.022362   -0.043137
    0.015866    0.024103   -0.045568
    0.017899    0.025833   -0.048109
    0.020052    0.027530   -0.050753
    0.022325    0.029167   -0.053496
    0.024716    0.030748   -0.056336
    0.027226    0.032236   -0.059267
    0.029854    0.033592   -0.062285
    0.032600    0.034788   -0.065385
    0.035461    0.035807   -0.068562
    0.038439    0.036672   -0.071812
    0.041531    0.037474   -0.075129
    0.044738    0.038272   -0.078509
    0.048058    0.039078   -0.081946
    0.051491    0.039890   -0.085436
    0.055036    0.040710   -0.088974
    0.058691    0.041537   -0.092562
    0.062456    0.042371   -0.096207
    0.066331    0.043212   -0.099857
    0.070314    0.044059   -0.103535
    0.074403    0.044910   -0.107233
    0.078599    0.045776   -0.110942
    0.082900    0.046652   -0.114663
    0.087305    0.047537   -0.118389
    0.091812    0.048432   -0.122115
    0.096421    0.049338   -0.125837
    0.101131    0.050255   -0.129549
    0.105941    0.051185   -0.133246
    0.110848    0.052126   -0.136935
    0.115853    0.053080   -0.140625
    0.120953    0.054051   -0.144249
    0.126148    0.055038   -0.147822
    0.131435    0.056041   -0.151352
    0.136815    0.057061   -0.154836
    0.142285    0.058099   -0.158270
    0.147845    0.059158   -0.161648
    0.153492    0.060236   -0.164978
    0.159225    0.061336   -0.168281
    0.165044    0.062458   -0.171445
    0.170946    0.063603   -0.174528
    0.176930    0.064778   -0.177533
    0.182994    0.065974   -0.180454
    0.189138    0.067196   -0.183300
    0.195358    0.068448   -0.186098
    0.201655    0.069734   -0.188709
    0.208026    0.071045   -0.191218
    0.214470    0.072386   -0.193624
    0.220986    0.073770   -0.195938
    0.227570    0.075178   -0.198181
    0.234223    0.076620   -0.200213
    0.240941    0.078111   -0.202119
    0.247725    0.079627   -0.203902
    0.254571    0.081182   -0.205575
    0.261478    0.082788   -0.207160
    0.268445    0.084420   -0.208504
    0.275470    0.086111   -0.209711
    0.282550    0.087829   -0.210806
    0.289685    0.089591   -0.211788
    0.296872    0.091413   -0.212541
    0.304110    0.093264   -0.213118
    0.311396    0.095180   -0.213545
    0.318730    0.097126   -0.213838
    0.326109    0.099119   -0.214022
    0.333531    0.101183   -0.213925
    0.340994    0.103275   -0.213668
    0.348497    0.105422   -0.213278
    0.356038    0.107636   -0.212756
    0.363615    0.109883   -0.211977
    0.371226    0.112187   -0.211002
    0.378869    0.114560   -0.209857
    0.386542    0.116967   -0.208565
    0.394243    0.119431   -0.207146
    0.401971    0.121971   -0.205439
    0.409723    0.124544   -0.203547
    0.417498    0.127170   -0.201480
    0.425293    0.129858   -0.199258
    0.433107    0.132621   -0.196906
    0.440937    0.135418   -0.194267
    0.448783    0.138270   -0.191439
    0.456641    0.141176   -0.188433
    0.464509    0.144146   -0.185277
    0.472387    0.147192   -0.181976
    0.480272    0.150271   -0.178430
    0.488161    0.153404   -0.174667
    0.496053    0.156592   -0.170728
    0.503947    0.159835   -0.166613
    0.511839    0.163132   -0.162322
    0.519729    0.166483   -0.157880
    0.527613    0.169891   -0.153306
    0.535491    0.173358   -0.148493
    0.543360    0.176893   -0.143485
    0.551217    0.180457   -0.138307
    0.559063    0.184071   -0.132964
    0.566893    0.187736   -0.127457
    0.574707    0.191449   -0.121788
    0.582502    0.195210   -0.115960
    0.590277    0.199018   -0.109976
    0.598029    0.202871   -0.103862
    0.605757    0.206769   -0.097636
    0.613458    0.210710   -0.091200
    0.621131    0.214693   -0.084620
    0.628774    0.218717   -0.077900
    0.636385    0.222779   -0.071044
    0.643962    0.226879   -0.064055
    0.651503    0.231015   -0.056934
    0.659006    0.235186   -0.049690
    0.666469    0.239389   -0.042327
    0.673891    0.243622   -0.034851
    0.681270    0.247885   -0.027265
    0.688604    0.252167   -0.019575
    0.695890    0.256464   -0.011785
    0.703128    0.260803   -0.003901
    0.710315    0.265163    0.004073
    0.717450    0.269542    0.012133
    0.724530    0.273939    0.020274
    0.731555    0.278351    0.028488
    0.738522    0.282778    0.036771
    0.745429    0.287217    0.045117
    0.752275    0.291663    0.053520
    0.759059    0.296116    0.061973
    0.765777    0.300572    0.070472
    0.772430    0.305031    0.079031
    0.779015    0.309488    0.087641
    0.785530    0.313941    0.096238
    0.791974    0.318389    0.104856
    0.798345    0.322822    0.113490
    0.804642    0.327238    0.122133
    0.810863    0.331654    0.130778
    0.817006    0.336055    0.139421
    0.823070    0.340438    0.148053
    0.829054    0.344800    0.156670
    0.834956    0.349142    0.165269
    0.840775    0.353457    0.173843
    0.846508    0.357745    0.182381
    0.852155    0.362001    0.190879
    0.857715    0.366224    0.199330
    0.863185    0.370411    0.207746
    0.868565    0.374560    0.216105
    0.873852    0.378660    0.224376
    0.879047    0.382717    0.232576
    0.884147    0.386735    0.240699
    0.889152    0.390705    0.248738
    0.894059    0.394623    0.256687
    0.898869    0.398488    0.264543
    0.903579    0.402298    0.272300
    0.908188    0.406048    0.279950
    0.912695    0.409738    0.287486
    0.917100    0.413366    0.294904
    0.921401    0.416927    0.302198
    0.925597    0.420421    0.309362
    0.929686    0.423845    0.316391
    0.933669    0.427197    0.323280
    0.937544    0.430474    0.330037
    0.941309    0.433674    0.336634
    0.944965    0.436796    0.343070
    0.948509    0.439837    0.349344
    0.951942    0.442795    0.355454
    0.955262    0.445668    0.361395
    0.958469    0.448454    0.367162
    0.961561    0.451151    0.372750
    0.964539    0.453758    0.378154
    0.967400    0.456272    0.383371
    0.970146    0.458683    0.388396
    0.972774    0.460722    0.393226
    0.975284    0.462194    0.397856
    0.977675    0.463274    0.402285
    0.979948    0.464057    0.406505
    0.982101    0.464600    0.410514
    0.984134    0.464939    0.414315
    0.986046    0.465093    0.417901
    0.987838    0.465076    0.421268
    0.989507    0.464896    0.424414
    0.991055    0.464559    0.427336
    0.992480    0.464069    0.430035
    0.993782    0.463469    0.432505
    0.994962    0.462680    0.434745
    0.996018    0.461716    0.436754
    0.996950    0.460654    0.438531
    0.997759    0.459467    0.440172
    0.998443    0.458145    0.441689
    0.999003    0.456690    0.443345
    0.999439    0.455127    0.445096
    0.999751    0.453459    0.446820
    0.999938    0.451626    0.448411
    1.000000    0.450674    0.450674
  BLADE PROFILES IN CARTESIAN COORDINATES (3D) 
  VARIABLES = "X", "YSS", "YPS" "R" 
  BLADE           1  SECTION           1
  -10.411396    1.571073    1.571073  177.961487
   -9.178534    0.971293    0.971293  177.928925
   -8.079546    0.436599    0.436599  177.894333
   -7.099925   -0.040053   -0.040053  177.858795
   -6.226725   -0.464951   -0.464951  177.823181
   -5.448387   -0.843708   -0.843708  177.788101
   -4.754608   -1.181331   -1.181331  177.754211
   -4.136193   -1.482286   -1.482286  177.721710
   -3.584953   -1.750556   -1.750556  177.690964
   -3.093580   -1.989691   -1.989691  177.662079
   -2.655569   -2.202859   -2.202859  177.635086
   -2.265120   -2.392881   -2.392881  177.610092
   -1.917061   -2.562271   -2.562271  177.587036
   -1.606785   -2.713272   -2.713272  177.565826
   -1.330189   -2.847883   -2.847883  177.546432
   -1.083609   -2.967883   -2.967883  177.528702
   -0.863790   -3.074860   -3.074860  177.512604
   -0.667820   -3.170228   -3.170228  177.497971
   -0.493113   -3.255248   -3.255248  177.484711
   -0.337360   -3.331044   -3.331044  177.472717
   -0.198503   -3.398617   -3.398617  177.461884
   -0.074707   -3.458860   -3.458860  177.452164
    0.035661   -3.512569   -3.512569  177.443375
    0.134059   -3.560452   -3.560452  177.435455
    0.221787   -3.603142   -3.603142  177.428345
    0.300000   -3.641202   -3.641202  177.421997
    0.377578   -3.239066   -4.039191  177.410675
    0.458684   -3.103870   -4.170253  177.398727
    0.543639   -3.002104   -4.285977  177.386154
    0.632773   -2.914983   -4.401942  177.372849
    0.726406   -2.837014   -4.519198  177.358810
    0.824866   -2.768167   -4.638242  177.343842
    0.928473   -2.709630   -4.759541  177.328094
    1.037554   -2.664458   -4.883301  177.311295
    1.152430   -2.630890   -5.009637  177.293518
    1.273426   -2.600090   -5.138599  177.274597
    1.400863   -2.569049   -5.270165  177.254501
    1.535065   -2.537651   -5.404419  177.233170
    1.676353   -2.505796   -5.541584  177.210510
    1.825055   -2.473438   -5.680302  177.186401
    1.981410   -2.440330   -5.820736  177.160828
    2.145458   -2.406356   -5.962430  177.133759
    2.317577   -2.371431   -6.105141  177.105042
    2.498195   -2.335380   -6.248544  177.074631
    2.687779   -2.298045   -6.392920  177.042389
    2.886848   -2.259141   -6.537124  177.008163
    3.095968   -2.218407   -6.679698  176.971878
    3.315642   -2.175614   -6.821042  176.933350
    3.546283   -2.130439   -6.960657  176.892456
    3.788655   -2.082586   -7.098052  176.849075
    4.043623   -2.031486   -7.230214  176.802963
    4.312138   -1.976846   -7.358367  176.753845
    4.595250   -1.917820   -7.480812  176.701599
    4.894097   -1.854021   -7.594713  176.645874
    5.212299   -1.784028   -7.701929  176.585999
    5.554436   -1.706032   -7.796823  176.521011
    5.920872   -1.619249   -7.880396  176.450729
    6.311324   -1.522742   -7.944922  176.375198
    6.724842   -1.415700   -7.987713  176.294525
    7.159842   -1.297401   -8.006063  176.209091
    7.614065   -1.167204   -7.992570  176.119293
    8.080164   -1.026275   -7.948551  176.026718
    8.550698   -0.876138   -7.871516  175.932938
    9.023152   -0.717032   -7.760246  175.838623
    9.495478   -0.549360   -7.619306  175.744278
    9.966090   -0.374242   -7.443844  175.650375
   10.433875   -0.190562   -7.241417  175.557251
   10.898209    0.000000   -7.006771  175.465240
   11.362228    0.199467   -6.744368  175.373810
   11.828045    0.409730   -6.449872  175.282730
   12.295309    0.629393   -6.123416  175.192200
   12.763407    0.859102   -5.766676  175.102341
   13.231525    1.098584   -5.381971  175.013626
   13.698606    1.347385   -4.966640  174.926453
   14.163322    1.604803   -4.524009  174.841003
   14.621565    1.868367   -4.059167  174.758209
   15.070759    2.135566   -3.576383  174.678604
   15.509678    2.406364   -3.078766  174.602417
   15.937325    2.678995   -2.569296  174.529892
   16.352959    2.952344   -2.051133  174.460999
   16.756035    3.225278   -1.525735  174.395828
   17.146286    3.496769   -0.998324  174.334396
   17.525108    3.767155   -0.467483  174.276367
   17.892885    4.036619    0.065601  174.221634
   18.249598    4.304358    0.599545  174.170059
   18.595236    4.569675    1.133083  174.121613
   18.929798    4.831705    1.663408  174.076340
   19.253258    5.090602    2.189505  174.033875
   19.565617    5.345486    2.710333  173.994339
   19.866854    5.595869    3.224262  173.957504
   20.156950    5.841259    3.730355  173.923294
   20.435915    6.081161    4.226553  173.891647
   20.703705    6.315090    4.712148  173.862396
   20.960331    6.499319    5.185883  173.835449
   21.205769    6.536138    5.646555  173.810669
   21.439993    6.228799    6.228557  173.787994
   21.674917    6.560282    6.560161  173.771393
   21.923273    6.910792    6.910792  173.753876
   22.185820    7.281286    7.281286  173.735458
   22.463377    7.672898    7.672898  173.716049
   22.756794    8.086829    8.086829  173.695557
   23.066963    8.524348    8.524348  173.673935
   23.394861    8.986794    8.986794  173.651047
   23.741486    9.475582    9.475582  173.626755
   24.107895    9.992206    9.992206  173.600967
   24.495186   10.538218   10.538218  173.573196
   24.904573   11.115301   11.115301  173.543579
   25.337318   11.725217   11.725217  173.511917
   25.794739   12.369815   12.369815  173.478088
   26.278257   13.051062   13.051062  173.441849
   26.789324   13.771014   13.771014  173.403046
  BLADE PROFILES IN CARTESIAN COORDINATES (2D) BEFORE   PROJECTION, SCALING, MESHING AND STACKING 
  VARIABLES = "X", "YSS", "YPS" 
  BLADE           1  SECTION           2
    0.000000   -0.009146   -0.009146
    0.000062   -0.006315   -0.011819
    0.000249   -0.003616   -0.014696
    0.000561   -0.001035   -0.017559
    0.000997    0.001419   -0.020187
    0.001557    0.003741   -0.022341
    0.002241    0.005944   -0.024407
    0.003050    0.008098   -0.026416
    0.003982    0.010077   -0.028373
    0.005038    0.011947   -0.030240
    0.006218    0.013808   -0.032034
    0.007520    0.015638   -0.033871
    0.008945    0.017437   -0.035780
    0.010493    0.019222   -0.037791
    0.012162    0.020992   -0.039922
    0.013954    0.022753   -0.042167
    0.015866    0.024502   -0.044520
    0.017899    0.026222   -0.046980
    0.020052    0.027906   -0.049541
    0.022325    0.029541   -0.052201
    0.024716    0.031098   -0.054954
    0.027226    0.032540   -0.057795
    0.029854    0.033842   -0.060721
    0.032600    0.034985   -0.063726
    0.035461    0.035963   -0.066807
    0.038439    0.036821   -0.069957
    0.041531    0.037651   -0.073181
    0.044738    0.038485   -0.076480
    0.048058    0.039324   -0.079814
    0.051491    0.040166   -0.083200
    0.055036    0.041023   -0.086632
    0.058691    0.041887   -0.090106
    0.062456    0.042759   -0.093613
    0.066331    0.043638   -0.097151
    0.070314    0.044524   -0.100716
    0.074403    0.045418   -0.104302
    0.078599    0.046320   -0.107905
    0.082900    0.047230   -0.111520
    0.087305    0.048149   -0.115141
    0.091812    0.049074   -0.118764
    0.096421    0.050005   -0.122384
    0.101131    0.050952   -0.125996
    0.105941    0.051908   -0.129603
    0.110848    0.052876   -0.133223
    0.115853    0.053855   -0.136778
    0.120953    0.054846   -0.140297
    0.126148    0.055851   -0.143782
    0.131435    0.056868   -0.147229
    0.136815    0.057899   -0.150633
    0.142285    0.058946   -0.153990
    0.147845    0.060010   -0.157308
    0.153492    0.061090   -0.160600
    0.159225    0.062188   -0.163782
    0.165044    0.063305   -0.166883
    0.170946    0.064442   -0.169914
    0.176930    0.065599   -0.172869
    0.182994    0.066777   -0.175745
    0.189138    0.067976   -0.178550
    0.195358    0.069204   -0.181310
    0.201655    0.070452   -0.183896
    0.208026    0.071724   -0.186385
    0.214470    0.073023   -0.188775
    0.220986    0.074356   -0.191083
    0.227570    0.075710   -0.193313
    0.234223    0.077092   -0.195368
    0.240941    0.078514   -0.197286
    0.247725    0.079959   -0.199087
    0.254571    0.081434   -0.200792
    0.261478    0.082954   -0.202399
    0.268445    0.084498   -0.203815
    0.275470    0.086074   -0.205071
    0.282550    0.087700   -0.206193
    0.289685    0.089351   -0.207205
    0.296872    0.091037   -0.208107
    0.304110    0.092777   -0.208793
    0.311396    0.094542   -0.209308
    0.318730    0.096346   -0.209676
    0.326109    0.098208   -0.209920
    0.333531    0.100095   -0.210050
    0.340994    0.102024   -0.209934
    0.348497    0.104013   -0.209646
    0.356038    0.106028   -0.209201
    0.363615    0.108087   -0.208619
    0.371226    0.110210   -0.207921
    0.378869    0.112360   -0.206957
    0.386542    0.114554   -0.205818
    0.394243    0.116816   -0.204517
    0.401971    0.119105   -0.203071
    0.409723    0.121439   -0.201503
    0.417498    0.123821   -0.199668
    0.425293    0.126272   -0.197652
    0.433107    0.128751   -0.195467
    0.440937    0.131275   -0.193141
    0.448783    0.133846   -0.190677
    0.456641    0.136472   -0.187977
    0.464509    0.139162   -0.185072
    0.472387    0.141879   -0.181999
    0.480272    0.144644   -0.178756
    0.488161    0.147455   -0.175373
    0.496053    0.150313   -0.171852
    0.503947    0.153222   -0.168104
    0.511839    0.156183   -0.164165
    0.519729    0.159202   -0.160053
    0.527613    0.162249   -0.155778
    0.535491    0.165340   -0.151341
    0.543360    0.168476   -0.146743
    0.551217    0.171656   -0.142009
    0.559063    0.174880   -0.137153
    0.566893    0.178146   -0.132082
    0.574707    0.181453   -0.126853
    0.582502    0.184802   -0.121459
    0.590277    0.188191   -0.115919
    0.598029    0.191621   -0.110234
    0.605757    0.195089   -0.104407
    0.613458    0.198594   -0.098442
    0.621131    0.202135   -0.092341
    0.628774    0.205710   -0.086108
    0.636385    0.209319   -0.079747
    0.643962    0.212959   -0.073260
    0.651503    0.216631   -0.066653
    0.659006    0.220332   -0.059929
    0.666469    0.224060   -0.053091
    0.673891    0.227816   -0.046145
    0.681270    0.231595   -0.039094
    0.688604    0.235399   -0.031965
    0.695890    0.239224   -0.024768
    0.703128    0.243070   -0.017431
    0.710315    0.246934   -0.009988
    0.717450    0.250815   -0.002439
    0.724530    0.254711    0.005139
    0.731555    0.258619    0.012787
    0.738522    0.262538    0.020501
    0.745429    0.266466    0.028274
    0.752275    0.270401    0.036102
    0.759059    0.274341    0.043979
    0.765777    0.278284    0.051900
    0.772430    0.282227    0.059859
    0.779015    0.286170    0.067850
    0.785530    0.290102    0.075868
    0.791974    0.294024    0.083907
    0.798345    0.297950    0.091961
    0.804642    0.301867    0.100026
    0.810863    0.305772    0.108094
    0.817006    0.309662    0.116160
    0.823070    0.313537    0.124220
    0.829054    0.317395    0.132270
    0.834956    0.321232    0.140301
    0.840775    0.325047    0.148305
    0.846508    0.328836    0.156279
    0.852155    0.332597    0.164215
    0.857715    0.336329    0.172126
    0.863185    0.340029    0.179990
    0.868565    0.343694    0.187779
    0.873852    0.347318    0.195507
    0.879047    0.350901    0.203168
    0.884147    0.354451    0.210758
    0.889152    0.357958    0.218271
    0.894059    0.361420    0.225701
    0.898869    0.364835    0.233045
    0.903579    0.368200    0.240296
    0.908188    0.371513    0.247446
    0.912695    0.374773    0.254492
    0.917100    0.377976    0.261427
    0.921401    0.381122    0.268246
    0.925597    0.384208    0.274944
    0.929686    0.387232    0.281517
    0.933669    0.390192    0.287958
    0.937544    0.393087    0.294278
    0.941309    0.395913    0.300447
    0.944965    0.398670    0.306465
    0.948509    0.401356    0.312334
    0.951942    0.403968    0.318049
    0.955262    0.406505    0.323606
    0.958469    0.408966    0.329000
    0.961561    0.411347    0.334226
    0.964539    0.413649    0.339282
    0.967400    0.415869    0.344162
    0.970146    0.417987    0.348863
    0.972774    0.419722    0.353381
    0.975284    0.420920    0.357714
    0.977675    0.421750    0.361855
    0.979948    0.422305    0.365801
    0.982101    0.422637    0.369556
    0.984134    0.422780    0.373113
    0.986046    0.422754    0.376467
    0.987838    0.422572    0.379618
    0.989507    0.422242    0.382562
    0.991055    0.421769    0.385296
    0.992480    0.421156    0.387821
    0.993782    0.420455    0.390132
    0.994962    0.419573    0.392229
    0.996018    0.418521    0.394109
    0.996950    0.417393    0.395772
    0.997759    0.416154    0.397308
    0.998443    0.414818    0.398716
    0.999003    0.413347    0.400298
    0.999439    0.411780    0.401958
    0.999751    0.410124    0.403584
    0.999938    0.408332    0.405170
    1.000000    0.407454    0.407454
  BLADE PROFILES IN CARTESIAN COORDINATES (3D) 
  VARIABLES = "X", "YSS", "YPS" "R" 
  BLADE           1  SECTION           2
  -11.169143    1.661791    1.661791  188.971298
   -9.901939    1.081072    1.081072  188.969360
   -8.772093    0.563304    0.563304  188.967438
   -7.764719    0.101665    0.101665  188.965622
   -6.866541   -0.309930   -0.309930  188.963943
   -6.065722   -0.676906   -0.676906  188.962418
   -5.351710   -1.004101   -1.004101  188.961029
   -4.715095   -1.295827   -1.295827  188.959763
   -4.147487   -1.555929   -1.555929  188.958633
   -3.641402   -1.787836   -1.787836  188.957703
   -3.190180   -1.994604   -1.994604  188.956818
   -2.787866   -2.178958   -2.178958  188.956009
   -2.429162   -2.343328   -2.343328  188.955322
   -2.109341   -2.489881   -2.489881  188.954727
   -1.824185   -2.620547   -2.620547  188.954193
   -1.569942   -2.737050   -2.737050  188.953705
   -1.343257   -2.840923   -2.840923  188.953278
   -1.141144   -2.933537   -2.933537  188.952896
   -0.960939   -3.016113   -3.016113  188.952591
   -0.800267   -3.089736   -3.089736  188.952286
   -0.657013   -3.155379   -3.155379  188.952026
   -0.529286   -3.213907   -3.213907  188.951813
   -0.415405   -3.266091   -3.266091  188.951614
   -0.313868   -3.312618   -3.312618  188.951416
   -0.223336   -3.354102   -3.354102  188.951263
   -0.142619   -3.391089   -3.391089  188.951111
   -0.061901   -2.980486   -3.800331  188.951019
    0.022495   -2.844798   -3.934657  188.951050
    0.110911   -2.740959   -4.050451  188.951126
    0.203682   -2.651522   -4.166119  188.951157
    0.301150   -2.572105   -4.283084  188.951248
    0.403653   -2.502153   -4.401974  188.951294
    0.511532   -2.444317   -4.523113  188.951355
    0.625124   -2.400150   -4.646715  188.951462
    0.744767   -2.365921   -4.772975  188.951569
    0.870802   -2.333155   -4.902432  188.951706
    1.003569   -2.300336   -5.033920  188.951813
    1.143406   -2.266908   -5.168019  188.951935
    1.290650   -2.233016   -5.304401  188.952087
    1.445644   -2.198544   -5.443009  188.952240
    1.608646   -2.163395   -5.583547  188.952393
    1.779698   -2.127517   -5.725481  188.952560
    1.959199   -2.090892   -5.868542  188.952744
    2.147594   -2.053131   -6.012478  188.953003
    2.345384   -2.014126   -6.157888  188.953247
    2.553109   -1.973703   -6.301921  188.953491
    2.771364   -1.931653   -6.445472  188.953781
    3.000680   -1.887737   -6.587995  188.954086
    3.241493   -1.841672   -6.729972  188.954437
    3.494608   -1.793159   -6.867723  188.954773
    3.760931   -1.741754   -7.001853  188.955215
    4.041462   -1.687103   -7.132211  188.955612
    4.337301   -1.628538   -7.257285  188.956146
    4.649650   -1.565616   -7.374257  188.956619
    4.982295   -1.497081   -7.485111  188.957245
    5.340026   -1.421234   -7.584245  188.957825
    5.723242   -1.337380   -7.672966  188.958481
    6.131643   -1.244766   -7.742329  188.959290
    6.564250   -1.142680   -7.793327  188.960175
    7.019395   -1.030534   -7.817375  188.961014
    7.494714   -0.907811   -7.814329  188.961899
    7.982505   -0.775572   -7.780214  188.962891
    8.474972   -0.635280   -7.712369  188.963882
    8.969456   -0.487419   -7.615105  188.964935
    9.463804   -0.331788   -7.483393  188.965942
    9.956338   -0.169455   -7.323965  188.966949
   10.445880    0.000000   -7.132148  188.967880
   10.931746    0.175664   -6.915002  188.968811
   11.417199    0.359941   -6.665637  188.969727
   11.904467    0.552540   -6.386487  188.970749
   12.393113    0.754179   -6.079113  188.971603
   12.882534    0.964814   -5.739519  188.972549
   13.371829    1.184331   -5.370810  188.973404
   13.859857    1.412206   -4.974209  188.974182
   14.345259    1.647817   -4.551196  188.974945
   14.823712    1.888921   -4.106411  188.975647
   15.292506    2.133834   -3.645573  188.976364
   15.750377    2.381464   -3.166758  188.976974
   16.196299    2.630646   -2.678091  188.977478
   16.629484    2.880349   -2.180677  188.978012
   17.049368    3.129620   -1.677291  188.978363
   17.455698    3.377278   -1.170347  188.978760
   17.849922    3.624448   -0.659896  188.979034
   18.232462    3.870508   -0.146867  188.979324
   18.603294    4.114897    0.366893  188.979477
   18.962431    4.357054    0.880666  188.979645
   19.309864    4.596186    1.391078  188.979752
   19.645599    4.832428    1.897758  188.979782
   19.969643    5.064986    2.399442  188.979813
   20.281986    5.293403    2.894548  188.979828
   20.582628    5.517238    3.382180  188.979752
   20.871574    5.736042    3.860337  188.979660
   21.148821    5.949379    4.328324  188.979538
   21.414373    6.111063    4.784887  188.979370
   21.668222    6.125499    5.228941  188.979218
   21.910378    5.796926    5.796681  188.979050
   22.152534    6.110548    6.110425  188.978516
   22.408516    6.442212    6.442212  188.977875
   22.679117    6.792818    6.792818  188.977264
   22.965172    7.163451    7.163451  188.976669
   23.267570    7.555253    7.555253  188.976166
   23.587233    7.969433    7.969433  188.975723
   23.925156    8.407273    8.407273  188.975357
   24.282373    8.870126    8.870126  188.975113
   24.659996    9.359421    9.359421  188.975006
   25.059183    9.876674    9.876674  188.975235
   25.481171   10.423480   10.423480  188.975662
   25.927265   11.001530   11.001530  188.976318
   26.398829   11.612612   11.612612  188.977264
   26.897327   12.258610   12.258610  188.978516
   27.424292   12.941510   12.941510  188.980057
  BLADE PROFILES IN CARTESIAN COORDINATES (2D) BEFORE   PROJECTION, SCALING, MESHING AND STACKING 
  VARIABLES = "X", "YSS", "YPS" 
  BLADE           1  SECTION           3
    0.000000   -0.006836   -0.006836
    0.000062   -0.005365   -0.010938
    0.000249   -0.002714   -0.013815
    0.000561   -0.000191   -0.016702
    0.000997    0.002201   -0.019327
    0.001557    0.004459   -0.021651
    0.002241    0.006584   -0.023802
    0.003050    0.008605   -0.025872
    0.003982    0.010528   -0.027803
    0.005038    0.012407   -0.029652
    0.006218    0.014242   -0.031483
    0.007520    0.016049   -0.033313
    0.008945    0.017846   -0.035172
    0.010493    0.019625   -0.037130
    0.012162    0.021405   -0.039199
    0.013954    0.023165   -0.041381
    0.015866    0.024922   -0.043671
    0.017899    0.026650   -0.046065
    0.020052    0.028323   -0.048558
    0.022325    0.029951   -0.051146
    0.024716    0.031491   -0.053824
    0.027226    0.032904   -0.056596
    0.029854    0.034160   -0.059460
    0.032600    0.035247   -0.062384
    0.035461    0.036184   -0.065382
    0.038439    0.037043   -0.068448
    0.041531    0.037907   -0.071578
    0.044738    0.038779   -0.074768
    0.048058    0.039660   -0.078009
    0.051491    0.040549   -0.081301
    0.055036    0.041445   -0.084638
    0.058691    0.042349   -0.088016
    0.062456    0.043259   -0.091430
    0.066331    0.044177   -0.094875
    0.070314    0.045101   -0.098346
    0.074403    0.046031   -0.101840
    0.078599    0.046962   -0.105350
    0.082900    0.047909   -0.108873
    0.087305    0.048863   -0.112403
    0.091812    0.049825   -0.115936
    0.096421    0.050795   -0.119475
    0.101131    0.051774   -0.123034
    0.105941    0.052761   -0.126548
    0.110848    0.053758   -0.130037
    0.115853    0.054765   -0.133503
    0.120953    0.055780   -0.136943
    0.126148    0.056804   -0.140351
    0.131435    0.057843   -0.143724
    0.136815    0.058893   -0.147057
    0.142285    0.059957   -0.150359
    0.147845    0.061033   -0.153638
    0.153492    0.062123   -0.156826
    0.159225    0.063228   -0.159938
    0.165044    0.064348   -0.162987
    0.170946    0.065484   -0.165968
    0.176930    0.066637   -0.168878
    0.182994    0.067807   -0.171713
    0.189138    0.068996   -0.174479
    0.195358    0.070206   -0.177203
    0.201655    0.071435   -0.179763
    0.208026    0.072683   -0.182232
    0.214470    0.073954   -0.184606
    0.220986    0.075251   -0.186882
    0.227570    0.076567   -0.189066
    0.234223    0.077907   -0.191187
    0.240941    0.079273   -0.193115
    0.247725    0.080670   -0.194928
    0.254571    0.082087   -0.196626
    0.261478    0.083532   -0.198224
    0.268445    0.085013   -0.199736
    0.275470    0.086516   -0.201045
    0.282550    0.088046   -0.202211
    0.289685    0.089619   -0.203248
    0.296872    0.091214   -0.204175
    0.304110    0.092838   -0.204997
    0.311396    0.094509   -0.205609
    0.318730    0.096202   -0.206057
    0.326109    0.097927   -0.206363
    0.333531    0.099691   -0.206550
    0.340994    0.101499   -0.206618
    0.348497    0.103331   -0.206471
    0.356038    0.105201   -0.206143
    0.363615    0.107121   -0.205664
    0.371226    0.109065   -0.205032
    0.378869    0.111046   -0.204258
    0.386542    0.113084   -0.203375
    0.394243    0.115145   -0.202232
    0.401971    0.117243   -0.200930
    0.409723    0.119383   -0.199469
    0.417498    0.121579   -0.197867
    0.425293    0.123799   -0.196148
    0.433107    0.126058   -0.194178
    0.440937    0.128357   -0.192032
    0.448783    0.130704   -0.189725
    0.456641    0.133101   -0.187257
    0.464509    0.135523   -0.184644
    0.472387    0.137986   -0.181916
    0.480272    0.140488   -0.178940
    0.488161    0.143037   -0.175790
    0.496053    0.145640   -0.172481
    0.503947    0.148266   -0.169012
    0.511839    0.150931   -0.165411
    0.519729    0.153635   -0.161681
    0.527613    0.156378   -0.157739
    0.535491    0.159159   -0.153630
    0.543360    0.161980   -0.149355
    0.551217    0.164840   -0.144928
    0.559063    0.167741   -0.140353
    0.566893    0.170690   -0.135629
    0.574707    0.173659   -0.130761
    0.582502    0.176662   -0.125749
    0.590277    0.179700   -0.120615
    0.598029    0.182771   -0.115382
    0.605757    0.185875   -0.109955
    0.613458    0.189010   -0.104395
    0.621131    0.192176   -0.098697
    0.628774    0.195372   -0.092871
    0.636385    0.198596   -0.086923
    0.643962    0.201848   -0.080857
    0.651503    0.205126   -0.074675
    0.659006    0.208429   -0.068383
    0.666469    0.211756   -0.061983
    0.673891    0.215106   -0.055480
    0.681270    0.218476   -0.048877
    0.688604    0.221867   -0.042180
    0.695890    0.225276   -0.035391
    0.703128    0.228702   -0.028517
    0.710315    0.232144   -0.021560
    0.717450    0.235599   -0.014527
    0.724530    0.239066   -0.007421
    0.731555    0.242544   -0.000248
    0.738522    0.246031    0.006988
    0.745429    0.249526    0.014281
    0.752275    0.253026    0.021627
    0.759059    0.256529    0.029020
    0.765777    0.260029    0.036455
    0.772430    0.263524    0.043928
    0.779015    0.267028    0.051432
    0.785530    0.270530    0.058962
    0.791974    0.274026    0.066513
    0.798345    0.277514    0.074079
    0.804642    0.280994    0.081658
    0.810863    0.284463    0.089243
    0.817006    0.287921    0.096828
    0.823070    0.291363    0.104406
    0.829054    0.294789    0.111972
    0.834956    0.298197    0.119521
    0.840775    0.301583    0.127046
    0.846508    0.304947    0.134560
    0.852155    0.308286    0.142044
    0.857715    0.311599    0.149465
    0.863185    0.314883    0.156841
    0.868565    0.318131    0.164167
    0.873852    0.321346    0.171436
    0.879047    0.324532    0.178644
    0.884147    0.327683    0.185785
    0.889152    0.330795    0.192853
    0.894059    0.333866    0.199847
    0.898869    0.336896    0.206758
    0.903579    0.339881    0.213581
    0.908188    0.342821    0.220310
    0.912695    0.345713    0.226941
    0.917100    0.348555    0.233468
    0.921401    0.351346    0.239887
    0.925597    0.354083    0.246192
    0.929686    0.356766    0.252379
    0.933669    0.359391    0.258456
    0.937544    0.361959    0.264397
    0.941309    0.364466    0.270201
    0.944965    0.366911    0.275867
    0.948509    0.369293    0.281393
    0.951942    0.371609    0.286774
    0.955262    0.373860    0.292007
    0.958469    0.376041    0.297086
    0.961561    0.378154    0.302008
    0.964539    0.380195    0.306769
    0.967400    0.382164    0.311364
    0.970146    0.384034    0.315792
    0.972774    0.385525    0.320047
    0.975284    0.386498    0.324127
    0.977675    0.387120    0.328028
    0.979948    0.387480    0.331745
    0.982101    0.387632    0.335281
    0.984134    0.387608    0.338631
    0.986046    0.387428    0.341791
    0.987838    0.387102    0.344759
    0.989507    0.386640    0.347532
    0.991055    0.386048    0.350107
    0.992480    0.385329    0.352485
    0.993782    0.384536    0.354663
    0.994962    0.383570    0.356638
    0.996018    0.382444    0.358409
    0.996950    0.381256    0.359975
    0.997759    0.379968    0.361424
    0.998443    0.378595    0.362751
    0.999003    0.377116    0.364269
    0.999439    0.375538    0.365862
    0.999751    0.373886    0.367424
    0.999938    0.372114    0.368989
    1.000000    0.371270    0.371270
  BLADE PROFILES IN CARTESIAN COORDINATES (3D) 
  VARIABLES = "X", "YSS", "YPS" "R" 
  BLADE           1  SECTION           3
  -12.192160    1.586077    1.586077  199.950638
  -10.855354    1.007314    1.007314  199.979202
   -9.663630    0.491237    0.491237  200.010651
   -8.601282    0.031037    0.031037  200.043762
   -7.654285   -0.379348   -0.379348  200.077469
   -6.810122   -0.745318   -0.745318  200.110977
   -6.057630   -1.071683   -1.071683  200.143677
   -5.386852   -1.362731   -1.362731  200.175217
   -4.788909   -1.622283   -1.622283  200.205185
   -4.255889   -1.853748   -1.853748  200.233475
   -3.780735   -2.060162   -2.060162  200.259933
   -3.357162   -2.244236   -2.244236  200.284561
   -2.979565   -2.408386   -2.408386  200.307297
   -2.642951   -2.554765   -2.554765  200.328262
   -2.342865   -2.685297   -2.685297  200.347473
   -2.075341   -2.801697   -2.801697  200.364975
   -1.836845   -2.905493   -2.905493  200.380951
   -1.624224   -2.998050   -2.998050  200.395477
   -1.434668   -3.080582   -3.080582  200.408630
   -1.265674   -3.154175   -3.154175  200.420563
   -1.115010   -3.219796   -3.219796  200.431305
   -0.980688   -3.278310   -3.278310  200.441040
   -0.860933   -3.330484   -3.330484  200.449768
   -0.754164   -3.377006   -3.377006  200.457581
   -0.658975   -3.418489   -3.418489  200.464676
   -0.574108   -3.455475   -3.455475  200.471024
   -0.489813   -3.024241   -3.886745  200.477341
   -0.401684   -2.882448   -4.028557  200.487015
   -0.309370   -2.773157   -4.147576  200.499237
   -0.212518   -2.678758   -4.266360  200.512085
   -0.110774   -2.595246   -4.386601  200.525772
   -0.003789   -2.522217   -4.508799  200.540253
    0.108794   -2.463058   -4.633839  200.555679
    0.227324   -2.418841   -4.760927  200.571960
    0.352151   -2.382674   -4.890668  200.589325
    0.483628   -2.346706   -5.023118  200.607834
    0.622108   -2.310471   -5.158202  200.627472
    0.767939   -2.273859   -5.295949  200.648361
    0.921472   -2.236768   -5.436232  200.670624
    1.083060   -2.199132   -5.578870  200.694260
    1.252968   -2.161011   -5.723559  200.719437
    1.431236   -2.121953   -5.869762  200.746124
    1.618276   -2.082052   -6.017311  200.774429
    1.814550   -2.041152   -6.166678  200.804474
    2.020573   -1.999089   -6.315373  200.836395
    2.236903   -1.955733   -6.464151  200.870270
    2.464159   -1.910828   -6.612620  200.906326
    2.702883   -1.864084   -6.760560  200.944626
    2.953527   -1.815355   -6.907397  200.985275
    3.216922   -1.764341   -7.050222  201.028580
    3.494005   -1.710638   -7.189862  201.074615
    3.785812   -1.653851   -7.325817  201.123703
    4.093481   -1.593462   -7.456696  201.176010
    4.418259   -1.528961   -7.579490  201.231949
    4.764065   -1.459180   -7.696410  201.292099
    5.135884   -1.382510   -7.802383  201.357559
    5.534108   -1.298404   -7.897431  201.428329
    5.958429   -1.206151   -7.974378  201.504623
    6.407830   -1.105067   -8.032747  201.586182
    6.880556   -0.994600   -8.063870  201.672760
    7.374179   -0.874416   -8.069353  201.763870
    7.880693   -0.745603   -8.040557  201.857941
    8.392036   -0.609583   -7.982580  201.953369
    8.905438   -0.466881   -7.889716  202.049530
    9.418691   -0.317527   -7.767577  202.145798
    9.930079   -0.161532   -7.612395  202.241745
   10.438381    0.000000   -7.430013  202.336929
   10.942914    0.168135   -7.216296  202.431122
   11.447102    0.342885   -6.975949  202.524826
   11.953218    0.525841   -6.702489  202.618240
   12.460878    0.717717   -6.398691  202.711334
   12.969445    0.917301   -6.065703  202.803543
   13.478000    1.124965   -5.704348  202.894791
   13.985399    1.340336   -5.312911  202.984558
   14.490232    1.562852   -4.894929  203.072540
   14.987992    1.790408   -4.455085  203.157806
   15.475897    2.021406   -3.997354  203.239868
   15.952617    2.254785   -3.524796  203.318466
   16.417082    2.489520   -3.040442  203.393311
   16.868465    2.724630   -2.547207  203.464462
   17.306198    2.958920   -2.047788  203.531815
   17.729963    3.192383   -1.544620  203.595230
   18.141321    3.424963   -1.037543  203.655212
   18.540648    3.656452   -0.527922  203.711807
   18.927933    3.886265   -0.016732  203.765076
   19.303192    4.113868    0.493068  203.815170
   19.666395    4.338746    1.000469  203.862076
   20.017538    4.560776    1.504317  203.905975
   20.356607    4.779313    2.003185  203.946854
   20.683586    4.993931    2.495599  203.985001
   20.998463    5.204205    2.980689  204.020325
   21.301229    5.409720    3.456340  204.053070
   21.591862    5.610078    3.921956  204.083328
   21.870359    5.756236    4.376235  204.111237
   22.136715    5.750148    4.818085  204.136826
   22.390886    5.389770    5.389515  204.160324
   22.645756    5.696123    5.695995  204.179703
   22.915180    6.020135    6.020135  204.197067
   23.199987    6.362685    6.362685  204.215469
   23.501053    6.724838    6.724838  204.235123
   23.819302    7.107719    7.107719  204.256088
   24.155710    7.512521    7.512521  204.278519
   24.511307    7.940504    7.940504  204.302551
   24.887186    8.393003    8.393003  204.328384
   25.284481    8.871442    8.871442  204.356369
   25.704384    9.377322    9.377322  204.387054
   26.148207    9.912212    9.912212  204.420288
   26.617315   10.477795   10.477795  204.456345
   27.113113   11.075840   11.075840  204.495499
   27.637131   11.708236   11.708236  204.538101
   28.190062   12.377316   12.377316  204.588516
  BLADE PROFILES IN CARTESIAN COORDINATES (2D) BEFORE   PROJECTION, SCALING, MESHING AND STACKING 
  VARIABLES = "X", "YSS", "YPS" 
  BLADE           2  SECTION           1
    0.000000    0.017946    0.017946
    0.000062    0.019093    0.013622
    0.000249    0.021562    0.010388
    0.000561    0.023312    0.007195
    0.000997    0.025152    0.004049
    0.001557    0.027087    0.000987
    0.002241    0.028844   -0.001946
    0.003050    0.030680   -0.004682
    0.003982    0.032581   -0.007193
    0.005038    0.034475   -0.009513
    0.006218    0.036495   -0.011710
    0.007520    0.038659   -0.013669
    0.008945    0.040961   -0.015480
    0.010493    0.043394   -0.017226
    0.012162    0.045944   -0.018869
    0.013954    0.048607   -0.020434
    0.015866    0.051383   -0.021966
    0.017899    0.054287   -0.023428
    0.020052    0.057284   -0.024864
    0.022325    0.060362   -0.026223
    0.024716    0.063530   -0.027542
    0.027226    0.066782   -0.028780
    0.029854    0.070115   -0.029891
    0.032600    0.073522   -0.030891
    0.035461    0.076999   -0.031717
    0.038439    0.080542   -0.032329
    0.041531    0.084144   -0.032703
    0.044738    0.087798   -0.032869
    0.048058    0.091501   -0.032938
    0.051491    0.095250   -0.032963
    0.055036    0.099039   -0.032955
    0.058691    0.102864   -0.032911
    0.062456    0.106719   -0.032833
    0.066331    0.110601   -0.032719
    0.070314    0.114504   -0.032569
    0.074403    0.118424   -0.032399
    0.078599    0.122354   -0.032201
    0.082900    0.126307   -0.031975
    0.087305    0.130280   -0.031722
    0.091812    0.134218   -0.031445
    0.096421    0.138149   -0.031144
    0.101131    0.142067   -0.030819
    0.105941    0.145958   -0.030474
    0.110848    0.149827   -0.030107
    0.115853    0.153670   -0.029728
    0.120953    0.157481   -0.029334
    0.126148    0.161257   -0.028927
    0.131435    0.164992   -0.028509
    0.136815    0.168699   -0.028080
    0.142285    0.172383   -0.027645
    0.147845    0.175973   -0.027204
    0.153492    0.179492   -0.026762
    0.159225    0.182943   -0.026317
    0.165044    0.186328   -0.025873
    0.170946    0.189642   -0.025432
    0.176930    0.192882   -0.024996
    0.182994    0.196057   -0.024570
    0.189138    0.199188   -0.024159
    0.195358    0.202166   -0.023753
    0.201655    0.205043   -0.023361
    0.208026    0.207826   -0.022984
    0.214470    0.210513   -0.022631
    0.220986    0.213116   -0.022306
    0.227570    0.215651   -0.021993
    0.234223    0.218007   -0.021705
    0.240941    0.220238   -0.021448
    0.247725    0.222355   -0.021233
    0.254571    0.224356   -0.021035
    0.261478    0.226250   -0.020869
    0.268445    0.228065   -0.020762
    0.275470    0.229660   -0.020674
    0.282550    0.231126   -0.020624
    0.289685    0.232463   -0.020621
    0.296872    0.233683   -0.020680
    0.304110    0.234813   -0.020764
    0.311396    0.235703   -0.020897
    0.318730    0.236451   -0.021105
    0.326109    0.237058   -0.021340
    0.333531    0.237539   -0.021628
    0.340994    0.237920   -0.022001
    0.348497    0.238051   -0.022403
    0.356038    0.238027   -0.022861
    0.363615    0.237855   -0.023415
    0.371226    0.237550   -0.023998
    0.378869    0.237136   -0.024641
    0.386542    0.236468   -0.025387
    0.394243    0.235637   -0.026166
    0.401971    0.234650   -0.027008
    0.409723    0.233529   -0.027927
    0.417498    0.232287   -0.028940
    0.425293    0.230806   -0.029993
    0.433107    0.229145   -0.031115
    0.440937    0.227327   -0.032349
    0.448783    0.225349   -0.033622
    0.456641    0.223229   -0.034965
    0.464509    0.220998   -0.036381
    0.472387    0.218514   -0.037874
    0.480272    0.215863   -0.039480
    0.488161    0.213055   -0.041125
    0.496053    0.210090   -0.042844
    0.503947    0.206968   -0.044637
    0.511839    0.203700   -0.046505
    0.519729    0.200336   -0.048451
    0.527613    0.196721   -0.050513
    0.535491    0.192954   -0.052612
    0.543360    0.189038   -0.054786
    0.551217    0.184973   -0.057033
    0.559063    0.180761   -0.059353
    0.566893    0.176404   -0.061747
    0.574707    0.171919   -0.064213
    0.582502    0.167338   -0.066750
    0.590277    0.162557   -0.069359
    0.598029    0.157630   -0.072037
    0.605757    0.152566   -0.074785
    0.613458    0.147373   -0.077601
    0.621131    0.142054   -0.080483
    0.628774    0.136611   -0.083432
    0.636385    0.131047   -0.086445
    0.643962    0.125367   -0.089521
    0.651503    0.119573   -0.092657
    0.659006    0.113669   -0.095852
    0.666469    0.107659   -0.099105
    0.673891    0.101547   -0.102413
    0.681270    0.095337   -0.105775
    0.688604    0.089032   -0.109189
    0.695890    0.082638   -0.112654
    0.703128    0.076158   -0.116167
    0.710315    0.069597   -0.119725
    0.717450    0.062960   -0.123328
    0.724530    0.056250   -0.126971
    0.731555    0.049473   -0.130653
    0.738522    0.042634   -0.134372
    0.745429    0.035736   -0.138124
    0.752275    0.028786   -0.141908
    0.759059    0.021788   -0.145721
    0.765777    0.014748   -0.149560
    0.772430    0.007669   -0.153423
    0.779015    0.000558   -0.157306
    0.785530   -0.006580   -0.161207
    0.791974   -0.013741   -0.165124
    0.798345   -0.020919   -0.169053
    0.804642   -0.028109   -0.172992
    0.810863   -0.035305   -0.176937
    0.817006   -0.042502   -0.180882
    0.823070   -0.049696   -0.184812
    0.829054   -0.056880   -0.188761
    0.834956   -0.064049   -0.192705
    0.840775   -0.071199   -0.196644
    0.846508   -0.078326   -0.200573
    0.852155   -0.085427   -0.204488
    0.857715   -0.092519   -0.208385
    0.863185   -0.099535   -0.212263
    0.868565   -0.106505   -0.216118
    0.873852   -0.113423   -0.219947
    0.879047   -0.120283   -0.223747
    0.884147   -0.127080   -0.227515
    0.889152   -0.133810   -0.231248
    0.894059   -0.140467   -0.234944
    0.898869   -0.147046   -0.238599
    0.903579   -0.153542   -0.242210
    0.908188   -0.159950   -0.245772
    0.912695   -0.166264   -0.249277
    0.917100   -0.172482   -0.252741
    0.921401   -0.178596   -0.256151
    0.925597   -0.184604   -0.259503
    0.929686   -0.190500   -0.262794
    0.933669   -0.196280   -0.266023
    0.937544   -0.201940   -0.269186
    0.941309   -0.207474   -0.272281
    0.944965   -0.212878   -0.275305
    0.948509   -0.218152   -0.278256
    0.951942   -0.223294   -0.281131
    0.955262   -0.228284   -0.283928
    0.958469   -0.233127   -0.286644
    0.961561   -0.237821   -0.289278
    0.964539   -0.242361   -0.291827
    0.967400   -0.246744   -0.294289
    0.970146   -0.250967   -0.296662
    0.972774   -0.255026   -0.298944
    0.975284   -0.258919   -0.301132
    0.977675   -0.262641   -0.303228
    0.979948   -0.266191   -0.305183
    0.982101   -0.269563   -0.306812
    0.984134   -0.272756   -0.308093
    0.986046   -0.275772   -0.309108
    0.987838   -0.278604   -0.309911
    0.989507   -0.281250   -0.310525
    0.991055   -0.283709   -0.310972
    0.992480   -0.285978   -0.311262
    0.993782   -0.288056   -0.311401
    0.994962   -0.289941   -0.311393
    0.996018   -0.291677   -0.311238
    0.996950   -0.293322   -0.310937
    0.997759   -0.295000   -0.310523
    0.998443   -0.296752   -0.309934
    0.999003   -0.298484   -0.309141
    0.999439   -0.300174   -0.308243
    0.999751   -0.301803   -0.307197
    0.999938   -0.303364   -0.305998
    1.000000   -0.304134   -0.304134
  BLADE PROFILES IN CARTESIAN COORDINATES (3D) 
  VARIABLES = "X", "YSS", "YPS" "R" 
  BLADE           2  SECTION           1
   18.514946  -12.449638  -12.449638  174.132736
   19.482109  -11.815317  -11.815317  174.004776
   20.350561  -11.247746  -11.247746  173.901215
   21.130341  -10.739789  -10.739789  173.818222
   21.831367  -10.285574  -10.285574  173.760361
   22.460779   -9.878913   -9.878913  173.716232
   23.025118   -9.514415   -9.514415  173.676834
   23.531086   -9.187688   -9.187688  173.641525
   23.984715   -8.894808   -8.894808  173.609665
   24.391382   -8.632247   -8.632247  173.580673
   24.755951   -8.396869   -8.396869  173.554352
   25.082794   -8.185858   -8.185858  173.530548
   25.375818   -7.996695   -7.996695  173.509064
   25.638508   -7.827111   -7.827111  173.489670
   25.874025   -7.675081   -7.675081  173.472183
   26.085161   -7.538786   -7.538786  173.456375
   26.274458   -7.416597   -7.416597  173.442154
   26.444159   -7.307055   -7.307055  173.429321
   26.596310   -7.208848   -7.208848  173.417755
   26.732710   -7.120803   -7.120803  173.407364
   26.855000   -7.041870   -7.041870  173.398010
   26.977041   -6.408785   -7.693503  173.386719
   27.104630   -6.185331   -7.935511  173.374695
   27.238258   -5.972742   -8.089714  173.361908
   27.378445   -5.764073   -8.209963  173.348221
   27.525702   -5.554740   -8.312276  173.333649
   27.680529   -5.345823   -8.401014  173.317993
   27.843435   -5.135115   -8.475706  173.301254
   28.014929   -4.921983   -8.533313  173.283234
   28.195517   -4.705999   -8.567146  173.263901
   28.385695   -4.487131   -8.577586  173.243118
   28.585974   -4.265140   -8.579071  173.220840
   28.796869   -4.039946   -8.576900  173.196854
   29.018864   -3.811660   -8.571128  173.171036
   29.252464   -3.580484   -8.561773  173.143265
   29.498062   -3.346770   -8.549765  173.113434
   29.755697   -3.109901   -8.534783  173.081451
   30.025976   -2.873083   -8.517024  173.047119
   30.309534   -2.635503   -8.496595  173.010284
   30.607122   -2.397903   -8.473660  172.970749
   30.919554   -2.160348   -8.448830  172.928268
   31.247690   -1.923422   -8.422119  172.882584
   31.592314   -1.686116   -8.393862  172.833527
   31.954058   -1.453676   -8.364563  172.780746
   32.334141   -1.225538   -8.334542  172.724075
   32.733871   -1.001972   -8.304275  172.663040
   33.154736   -0.781986   -8.274753  172.597275
   33.598373   -0.573057   -8.246034  172.526352
   34.066566   -0.373315   -8.219528  172.449722
   34.564915   -0.181619   -8.195767  172.366333
   35.100620   -0.005770   -8.176444  172.274551
   35.674175    0.155788   -8.162741  172.174011
   36.285141    0.291773   -8.156931  172.064529
   36.931988    0.402397   -8.162055  171.945923
   37.612190    0.473864   -8.180150  171.818634
   38.322189    0.509520   -8.213638  171.683029
   39.050495    0.497128   -8.264229  171.541336
   39.785458    0.441627   -8.332634  171.395859
   40.523163    0.339608   -8.418823  171.247559
   41.260391    0.191423   -8.523933  171.097519
   41.994724    0.000000   -8.647800  170.946304
   42.724377   -0.233208   -8.790396  170.794724
   43.448410   -0.508521   -8.950071  170.643219
   44.171741   -0.821781   -9.129745  170.490936
   44.897652   -1.181841   -9.330051  170.337540
   45.625572   -1.583317   -9.550511  170.183441
   46.354595   -2.023703   -9.791857  170.028793
   47.083458   -2.508376  -10.053989  169.874512
   47.810459   -3.032039  -10.336534  169.720947
   48.533627   -3.592528  -10.638575  169.568863
   49.246517   -4.183546  -10.956893  169.419846
   49.945141   -4.799644  -11.288891  169.274857
   50.627636   -5.436576  -11.632520  169.134460
   51.292484   -6.090156  -11.985626  168.999054
   51.938488   -6.756372  -12.346169  168.869064
   52.564877   -7.431489  -12.712222  168.744537
   53.171196   -8.112164  -13.082047  168.625656
   53.759670   -8.798248  -13.455511  168.511902
   54.330898   -9.488079  -13.831205  168.403305
   54.884834  -10.179710  -14.209638  168.299622
   55.421516  -10.871862  -14.588574  168.200958
   55.940922  -11.560017  -14.966852  168.107117
   56.443035  -12.243445  -15.343369  168.018173
   56.927841  -12.920235  -15.716614  167.933884
   57.395348  -13.588562  -16.086443  167.854309
   57.845516  -14.246812  -16.451466  167.779175
   58.278351  -14.893589  -16.810621  167.708450
   58.693829  -15.526155  -17.162899  167.641998
   59.091942  -16.143610  -17.507521  167.579712
   59.472664  -16.744303  -17.745693  167.521439
   59.835991  -17.531477  -17.531788  167.466965
   60.202549  -17.991718  -17.991873  167.436478
   60.598331  -18.488386  -18.488386  167.404221
   61.025688  -19.024548  -19.024548  167.370209
   61.487106  -19.603340  -19.603340  167.334427
   61.985329  -20.228161  -20.228161  167.296829
   62.523312  -20.902679  -20.902679  167.257492
   63.104221  -21.630861  -21.630861  167.216431
   63.731468  -22.416973  -22.416973  167.173706
   64.408783  -23.265646  -23.265646  167.129501
   65.140144  -24.181885  -24.181885  167.083893
   65.929893  -25.171082  -25.171082  167.037064
   66.782677  -26.239086  -26.239086  166.989380
   67.703537  -27.392214  -27.392214  166.941055
   68.697899  -28.637297  -28.637297  166.892548
   69.771622  -29.981741  -29.981741  166.844315
   70.931053  -31.433542  -31.433542  166.796875
   72.182999  -33.001373  -33.001373  166.750992
   73.534813  -34.694637  -34.694637  166.707336
   74.994423  -36.523502  -36.523502  166.666824
   76.570366  -38.498997  -38.498997  166.630417
  BLADE PROFILES IN CARTESIAN COORDINATES (2D) BEFORE   PROJECTION, SCALING, MESHING AND STACKING 
  VARIABLES = "X", "YSS", "YPS" 
  BLADE           2  SECTION           2
    0.000000    0.013482    0.013482
    0.000062    0.017621    0.010635
    0.000249    0.020735    0.006777
    0.000561    0.022715    0.003226
    0.000997    0.024811   -0.000217
    0.001557    0.026942   -0.003478
    0.002241    0.028895   -0.006517
    0.003050    0.030800   -0.009243
    0.003982    0.032723   -0.011800
    0.005038    0.034656   -0.014140
    0.006218    0.036516   -0.016270
    0.007520    0.038490   -0.018367
    0.008945    0.040575   -0.020385
    0.010493    0.042773   -0.022352
    0.012162    0.045075   -0.024311
    0.013954    0.047464   -0.026232
    0.015866    0.049946   -0.028154
    0.017899    0.052538   -0.030058
    0.020052    0.055203   -0.031911
    0.022325    0.057930   -0.033731
    0.024716    0.060729   -0.035484
    0.027226    0.063593   -0.037114
    0.029854    0.066518   -0.038617
    0.032600    0.069499   -0.039923
    0.035461    0.072531   -0.040988
    0.038439    0.075603   -0.041852
    0.041531    0.078717   -0.042593
    0.044738    0.081869   -0.043305
    0.048058    0.085053   -0.044012
    0.051491    0.088265   -0.044703
    0.055036    0.091501   -0.045378
    0.058691    0.094772   -0.046034
    0.062456    0.098066   -0.046674
    0.066331    0.101346   -0.047294
    0.070314    0.104630   -0.047896
    0.074403    0.107916   -0.048494
    0.078599    0.111190   -0.049079
    0.082900    0.114453   -0.049651
    0.087305    0.117702   -0.050212
    0.091812    0.120934   -0.050759
    0.096421    0.124145   -0.051295
    0.101131    0.127329   -0.051817
    0.105941    0.130497   -0.052340
    0.110848    0.133654   -0.052857
    0.115853    0.136737   -0.053368
    0.120953    0.139763   -0.053876
    0.126148    0.142737   -0.054380
    0.131435    0.145660   -0.054880
    0.136815    0.148528   -0.055385
    0.142285    0.151355   -0.055892
    0.147845    0.154137   -0.056402
    0.153492    0.156816   -0.056918
    0.159225    0.159409   -0.057440
    0.165044    0.161917   -0.057971
    0.170946    0.164346   -0.058513
    0.176930    0.166693   -0.059065
    0.182994    0.168971   -0.059632
    0.189138    0.171188   -0.060218
    0.195358    0.173257   -0.060817
    0.201655    0.175210   -0.061435
    0.208026    0.177064   -0.062073
    0.214470    0.178814   -0.062742
    0.220986    0.180475   -0.063427
    0.227570    0.182061   -0.064137
    0.234223    0.183463   -0.064877
    0.240941    0.184737   -0.065655
    0.247725    0.185893   -0.066454
    0.254571    0.186953   -0.067284
    0.261478    0.187912   -0.068166
    0.268445    0.188693   -0.069070
    0.275470    0.189314   -0.070009
    0.282550    0.189804   -0.070991
    0.289685    0.190162   -0.072029
    0.296872    0.190400   -0.073093
    0.304110    0.190543   -0.074200
    0.311396    0.190458   -0.075375
    0.318730    0.190223   -0.076578
    0.326109    0.189846   -0.077828
    0.333531    0.189347   -0.079130
    0.340994    0.188732   -0.080504
    0.348497    0.187904   -0.081910
    0.356038    0.186900   -0.083367
    0.363615    0.185747   -0.084884
    0.371226    0.184442   -0.086478
    0.378869    0.183003   -0.088107
    0.386542    0.181450   -0.089792
    0.394243    0.179665   -0.091537
    0.401971    0.177709   -0.093372
    0.409723    0.175598   -0.095241
    0.417498    0.173331   -0.097170
    0.425293    0.170929   -0.099160
    0.433107    0.168406   -0.101212
    0.440937    0.165667   -0.103336
    0.448783    0.162744   -0.105547
    0.456641    0.159665   -0.107795
    0.464509    0.156431   -0.110107
    0.472387    0.153043   -0.112483
    0.480272    0.149500   -0.114923
    0.488161    0.145819   -0.117428
    0.496053    0.142030   -0.119998
    0.503947    0.138025   -0.122640
    0.511839    0.133852   -0.125374
    0.519729    0.129531   -0.128143
    0.527613    0.125063   -0.130975
    0.535491    0.120449   -0.133871
    0.543360    0.115692   -0.136830
    0.551217    0.110794   -0.139852
    0.559063    0.105755   -0.142936
    0.566893    0.100579   -0.146082
    0.574707    0.095268   -0.149288
    0.582502    0.089838   -0.152554
    0.590277    0.084323   -0.155879
    0.598029    0.078622   -0.159262
    0.605757    0.072796   -0.162701
    0.613458    0.066849   -0.166196
    0.621131    0.060781   -0.169746
    0.628774    0.054598   -0.173348
    0.636385    0.048304   -0.177001
    0.643962    0.041904   -0.180705
    0.651503    0.035400   -0.184457
    0.659006    0.028797   -0.188255
    0.666469    0.022099   -0.192099
    0.673891    0.015309   -0.195985
    0.681270    0.008432   -0.199913
    0.688604    0.001472   -0.203881
    0.695890   -0.005567   -0.207886
    0.703128   -0.012681   -0.211926
    0.710315   -0.019864   -0.215999
    0.717450   -0.027114   -0.220103
    0.724530   -0.034424   -0.224237
    0.731555   -0.041791   -0.228392
    0.738522   -0.049212   -0.232551
    0.745429   -0.056680   -0.236758
    0.752275   -0.064189   -0.240984
    0.759059   -0.071744   -0.245230
    0.765777   -0.079365   -0.249492
    0.772430   -0.086969   -0.253765
    0.779015   -0.094595   -0.258047
    0.785530   -0.102237   -0.262336
    0.791974   -0.109890   -0.266630
    0.798345   -0.117550   -0.270925
    0.804642   -0.125211   -0.275219
    0.810863   -0.132867   -0.279509
    0.817006   -0.140515   -0.283792
    0.823070   -0.148147   -0.288066
    0.829054   -0.155760   -0.292328
    0.834956   -0.163347   -0.296570
    0.840775   -0.170904   -0.300783
    0.846508   -0.178425   -0.304992
    0.852155   -0.185905   -0.309178
    0.857715   -0.193340   -0.313339
    0.863185   -0.200726   -0.317472
    0.868565   -0.208055   -0.321573
    0.873852   -0.215329   -0.325640
    0.879047   -0.222553   -0.329669
    0.884147   -0.229680   -0.333658
    0.889152   -0.236729   -0.337604
    0.894059   -0.243696   -0.341504
    0.898869   -0.250576   -0.345355
    0.903579   -0.257364   -0.349156
    0.908188   -0.264055   -0.352902
    0.912695   -0.270644   -0.356591
    0.917100   -0.277126   -0.360222
    0.921401   -0.283497   -0.363790
    0.925597   -0.289752   -0.367292
    0.929686   -0.295887   -0.370721
    0.933669   -0.301897   -0.374089
    0.937544   -0.307778   -0.377386
    0.941309   -0.313527   -0.380608
    0.944965   -0.319138   -0.383753
    0.948509   -0.324607   -0.386819
    0.951942   -0.329930   -0.389804
    0.955262   -0.335104   -0.392706
    0.958469   -0.340123   -0.395522
    0.961561   -0.344986   -0.398250
    0.964539   -0.349688   -0.400888
    0.967400   -0.354225   -0.403435
    0.970146   -0.358594   -0.405887
    0.972774   -0.362793   -0.408246
    0.975284   -0.366818   -0.410508
    0.977675   -0.370666   -0.412668
    0.979948   -0.374334   -0.414665
    0.982101   -0.377820   -0.416293
    0.984134   -0.381121   -0.417575
    0.986046   -0.384233   -0.418597
    0.987838   -0.387156   -0.419399
    0.989507   -0.389887   -0.420017
    0.991055   -0.392424   -0.420466
    0.992480   -0.394766   -0.420752
    0.993782   -0.396908   -0.420885
    0.994962   -0.398852   -0.420866
    0.996018   -0.400632   -0.420697
    0.996950   -0.402290   -0.420376
    0.997759   -0.404030   -0.419918
    0.998443   -0.405808   -0.419297
    0.999003   -0.407570   -0.418497
    0.999439   -0.409298   -0.417563
    0.999751   -0.410973   -0.416476
    0.999938   -0.412615   -0.415225
    1.000000   -0.413549   -0.413549
  BLADE PROFILES IN CARTESIAN COORDINATES (3D) 
  VARIABLES = "X", "YSS", "YPS" "R" 
  BLADE           2  SECTION           2
   19.548702   -8.319142   -8.319142  188.979782
   20.471729   -7.896156   -7.896156  188.979752
   21.299280   -7.516915   -7.516915  188.979462
   22.041224   -7.176895   -7.176895  188.978836
   22.706423   -6.872005   -6.872005  188.977234
   23.302809   -6.598668   -6.598668  188.976089
   23.837498   -6.353616   -6.353616  188.975418
   24.316881   -6.133924   -6.133924  188.975098
   24.746679   -5.936965   -5.936965  188.975037
   25.132006   -5.760388   -5.760388  188.975281
   25.477476   -5.602084   -5.602084  188.975632
   25.787216   -5.460157   -5.460157  188.976105
   26.064911   -5.332914   -5.332914  188.976608
   26.313883   -5.218835   -5.218835  188.977112
   26.537098   -5.116559   -5.116559  188.977585
   26.737225   -5.024863   -5.024863  188.978104
   26.916641   -4.942653   -4.942653  188.978607
   27.077509   -4.868948   -4.868948  188.979050
   27.221733   -4.802867   -4.802867  188.979462
   27.351036   -4.743622   -4.743622  188.979874
   27.466967   -4.690507   -4.690507  188.980133
   27.582893   -4.024127   -5.388108  188.980255
   27.704103   -3.822885   -5.620570  188.980392
   27.831093   -3.641567   -5.786302  188.980499
   27.964329   -3.465109   -5.927129  188.980682
   28.104322   -3.289229   -6.053006  188.980850
   28.251537   -3.114969   -6.165503  188.980988
   28.406475   -2.940287   -6.260316  188.981079
   28.569616   -2.764679   -6.331743  188.981232
   28.741449   -2.588144   -6.380086  188.981384
   28.922462   -2.410172   -6.420352  188.981537
   29.113146   -2.230698   -6.459311  188.981659
   29.313982   -2.049277   -6.496386  188.981750
   29.525459   -1.866066   -6.531732  188.981873
   29.748064   -1.682712   -6.565435  188.981979
   29.982172   -1.498966   -6.598398  188.982040
   30.227839   -1.315606   -6.630256  188.982132
   30.485645   -1.132704   -6.661071  188.982208
   30.756224   -0.950504   -6.691061  188.982208
   31.040289   -0.768273   -6.721014  188.982224
   31.338625   -0.590105   -6.750856  188.982178
   31.652090   -0.414940   -6.780736  188.982117
   31.981445   -0.242546   -6.811430  188.982056
   32.327305   -0.074170   -6.843089  188.981934
   32.690838    0.086462   -6.876240  188.981750
   33.073326    0.240187   -6.911448  188.981537
   33.476231    0.388059   -6.949518  188.981216
   33.901131    0.523061   -6.990942  188.980850
   34.349731    0.646430   -7.037066  188.980469
   34.827469    0.758686   -7.088751  188.979980
   35.341263    0.851900   -7.148609  188.979385
   35.891640    0.927943   -7.217931  188.978699
   36.478203    0.974734   -7.297873  188.977890
   37.099510    0.994627   -7.390666  188.976868
   37.753208    0.975010   -7.498196  188.975876
   38.435867    0.919255   -7.621746  188.974609
   39.136440    0.816999   -7.760831  188.973221
   39.843746    0.676346   -7.914518  188.971878
   40.553928    0.489755   -8.084088  188.970322
   41.263916    0.266408   -8.267401  188.968796
   41.971306    0.000000   -8.466640  188.967239
   42.674393   -0.303458   -8.679140  188.965652
   43.372196   -0.639747   -8.905814  188.964050
   44.069443   -1.017230   -9.149582  188.962372
   44.769249   -1.433233   -9.409612  188.960571
   45.471077   -1.887683   -9.687211  188.958939
   46.173973   -2.377752   -9.982433  188.957214
   46.876698   -2.907225  -10.295051  188.955460
   47.577629   -3.472445  -10.624518  188.953720
   48.274769   -4.070739  -10.969906  188.951996
   48.961929   -4.695507  -11.327805  188.950409
   49.635227   -5.341272  -11.695466  188.948837
   50.292839   -6.003932  -12.070933  188.947296
   50.933281   -6.679694  -12.451278  188.945801
   51.555424   -7.365257  -12.836843  188.944473
   52.158482   -8.056913  -13.224851  188.943207
   52.742058   -8.750011  -13.613648  188.942001
   53.308247   -9.445786  -14.003484  188.940918
   53.857643  -10.142784  -14.393615  188.939835
   54.390259  -10.838972  -14.782615  188.938904
   54.906044  -11.532604  -15.170765  188.938004
   55.405045  -12.222670  -15.556353  188.937210
   55.887245  -12.905088  -15.938341  188.936523
   56.352634  -13.579312  -16.315819  188.935852
   56.801235  -14.243626  -16.687777  188.935257
   57.233021  -14.896488  -17.053406  188.934708
   57.648006  -15.536386  -17.412157  188.934250
   58.046204  -16.161715  -17.762968  188.933838
   58.427582  -16.771059  -18.105171  188.933517
   58.792175  -17.363066  -18.337368  188.933228
   59.139961  -18.137659  -18.137949  188.933228
   59.487743  -18.588512  -18.588659  188.933975
   59.863201  -19.075083  -19.075083  188.934814
   60.268520  -19.600363  -19.600363  188.935730
   60.706085  -20.167437  -20.167437  188.936737
   61.178452  -20.779621  -20.779621  188.937820
   61.688393  -21.440514  -21.440514  188.939056
   62.238926  -22.153988  -22.153988  188.940353
   62.833233  -22.924227  -22.924227  188.941772
   63.474819  -23.755747  -23.755747  188.943359
   64.167458  -24.653427  -24.653427  188.945038
   64.915176  -25.622534  -25.622534  188.946854
   65.722404  -26.668743  -26.668743  188.948853
   66.593826  -27.798189  -27.798189  188.951004
   67.534584  -29.017498  -29.017498  188.953308
   68.550171  -30.333813  -30.333813  188.955765
   69.646553  -31.754862  -31.754862  188.958328
   70.830154  -33.288960  -33.288960  188.961044
   72.107910  -34.945103  -34.945103  188.963882
   73.487343  -36.732986  -36.732986  188.966705
   74.976471  -38.663082  -38.663082  188.969559
  BLADE PROFILES IN CARTESIAN COORDINATES (2D) BEFORE   PROJECTION, SCALING, MESHING AND STACKING 
  VARIABLES = "X", "YSS", "YPS" 
  BLADE           2  SECTION           3
    0.000000    0.006581    0.006581
    0.000062    0.010996    0.002973
    0.000249    0.015695   -0.000706
    0.000561    0.019317   -0.004110
    0.000997    0.022208   -0.007171
    0.001557    0.024912   -0.009925
    0.002241    0.027486   -0.012439
    0.003050    0.029824   -0.014737
    0.003982    0.032090   -0.017008
    0.005038    0.034270   -0.019238
    0.006218    0.036366   -0.021438
    0.007520    0.038390   -0.023658
    0.008945    0.040339   -0.025912
    0.010493    0.042351   -0.028180
    0.012162    0.044443   -0.030471
    0.013954    0.046616   -0.032789
    0.015866    0.048865   -0.035099
    0.017899    0.051183   -0.037388
    0.020052    0.053553   -0.039614
    0.022325    0.055984   -0.041715
    0.024716    0.058468   -0.043626
    0.027226    0.061022   -0.045335
    0.029854    0.063617   -0.046843
    0.032600    0.066234   -0.048196
    0.035461    0.068885   -0.049505
    0.038439    0.071567   -0.050817
    0.041531    0.074274   -0.052131
    0.044738    0.076997   -0.053437
    0.048058    0.079732   -0.054743
    0.051491    0.082478   -0.056063
    0.055036    0.085232   -0.057384
    0.058691    0.087989   -0.058705
    0.062456    0.090745   -0.060023
    0.066331    0.093509   -0.061341
    0.070314    0.096281   -0.062654
    0.074403    0.099009   -0.063962
    0.078599    0.101715   -0.065284
    0.082900    0.104388   -0.066607
    0.087305    0.107034   -0.067932
    0.091812    0.109650   -0.069258
    0.096421    0.112230   -0.070583
    0.101131    0.114788   -0.071904
    0.105941    0.117319   -0.073241
    0.110848    0.119771   -0.074583
    0.115853    0.122163   -0.075931
    0.120953    0.124490   -0.077285
    0.126148    0.126758   -0.078644
    0.131435    0.128962   -0.080008
    0.136815    0.131120   -0.081389
    0.142285    0.133224   -0.082781
    0.147845    0.135219   -0.084184
    0.153492    0.137119   -0.085599
    0.159225    0.138932   -0.087027
    0.165044    0.140659   -0.088474
    0.170946    0.142298   -0.089937
    0.176930    0.143860   -0.091418
    0.182994    0.145359   -0.092919
    0.189138    0.146699   -0.094441
    0.195358    0.147925   -0.095984
    0.201655    0.149046   -0.097552
    0.208026    0.150059   -0.099147
    0.214470    0.150977   -0.100765
    0.220986    0.151817   -0.102410
    0.227570    0.152471   -0.104086
    0.234223    0.152994   -0.105796
    0.240941    0.153396   -0.107533
    0.247725    0.153674   -0.109301
    0.254571    0.153838   -0.111106
    0.261478    0.153915   -0.112954
    0.268445    0.153779   -0.114829
    0.275470    0.153502   -0.116742
    0.282550    0.153091   -0.118697
    0.289685    0.152541   -0.120703
    0.296872    0.151865   -0.122739
    0.304110    0.151092   -0.124816
    0.311396    0.150088   -0.126938
    0.318730    0.148936   -0.129122
    0.326109    0.147637   -0.131337
    0.333531    0.146191   -0.133599
    0.340994    0.144611   -0.135907
    0.348497    0.142921   -0.138264
    0.356038    0.141007   -0.140679
    0.363615    0.138926   -0.143155
    0.371226    0.136691   -0.145668
    0.378869    0.134303   -0.148231
    0.386542    0.131759   -0.150848
    0.394243    0.129077   -0.153517
    0.401971    0.126281   -0.156246
    0.409723    0.123263   -0.159049
    0.417498    0.120071   -0.161886
    0.425293    0.116724   -0.164778
    0.433107    0.113222   -0.167726
    0.440937    0.109564   -0.170730
    0.448783    0.105752   -0.173790
    0.456641    0.101784   -0.176907
    0.464509    0.097678   -0.180080
    0.472387    0.093464   -0.183309
    0.480272    0.089037   -0.186597
    0.488161    0.084449   -0.189942
    0.496053    0.079708   -0.193347
    0.503947    0.074819   -0.196829
    0.511839    0.069785   -0.200342
    0.519729    0.064606   -0.203911
    0.527613    0.059285   -0.207534
    0.535491    0.053824   -0.211211
    0.543360    0.048224   -0.214942
    0.551217    0.042488   -0.218726
    0.559063    0.036619   -0.222561
    0.566893    0.030618   -0.226448
    0.574707    0.024488   -0.230386
    0.582502    0.018233   -0.234372
    0.590277    0.011855   -0.238407
    0.598029    0.005358   -0.242489
    0.605757   -0.001256   -0.246616
    0.613458   -0.007984   -0.250789
    0.621131   -0.014821   -0.255004
    0.628774   -0.021765   -0.259257
    0.636385   -0.028811   -0.263530
    0.643962   -0.035956   -0.267867
    0.651503   -0.043196   -0.272240
    0.659006   -0.050527   -0.276650
    0.666469   -0.057944   -0.281094
    0.673891   -0.065445   -0.285572
    0.681270   -0.073024   -0.290080
    0.688604   -0.080677   -0.294616
    0.695890   -0.088401   -0.299178
    0.703128   -0.096189   -0.303765
    0.710315   -0.104038   -0.308374
    0.717450   -0.111943   -0.313003
    0.724530   -0.119899   -0.317650
    0.731555   -0.127902   -0.322312
    0.738522   -0.135947   -0.326988
    0.745429   -0.144029   -0.331675
    0.752275   -0.152143   -0.336371
    0.759059   -0.160283   -0.341073
    0.765777   -0.168446   -0.345774
    0.772430   -0.176625   -0.350462
    0.779015   -0.184817   -0.355169
    0.785530   -0.193018   -0.359873
    0.791974   -0.201223   -0.364573
    0.798345   -0.209430   -0.369265
    0.804642   -0.217657   -0.373946
    0.810863   -0.225833   -0.378612
    0.817006   -0.233989   -0.383262
    0.823070   -0.242121   -0.387893
    0.829054   -0.250222   -0.392502
    0.834956   -0.258289   -0.397087
    0.840775   -0.266315   -0.401644
    0.846508   -0.274295   -0.406172
    0.852155   -0.282224   -0.410667
    0.857715   -0.290097   -0.415124
    0.863185   -0.297909   -0.419532
    0.868565   -0.305654   -0.423914
    0.873852   -0.313329   -0.428253
    0.879047   -0.320929   -0.432547
    0.884147   -0.328447   -0.436794
    0.889152   -0.335884   -0.440988
    0.894059   -0.343243   -0.445129
    0.898869   -0.350484   -0.449213
    0.903579   -0.357623   -0.453239
    0.908188   -0.364656   -0.457202
    0.912695   -0.371577   -0.461102
    0.917100   -0.378382   -0.464934
    0.921401   -0.385067   -0.468697
    0.925597   -0.391626   -0.472389
    0.929686   -0.398056   -0.476007
    0.933669   -0.404351   -0.479548
    0.937544   -0.410508   -0.483011
    0.941309   -0.416523   -0.486391
    0.944965   -0.422391   -0.489684
    0.948509   -0.428109   -0.492898
    0.951942   -0.433672   -0.496024
    0.955262   -0.439076   -0.499060
    0.958469   -0.444319   -0.502005
    0.961561   -0.449394   -0.504856
    0.964539   -0.454300   -0.507613
    0.967400   -0.459034   -0.510274
    0.970146   -0.463590   -0.512832
    0.972774   -0.467968   -0.515289
    0.975284   -0.472162   -0.517643
    0.977675   -0.476171   -0.519893
    0.979948   -0.479992   -0.521949
    0.982101   -0.483622   -0.523562
    0.984134   -0.487058   -0.524852
    0.986046   -0.490298   -0.525887
    0.987838   -0.493340   -0.526706
    0.989507   -0.496181   -0.527336
    0.991055   -0.498821   -0.527793
    0.992480   -0.501255   -0.528085
    0.993782   -0.503484   -0.528218
    0.994962   -0.505506   -0.528194
    0.996018   -0.507346   -0.528015
    0.996950   -0.509035   -0.527689
    0.997759   -0.510839   -0.527195
    0.998443   -0.512649   -0.526534
    0.999003   -0.514447   -0.525725
    0.999439   -0.516213   -0.524764
    0.999751   -0.517929   -0.523644
    0.999938   -0.519621   -0.522363
    1.000000   -0.520844   -0.520844
  BLADE PROFILES IN CARTESIAN COORDINATES (3D) 
  VARIABLES = "X", "YSS", "YPS" "R" 
  BLADE           2  SECTION           3
   20.358358   -5.152150   -5.152150  203.947067
   21.252766   -4.890387   -4.890387  204.047943
   22.055670   -4.655378   -4.655378  204.129166
   22.776693   -4.444357   -4.444357  204.188110
   23.424702   -4.254796   -4.254796  204.230133
   24.005659   -4.084823   -4.084823  204.268463
   24.526478   -3.932419   -3.932419  204.303574
   24.993380   -3.795773   -3.795773  204.335800
   25.411930   -3.673255   -3.673255  204.365585
   25.787113   -3.563415   -3.563415  204.393158
   26.123449   -3.464932   -3.464932  204.418457
   26.424963   -3.376634   -3.376634  204.441406
   26.695259   -3.297466   -3.297466  204.462433
   26.937571   -3.226485   -3.226485  204.481522
   27.154802   -3.162845   -3.162845  204.498871
   27.349539   -3.105785   -3.105785  204.514572
   27.524130   -3.054627   -3.054627  204.528839
   27.680643   -3.008759   -3.008759  204.541718
   27.820957   -2.967636   -2.967636  204.553360
   27.946754   -2.930765   -2.930765  204.564224
   28.059528   -2.897708   -2.897708  204.575409
   28.172056   -2.167165   -3.639378  204.586716
   28.289698   -1.951134   -3.866499  204.598709
   28.412905   -1.788144   -4.051218  204.611511
   28.542160   -1.631825   -4.216276  204.625168
   28.677923   -1.478750   -4.364027  204.639771
   28.820671   -1.327547   -4.487269  204.655334
   28.970860   -1.175935   -4.582450  204.672043
   29.128956   -1.025725   -4.659025  204.689972
   29.295441   -0.875523   -4.732495  204.709183
   29.470755   -0.725464   -4.804666  204.729828
   29.655386   -0.575557   -4.876652  204.751999
   29.849785   -0.425619   -4.948596  204.775803
   30.054417   -0.275625   -5.020352  204.801376
   30.269741   -0.125069   -5.091911  204.828827
   30.496105    0.023189   -5.164049  204.858368
   30.733572    0.169347   -5.236853  204.890015
   30.982668    0.313482   -5.310216  204.923859
   31.244005    0.456327   -5.384263  204.960175
   31.518259    0.595393   -5.460051  204.999176
   31.806171    0.729550   -5.537425  205.041077
   32.108547    0.859194   -5.616576  205.086044
   32.426109    0.985194   -5.698460  205.134262
   32.759434    1.102669   -5.783084  205.186111
   33.109627    1.211798   -5.871099  205.241821
   33.477909    1.312760   -5.963238  205.301712
   33.865654    1.404128   -6.060212  205.366165
   34.274345    1.481030   -6.162894  205.435730
   34.705639    1.545492   -6.272307  205.510773
   35.164692    1.592598   -6.390542  205.592438
   35.658112    1.619195   -6.520008  205.682129
   36.186375    1.624463   -6.662476  205.780533
   36.749054    1.597655   -6.818663  205.887604
   37.344742    1.540940   -6.990194  206.003265
   37.971111    1.442725   -7.178253  206.127716
   38.624863    1.305853   -7.382783  206.260147
   39.295452    1.124165   -7.603605  206.398514
   39.972107    0.901468   -7.836759  206.540573
   40.651237    0.640948   -8.083675  206.685257
   41.329910    0.338640   -8.342134  206.831818
   42.005852    0.000000   -8.612489  206.979523
   42.677486   -0.371206   -8.894416  207.127548
   43.343918   -0.779183   -9.188573  207.275635
   44.009647   -1.222514   -9.495713  207.424500
   44.677723   -1.703063   -9.818028  207.574493
   45.347645   -2.220614  -10.155892  207.725449
   46.018543   -2.774522  -10.509271  207.876740
   46.689274   -3.363657  -10.877839  208.028015
   47.358276   -3.986296  -11.260163  208.178696
   48.023735   -4.640062  -11.656649  208.328033
   48.679707   -5.317907  -12.063171  208.474487
   49.322556   -6.014118  -12.476608  208.617233
   49.950554   -6.724539  -12.894947  208.755539
   50.562298   -7.445173  -13.316298  208.889099
   51.156712   -8.172259  -13.738890  209.017593
   51.733059   -8.902393  -14.160408  209.140778
   52.290943   -9.633148  -14.581158  209.258514
   52.832401  -10.365189  -15.000717  209.371445
   53.357990  -11.095134  -15.418494  209.479446
   53.867687  -11.822204  -15.833577  209.582703
   54.361496  -12.544548  -16.244545  209.681152
   54.839405  -13.260561  -16.651777  209.774963
   55.301422  -13.969209  -17.053755  209.864090
   55.747501  -14.666951  -17.449575  209.948639
   56.177677  -15.353181  -17.838436  210.028763
   56.591908  -16.026346  -18.219522  210.104462
   56.990192  -16.685057  -18.591988  210.175949
   57.372501  -17.327845  -18.955513  210.243240
   57.738846  -17.953323  -19.309067  210.306519
   58.089180  -18.560165  -19.543894  210.365845
   58.423523  -19.353277  -19.353575  210.411301
   58.761478  -19.813061  -19.813210  210.441422
   59.126377  -20.309265  -20.309265  210.473373
   59.520386  -20.844959  -20.844959  210.507019
   59.945827  -21.423275  -21.423275  210.542511
   60.405231  -22.047604  -22.047604  210.579803
   60.901276  -22.721596  -22.721596  210.618912
   61.436943  -23.449205  -23.449205  210.659760
   62.015369  -24.234678  -24.234678  210.702332
   62.639980  -25.082619  -25.082619  210.746521
   63.314484  -25.997963  -25.997963  210.792206
   64.042839  -26.986069  -26.986069  210.839218
   64.829376  -28.052679  -28.052679  210.887283
   65.678749  -29.204020  -29.204020  210.936188
   66.595940  -30.446760  -30.446760  210.985550
   67.586433  -31.788145  -31.788145  211.035004
   68.656044  -33.235931  -33.235931  211.084045
   69.811073  -34.798485  -34.798485  211.132095
   71.058319  -36.484825  -36.484825  211.178482
   72.405113  -38.304684  -38.304684  211.222504
   73.859367  -40.268513  -40.268513  211.263336
