  BLADE PROFILES IN CARTESIAN COORDINATES (2D) BEFORE   PROJECTION, SCALING, MESHING AND STACKING 
  VARIABLES = "X", "YSS", "YPS" 
  BLADE           1  SECTION           1
    0.000000   -0.006360   -0.006360
    0.000062   -0.003146   -0.008924
    0.000249   -0.000306   -0.012216
    0.000561    0.002379   -0.015476
    0.000997    0.004925   -0.018777
    0.001557    0.007471   -0.021659
    0.002241    0.009791   -0.024200
    0.003050    0.011995   -0.026631
    0.003982    0.014246   -0.028950
    0.005038    0.016481   -0.031169
    0.006218    0.018725   -0.033287
    0.007520    0.020979   -0.035302
    0.008945    0.023257   -0.037245
    0.010493    0.025559   -0.039152
    0.012162    0.027869   -0.041143
    0.013954    0.030186   -0.043230
    0.015866    0.032501   -0.045415
    0.017899    0.034784   -0.047699
    0.020052    0.036985   -0.050079
    0.022325    0.039077   -0.052525
    0.024716    0.041023   -0.055049
    0.027226    0.042794   -0.057644
    0.029854    0.044395   -0.060303
    0.032600    0.045883   -0.063026
    0.035461    0.047375   -0.065806
    0.038439    0.048914   -0.068640
    0.041531    0.050486   -0.071522
    0.044738    0.052091   -0.074448
    0.048058    0.053729   -0.077412
    0.051491    0.055398   -0.080418
    0.055036    0.057098   -0.083471
    0.058691    0.058827   -0.086522
    0.062456    0.060578   -0.089587
    0.066331    0.062370   -0.092659
    0.070314    0.064192   -0.095740
    0.074403    0.066045   -0.098822
    0.078599    0.067928   -0.101903
    0.082900    0.069842   -0.104976
    0.087305    0.071784   -0.108047
    0.091812    0.073751   -0.111126
    0.096421    0.075756   -0.114144
    0.101131    0.077792   -0.117121
    0.105941    0.079859   -0.120064
    0.110848    0.081957   -0.122970
    0.115853    0.084083   -0.125832
    0.120953    0.086246   -0.128658
    0.126148    0.088442   -0.131465
    0.131435    0.090670   -0.134151
    0.136815    0.092930   -0.136768
    0.142285    0.095227   -0.139318
    0.147845    0.097558   -0.141816
    0.153492    0.099924   -0.144261
    0.159225    0.102327   -0.146575
    0.165044    0.104766   -0.148777
    0.170946    0.107242   -0.150889
    0.176930    0.109758   -0.152907
    0.182994    0.112310   -0.154838
    0.189138    0.114902   -0.156701
    0.195358    0.117536   -0.158372
    0.201655    0.120208   -0.159928
    0.208026    0.122922   -0.161394
    0.214470    0.125681   -0.162767
    0.220986    0.128477   -0.163947
    0.227570    0.131325   -0.164972
    0.234223    0.134210   -0.165867
    0.240941    0.137138   -0.166649
    0.247725    0.140122   -0.167333
    0.254571    0.143142   -0.167772
    0.261478    0.146209   -0.168058
    0.268445    0.149333   -0.168198
    0.275470    0.152495   -0.168201
    0.282550    0.155706   -0.168089
    0.289685    0.158978   -0.167716
    0.296872    0.162287   -0.167179
    0.304110    0.165644   -0.166508
    0.311396    0.169070   -0.165705
    0.318730    0.172531   -0.164646
    0.326109    0.176043   -0.163390
    0.333531    0.179608   -0.161962
    0.340994    0.183241   -0.160385
    0.348497    0.186911   -0.158670
    0.356038    0.190633   -0.156684
    0.363615    0.194407   -0.154494
    0.371226    0.198240   -0.152122
    0.378869    0.202140   -0.149598
    0.386542    0.206077   -0.146919
    0.394243    0.210066   -0.143989
    0.401971    0.214109   -0.140830
    0.409723    0.218205   -0.137482
    0.417498    0.222356   -0.133946
    0.425293    0.226566   -0.130221
    0.433107    0.230843   -0.126324
    0.440937    0.235155   -0.122291
    0.448783    0.239519   -0.117976
    0.456641    0.243936   -0.113455
    0.464509    0.248404   -0.108745
    0.472387    0.252924   -0.103846
    0.480272    0.257494   -0.098758
    0.488161    0.262115   -0.093483
    0.496053    0.266786   -0.088045
    0.503947    0.271506   -0.082467
    0.511839    0.276274   -0.076635
    0.519729    0.281090   -0.070620
    0.527613    0.285953   -0.064409
    0.535491    0.290861   -0.058022
    0.543360    0.295815   -0.051459
    0.551217    0.300812   -0.044724
    0.559063    0.305851   -0.037819
    0.566893    0.310933   -0.030748
    0.574707    0.316054   -0.023512
    0.582502    0.321214   -0.016115
    0.590277    0.326412   -0.008561
    0.598029    0.331646   -0.000853
    0.605757    0.336915    0.007005
    0.613458    0.342216    0.015010
    0.621131    0.347549    0.023156
    0.628774    0.352912    0.031441
    0.636385    0.358302    0.039858
    0.643962    0.363719    0.048405
    0.651503    0.369160    0.057076
    0.659006    0.374624    0.065867
    0.666469    0.380101    0.074772
    0.673891    0.385587    0.083786
    0.681270    0.391106    0.092905
    0.688604    0.396641    0.102122
    0.695890    0.402187    0.111432
    0.703128    0.407746    0.120831
    0.710315    0.413315    0.130314
    0.717450    0.418890    0.139879
    0.724530    0.424468    0.149515
    0.731555    0.430048    0.159216
    0.738522    0.435626    0.168976
    0.745429    0.441202    0.178812
    0.752275    0.446771    0.188712
    0.759059    0.452325    0.198610
    0.765777    0.457861    0.208542
    0.772430    0.463398    0.218501
    0.779015    0.468920    0.228482
    0.785530    0.474423    0.238477
    0.791974    0.479909    0.248481
    0.798345    0.485372    0.258490
    0.804642    0.490809    0.268500
    0.810863    0.496217    0.278498
    0.817006    0.501594    0.288478
    0.823070    0.506937    0.298454
    0.829054    0.512236    0.308406
    0.834956    0.517494    0.318291
    0.840775    0.522720    0.328131
    0.846508    0.527901    0.337920
    0.852155    0.533036    0.347651
    0.857715    0.538121    0.357318
    0.863185    0.543154    0.366920
    0.868565    0.548134    0.376445
    0.873852    0.553057    0.385886
    0.879047    0.557919    0.395236
    0.884147    0.562718    0.404490
    0.889152    0.567452    0.413659
    0.894059    0.572118    0.422712
    0.898869    0.576708    0.431635
    0.903579    0.581226    0.440435
    0.908188    0.585674    0.449108
    0.912695    0.590044    0.457647
    0.917100    0.594334    0.466049
    0.921401    0.598541    0.474305
    0.925597    0.602663    0.482408
    0.929686    0.606698    0.490353
    0.933669    0.610643    0.498135
    0.937544    0.614496    0.505748
    0.941309    0.618255    0.513186
    0.944965    0.621919    0.520445
    0.948509    0.625483    0.527519
    0.951942    0.628948    0.534403
    0.955262    0.632309    0.541093
    0.958469    0.635567    0.547596
    0.961561    0.638718    0.553882
    0.964539    0.641765    0.559958
    0.967400    0.644698    0.565822
    0.970146    0.647451    0.571468
    0.972774    0.649681    0.576886
    0.975284    0.651348    0.582086
    0.977675    0.652617    0.587058
    0.979948    0.653581    0.591796
    0.982101    0.654296    0.596298
    0.984134    0.654787    0.600561
    0.986046    0.655078    0.604581
    0.987838    0.655178    0.608356
    0.989507    0.655097    0.611880
    0.991055    0.654840    0.615156
    0.992480    0.654411    0.618179
    0.993782    0.653865    0.620946
    0.994962    0.653118    0.623455
    0.996018    0.652126    0.625704
    0.996950    0.651050    0.627694
    0.997759    0.649831    0.629505
    0.998443    0.648485    0.631091
    0.999003    0.647036    0.632940
    0.999439    0.645459    0.634743
    0.999751    0.643740    0.636399
    0.999938    0.641908    0.638340
    1.000000    0.641133    0.641133
  BLADE PROFILES IN CARTESIAN COORDINATES (3D) 
  VARIABLES = "X", "YSS", "YPS" "R" 
  BLADE           1  SECTION           1
  -12.560295   -3.158818   -3.158818  212.490509
  -11.072157   -3.588909   -3.588909  212.452179
   -9.745600   -3.972198   -3.972198  212.411469
   -8.563112   -4.313768   -4.313768  212.369598
   -7.509070   -4.618161   -4.618161  212.327698
   -6.569520   -4.889423   -4.889423  212.286514
   -5.732032   -5.131162   -5.131162  212.246552
   -4.985512   -5.346596   -5.346596  212.208374
   -4.320070   -5.538591   -5.538591  212.172211
   -3.726895   -5.709702   -5.709702  212.138214
   -3.198130   -5.862204   -5.862204  212.106506
   -2.726774   -5.998125   -5.998125  212.077133
   -2.306589   -6.119270   -6.119270  212.050034
   -1.932014   -6.227249   -6.227249  212.025070
   -1.598094   -6.323496   -6.323496  212.002258
   -1.300409   -6.409288   -6.409288  211.981445
   -1.035030   -6.485760   -6.485760  211.962494
   -0.798442   -6.553929   -6.553929  211.945297
   -0.587522   -6.614696   -6.614696  211.929703
   -0.399485   -6.668866   -6.668866  211.915649
   -0.231843   -6.717157   -6.717157  211.902924
   -0.082386   -6.760207   -6.760207  211.891495
    0.050862   -6.798585   -6.798585  211.881104
    0.169658   -6.832799   -6.832799  211.871841
    0.275571   -6.863301   -6.863301  211.863495
    0.370000   -6.890493   -6.890493  211.855988
    0.463701   -6.345520   -7.425155  211.842651
    0.561662   -6.152891   -7.607475  211.828644
    0.664275   -5.996020   -7.739116  211.813858
    0.771935   -5.857228   -7.864911  211.798203
    0.885032   -5.733965   -7.992000  211.781693
    1.003955   -5.629663   -8.119700  211.764206
    1.129101   -5.545778   -8.248796  211.745590
    1.260855   -5.473940   -8.379574  211.725906
    1.399613   -5.401118   -8.512208  211.704987
    1.545763   -5.326468   -8.646683  211.682755
    1.699695   -5.249828   -8.783273  211.659164
    1.861800   -5.171032   -8.921785  211.634048
    2.032469   -5.090072   -9.060818  211.607407
    2.212089   -5.006152   -9.200722  211.579086
    2.400958   -4.919395   -9.341227  211.549011
    2.599123   -4.829792   -9.481956  211.517212
    2.807040   -4.737151   -9.622879  211.483459
    3.025219   -4.640823   -9.761169  211.447739
    3.254237   -4.540756   -9.897881  211.409821
    3.494715   -4.436474  -10.033085  211.369537
    3.747341   -4.327509  -10.165146  211.326904
    4.012712   -4.213534  -10.291990  211.281647
    4.291342   -4.094084  -10.415649  211.233582
    4.584140   -3.968553  -10.530968  211.182541
    4.892159   -3.836233  -10.638625  211.128357
    5.216550   -3.696393  -10.739470  211.070709
    5.558575   -3.548045  -10.826792  211.009232
    5.919624   -3.390163  -10.903994  210.943817
    6.304054   -3.220305  -10.963216  210.873337
    6.717401   -3.035386  -11.007864  210.796951
    7.160112   -2.834425  -11.026466  210.714355
    7.631842   -2.616527  -11.021253  210.625595
    8.131450   -2.381063  -10.981244  210.530746
    8.657006   -2.127555  -10.905733  210.430283
    9.205805   -1.856208  -10.789719  210.324814
    9.768943   -1.570840  -10.628829  210.215927
   10.337448   -1.274110  -10.429488  210.105774
   10.908270   -0.968257  -10.185197  209.994858
   11.478929   -0.652856   -9.903325  209.883865
   12.047522   -0.330110   -9.582824  209.773529
   12.612710    0.000000   -9.224298  209.664062
   13.173715    0.337088   -8.833289  209.555939
   13.734333    0.683578   -8.403570  209.448517
   14.297128    1.041308   -7.933929  209.341370
   14.861643    1.410298   -7.425886  209.234848
   15.427179    1.790326   -6.879907  209.129349
   15.992723    2.180904   -6.297029  209.025055
   16.556997    2.581242   -5.678904  208.922577
   17.118416    2.990238   -5.027877  208.822159
   17.671995    3.403383   -4.350970  208.724747
   18.214628    3.819312   -3.653969  208.631256
   18.744841    4.235862   -2.940726  208.541672
   19.261431    4.651220   -2.215308  208.456329
   19.763483    5.063670   -1.480630  208.375366
   20.250364    5.472240   -0.743212  208.298752
   20.721737    5.876346   -0.004447  208.226517
   21.179295    6.276382    0.736360  208.158264
   21.623493    6.671635    1.478602  208.093887
   22.054325    7.062217    2.217468  208.033310
   22.471773    7.447276    2.952756  207.976410
   22.875814    7.826246    3.682459  207.923111
   23.266443    8.198285    4.405438  207.873184
   23.643665    8.562881    5.118089  207.826660
   24.007433    8.919733    5.820008  207.783432
   24.357756    9.268104    6.509230  207.743195
   24.694607    9.607458    7.184202  207.705917
   25.017969    9.937457    7.843809  207.671555
   25.327831   10.190134    8.485738  207.639847
   25.624180   10.256106    9.109339  207.610733
   25.906998    9.892196    9.891871  207.584000
   26.190599   10.344858   10.344696  207.564362
   26.490414   10.823504   10.823504  207.543716
   26.807362   11.329435   11.329435  207.521973
   27.142431   11.864208   11.864208  207.499115
   27.496645   12.429466   12.429466  207.474976
   27.871098   13.026937   13.026937  207.449478
   28.266939   13.658447   13.658447  207.422577
   28.685383   14.325933   14.325933  207.394058
   29.127735   15.031433   15.031433  207.363785
   29.595297   15.777072   15.777072  207.331268
   30.089537   16.565144   16.565144  207.296585
   30.611980   17.398056   17.398056  207.259583
   31.164227   18.278343   18.278343  207.220093
   31.747967   19.208677   19.208677  207.177872
   32.364994   20.191879   20.191879  207.132660
  BLADE PROFILES IN CARTESIAN COORDINATES (2D) BEFORE   PROJECTION, SCALING, MESHING AND STACKING 
  VARIABLES = "X", "YSS", "YPS" 
  BLADE           1  SECTION           2
    0.000000   -0.004069   -0.004069
    0.000062   -0.002242   -0.007736
    0.000249    0.000519   -0.010891
    0.000561    0.003075   -0.014119
    0.000997    0.005497   -0.017369
    0.001557    0.007804   -0.020277
    0.002241    0.010028   -0.022907
    0.003050    0.012221   -0.025402
    0.003982    0.014403   -0.027782
    0.005038    0.016575   -0.030058
    0.006218    0.018757   -0.032197
    0.007520    0.020970   -0.034183
    0.008945    0.023195   -0.036102
    0.010493    0.025454   -0.038001
    0.012162    0.027725   -0.039948
    0.013954    0.029996   -0.041984
    0.015866    0.032244   -0.044100
    0.017899    0.034450   -0.046306
    0.020052    0.036563   -0.048595
    0.022325    0.038544   -0.050959
    0.024716    0.040359   -0.053399
    0.027226    0.041994   -0.055909
    0.029854    0.043503   -0.058485
    0.032600    0.044965   -0.061123
    0.035461    0.046451   -0.063818
    0.038439    0.047969   -0.066564
    0.041531    0.049520   -0.069358
    0.044738    0.051102   -0.072202
    0.048058    0.052712   -0.075101
    0.051491    0.054344   -0.078010
    0.055036    0.056016   -0.080946
    0.058691    0.057717   -0.083900
    0.062456    0.059448   -0.086872
    0.066331    0.061208   -0.089857
    0.070314    0.062996   -0.092851
    0.074403    0.064812   -0.095849
    0.078599    0.066655   -0.098845
    0.082900    0.068517   -0.101847
    0.087305    0.070417   -0.104860
    0.091812    0.072344   -0.107826
    0.096421    0.074300   -0.110761
    0.101131    0.076284   -0.113667
    0.105941    0.078295   -0.116543
    0.110848    0.080328   -0.119383
    0.115853    0.082396   -0.122184
    0.120953    0.084494   -0.124950
    0.126148    0.086620   -0.127700
    0.131435    0.088775   -0.130340
    0.136815    0.090956   -0.132914
    0.142285    0.093172   -0.135424
    0.147845    0.095418   -0.137867
    0.153492    0.097694   -0.140252
    0.159225    0.100000   -0.142592
    0.165044    0.102340   -0.144788
    0.170946    0.104711   -0.146888
    0.176930    0.107116   -0.148898
    0.182994    0.109554   -0.150815
    0.189138    0.112025   -0.152645
    0.195358    0.114531   -0.154410
    0.201655    0.117073   -0.155990
    0.208026    0.119649   -0.157457
    0.214470    0.122260   -0.158812
    0.220986    0.124913   -0.160063
    0.227570    0.127598   -0.161235
    0.234223    0.130320   -0.162188
    0.240941    0.133087   -0.163013
    0.247725    0.135886   -0.163708
    0.254571    0.138724   -0.164282
    0.261478    0.141610   -0.164762
    0.268445    0.144529   -0.165001
    0.275470    0.147488   -0.165096
    0.282550    0.150490   -0.165045
    0.289685    0.153540   -0.164860
    0.296872    0.156624   -0.164566
    0.304110    0.159750   -0.164015
    0.311396    0.162932   -0.163306
    0.318730    0.166145   -0.162438
    0.326109    0.169402   -0.161425
    0.333531    0.172704   -0.160300
    0.340994    0.176062   -0.158895
    0.348497    0.179452   -0.157324
    0.356038    0.182887   -0.155584
    0.363615    0.186365   -0.153695
    0.371226    0.189896   -0.151676
    0.378869    0.193479   -0.149396
    0.386542    0.197096   -0.146922
    0.394243    0.200757   -0.144272
    0.401971    0.204464   -0.141445
    0.409723    0.208217   -0.138463
    0.417498    0.212020   -0.135346
    0.425293    0.215879   -0.131971
    0.433107    0.219769   -0.128395
    0.440937    0.223703   -0.124640
    0.448783    0.227682   -0.120707
    0.456641    0.231704   -0.116594
    0.464509    0.235771   -0.112327
    0.472387    0.239880   -0.107921
    0.480272    0.244035   -0.103273
    0.488161    0.248233   -0.098434
    0.496053    0.252473   -0.093411
    0.503947    0.256759   -0.088214
    0.511839    0.261097   -0.082845
    0.519729    0.265460   -0.077305
    0.527613    0.269861   -0.071596
    0.535491    0.274301   -0.065719
    0.543360    0.278779   -0.059678
    0.551217    0.283294   -0.053473
    0.559063    0.287844   -0.047129
    0.566893    0.292430   -0.040670
    0.574707    0.297048   -0.033991
    0.582502    0.301700   -0.027160
    0.590277    0.306383   -0.020181
    0.598029    0.311096   -0.013055
    0.605757    0.315838   -0.005787
    0.613458    0.320607    0.001619
    0.621131    0.325403    0.009160
    0.628774    0.330218    0.016831
    0.636385    0.335045    0.024629
    0.643962    0.339911    0.032549
    0.651503    0.344796    0.040587
    0.659006    0.349700    0.048738
    0.666469    0.354620    0.056998
    0.673891    0.359556    0.065362
    0.681270    0.364507    0.073825
    0.688604    0.369470    0.082381
    0.695890    0.374443    0.091027
    0.703128    0.379423    0.099756
    0.710315    0.384409    0.108584
    0.717450    0.389400    0.117511
    0.724530    0.394392    0.126458
    0.731555    0.399384    0.135466
    0.738522    0.404374    0.144531
    0.745429    0.409353    0.153646
    0.752275    0.414320    0.162805
    0.759059    0.419291    0.172004
    0.765777    0.424252    0.181236
    0.772430    0.429199    0.190494
    0.779015    0.434132    0.199774
    0.785530    0.439050    0.209071
    0.791974    0.443949    0.218383
    0.798345    0.448826    0.227697
    0.804642    0.453679    0.237008
    0.810863    0.458506    0.246308
    0.817006    0.463303    0.255615
    0.823070    0.468070    0.264905
    0.829054    0.472798    0.274138
    0.834956    0.477488    0.283338
    0.840775    0.482148    0.292497
    0.846508    0.486769    0.301609
    0.852155    0.491347    0.310668
    0.857715    0.495880    0.319672
    0.863185    0.500366    0.328613
    0.868565    0.504804    0.337482
    0.873852    0.509191    0.346274
    0.879047    0.513523    0.354981
    0.884147    0.517799    0.363616
    0.889152    0.522016    0.372153
    0.894059    0.526172    0.380572
    0.898869    0.530260    0.388884
    0.903579    0.534284    0.397082
    0.908188    0.538245    0.405162
    0.912695    0.542136    0.413119
    0.917100    0.545956    0.420947
    0.921401    0.549701    0.428639
    0.925597    0.553371    0.436190
    0.929686    0.556962    0.443593
    0.933669    0.560474    0.450845
    0.937544    0.563903    0.457940
    0.941309    0.567249    0.464872
    0.944965    0.570509    0.471637
    0.948509    0.573681    0.478230
    0.951942    0.576763    0.484646
    0.955262    0.579755    0.490882
    0.958469    0.582653    0.496931
    0.961561    0.585456    0.502802
    0.964539    0.588167    0.508467
    0.967400    0.590776    0.513932
    0.970146    0.593207    0.519188
    0.972774    0.595110    0.524246
    0.975284    0.596488    0.529095
    0.977675    0.597496    0.533729
    0.979948    0.598222    0.538147
    0.982101    0.598720    0.542345
    0.984134    0.599014    0.546319
    0.986046    0.599124    0.550067
    0.987838    0.599060    0.553586
    0.989507    0.598832    0.556872
    0.991055    0.598444    0.559927
    0.992480    0.597899    0.562745
    0.993782    0.597242    0.565325
    0.994962    0.596410    0.567664
    0.996018    0.595363    0.569762
    0.996950    0.594235    0.571617
    0.997759    0.592980    0.573304
    0.998443    0.591612    0.574790
    0.999003    0.590155    0.576520
    0.999439    0.588623    0.578205
    0.999751    0.586939    0.579775
    0.999938    0.585175    0.581650
    1.000000    0.584457    0.584457
  BLADE PROFILES IN CARTESIAN COORDINATES (3D) 
  VARIABLES = "X", "YSS", "YPS" "R" 
  BLADE           1  SECTION           2
  -13.485240   -3.049322   -3.049322  225.864304
  -11.954458   -3.466356   -3.466356  225.861984
  -10.589607   -3.838178   -3.838178  225.859726
   -9.372695   -4.169690   -4.169690  225.857544
   -8.287700   -4.465263   -4.465263  225.855530
   -7.320314   -4.728794   -4.728794  225.853683
   -6.457786   -4.963757   -4.963757  225.852036
   -5.688755   -5.173249   -5.173249  225.850555
   -5.003085   -5.360031   -5.360031  225.849213
   -4.391738   -5.526566   -5.526566  225.848007
   -3.846658   -5.675048   -5.675048  225.846954
   -3.360665   -5.807436   -5.807436  225.846008
   -2.927349   -5.925472   -5.925472  225.845169
   -2.541006   -6.030713   -6.030713  225.844452
   -2.196540   -6.124547   -6.124547  225.843796
   -1.889413   -6.208210   -6.208210  225.843231
   -1.615578   -6.282803   -6.282803  225.842712
   -1.371425   -6.349310   -6.349310  225.842270
   -1.153738   -6.408610   -6.408610  225.841888
   -0.959647   -6.461480   -6.461480  225.841553
   -0.786595   -6.508620   -6.508620  225.841217
   -0.632303   -6.550649   -6.550649  225.840942
   -0.494734   -6.588125   -6.588125  225.840729
   -0.372077   -6.621536   -6.621536  225.840500
   -0.262716   -6.651327   -6.651327  225.840271
   -0.165208   -6.677887   -6.677887  225.840149
   -0.067701   -6.134450   -7.218507  225.840012
    0.034249   -5.941767   -7.408374  225.840042
    0.141055   -5.784025   -7.542749  225.840179
    0.253123   -5.644915   -7.669078  225.840225
    0.370864   -5.523192   -7.795544  225.840332
    0.494689   -5.422814   -7.923010  225.840408
    0.625005   -5.342881   -8.052089  225.840530
    0.762224   -5.270434   -8.182981  225.840668
    0.906754   -5.196965   -8.315774  225.840759
    1.059005   -5.121837   -8.450953  225.840927
    1.219385   -5.045197   -8.587974  225.841110
    1.388309   -4.966055   -8.726100  225.841248
    1.566180   -4.884583   -8.865541  225.841461
    1.753410   -4.800560   -9.006145  225.841675
    1.950318   -4.713933   -9.147517  225.841904
    2.156949   -4.624692   -9.290045  225.842148
    2.373785   -4.532244   -9.431049  225.842453
    2.601369   -4.436501   -9.570747  225.842743
    2.840295   -4.337383   -9.709090  225.843018
    3.091225   -4.234099   -9.846121  225.843369
    3.354881   -4.126516   -9.980407  225.843781
    3.631894   -4.014293  -10.109738  225.844177
    3.922796   -3.896919  -10.234960  225.844574
    4.228559   -3.773962  -10.355156  225.845139
    4.550275   -3.644697  -10.466430  225.845642
    4.889155   -3.508416  -10.570198  225.846176
    5.246532   -3.364260  -10.664128  225.846832
    5.623849   -3.211371  -10.744733  225.847488
    6.025678   -3.047414  -10.813316  225.848221
    6.457819   -2.869353  -10.862481  225.849045
    6.920751   -2.676348  -10.893129  225.849960
    7.414092   -2.467872  -10.894941  225.850891
    7.936683   -2.243252  -10.868513  225.852020
    8.486498   -2.002186  -10.804719  225.853088
    9.060686   -1.744887  -10.702914  225.854279
    9.649938   -1.474973  -10.560174  225.855453
   10.244833   -1.195162  -10.375030  225.856735
   10.842175   -0.907278  -10.151470  225.858002
   11.439335   -0.611235   -9.888247  225.859314
   12.034323   -0.308801   -9.586790  225.860565
   12.625690    0.000000   -9.252561  225.861801
   13.212603    0.315028   -8.880811  225.862946
   13.799052    0.638745   -8.473252  225.864166
   14.387656    0.972009   -8.028141  225.865341
   14.977951    1.315332   -7.547948  225.866440
   15.569162    1.668530   -7.028274  225.867538
   16.160227    2.031163   -6.472678  225.868546
   16.749762    2.402022   -5.882657  225.869598
   17.336138    2.781048   -5.260478  225.870453
   17.914097    3.164383   -4.612899  225.871384
   18.480413    3.549564   -3.945529  225.872101
   19.033518    3.934880   -3.260505  225.872849
   19.572195    4.318837   -2.565836  225.873428
   20.095474    4.699773   -1.863128  225.873993
   20.602703    5.077426   -1.155895  225.874420
   21.093536    5.450592   -0.446724  225.874771
   21.569769    5.819770    0.264721  225.875031
   22.031864    6.184414    0.976821  225.875351
   22.479826    6.544606    1.686396  225.875504
   22.913662    6.899583    2.392799  225.875641
   23.333372    7.248815    3.094115  225.875641
   23.738949    7.591551    3.788531  225.875671
   24.130379    7.927331    4.473447  225.875626
   24.507690    8.255866    5.148097  225.875473
   24.870872    8.576500    5.810613  225.875366
   25.219913    8.888736    6.459496  225.875122
   25.554832    9.192301    7.093622  225.874939
   25.875616    9.416527    7.710797  225.874649
   26.182272    9.456045    8.310351  225.874420
   26.474783    9.070863    9.070533  225.874084
   26.767309    9.499299    9.499133  225.873306
   27.076534    9.952378    9.952378  225.872330
   27.403423   10.431339   10.431339  225.871445
   27.748983   10.937654   10.937654  225.870575
   28.114279   11.472890   11.472890  225.869812
   28.500429   12.038700   12.038700  225.869141
   28.908636   12.636833   12.636833  225.868546
   29.340160   13.269140   13.269140  225.868195
   29.796328   13.937571   13.937571  225.868011
   30.278545   14.644203   14.644203  225.868271
   30.788305   15.391212   15.391212  225.868851
   31.327185   16.180912   16.180912  225.869797
   31.896833   17.015738   17.015738  225.871140
   32.499020   17.898281   17.898281  225.872925
   33.135597   18.831242   18.831242  225.875046
  BLADE PROFILES IN CARTESIAN COORDINATES (2D) BEFORE   PROJECTION, SCALING, MESHING AND STACKING 
  VARIABLES = "X", "YSS", "YPS" 
  BLADE           1  SECTION           3
    0.000000   -0.004434   -0.004434
    0.000062   -0.001605   -0.007003
    0.000249    0.000982   -0.009989
    0.000561    0.003422   -0.013094
    0.000997    0.005864   -0.016269
    0.001557    0.008090   -0.019247
    0.002241    0.010169   -0.021900
    0.003050    0.012313   -0.024420
    0.003982    0.014444   -0.026810
    0.005038    0.016582   -0.029060
    0.006218    0.018737   -0.031197
    0.007520    0.020914   -0.033227
    0.008945    0.023121   -0.035178
    0.010493    0.025342   -0.037081
    0.012162    0.027572   -0.038976
    0.013954    0.029811   -0.040945
    0.015866    0.032021   -0.043001
    0.017899    0.034164   -0.045143
    0.020052    0.036195   -0.047366
    0.022325    0.038087   -0.049667
    0.024716    0.039821   -0.052041
    0.027226    0.041393   -0.054484
    0.029854    0.042851   -0.056991
    0.032600    0.044295   -0.059558
    0.035461    0.045769   -0.062181
    0.038439    0.047272   -0.064861
    0.041531    0.048797   -0.067604
    0.044738    0.050364   -0.070367
    0.048058    0.051961   -0.073167
    0.051491    0.053587   -0.075995
    0.055036    0.055243   -0.078851
    0.058691    0.056926   -0.081731
    0.062456    0.058637   -0.084629
    0.066331    0.060375   -0.087541
    0.070314    0.062140   -0.090463
    0.074403    0.063928   -0.093390
    0.078599    0.065736   -0.096317
    0.082900    0.067579   -0.099246
    0.087305    0.069448   -0.102194
    0.091812    0.071342   -0.105089
    0.096421    0.073263   -0.107959
    0.101131    0.075209   -0.110806
    0.105941    0.077178   -0.113625
    0.110848    0.079168   -0.116411
    0.115853    0.081190   -0.119160
    0.120953    0.083239   -0.121877
    0.126148    0.085313   -0.124579
    0.131435    0.087413   -0.127179
    0.136815    0.089534   -0.129717
    0.142285    0.091687   -0.132195
    0.147845    0.093867   -0.134608
    0.153492    0.096074   -0.136954
    0.159225    0.098307   -0.139236
    0.165044    0.100567   -0.141479
    0.170946    0.102857   -0.143571
    0.176930    0.105175   -0.145577
    0.182994    0.107522   -0.147494
    0.189138    0.109897   -0.149337
    0.195358    0.112303   -0.151109
    0.201655    0.114738   -0.152730
    0.208026    0.117205   -0.154221
    0.214470    0.119702   -0.155605
    0.220986    0.122229   -0.156878
    0.227570    0.124789   -0.158052
    0.234223    0.127383   -0.159146
    0.240941    0.130007   -0.160036
    0.247725    0.132664   -0.160793
    0.254571    0.135359   -0.161423
    0.261478    0.138083   -0.161943
    0.268445    0.140841   -0.162362
    0.275470    0.143635   -0.162572
    0.282550    0.146469   -0.162622
    0.289685    0.149332   -0.162530
    0.296872    0.152230   -0.162293
    0.304110    0.155174   -0.161923
    0.311396    0.158146   -0.161447
    0.318730    0.161154   -0.160724
    0.326109    0.164198   -0.159845
    0.333531    0.167291   -0.158812
    0.340994    0.170412   -0.157640
    0.348497    0.173570   -0.156350
    0.356038    0.176764   -0.154814
    0.363615    0.180002   -0.153101
    0.371226    0.183284   -0.151223
    0.378869    0.186596   -0.149181
    0.386542    0.189944   -0.146992
    0.394243    0.193331   -0.144681
    0.401971    0.196760   -0.142115
    0.409723    0.200237   -0.139367
    0.417498    0.203741   -0.136451
    0.425293    0.207283   -0.133365
    0.433107    0.210862   -0.130136
    0.440937    0.214479   -0.126767
    0.448783    0.218133   -0.123171
    0.456641    0.221827   -0.119387
    0.464509    0.225561   -0.115424
    0.472387    0.229342   -0.111292
    0.480272    0.233146   -0.106993
    0.488161    0.236985   -0.102527
    0.496053    0.240860   -0.097895
    0.503947    0.244770   -0.093119
    0.511839    0.248714   -0.088219
    0.519729    0.252692   -0.083095
    0.527613    0.256703   -0.077808
    0.535491    0.260746   -0.072350
    0.543360    0.264821   -0.066735
    0.551217    0.268927   -0.060967
    0.559063    0.273063   -0.055047
    0.566893    0.277228   -0.048978
    0.574707    0.281421   -0.042763
    0.582502    0.285642   -0.036404
    0.590277    0.289889   -0.029904
    0.598029    0.294161   -0.023267
    0.605757    0.298457   -0.016495
    0.613458    0.302776   -0.009593
    0.621131    0.307117   -0.002563
    0.628774    0.311478    0.004591
    0.636385    0.315858    0.011864
    0.643962    0.320256    0.019254
    0.651503    0.324670    0.026755
    0.659006    0.329100    0.034363
    0.666469    0.333543    0.042075
    0.673891    0.337997    0.049886
    0.681270    0.342463    0.057790
    0.688604    0.346937    0.065784
    0.695890    0.351418    0.073863
    0.703128    0.355905    0.082021
    0.710315    0.360395    0.090254
    0.717450    0.364888    0.098557
    0.724530    0.369382    0.106924
    0.731555    0.373868    0.115350
    0.738522    0.378345    0.123831
    0.745429    0.382829    0.132360
    0.752275    0.387306    0.140932
    0.759059    0.391774    0.149542
    0.765777    0.396232    0.158184
    0.772430    0.400678    0.166859
    0.779015    0.405111    0.175555
    0.785530    0.409527    0.184265
    0.791974    0.413925    0.192986
    0.798345    0.418303    0.201709
    0.804642    0.422658    0.210451
    0.810863    0.426988    0.219192
    0.817006    0.431292    0.227891
    0.823070    0.435562    0.236569
    0.829054    0.439799    0.245223
    0.834956    0.444012    0.253845
    0.840775    0.448190    0.262430
    0.846508    0.452331    0.270971
    0.852155    0.456433    0.279468
    0.857715    0.460495    0.287912
    0.863185    0.464515    0.296294
    0.868565    0.468491    0.304611
    0.873852    0.472420    0.312854
    0.879047    0.476299    0.321020
    0.884147    0.480128    0.329120
    0.889152    0.483904    0.337126
    0.894059    0.487624    0.345023
    0.898869    0.491283    0.352819
    0.903579    0.494885    0.360510
    0.908188    0.498430    0.368089
    0.912695    0.501912    0.375556
    0.917100    0.505329    0.382900
    0.921401    0.508680    0.390117
    0.925597    0.511963    0.397201
    0.929686    0.515175    0.404148
    0.933669    0.518316    0.410953
    0.937544    0.521384    0.417611
    0.941309    0.524376    0.424116
    0.944965    0.527291    0.430465
    0.948509    0.530127    0.436653
    0.951942    0.532883    0.442675
    0.955262    0.535557    0.448527
    0.958469    0.538148    0.454205
    0.961561    0.540657    0.459705
    0.964539    0.543077    0.465032
    0.967400    0.545409    0.470154
    0.970146    0.547568    0.475096
    0.972774    0.549204    0.479844
    0.975284    0.550340    0.484396
    0.977675    0.551119    0.488746
    0.979948    0.551643    0.492894
    0.982101    0.551955    0.496834
    0.984134    0.552081    0.500565
    0.986046    0.552040    0.504084
    0.987838    0.551833    0.507388
    0.989507    0.551475    0.510473
    0.991055    0.550971    0.513341
    0.992480    0.550324    0.515986
    0.993782    0.549572    0.518408
    0.994962    0.548663    0.520605
    0.996018    0.547561    0.522575
    0.996950    0.546384    0.524316
    0.997759    0.545093    0.525902
    0.998443    0.543703    0.527301
    0.999003    0.542234    0.528938
    0.999439    0.540725    0.530535
    0.999751    0.539063    0.532055
    0.999938    0.537340    0.533856
    1.000000    0.536656    0.536656
  BLADE PROFILES IN CARTESIAN COORDINATES (3D) 
  VARIABLES = "X", "YSS", "YPS" "R" 
  BLADE           1  SECTION           3
  -14.714522   -3.065983   -3.065983  239.201233
  -13.100682   -3.481637   -3.481637  239.234909
  -11.661981   -3.852395   -3.852395  239.271988
  -10.379454   -4.183113   -4.183113  239.310989
   -9.236176   -4.478117   -4.478117  239.350647
   -8.217035   -4.741264   -4.741264  239.390137
   -7.308556   -4.975992   -4.975992  239.428635
   -6.498720   -5.185365   -5.185365  239.465698
   -5.776810   -5.372119   -5.372119  239.501022
   -5.133276   -5.538694   -5.538694  239.534286
   -4.559603   -5.687269   -5.687269  239.565414
   -4.048198   -5.819781   -5.819781  239.594406
   -3.592299   -5.937966   -5.937966  239.621155
   -3.185878   -6.043372   -6.043372  239.645798
   -2.823558   -6.137376   -6.137376  239.668365
   -2.500553   -6.221211   -6.221211  239.689011
   -2.212594   -6.295975   -6.295975  239.707794
   -1.955871   -6.362648   -6.362648  239.724899
   -1.726999   -6.422104   -6.422104  239.740387
   -1.522953   -6.475126   -6.475126  239.754364
   -1.341037   -6.522405   -6.522405  239.767014
   -1.178853   -6.564566   -6.564566  239.778427
   -1.034256   -6.602161   -6.602161  239.788727
   -0.905341   -6.635684   -6.635684  239.797974
   -0.790406   -6.665577   -6.665577  239.806274
   -0.687933   -6.692233   -6.692233  239.813721
   -0.586115   -6.134400   -7.251382  239.821213
   -0.479667   -5.934824   -7.452274  239.832733
   -0.368164   -5.771173   -7.594533  239.847061
   -0.251177   -5.627220   -7.723934  239.862228
   -0.128280   -5.503548   -7.853767  239.878326
    0.000948   -5.402852   -7.984900  239.895370
    0.136938   -5.322092   -8.117708  239.913437
    0.280112   -5.246995   -8.252410  239.932663
    0.430896   -5.170943   -8.389694  239.953079
    0.589712   -5.093083   -8.528748  239.974823
    0.756989   -5.013179   -8.669317  239.997910
    0.933147   -4.931151   -8.811612  240.022461
    1.118612   -4.846796   -8.955494  240.048660
    1.313805   -4.759978   -9.100683  240.076492
    1.519051   -4.670805   -9.246767  240.106033
    1.734400   -4.578611   -9.394196  240.137375
    1.960347   -4.483482   -9.540005  240.170715
    2.197453   -4.385176   -9.684907  240.206039
    2.446331   -4.283605   -9.828609  240.243591
    2.707669   -4.177953   -9.971138  240.283432
    2.982209   -4.068152  -10.111166  240.325836
    3.270606   -3.953909  -10.246406  240.370804
    3.573404   -3.834663  -10.377300  240.418671
    3.891612   -3.710116  -10.504414  240.469543
    4.226359   -3.579466  -10.622202  240.523712
    4.578898   -3.442149  -10.732795  240.581360
    4.950607   -3.297320  -10.834184  240.642868
    5.342985   -3.144105  -10.921662  240.708633
    5.760778   -2.980274  -10.998007  240.779434
    6.209999   -2.803057  -11.055697  240.856323
    6.691132   -2.611501  -11.094555  240.939636
    7.203802   -2.405043  -11.106104  241.029266
    7.746763   -2.183381  -11.087679  241.125168
    8.317928   -1.946651  -11.035058  241.226974
    8.914336   -1.694500  -10.943970  241.334091
    9.526333   -1.430461  -10.809498  241.444626
   10.144148   -1.158124  -10.636472  241.556839
   10.764472   -0.877848  -10.421869  241.669907
   11.384610   -0.591323  -10.169277  241.783081
   12.002490   -0.298711   -9.879267  241.895920
   12.616650    0.000000   -9.551455  242.007828
   13.226245    0.303501   -9.190219  242.118530
   13.835408    0.614473   -8.794742  242.228775
   14.446907    0.934604   -8.358639  242.338501
   15.060280    1.263957   -7.885041  242.447906
   15.674726    1.602371   -7.374545  242.556335
   16.289152    1.949451   -6.828108  242.663528
   16.902174    2.304543   -6.247272  242.769028
   17.512083    2.666697   -5.634252  242.872513
   18.113426    3.032565   -4.995700  242.972763
   18.702862    3.399758   -4.337136  243.069138
   19.278776    3.766829   -3.662639  243.161499
   19.839869    4.131905   -2.976173  243.249512
   20.385147    4.494802   -2.281496  243.333130
   20.913925    4.854028   -1.581664  243.412201
   21.425814    5.208665   -0.879980  243.486893
   21.922701    5.559353   -0.174998  243.557327
   22.405043    5.905517    0.529055  243.623856
   22.872854    6.247427    1.231757  243.686432
   23.326097    6.584219    1.931480  243.745224
   23.764778    6.915390    2.626239  243.800385
   24.188877    7.240284    3.314214  243.851913
   24.598387    7.558480    3.992956  243.900024
   24.993288    7.869694    4.661561  243.944763
   25.373560    8.173326    5.318209  243.986328
   25.739197    8.468901    5.961402  244.024826
   26.090185    8.756208    6.589945  244.060349
   26.426498    8.960559    7.201857  244.093124
   26.748133    8.976388    7.796251  244.123245
   27.055065    8.557814    8.557467  244.150803
   27.362783    8.975929    8.975758  244.173477
   27.688084    9.418148    9.418148  244.193817
   28.031952    9.885666    9.885666  244.215515
   28.395456   10.379942   10.379942  244.238586
   28.779705   10.902504   10.902504  244.263184
   29.185881   11.454992   11.454992  244.289581
   29.615225   12.039112   12.039112  244.317825
   30.069057   12.656698   12.656698  244.348236
   30.548742   13.309689   13.309689  244.381165
   31.055742   14.000134   14.000134  244.417328
   31.591623   14.730180   14.730180  244.456467
   32.158024   15.502116   15.502116  244.498993
   32.756668   16.318367   16.318367  244.545135
   33.389385   17.181507   17.181507  244.595398
   34.057102   18.094734   18.094734  244.654785
  BLADE PROFILES IN CARTESIAN COORDINATES (2D) BEFORE   PROJECTION, SCALING, MESHING AND STACKING 
  VARIABLES = "X", "YSS", "YPS" 
  BLADE           2  SECTION           1
    0.000000    0.016342    0.016342
    0.000062    0.019007    0.012170
    0.000249    0.021234    0.008504
    0.000561    0.023489    0.004913
    0.000997    0.025410    0.001428
    0.001557    0.027365   -0.001910
    0.002241    0.029371   -0.004983
    0.003050    0.031255   -0.007809
    0.003982    0.033093   -0.010442
    0.005038    0.034980   -0.012923
    0.006218    0.036917   -0.015171
    0.007520    0.038972   -0.017294
    0.008945    0.041124   -0.019319
    0.010493    0.043388   -0.021301
    0.012162    0.045762   -0.023222
    0.013954    0.048239   -0.025127
    0.015866    0.050812   -0.026993
    0.017899    0.053472   -0.028849
    0.020052    0.056213   -0.030657
    0.022325    0.059034   -0.032442
    0.024716    0.061930   -0.034157
    0.027226    0.064896   -0.035767
    0.029854    0.067946   -0.037273
    0.032600    0.071057   -0.038606
    0.035461    0.074203   -0.039716
    0.038439    0.077398   -0.040597
    0.041531    0.080639   -0.041306
    0.044738    0.083921   -0.041935
    0.048058    0.087237   -0.042538
    0.051491    0.090577   -0.043121
    0.055036    0.093942   -0.043678
    0.058691    0.097329   -0.044213
    0.062456    0.100731   -0.044742
    0.066331    0.104146   -0.045255
    0.070314    0.107567   -0.045750
    0.074403    0.111007   -0.046230
    0.078599    0.114458   -0.046693
    0.082900    0.117873   -0.047138
    0.087305    0.121276   -0.047565
    0.091812    0.124659   -0.047990
    0.096421    0.128012   -0.048405
    0.101131    0.131339   -0.048810
    0.105941    0.134636   -0.049206
    0.110848    0.137899   -0.049596
    0.115853    0.141141   -0.049978
    0.120953    0.144357   -0.050354
    0.126148    0.147491   -0.050733
    0.131435    0.150567   -0.051111
    0.136815    0.153572   -0.051490
    0.142285    0.156517   -0.051871
    0.147845    0.159397   -0.052257
    0.153492    0.162208   -0.052649
    0.159225    0.164959   -0.053050
    0.165044    0.167671   -0.053460
    0.170946    0.170234   -0.053883
    0.176930    0.172704   -0.054323
    0.182994    0.175087   -0.054775
    0.189138    0.177378   -0.055244
    0.195358    0.179586   -0.055733
    0.201655    0.181737   -0.056251
    0.208026    0.183701   -0.056785
    0.214470    0.185556   -0.057343
    0.220986    0.187303   -0.057930
    0.227570    0.188956   -0.058556
    0.234223    0.190527   -0.059202
    0.240941    0.191907   -0.059880
    0.247725    0.193148   -0.060609
    0.254571    0.194265   -0.061360
    0.261478    0.195279   -0.062148
    0.268445    0.196191   -0.062997
    0.275470    0.196903   -0.063870
    0.282550    0.197455   -0.064784
    0.289685    0.197870   -0.065767
    0.296872    0.198170   -0.066778
    0.304110    0.198357   -0.067836
    0.311396    0.198334   -0.068950
    0.318730    0.198134   -0.070133
    0.326109    0.197787   -0.071349
    0.333531    0.197292   -0.072623
    0.340994    0.196658   -0.073977
    0.348497    0.195917   -0.075366
    0.356038    0.194921   -0.076811
    0.363615    0.193768   -0.078349
    0.371226    0.192458   -0.079923
    0.378869    0.191010   -0.081557
    0.386542    0.189445   -0.083254
    0.394243    0.187631   -0.085027
    0.401971    0.185643   -0.086885
    0.409723    0.183495   -0.088785
    0.417498    0.181184   -0.090751
    0.425293    0.178729   -0.092784
    0.433107    0.176157   -0.094899
    0.440937    0.173338   -0.097105
    0.448783    0.170343   -0.099353
    0.456641    0.167186   -0.101671
    0.464509    0.163867   -0.104059
    0.472387    0.160387   -0.106518
    0.480272    0.156762   -0.109049
    0.488161    0.153023   -0.111661
    0.496053    0.149055   -0.114371
    0.503947    0.144910   -0.117121
    0.511839    0.140610   -0.119942
    0.519729    0.136153   -0.122833
    0.527613    0.131544   -0.125796
    0.535491    0.126782   -0.128828
    0.543360    0.121869   -0.131930
    0.551217    0.116808   -0.135102
    0.559063    0.111601   -0.138342
    0.566893    0.106261   -0.141649
    0.574707    0.100833   -0.145024
    0.582502    0.095200   -0.148464
    0.590277    0.089427   -0.151969
    0.598029    0.083516   -0.155538
    0.605757    0.077476   -0.159170
    0.613458    0.071309   -0.162863
    0.621131    0.065020   -0.166615
    0.628774    0.058611   -0.170426
    0.636385    0.052086   -0.174294
    0.643962    0.045449   -0.178217
    0.651503    0.038703   -0.182193
    0.659006    0.031852   -0.186221
    0.666469    0.024901   -0.190298
    0.673891    0.017854   -0.194423
    0.681270    0.010715   -0.198594
    0.688604    0.003488   -0.202808
    0.695890   -0.003822   -0.207064
    0.703128   -0.011211   -0.211359
    0.710315   -0.018673   -0.215691
    0.717450   -0.026205   -0.220057
    0.724530   -0.033802   -0.224456
    0.731555   -0.041457   -0.228884
    0.738522   -0.049167   -0.233334
    0.745429   -0.056927   -0.237788
    0.752275   -0.064735   -0.242291
    0.759059   -0.072583   -0.246814
    0.765777   -0.080471   -0.251356
    0.772430   -0.088428   -0.255913
    0.779015   -0.096361   -0.260480
    0.785530   -0.104312   -0.265056
    0.791974   -0.112275   -0.269638
    0.798345   -0.120246   -0.274221
    0.804642   -0.128219   -0.278805
    0.810863   -0.136188   -0.283385
    0.817006   -0.144148   -0.287959
    0.823070   -0.152093   -0.292523
    0.829054   -0.160019   -0.297076
    0.834956   -0.167918   -0.301608
    0.840775   -0.175787   -0.306109
    0.846508   -0.183619   -0.310607
    0.852155   -0.191409   -0.315081
    0.857715   -0.199152   -0.319530
    0.863185   -0.206845   -0.323949
    0.868565   -0.214480   -0.328335
    0.873852   -0.222057   -0.332684
    0.879047   -0.229584   -0.336993
    0.884147   -0.237009   -0.341260
    0.889152   -0.244354   -0.345481
    0.894059   -0.251614   -0.349653
    0.898869   -0.258784   -0.353774
    0.903579   -0.265857   -0.357840
    0.908188   -0.272830   -0.361849
    0.912695   -0.279698   -0.365798
    0.917100   -0.286454   -0.369680
    0.921401   -0.293095   -0.373491
    0.925597   -0.299615   -0.377243
    0.929686   -0.306011   -0.380923
    0.933669   -0.312276   -0.384529
    0.937544   -0.318409   -0.388059
    0.941309   -0.324402   -0.391509
    0.944965   -0.330252   -0.394878
    0.948509   -0.335955   -0.398161
    0.951942   -0.341505   -0.401358
    0.955262   -0.346900   -0.404466
    0.958469   -0.352138   -0.407482
    0.961561   -0.357216   -0.410405
    0.964539   -0.362119   -0.413231
    0.967400   -0.366850   -0.415959
    0.970146   -0.371406   -0.418587
    0.972774   -0.375785   -0.421112
    0.975284   -0.379982   -0.423534
    0.977675   -0.383992   -0.425852
    0.979948   -0.387814   -0.428008
    0.982101   -0.391450   -0.429817
    0.984134   -0.394893   -0.431265
    0.986046   -0.398140   -0.432437
    0.987838   -0.401189   -0.433384
    0.989507   -0.404038   -0.434132
    0.991055   -0.406684   -0.434700
    0.992480   -0.409127   -0.435101
    0.993782   -0.411362   -0.435337
    0.994962   -0.413390   -0.435415
    0.996018   -0.415252   -0.435334
    0.996950   -0.417002   -0.435093
    0.997759   -0.418793   -0.434724
    0.998443   -0.420638   -0.434169
    0.999003   -0.422456   -0.433399
    0.999439   -0.424225   -0.432508
    0.999751   -0.425924   -0.431455
    0.999938   -0.427553   -0.430231
    1.000000   -0.428375   -0.428375
  BLADE PROFILES IN CARTESIAN COORDINATES (3D) 
  VARIABLES = "X", "YSS", "YPS" "R" 
  BLADE           2  SECTION           1
   22.496456  -11.200896  -11.200896  207.973083
   23.651705  -10.612494  -10.612494  207.825684
   24.688948  -10.085955  -10.085955  207.706573
   25.620203   -9.614671   -9.614671  207.611084
   26.457434   -9.193240   -9.193240  207.545975
   27.208845   -8.815810   -8.815810  207.494568
   27.882572   -8.477511   -8.477511  207.448715
   28.486616   -8.174273   -8.174273  207.407593
   29.028179   -7.902445   -7.902445  207.370621
   29.513681   -7.658762   -7.658762  207.336960
   29.948931   -7.440306   -7.440306  207.306473
   30.339142   -7.244469   -7.244469  207.278946
   30.688974   -7.068906   -7.068906  207.254089
   31.002613   -6.911518   -6.911518  207.231735
   31.283789   -6.770421   -6.770421  207.211517
   31.535875   -6.643928   -6.643928  207.193268
   31.761877   -6.530527   -6.530527  207.176865
   31.964493   -6.428863   -6.428863  207.162079
   32.146145   -6.337718   -6.337718  207.148788
   32.308998   -6.256006   -6.256006  207.136780
   32.455002   -6.182749   -6.182749  207.126007
   32.600719   -5.365096   -7.048361  207.112946
   32.753071   -5.107402   -7.354045  207.099030
   32.912636   -4.870978   -7.563036  207.084229
   33.080029   -4.639675   -7.737169  207.068436
   33.255863   -4.411070   -7.891814  207.051468
   33.440739   -4.182952   -8.030606  207.033371
   33.635277   -3.953376   -8.149251  207.013977
   33.840061   -3.722078   -8.241609  206.993134
   34.055706   -3.489825   -8.302824  206.970779
   34.282814   -3.255405   -8.347746  206.946686
   34.521992   -3.019187   -8.388869  206.920929
   34.773838   -2.781044   -8.426890  206.893097
   35.038960   -2.541015   -8.463378  206.863220
   35.317947   -2.299194   -8.497919  206.831100
   35.611259   -2.054832   -8.530563  206.796555
   35.918964   -1.812050   -8.561151  206.759537
   36.241764   -1.570186   -8.590985  206.719833
   36.580441   -1.329693   -8.619873  206.677246
   36.935875   -1.090602   -8.648090  206.631393
   37.309052   -0.852018   -8.675867  206.582245
   37.700989   -0.619045   -8.704165  206.529404
   38.112625   -0.391561   -8.733144  206.472565
   38.544750   -0.169813   -8.763401  206.411560
   38.998772    0.047443   -8.795613  206.345947
   39.476280    0.252013   -8.830717  206.275360
   39.979057    0.446127   -8.869285  206.199188
   40.509048    0.630732   -8.912886  206.117065
   41.068367    0.795196   -8.962018  206.028427
   41.663754    0.945960   -9.019490  205.931839
   42.303772    1.073036   -9.087362  205.825592
   42.989067    1.175899   -9.167519  205.709305
   43.719048    1.242910   -9.262508  205.582565
   44.491940    1.273075   -9.374906  205.445374
   45.304703    1.252360   -9.507263  205.298050
   46.153111    1.183015   -9.661545  205.140961
   47.023403    1.054253   -9.837754  204.976974
   47.901695    0.874278  -10.033597  204.808517
   48.783260    0.633936  -10.251700  204.637009
   49.664295    0.345421  -10.489809  204.463226
   50.541843    0.000000  -10.748543  204.288223
   51.413864   -0.392804  -11.026196  204.112793
   52.279171   -0.830953  -11.325300  203.937332
   53.143631   -1.321620  -11.644444  203.761032
   54.011177   -1.862654  -11.987118  203.583450
   54.881157   -2.453040  -12.353625  203.404968
   55.752445   -3.092174  -12.743988  203.226044
   56.623520   -3.782454  -13.157848  203.047424
   57.492393   -4.518771  -13.594419  202.869644
   58.356663   -5.298254  -14.052410  202.693512
   59.208637   -6.112330  -14.527244  202.521027
   60.043571   -6.953845  -15.015223  202.353149
   60.859219   -7.817426  -15.513688  202.190567
   61.653732   -8.697851  -16.019484  202.033905
   62.425755   -9.590547  -16.530699  201.883331
   63.174309  -10.492819  -17.046143  201.739136
   63.898853  -11.396213  -17.562675  201.601501
   64.602074  -12.303108  -18.080631  201.469849
   65.284645  -13.211623  -18.599028  201.344040
   65.946564  -14.119126  -19.115919  201.223999
   66.587837  -15.023301  -19.631849  201.109787
   67.208450  -15.922964  -20.144371  201.001190
   67.808403  -16.812696  -20.652174  200.898163
   68.387657  -17.691816  -21.154053  200.800629
   68.946220  -18.558102  -21.648331  200.708450
   69.484055  -19.409561  -22.134918  200.621475
   70.001175  -20.244194  -22.612137  200.539581
   70.497551  -21.060322  -23.078890  200.462662
   70.973145  -21.855082  -23.534267  200.390503
   71.427971  -22.627388  -23.856308  200.323013
   71.861992  -23.626856  -23.627234  200.259979
   72.299644  -24.222473  -24.222660  200.224655
   72.772186  -24.865248  -24.865248  200.187271
   73.282402  -25.559137  -25.559137  200.147873
   73.833305  -26.308207  -26.308207  200.106369
   74.428154  -27.116850  -27.116850  200.062836
   75.070442  -27.989822  -27.989822  200.017258
   75.763962  -28.932240  -28.932240  199.969666
   76.512810  -29.949656  -29.949656  199.920151
   77.321434  -31.048050  -31.048050  199.868851
   78.194550  -32.233891  -32.233891  199.815994
   79.137352  -33.514160  -33.514160  199.761719
   80.155388  -34.896450  -34.896450  199.706390
   81.254684  -36.388916  -36.388916  199.650375
   82.441704  -38.000412  -38.000412  199.594070
   83.723457  -39.740505  -39.740505  199.538101
   85.107491  -41.619576  -41.619576  199.483063
   86.601936  -43.648815  -43.648815  199.429749
   88.215584  -45.840412  -45.840412  199.379044
   89.957886  -48.207497  -48.207497  199.331940
   91.839043  -50.764362  -50.764362  199.289612
  BLADE PROFILES IN CARTESIAN COORDINATES (2D) BEFORE   PROJECTION, SCALING, MESHING AND STACKING 
  VARIABLES = "X", "YSS", "YPS" 
  BLADE           2  SECTION           2
    0.000000    0.007076    0.007076
    0.000062    0.010740    0.002419
    0.000249    0.015271   -0.001471
    0.000561    0.019393   -0.004930
    0.000997    0.022433   -0.007894
    0.001557    0.025164   -0.010734
    0.002241    0.027767   -0.013276
    0.003050    0.030281   -0.015590
    0.003982    0.032686   -0.017924
    0.005038    0.034988   -0.020240
    0.006218    0.037173   -0.022542
    0.007520    0.039202   -0.024872
    0.008945    0.041211   -0.027220
    0.010493    0.043251   -0.029615
    0.012162    0.045361   -0.032046
    0.013954    0.047551   -0.034475
    0.015866    0.049804   -0.036932
    0.017899    0.052122   -0.039367
    0.020052    0.054529   -0.041711
    0.022325    0.056982   -0.043893
    0.024716    0.059471   -0.045907
    0.027226    0.062008   -0.047700
    0.029854    0.064586   -0.049264
    0.032600    0.067200   -0.050715
    0.035461    0.069844   -0.052145
    0.038439    0.072506   -0.053580
    0.041531    0.075191   -0.055036
    0.044738    0.077893   -0.056499
    0.048058    0.080609   -0.057967
    0.051491    0.083350   -0.059437
    0.055036    0.086103   -0.060911
    0.058691    0.088831   -0.062383
    0.062456    0.091554   -0.063854
    0.066331    0.094260   -0.065344
    0.070314    0.096945   -0.066838
    0.074403    0.099611   -0.068338
    0.078599    0.102253   -0.069840
    0.082900    0.104869   -0.071343
    0.087305    0.107467   -0.072847
    0.091812    0.110051   -0.074369
    0.096421    0.112560   -0.075899
    0.101131    0.115008   -0.077437
    0.105941    0.117405   -0.078979
    0.110848    0.119749   -0.080525
    0.115853    0.122036   -0.082092
    0.120953    0.124277   -0.083670
    0.126148    0.126480   -0.085261
    0.131435    0.128567   -0.086862
    0.136815    0.130563   -0.088475
    0.142285    0.132483   -0.090110
    0.147845    0.134322   -0.091762
    0.153492    0.136095   -0.093431
    0.159225    0.137806   -0.095117
    0.165044    0.139375   -0.096828
    0.170946    0.140828   -0.098560
    0.176930    0.142182   -0.100316
    0.182994    0.143434   -0.102097
    0.189138    0.144597   -0.103904
    0.195358    0.145685   -0.105738
    0.201655    0.146592   -0.107603
    0.208026    0.147371   -0.109500
    0.214470    0.148032   -0.111426
    0.220986    0.148572   -0.113384
    0.227570    0.149000   -0.115384
    0.234223    0.149344   -0.117414
    0.240941    0.149469   -0.119481
    0.247725    0.149462   -0.121586
    0.254571    0.149319   -0.123742
    0.261478    0.149059   -0.125930
    0.268445    0.148693   -0.128159
    0.275470    0.148114   -0.130433
    0.282550    0.147372   -0.132766
    0.289685    0.146484   -0.135133
    0.296872    0.145448   -0.137546
    0.304110    0.144278   -0.140007
    0.311396    0.142998   -0.142525
    0.318730    0.141482   -0.145104
    0.326109    0.139799   -0.147721
    0.333531    0.137959   -0.150391
    0.340994    0.135961   -0.153113
    0.348497    0.133824   -0.155897
    0.356038    0.131562   -0.158752
    0.363615    0.129076   -0.161646
    0.371226    0.126402   -0.164597
    0.378869    0.123565   -0.167606
    0.386542    0.120565   -0.170673
    0.394243    0.117400   -0.173799
    0.401971    0.114070   -0.176991
    0.409723    0.110590   -0.180265
    0.417498    0.106994   -0.183576
    0.425293    0.103159   -0.186949
    0.433107    0.099147   -0.190383
    0.440937    0.094970   -0.193879
    0.448783    0.090631   -0.197437
    0.456641    0.086128   -0.201056
    0.464509    0.081463   -0.204737
    0.472387    0.076637   -0.208481
    0.480272    0.071651   -0.212286
    0.488161    0.066505   -0.216152
    0.496053    0.061216   -0.220080
    0.503947    0.055821   -0.224069
    0.511839    0.050208   -0.228118
    0.519729    0.044441   -0.232228
    0.527613    0.038518   -0.236396
    0.535491    0.032446   -0.240624
    0.543360    0.026229   -0.244909
    0.551217    0.019870   -0.249251
    0.559063    0.013371   -0.253649
    0.566893    0.006734   -0.258102
    0.574707   -0.000036   -0.262610
    0.582502   -0.006938   -0.267170
    0.590277   -0.013968   -0.271781
    0.598029   -0.021122   -0.276443
    0.605757   -0.028398   -0.281154
    0.613458   -0.035792   -0.285911
    0.621131   -0.043300   -0.290715
    0.628774   -0.050918   -0.295563
    0.636385   -0.058643   -0.300453
    0.643962   -0.066470   -0.305384
    0.651503   -0.074395   -0.310353
    0.659006   -0.082414   -0.315360
    0.666469   -0.090523   -0.320401
    0.673891   -0.098717   -0.325476
    0.681270   -0.106993   -0.330576
    0.688604   -0.115348   -0.335685
    0.695890   -0.123776   -0.340846
    0.703128   -0.132278   -0.346033
    0.710315   -0.140885   -0.351244
    0.717450   -0.149497   -0.356475
    0.724530   -0.158160   -0.361724
    0.731555   -0.166870   -0.366987
    0.738522   -0.175622   -0.372263
    0.745429   -0.184410   -0.377548
    0.752275   -0.193229   -0.382840
    0.759059   -0.202073   -0.388137
    0.765777   -0.210939   -0.393436
    0.772430   -0.219819   -0.398734
    0.779015   -0.228709   -0.404023
    0.785530   -0.237603   -0.409291
    0.791974   -0.246495   -0.414570
    0.798345   -0.255381   -0.419839
    0.804642   -0.264260   -0.425095
    0.810863   -0.273127   -0.430334
    0.817006   -0.282001   -0.435552
    0.823070   -0.290808   -0.440747
    0.829054   -0.299579   -0.445915
    0.834956   -0.308311   -0.451054
    0.840775   -0.316996   -0.456160
    0.846508   -0.325630   -0.461231
    0.852155   -0.334206   -0.466264
    0.857715   -0.342720   -0.471252
    0.863185   -0.351165   -0.476187
    0.868565   -0.359537   -0.481088
    0.873852   -0.367830   -0.485940
    0.879047   -0.376039   -0.490740
    0.884147   -0.384161   -0.495486
    0.889152   -0.392192   -0.500174
    0.894059   -0.400140   -0.504799
    0.898869   -0.407959   -0.509361
    0.903579   -0.415666   -0.513855
    0.908188   -0.423257   -0.518279
    0.912695   -0.430726   -0.522631
    0.917100   -0.438070   -0.526907
    0.921401   -0.445282   -0.531105
    0.925597   -0.452358   -0.535222
    0.929686   -0.459293   -0.539256
    0.933669   -0.466082   -0.543204
    0.937544   -0.472722   -0.547064
    0.941309   -0.479207   -0.550830
    0.944965   -0.485533   -0.554500
    0.948509   -0.491697   -0.558080
    0.951942   -0.497693   -0.561562
    0.955262   -0.503518   -0.564943
    0.958469   -0.509167   -0.568222
    0.961561   -0.514637   -0.571396
    0.964539   -0.519923   -0.574463
    0.967400   -0.525022   -0.577423
    0.970146   -0.529931   -0.580273
    0.972774   -0.534647   -0.583007
    0.975284   -0.539165   -0.585627
    0.977675   -0.543483   -0.588130
    0.979948   -0.547598   -0.590436
    0.982101   -0.551507   -0.592302
    0.984134   -0.555208   -0.593810
    0.986046   -0.558697   -0.595049
    0.987838   -0.561972   -0.596055
    0.989507   -0.565032   -0.596857
    0.991055   -0.567873   -0.597473
    0.992480   -0.570495   -0.597909
    0.993782   -0.572894   -0.598173
    0.994962   -0.575070   -0.598266
    0.996018   -0.577052   -0.598190
    0.996950   -0.578866   -0.597944
    0.997759   -0.580796   -0.597523
    0.998443   -0.582720   -0.596928
    0.999003   -0.584621   -0.596153
    0.999439   -0.586476   -0.595207
    0.999751   -0.588268   -0.594089
    0.999938   -0.590026   -0.592792
    1.000000   -0.591176   -0.591176
  BLADE PROFILES IN CARTESIAN COORDINATES (3D) 
  VARIABLES = "X", "YSS", "YPS" "R" 
  BLADE           2  SECTION           2
   23.725283   -5.521206   -5.521206  225.875641
   24.828117   -5.220726   -5.220726  225.875381
   25.816877   -4.951322   -4.951322  225.874710
   26.703360   -4.709776   -4.709776  225.873505
   27.498137   -4.493187   -4.493187  225.871185
   28.210699   -4.299016   -4.299016  225.869629
   28.849554   -4.124939   -4.124939  225.868637
   29.422321   -3.968877   -3.968877  225.868103
   29.935841   -3.828964   -3.828964  225.868042
   30.396236   -3.703532   -3.703532  225.868378
   30.809008   -3.591078   -3.591078  225.868896
   31.179081   -3.490259   -3.490259  225.869492
   31.510874   -3.399871   -3.399871  225.870209
   31.808346   -3.318835   -3.318835  225.870895
   32.075039   -3.246182   -3.246182  225.871628
   32.314156   -3.181045   -3.181045  225.872345
   32.528530   -3.122647   -3.122647  225.873016
   32.720730   -3.070289   -3.070289  225.873627
   32.893044   -3.023348   -3.023348  225.874268
   33.047539   -2.981264   -2.981264  225.874802
   33.186050   -2.943532   -2.943532  225.875107
   33.324566   -2.023095   -3.879610  225.875351
   33.469391   -1.748784   -4.169559  225.875565
   33.621101   -1.545385   -4.407226  225.875748
   33.780308   -1.352880   -4.620400  225.875946
   33.947556   -1.163991   -4.811690  225.876175
   34.123451   -0.977780   -4.969334  225.876419
   34.308578   -0.793377   -5.090751  225.876663
   34.503502   -0.609753   -5.191767  225.876831
   34.708805   -0.427115   -5.290375  225.877075
   34.925083   -0.244795   -5.389138  225.877289
   35.152916   -0.061854   -5.487474  225.877472
   35.392872    0.120706   -5.585583  225.877686
   35.645546    0.301613   -5.683944  225.877838
   35.911514    0.480718   -5.783691  225.878006
   36.191223    0.658057   -5.884298  225.878159
   36.484753    0.833403   -5.985479  225.878311
   36.792778    1.006624   -6.088818  225.878464
   37.116062    1.173530   -6.194059  225.878525
   37.455467    1.335707   -6.301206  225.878586
   37.811913    1.493561   -6.411759  225.878632
   38.186459    1.644966   -6.525568  225.878662
   38.579971    1.786280   -6.643313  225.878510
   38.993202    1.919330   -6.765752  225.878540
   39.427540    2.042794   -6.893491  225.878342
   39.884556    2.150744   -7.027606  225.878250
   40.365936    2.245621   -7.169124  225.877899
   40.873596    2.324332   -7.319239  225.877563
   41.409588    2.380965   -7.479356  225.877136
   41.980419    2.418153   -7.652615  225.876617
   42.594276    2.425157   -7.842221  225.875946
   43.251877    2.402071   -8.050586  225.875198
   43.952698    2.337804   -8.279302  225.874268
   44.695057    2.229297   -8.529014  225.873154
   45.476074    2.071918   -8.802631  225.871948
   46.291733    1.857719   -9.099344  225.870529
   47.128777    1.590672   -9.418306  225.869034
   47.973858    1.266975   -9.754035  225.867401
   48.822392    0.894560  -10.108046  225.865616
   49.670700    0.471615  -10.477271  225.863815
   50.515884    0.000000  -10.862023  225.862015
   51.355942   -0.515882  -11.261679  225.860107
   52.189678   -1.071620  -11.675861  225.858063
   53.022751   -1.674722  -12.107625  225.856094
   53.858887   -2.326699  -12.559409  225.854050
   54.697414   -3.025854  -13.031418  225.851990
   55.537239   -3.771283  -13.523507  225.849915
   56.376862   -4.561434  -14.035130  225.847717
   57.214329   -5.393998  -14.565311  225.845749
   58.047283   -6.265817  -15.112578  225.843719
   58.868309   -7.167571  -15.671630  225.841614
   59.672760   -8.092302  -16.237619  225.839676
   60.458469   -9.036279  -16.810429  225.837784
   61.223686   -9.989861  -17.386082  225.836090
   61.967007  -10.950506  -17.962217  225.834381
   62.687553  -11.913827  -18.536497  225.832825
   63.384800  -12.876007  -19.107014  225.831329
   64.061302  -13.839650  -19.675982  225.829956
   64.717720  -14.799776  -20.241663  225.828705
   65.354073  -15.755024  -20.802931  225.827499
   65.970345  -16.703257  -21.357931  225.826401
   66.566559  -17.642328  -21.907166  225.825378
   67.142685  -18.571270  -22.448820  225.824509
   67.698738  -19.485367  -22.981657  225.823669
   68.234711  -20.383879  -23.504652  225.822876
   68.750626  -21.264860  -24.016809  225.822220
   69.246460  -22.126522  -24.517004  225.821655
   69.722214  -22.967035  -25.004778  225.821121
   70.177887  -23.784632  -25.479078  225.820663
   70.613510  -24.577641  -25.807531  225.820297
   71.029045  -25.600670  -25.601034  225.820221
   71.444588  -26.209856  -26.210037  225.821075
   71.893173  -26.867308  -26.867308  225.822052
   72.377449  -27.577061  -27.577061  225.823166
   72.900253  -28.343290  -28.343290  225.824341
   73.464645  -29.170479  -29.170479  225.825607
   74.073936  -30.063473  -30.063473  225.827042
   74.731705  -31.027527  -31.027527  225.828583
   75.441780  -32.068268  -32.068268  225.830246
   76.208351  -33.191822  -33.191822  225.832077
   77.035919  -34.404770  -34.404770  225.834030
   77.929306  -35.714226  -35.714226  225.836182
   78.893761  -37.127853  -37.127853  225.838516
   79.934937  -38.653957  -38.653957  225.841019
   81.058975  -40.301491  -40.301491  225.843704
   82.272400  -42.080090  -42.080090  225.846558
   83.582359  -44.000202  -44.000202  225.849564
   84.996529  -46.073067  -46.073067  225.852722
   86.523209  -48.310833  -48.310833  225.855957
   88.171326  -50.726616  -50.726616  225.859314
   89.950569  -53.334553  -53.334553  225.862579
  BLADE PROFILES IN CARTESIAN COORDINATES (2D) BEFORE   PROJECTION, SCALING, MESHING AND STACKING 
  VARIABLES = "X", "YSS", "YPS" 
  BLADE           2  SECTION           3
    0.000000   -0.002595   -0.002595
    0.000062    0.001069   -0.004475
    0.000249    0.004319   -0.006815
    0.000561    0.007938   -0.009069
    0.000997    0.011748   -0.011459
    0.001557    0.015373   -0.013877
    0.002241    0.018850   -0.016409
    0.003050    0.022317   -0.019118
    0.003982    0.025745   -0.022024
    0.005038    0.029093   -0.025057
    0.006218    0.032347   -0.028203
    0.007520    0.035471   -0.031410
    0.008945    0.038435   -0.034614
    0.010493    0.041214   -0.037759
    0.012162    0.043804   -0.040783
    0.013954    0.046233   -0.043628
    0.015866    0.048457   -0.046220
    0.017899    0.050573   -0.048529
    0.020052    0.052701   -0.050668
    0.022325    0.054858   -0.052714
    0.024716    0.057044   -0.054777
    0.027226    0.059253   -0.056877
    0.029854    0.061479   -0.059011
    0.032600    0.063720   -0.061179
    0.035461    0.065969   -0.063378
    0.038439    0.068229   -0.065606
    0.041531    0.070521   -0.067831
    0.044738    0.072764   -0.070114
    0.048058    0.074993   -0.072423
    0.051491    0.077209   -0.074759
    0.055036    0.079406   -0.077121
    0.058691    0.081582   -0.079507
    0.062456    0.083730   -0.081919
    0.066331    0.085849   -0.084328
    0.070314    0.087938   -0.086784
    0.074403    0.090025   -0.089264
    0.078599    0.092011   -0.091767
    0.082900    0.093949   -0.094294
    0.087305    0.095835   -0.096845
    0.091812    0.097666   -0.099398
    0.096421    0.099436   -0.101994
    0.101131    0.101153   -0.104614
    0.105941    0.102836   -0.107258
    0.110848    0.104392   -0.109927
    0.115853    0.105864   -0.112605
    0.120953    0.107257   -0.115323
    0.126148    0.108567   -0.118067
    0.131435    0.109790   -0.120838
    0.136815    0.110932   -0.123636
    0.142285    0.112019   -0.126450
    0.147845    0.112939   -0.129304
    0.153492    0.113754   -0.132186
    0.159225    0.114465   -0.135099
    0.165044    0.115067   -0.138035
    0.170946    0.115558   -0.141010
    0.176930    0.115940   -0.144016
    0.182994    0.116241   -0.147056
    0.189138    0.116356   -0.150130
    0.195358    0.116343   -0.153237
    0.201655    0.116202   -0.156381
    0.208026    0.115932   -0.159563
    0.214470    0.115539   -0.162782
    0.220986    0.115057   -0.166038
    0.227570    0.114355   -0.169338
    0.234223    0.113509   -0.172676
    0.240941    0.112520   -0.176055
    0.247725    0.111385   -0.179476
    0.254571    0.110102   -0.182939
    0.261478    0.108678   -0.186446
    0.268445    0.107154   -0.190007
    0.275470    0.105388   -0.193606
    0.282550    0.103465   -0.197252
    0.289685    0.101385   -0.200944
    0.296872    0.099144   -0.204684
    0.304110    0.096742   -0.208472
    0.311396    0.094177   -0.212310
    0.318730    0.091457   -0.216199
    0.326109    0.088629   -0.220152
    0.333531    0.085546   -0.224144
    0.340994    0.082297   -0.228188
    0.348497    0.078879   -0.232284
    0.356038    0.075293   -0.236432
    0.363615    0.071537   -0.240634
    0.371226    0.067612   -0.244889
    0.378869    0.063516   -0.249198
    0.386542    0.059250   -0.253562
    0.394243    0.054813   -0.257979
    0.401971    0.050213   -0.262452
    0.409723    0.045507   -0.266979
    0.417498    0.040552   -0.271561
    0.425293    0.035426   -0.276198
    0.433107    0.030132   -0.280889
    0.440937    0.024672   -0.285636
    0.448783    0.019046   -0.290437
    0.456641    0.013255   -0.295292
    0.464509    0.007302   -0.300201
    0.472387    0.001186   -0.305164
    0.480272   -0.005089   -0.310180
    0.488161   -0.011523   -0.315248
    0.496053   -0.018113   -0.320369
    0.503947   -0.024857   -0.325541
    0.511839   -0.031754   -0.330763
    0.519729   -0.038800   -0.336035
    0.527613   -0.045994   -0.341357
    0.535491   -0.053332   -0.346726
    0.543360   -0.060812   -0.352142
    0.551217   -0.068431   -0.357605
    0.559063   -0.076186   -0.363111
    0.566893   -0.084074   -0.368662
    0.574707   -0.092091   -0.374255
    0.582502   -0.100234   -0.379888
    0.590277   -0.108499   -0.385561
    0.598029   -0.116883   -0.391272
    0.605757   -0.125382   -0.397019
    0.613458   -0.133992   -0.402801
    0.621131   -0.142709   -0.408617
    0.628774   -0.151529   -0.414459
    0.636385   -0.160447   -0.420312
    0.643962   -0.169460   -0.426216
    0.651503   -0.178573   -0.432148
    0.659006   -0.187829   -0.438106
    0.666469   -0.197104   -0.444085
    0.673891   -0.206454   -0.450085
    0.681270   -0.215876   -0.456101
    0.688604   -0.225364   -0.462133
    0.695890   -0.234914   -0.468179
    0.703128   -0.244520   -0.474235
    0.710315   -0.254177   -0.480299
    0.717450   -0.263881   -0.486370
    0.724530   -0.273625   -0.492444
    0.731555   -0.283405   -0.498516
    0.738522   -0.293215   -0.504569
    0.745429   -0.303050   -0.510642
    0.752275   -0.312907   -0.516710
    0.759059   -0.322788   -0.522769
    0.765777   -0.332716   -0.528817
    0.772430   -0.342601   -0.534850
    0.779015   -0.352482   -0.540865
    0.785530   -0.362355   -0.546861
    0.791974   -0.372213   -0.552834
    0.798345   -0.382052   -0.558782
    0.804642   -0.391865   -0.564701
    0.810863   -0.401646   -0.570586
    0.817006   -0.411390   -0.576423
    0.823070   -0.421091   -0.582241
    0.829054   -0.430744   -0.588023
    0.834956   -0.440352   -0.593762
    0.840775   -0.449929   -0.599456
    0.846508   -0.459405   -0.605101
    0.852155   -0.468809   -0.610695
    0.857715   -0.478136   -0.616235
    0.863185   -0.487380   -0.621718
    0.868565   -0.496535   -0.627141
    0.873852   -0.505596   -0.632502
    0.879047   -0.514558   -0.637797
    0.884147   -0.523414   -0.643021
    0.889152   -0.532160   -0.648166
    0.894059   -0.540790   -0.653249
    0.898869   -0.549301   -0.658255
    0.903579   -0.557686   -0.663184
    0.908188   -0.565943   -0.668030
    0.912695   -0.574077   -0.672792
    0.917100   -0.582049   -0.677466
    0.921401   -0.589874   -0.682050
    0.925597   -0.597548   -0.686541
    0.929686   -0.605064   -0.690937
    0.933669   -0.612418   -0.695236
    0.937544   -0.619607   -0.699434
    0.941309   -0.626624   -0.703531
    0.944965   -0.633466   -0.707522
    0.948509   -0.640128   -0.711406
    0.951942   -0.646607   -0.715181
    0.955262   -0.652897   -0.718845
    0.958469   -0.658996   -0.722394
    0.961561   -0.664899   -0.725828
    0.964539   -0.670602   -0.729144
    0.967400   -0.676102   -0.732341
    0.970146   -0.681394   -0.735415
    0.972774   -0.686476   -0.738367
    0.975284   -0.691344   -0.741193
    0.977675   -0.695995   -0.743882
    0.979948   -0.700426   -0.746270
    0.982101   -0.704635   -0.748202
    0.984134   -0.708617   -0.749786
    0.986046   -0.712372   -0.751090
    0.987838   -0.715895   -0.752157
    0.989507   -0.719187   -0.753010
    0.991055   -0.722243   -0.753663
    0.992480   -0.725061   -0.754128
    0.993782   -0.727640   -0.754407
    0.994962   -0.729979   -0.754503
    0.996018   -0.732090   -0.754416
    0.996950   -0.734042   -0.754180
    0.997759   -0.736045   -0.753727
    0.998443   -0.738042   -0.753044
    0.999003   -0.740017   -0.752213
    0.999439   -0.741943   -0.751195
    0.999751   -0.743787   -0.749988
    0.999938   -0.745556   -0.748546
    1.000000   -0.747355   -0.747355
  BLADE PROFILES IN CARTESIAN COORDINATES (3D) 
  VARIABLES = "X", "YSS", "YPS" "R" 
  BLADE           2  SECTION           3
   24.680336   -1.035736   -1.035736  243.909485
   25.748373   -0.964866   -0.964866  244.025772
   26.707073   -0.901258   -0.901258  244.119446
   27.568110   -0.844158   -0.844158  244.186295
   28.341612   -0.792901   -0.792901  244.235138
   29.035069   -0.746939   -0.746939  244.279709
   29.656752   -0.705728   -0.705728  244.320602
   30.214067   -0.668776   -0.668776  244.358109
   30.713663   -0.635644   -0.635644  244.392822
   31.161512   -0.605939   -0.605939  244.424957
   31.562984   -0.579304   -0.579304  244.454346
   31.922892   -0.555423   -0.555423  244.481201
   32.245541   -0.534011   -0.534011  244.505615
   32.534782   -0.514813   -0.514813  244.527893
   32.794086   -0.497599   -0.497599  244.548080
   33.026554   -0.482166   -0.482166  244.566391
   33.234955   -0.468328   -0.468328  244.582993
   33.421783   -0.455922   -0.455922  244.598038
   33.589279   -0.444798   -0.444798  244.611603
   33.739441   -0.434824   -0.434824  244.623871
   33.874065   -0.425882   -0.425882  244.636795
   34.008415    0.425773   -1.259432  244.649963
   34.148857    0.823532   -1.639014  244.663910
   34.295952    1.097330   -1.944871  244.678802
   34.450268    1.299046   -2.180782  244.694565
   34.612366    1.464856   -2.354818  244.711548
   34.782791    1.624526   -2.505603  244.729645
   34.962109    1.780640   -2.654344  244.749039
   35.150883    1.933848   -2.802819  244.769806
   35.349651    2.085599   -2.951106  244.792084
   35.558994    2.234026   -3.100634  244.816025
   35.779449    2.379029   -3.252379  244.841705
   36.011581    2.521324   -3.406372  244.869293
   36.255917    2.660564   -3.562399  244.898987
   36.513050    2.797263   -3.721591  244.930817
   36.783367    2.929155   -3.884457  244.964996
   37.066944    3.054825   -4.050801  245.001694
   37.364422    3.174840   -4.220138  245.040909
   37.676517    3.289863   -4.394642  245.083038
   38.004047    3.396236   -4.573872  245.128250
   38.347900    3.493095   -4.758419  245.176636
   38.709049    3.580640   -4.949537  245.228668
   39.088345    3.659709   -5.147068  245.284592
   39.486465    3.722777   -5.352409  245.344635
   39.904755    3.772012   -5.565918  245.409088
   40.344666    3.805860   -5.789121  245.478394
   40.807831    3.822334   -6.023029  245.553055
   41.296051    3.815817   -6.269023  245.633575
   41.811249    3.787523   -6.528762  245.720398
   42.359661    3.730205   -6.806216  245.814941
   42.949142    3.638414   -7.106095  245.918839
   43.580292    3.510306   -7.430154  246.032532
   44.252571    3.334833   -7.779522  246.156403
   44.964310    3.108820   -8.154830  246.290482
   45.712723    2.830830   -8.557175  246.434372
   46.493923    2.490402   -8.985838  246.587494
   47.295212    2.092606   -9.435870  246.747650
   48.103817    1.642372   -9.901651  246.911896
   48.915390    1.144663  -10.381792  247.079315
   49.726448    0.594809  -10.875061  247.248871
   50.534264    0.000000  -11.380434  247.419647
   51.336941   -0.637350  -11.897135  247.590897
   52.133392   -1.314992  -12.424700  247.762192
   52.929043   -2.036541  -12.967014  247.934387
   53.727520   -2.805053  -13.527046  248.107956
   54.528168   -3.619968  -14.104912  248.282471
   55.330036   -4.480151  -14.700350  248.457504
   56.131664   -5.383783  -15.312662  248.632416
   56.931252   -6.328283  -15.939847  248.806702
   57.726582   -7.312425  -16.582024  248.979431
   58.510605   -8.322624  -17.232698  249.148895
   59.278904   -9.351299  -17.887163  249.313965
   60.029453  -10.393447  -18.542755  249.473938
   60.760571  -11.443765  -19.196032  249.628448
   61.470940  -12.498319  -19.847069  249.777084
   62.159729  -13.552648  -20.492414  249.919571
   62.826439  -14.600620  -21.130392  250.055817
   63.473507  -15.644601  -21.761547  250.186417
   64.101593  -16.683319  -22.386879  250.311371
   64.710663  -17.715816  -23.004789  250.430817
   65.300751  -18.736689  -23.614042  250.544754
   65.871834  -19.745148  -24.213614  250.653259
   66.423882  -20.739149  -24.802187  250.756378
   66.956909  -21.717598  -25.379875  250.854248
   67.470894  -22.676710  -25.945084  250.946915
   67.965805  -23.615282  -26.496906  251.034500
   68.441658  -24.531628  -27.034485  251.117233
   68.898422  -25.424078  -27.556980  251.195099
   69.336098  -26.290955  -28.063372  251.268295
   69.754646  -27.130602  -28.405674  251.336990
   70.154053  -28.212439  -28.212826  251.391678
   70.557518  -28.854261  -28.854456  251.426605
   70.993156  -29.546947  -29.546947  251.463593
   71.463524  -30.294748  -30.294748  251.502640
   71.971443  -31.102047  -31.102047  251.543762
   72.519852  -31.973562  -31.973562  251.586975
   73.112038  -32.914413  -32.914413  251.632339
   73.751480  -33.930088  -33.930088  251.679657
   74.441986  -35.026543  -35.026543  251.729004
   75.187592  -36.210175  -36.210175  251.780212
   75.992737  -37.487900  -37.487900  251.833176
   76.862144  -38.867165  -38.867165  251.887650
   77.801003  -40.356014  -40.356014  251.943405
   78.814835  -41.963120  -41.963120  252.000153
   79.909637  -43.697803  -43.697803  252.057434
   81.091866  -45.570164  -45.570164  252.114807
   82.368523  -47.591034  -47.591034  252.171722
   83.747086  -49.772091  -49.772091  252.227539
   85.235733  -52.125950  -52.125950  252.281433
   86.843132  -54.666161  -54.666161  252.332626
   88.578773  -57.407310  -57.407310  252.380066
