    3D DATASET FOR MULTALL, GENERATED BY STAGEN  
   37    0   37    010000    0    0    3    2    1    2   37   10   10 1000
    0    2    1    3    0    1    0  100    5    0    1    0
    3    3    3    9    9    9    1    3    1
  BLADE ROW NUMBER =        1                                           
  111   26   96   44    0    0    1    1    1    1    0    0    0    0    0    0
       0.0 3143073.5 3143073.5 2011671.1 2011671.1   0.00000       0.0
  1.000000
 -0.012560 -0.011072 -0.009746 -0.008563 -0.007509 -0.006570 -0.005732 -0.004986
 -0.004320 -0.003727 -0.003198 -0.002727 -0.002307 -0.001932 -0.001598 -0.001300
 -0.001035 -0.000798 -0.000588 -0.000399 -0.000232 -0.000082  0.000051  0.000170
  0.000276  0.000370  0.000464  0.000562  0.000664  0.000772  0.000885  0.001004
  0.001129  0.001261  0.001400  0.001546  0.001700  0.001862  0.002032  0.002212
  0.002401  0.002599  0.002807  0.003025  0.003254  0.003495  0.003747  0.004013
  0.004291  0.004584  0.004892  0.005217  0.005559  0.005920  0.006304  0.006717
  0.007160  0.007632  0.008131  0.008657  0.009206  0.009769  0.010337  0.010908
  0.011479  0.012048  0.012613  0.013174  0.013734  0.014297  0.014862  0.015427
  0.015993  0.016557  0.017118  0.017672  0.018215  0.018745  0.019261  0.019763
  0.020250  0.020722  0.021179  0.021623  0.022054  0.022472  0.022876  0.023266
  0.023644  0.024007  0.024358  0.024695  0.025018  0.025328  0.025624  0.025907
  0.026191  0.026490  0.026807  0.027142  0.027497  0.027871  0.028267  0.028685
  0.029128  0.029595  0.030090  0.030612  0.031164  0.031748  0.032365
  1.000000
 -0.003159 -0.003589 -0.003972 -0.004314 -0.004618 -0.004889 -0.005131 -0.005347
 -0.005539 -0.005710 -0.005862 -0.005998 -0.006119 -0.006227 -0.006323 -0.006409
 -0.006486 -0.006554 -0.006615 -0.006669 -0.006717 -0.006760 -0.006799 -0.006833
 -0.006863 -0.006890 -0.006346 -0.006153 -0.005996 -0.005857 -0.005734 -0.005630
 -0.005546 -0.005474 -0.005401 -0.005326 -0.005250 -0.005171 -0.005090 -0.005006
 -0.004919 -0.004830 -0.004737 -0.004641 -0.004541 -0.004436 -0.004328 -0.004214
 -0.004094 -0.003969 -0.003836 -0.003696 -0.003548 -0.003390 -0.003220 -0.003035
 -0.002834 -0.002617 -0.002381 -0.002128 -0.001856 -0.001571 -0.001274 -0.000968
 -0.000653 -0.000330  0.000000  0.000337  0.000684  0.001041  0.001410  0.001790
  0.002181  0.002581  0.002990  0.003403  0.003819  0.004236  0.004651  0.005064
  0.005472  0.005876  0.006276  0.006672  0.007062  0.007447  0.007826  0.008198
  0.008563  0.008920  0.009268  0.009607  0.009937  0.010190  0.010256  0.009892
  0.010345  0.010824  0.011329  0.011864  0.012429  0.013027  0.013658  0.014326
  0.015031  0.015777  0.016565  0.017398  0.018278  0.019209  0.020192
  1.000000
  0.000000  0.000000  0.000000  0.000000  0.000000  0.000000  0.000000  0.000000
  0.000000  0.000000  0.000000  0.000000  0.000000  0.000000  0.000000  0.000000
  0.000000  0.000000  0.000000  0.000000  0.000000  0.000000  0.000000  0.000000
  0.000000  0.000000  0.001080  0.001455  0.001743  0.002008  0.002258  0.002490
  0.002703  0.002906  0.003111  0.003320  0.003533  0.003751  0.003971  0.004195
  0.004422  0.004652  0.004886  0.005120  0.005357  0.005597  0.005838  0.006078
  0.006322  0.006562  0.006802  0.007043  0.007279  0.007514  0.007743  0.007972
  0.008192  0.008405  0.008600  0.008778  0.008934  0.009058  0.009155  0.009217
  0.009250  0.009253  0.009224  0.009170  0.009087  0.008975  0.008836  0.008670
  0.008478  0.008260  0.008018  0.007754  0.007473  0.007177  0.006867  0.006544
  0.006215  0.005881  0.005540  0.005193  0.004845  0.004495  0.004144  0.003793
  0.003445  0.003100  0.002759  0.002423  0.002094  0.001704  0.001147  0.000000
  0.000000  0.000000  0.000000  0.000000  0.000000  0.000000  0.000000  0.000000
  0.000000  0.000000  0.000000  0.000000  0.000000  0.000000  0.000000
  1.000000
  0.212491  0.212452  0.212411  0.212370  0.212328  0.212287  0.212247  0.212208
  0.212172  0.212138  0.212107  0.212077  0.212050  0.212025  0.212002  0.211981
  0.211962  0.211945  0.211930  0.211916  0.211903  0.211891  0.211881  0.211872
  0.211863  0.211856  0.211843  0.211829  0.211814  0.211798  0.211782  0.211764
  0.211746  0.211726  0.211705  0.211683  0.211659  0.211634  0.211607  0.211579
  0.211549  0.211517  0.211483  0.211448  0.211410  0.211370  0.211327  0.211282
  0.211234  0.211183  0.211128  0.211071  0.211009  0.210944  0.210873  0.210797
  0.210714  0.210626  0.210531  0.210430  0.210325  0.210216  0.210106  0.209995
  0.209884  0.209774  0.209664  0.209556  0.209449  0.209341  0.209235  0.209129
  0.209025  0.208923  0.208822  0.208725  0.208631  0.208542  0.208456  0.208375
  0.208299  0.208227  0.208158  0.208094  0.208033  0.207976  0.207923  0.207873
  0.207827  0.207783  0.207743  0.207706  0.207672  0.207640  0.207611  0.207584
  0.207564  0.207544  0.207522  0.207499  0.207475  0.207449  0.207423  0.207394
  0.207364  0.207331  0.207297  0.207260  0.207220  0.207178  0.207133
  1.000000
 -0.013485 -0.011954 -0.010590 -0.009373 -0.008288 -0.007320 -0.006458 -0.005689
 -0.005003 -0.004392 -0.003847 -0.003361 -0.002927 -0.002541 -0.002197 -0.001889
 -0.001616 -0.001371 -0.001154 -0.000960 -0.000787 -0.000632 -0.000495 -0.000372
 -0.000263 -0.000165 -0.000068  0.000034  0.000141  0.000253  0.000371  0.000495
  0.000625  0.000762  0.000907  0.001059  0.001219  0.001388  0.001566  0.001753
  0.001950  0.002157  0.002374  0.002601  0.002840  0.003091  0.003355  0.003632
  0.003923  0.004229  0.004550  0.004889  0.005247  0.005624  0.006026  0.006458
  0.006921  0.007414  0.007937  0.008486  0.009061  0.009650  0.010245  0.010842
  0.011439  0.012034  0.012626  0.013213  0.013799  0.014388  0.014978  0.015569
  0.016160  0.016750  0.017336  0.017914  0.018480  0.019034  0.019572  0.020095
  0.020603  0.021094  0.021570  0.022032  0.022480  0.022914  0.023333  0.023739
  0.024130  0.024508  0.024871  0.025220  0.025555  0.025876  0.026182  0.026475
  0.026767  0.027077  0.027403  0.027749  0.028114  0.028500  0.028909  0.029340
  0.029796  0.030279  0.030788  0.031327  0.031897  0.032499  0.033136
  1.000000
 -0.003049 -0.003466 -0.003838 -0.004170 -0.004465 -0.004729 -0.004964 -0.005173
 -0.005360 -0.005527 -0.005675 -0.005807 -0.005925 -0.006031 -0.006125 -0.006208
 -0.006283 -0.006349 -0.006409 -0.006461 -0.006509 -0.006551 -0.006588 -0.006622
 -0.006651 -0.006678 -0.006134 -0.005942 -0.005784 -0.005645 -0.005523 -0.005423
 -0.005343 -0.005270 -0.005197 -0.005122 -0.005045 -0.004966 -0.004885 -0.004801
 -0.004714 -0.004625 -0.004532 -0.004437 -0.004337 -0.004234 -0.004127 -0.004014
 -0.003897 -0.003774 -0.003645 -0.003508 -0.003364 -0.003211 -0.003047 -0.002869
 -0.002676 -0.002468 -0.002243 -0.002002 -0.001745 -0.001475 -0.001195 -0.000907
 -0.000611 -0.000309  0.000000  0.000315  0.000639  0.000972  0.001315  0.001669
  0.002031  0.002402  0.002781  0.003164  0.003550  0.003935  0.004319  0.004700
  0.005077  0.005451  0.005820  0.006184  0.006545  0.006900  0.007249  0.007592
  0.007927  0.008256  0.008577  0.008889  0.009192  0.009417  0.009456  0.009071
  0.009499  0.009952  0.010431  0.010938  0.011473  0.012039  0.012637  0.013269
  0.013938  0.014644  0.015391  0.016181  0.017016  0.017898  0.018831
  1.000000
  0.000000  0.000000  0.000000  0.000000  0.000000  0.000000  0.000000  0.000000
  0.000000  0.000000  0.000000  0.000000  0.000000  0.000000  0.000000  0.000000
  0.000000  0.000000  0.000000  0.000000  0.000000  0.000000  0.000000  0.000000
  0.000000  0.000000  0.001084  0.001467  0.001759  0.002024  0.002272  0.002500
  0.002709  0.002913  0.003119  0.003329  0.003543  0.003760  0.003981  0.004206
  0.004434  0.004665  0.004899  0.005134  0.005372  0.005612  0.005854  0.006095
  0.006338  0.006581  0.006822  0.007062  0.007300  0.007533  0.007766  0.007993
  0.008217  0.008427  0.008625  0.008803  0.008958  0.009085  0.009180  0.009244
  0.009277  0.009278  0.009253  0.009196  0.009112  0.009000  0.008863  0.008697
  0.008504  0.008285  0.008042  0.007777  0.007495  0.007195  0.006885  0.006563
  0.006233  0.005897  0.005555  0.005208  0.004858  0.004507  0.004155  0.003803
  0.003454  0.003108  0.002766  0.002429  0.002099  0.001706  0.001146  0.000000
  0.000000  0.000000  0.000000  0.000000  0.000000  0.000000  0.000000  0.000000
  0.000000  0.000000  0.000000  0.000000  0.000000  0.000000  0.000000
  1.000000
  0.225864  0.225862  0.225860  0.225858  0.225856  0.225854  0.225852  0.225851
  0.225849  0.225848  0.225847  0.225846  0.225845  0.225844  0.225844  0.225843
  0.225843  0.225842  0.225842  0.225842  0.225841  0.225841  0.225841  0.225840
  0.225840  0.225840  0.225840  0.225840  0.225840  0.225840  0.225840  0.225840
  0.225841  0.225841  0.225841  0.225841  0.225841  0.225841  0.225841  0.225842
  0.225842  0.225842  0.225842  0.225843  0.225843  0.225843  0.225844  0.225844
  0.225845  0.225845  0.225846  0.225846  0.225847  0.225847  0.225848  0.225849
  0.225850  0.225851  0.225852  0.225853  0.225854  0.225855  0.225857  0.225858
  0.225859  0.225861  0.225862  0.225863  0.225864  0.225865  0.225866  0.225868
  0.225869  0.225870  0.225870  0.225871  0.225872  0.225873  0.225873  0.225874
  0.225874  0.225875  0.225875  0.225875  0.225875  0.225876  0.225876  0.225876
  0.225876  0.225875  0.225875  0.225875  0.225875  0.225875  0.225874  0.225874
  0.225873  0.225872  0.225871  0.225871  0.225870  0.225869  0.225869  0.225868
  0.225868  0.225868  0.225869  0.225870  0.225871  0.225873  0.225875
  1.000000
 -0.014715 -0.013101 -0.011662 -0.010379 -0.009236 -0.008217 -0.007309 -0.006499
 -0.005777 -0.005133 -0.004560 -0.004048 -0.003592 -0.003186 -0.002824 -0.002501
 -0.002213 -0.001956 -0.001727 -0.001523 -0.001341 -0.001179 -0.001034 -0.000905
 -0.000790 -0.000688 -0.000586 -0.000480 -0.000368 -0.000251 -0.000128  0.000001
  0.000137  0.000280  0.000431  0.000590  0.000757  0.000933  0.001119  0.001314
  0.001519  0.001734  0.001960  0.002197  0.002446  0.002708  0.002982  0.003271
  0.003573  0.003892  0.004226  0.004579  0.004951  0.005343  0.005761  0.006210
  0.006691  0.007204  0.007747  0.008318  0.008914  0.009526  0.010144  0.010764
  0.011385  0.012002  0.012617  0.013226  0.013835  0.014447  0.015060  0.015675
  0.016289  0.016902  0.017512  0.018113  0.018703  0.019279  0.019840  0.020385
  0.020914  0.021426  0.021923  0.022405  0.022873  0.023326  0.023765  0.024189
  0.024598  0.024993  0.025374  0.025739  0.026090  0.026426  0.026748  0.027055
  0.027363  0.027688  0.028032  0.028395  0.028780  0.029186  0.029615  0.030069
  0.030549  0.031056  0.031592  0.032158  0.032757  0.033389  0.034057
  1.000000
 -0.003066 -0.003482 -0.003852 -0.004183 -0.004478 -0.004741 -0.004976 -0.005185
 -0.005372 -0.005539 -0.005687 -0.005820 -0.005938 -0.006043 -0.006137 -0.006221
 -0.006296 -0.006363 -0.006422 -0.006475 -0.006522 -0.006565 -0.006602 -0.006636
 -0.006666 -0.006692 -0.006134 -0.005935 -0.005771 -0.005627 -0.005504 -0.005403
 -0.005322 -0.005247 -0.005171 -0.005093 -0.005013 -0.004931 -0.004847 -0.004760
 -0.004671 -0.004579 -0.004483 -0.004385 -0.004284 -0.004178 -0.004068 -0.003954
 -0.003835 -0.003710 -0.003579 -0.003442 -0.003297 -0.003144 -0.002980 -0.002803
 -0.002612 -0.002405 -0.002183 -0.001947 -0.001694 -0.001430 -0.001158 -0.000878
 -0.000591 -0.000299  0.000000  0.000304  0.000614  0.000935  0.001264  0.001602
  0.001949  0.002305  0.002667  0.003033  0.003400  0.003767  0.004132  0.004495
  0.004854  0.005209  0.005559  0.005906  0.006247  0.006584  0.006915  0.007240
  0.007558  0.007870  0.008173  0.008469  0.008756  0.008961  0.008976  0.008558
  0.008976  0.009418  0.009886  0.010380  0.010903  0.011455  0.012039  0.012657
  0.013310  0.014000  0.014730  0.015502  0.016318  0.017182  0.018095
  1.000000
  0.000000  0.000000  0.000000  0.000000  0.000000  0.000000  0.000000  0.000000
  0.000000  0.000000  0.000000  0.000000  0.000000  0.000000  0.000000  0.000000
  0.000000  0.000000  0.000000  0.000000  0.000000  0.000000  0.000000  0.000000
  0.000000  0.000000  0.001117  0.001517  0.001823  0.002097  0.002350  0.002582
  0.002796  0.003005  0.003219  0.003436  0.003656  0.003880  0.004109  0.004341
  0.004576  0.004816  0.005057  0.005300  0.005545  0.005793  0.006043  0.006292
  0.006543  0.006794  0.007043  0.007291  0.007537  0.007778  0.008018  0.008253
  0.008483  0.008701  0.008904  0.009088  0.009249  0.009379  0.009478  0.009544
  0.009578  0.009581  0.009551  0.009494  0.009409  0.009293  0.009149  0.008977
  0.008778  0.008552  0.008301  0.008028  0.007737  0.007429  0.007108  0.006776
  0.006436  0.006089  0.005734  0.005376  0.005016  0.004653  0.004289  0.003926
  0.003566  0.003208  0.002855  0.002507  0.002166  0.001759  0.001180  0.000000
  0.000000  0.000000  0.000000  0.000000  0.000000  0.000000  0.000000  0.000000
  0.000000  0.000000  0.000000  0.000000  0.000000  0.000000  0.000000
  1.000000
  0.239201  0.239235  0.239272  0.239311  0.239351  0.239390  0.239429  0.239466
  0.239501  0.239534  0.239565  0.239594  0.239621  0.239646  0.239668  0.239689
  0.239708  0.239725  0.239740  0.239754  0.239767  0.239778  0.239789  0.239798
  0.239806  0.239814  0.239821  0.239833  0.239847  0.239862  0.239878  0.239895
  0.239913  0.239933  0.239953  0.239975  0.239998  0.240022  0.240049  0.240076
  0.240106  0.240137  0.240171  0.240206  0.240244  0.240283  0.240326  0.240371
  0.240419  0.240470  0.240524  0.240581  0.240643  0.240709  0.240779  0.240856
  0.240940  0.241029  0.241125  0.241227  0.241334  0.241445  0.241557  0.241670
  0.241783  0.241896  0.242008  0.242119  0.242229  0.242339  0.242448  0.242556
  0.242664  0.242769  0.242873  0.242973  0.243069  0.243161  0.243250  0.243333
  0.243412  0.243487  0.243557  0.243624  0.243686  0.243745  0.243800  0.243852
  0.243900  0.243945  0.243986  0.244025  0.244060  0.244093  0.244123  0.244151
  0.244173  0.244194  0.244216  0.244239  0.244263  0.244290  0.244318  0.244348
  0.244381  0.244417  0.244456  0.244499  0.244545  0.244595  0.244655
  BLADE ROW NUMBER =        2                                           
  111   21   91   31    0    0    1    1    1    1    0    0    0    0    0    0
    9000.0 2011671.1 2011671.1 1226359.4 1226359.4   0.00000    9000.0
  1.000000
  0.022496  0.023652  0.024689  0.025620  0.026457  0.027209  0.027883  0.028487
  0.029028  0.029514  0.029949  0.030339  0.030689  0.031003  0.031284  0.031536
  0.031762  0.031964  0.032146  0.032309  0.032455  0.032601  0.032753  0.032913
  0.033080  0.033256  0.033441  0.033635  0.033840  0.034056  0.034283  0.034522
  0.034774  0.035039  0.035318  0.035611  0.035919  0.036242  0.036580  0.036936
  0.037309  0.037701  0.038113  0.038545  0.038999  0.039476  0.039979  0.040509
  0.041068  0.041664  0.042304  0.042989  0.043719  0.044492  0.045305  0.046153
  0.047023  0.047902  0.048783  0.049664  0.050542  0.051414  0.052279  0.053144
  0.054011  0.054881  0.055752  0.056624  0.057492  0.058357  0.059209  0.060044
  0.060859  0.061654  0.062426  0.063174  0.063899  0.064602  0.065285  0.065947
  0.066588  0.067208  0.067808  0.068388  0.068946  0.069484  0.070001  0.070498
  0.070973  0.071428  0.071862  0.072300  0.072772  0.073282  0.073833  0.074428
  0.075070  0.075764  0.076513  0.077321  0.078195  0.079137  0.080155  0.081255
  0.082442  0.083723  0.085107  0.086602  0.088216  0.089958  0.091839
  1.000000
 -0.011201 -0.010612 -0.010086 -0.009615 -0.009193 -0.008816 -0.008478 -0.008174
 -0.007902 -0.007659 -0.007440 -0.007244 -0.007069 -0.006912 -0.006770 -0.006644
 -0.006531 -0.006429 -0.006338 -0.006256 -0.006183 -0.005365 -0.005107 -0.004871
 -0.004640 -0.004411 -0.004183 -0.003953 -0.003722 -0.003490 -0.003255 -0.003019
 -0.002781 -0.002541 -0.002299 -0.002055 -0.001812 -0.001570 -0.001330 -0.001091
 -0.000852 -0.000619 -0.000392 -0.000170  0.000047  0.000252  0.000446  0.000631
  0.000795  0.000946  0.001073  0.001176  0.001243  0.001273  0.001252  0.001183
  0.001054  0.000874  0.000634  0.000345  0.000000 -0.000393 -0.000831 -0.001322
 -0.001863 -0.002453 -0.003092 -0.003782 -0.004519 -0.005298 -0.006112 -0.006954
 -0.007817 -0.008698 -0.009591 -0.010493 -0.011396 -0.012303 -0.013212 -0.014119
 -0.015023 -0.015923 -0.016813 -0.017692 -0.018558 -0.019410 -0.020244 -0.021060
 -0.021855 -0.022627 -0.023627 -0.024222 -0.024865 -0.025559 -0.026308 -0.027117
 -0.027990 -0.028932 -0.029950 -0.031048 -0.032234 -0.033514 -0.034896 -0.036389
 -0.038000 -0.039741 -0.041620 -0.043649 -0.045840 -0.048207 -0.050764
  1.000000
  0.000000  0.000000  0.000000  0.000000  0.000000  0.000000  0.000000  0.000000
  0.000000  0.000000  0.000000  0.000000  0.000000  0.000000  0.000000  0.000000
  0.000000  0.000000  0.000000  0.000000  0.000000  0.001683  0.002247  0.002692
  0.003097  0.003481  0.003848  0.004196  0.004520  0.004813  0.005092  0.005370
  0.005646  0.005922  0.006199  0.006476  0.006749  0.007021  0.007290  0.007557
  0.007824  0.008085  0.008342  0.008594  0.008843  0.009083  0.009315  0.009544
  0.009757  0.009965  0.010160  0.010343  0.010505  0.010648  0.010760  0.010845
  0.010892  0.010908  0.010886  0.010835  0.010749  0.010633  0.010494  0.010323
  0.010124  0.009901  0.009652  0.009375  0.009076  0.008754  0.008415  0.008061
  0.007696  0.007322  0.006940  0.006553  0.006166  0.005778  0.005387  0.004997
  0.004609  0.004221  0.003839  0.003462  0.003090  0.002725  0.002368  0.002019
  0.001679  0.001229  0.000000  0.000000  0.000000  0.000000  0.000000  0.000000
  0.000000  0.000000  0.000000  0.000000  0.000000  0.000000  0.000000  0.000000
  0.000000  0.000000  0.000000  0.000000  0.000000  0.000000  0.000000
  1.000000
  0.207973  0.207826  0.207707  0.207611  0.207546  0.207495  0.207449  0.207408
  0.207371  0.207337  0.207306  0.207279  0.207254  0.207232  0.207212  0.207193
  0.207177  0.207162  0.207149  0.207137  0.207126  0.207113  0.207099  0.207084
  0.207068  0.207051  0.207033  0.207014  0.206993  0.206971  0.206947  0.206921
  0.206893  0.206863  0.206831  0.206797  0.206760  0.206720  0.206677  0.206631
  0.206582  0.206529  0.206473  0.206412  0.206346  0.206275  0.206199  0.206117
  0.206028  0.205932  0.205826  0.205709  0.205583  0.205445  0.205298  0.205141
  0.204977  0.204809  0.204637  0.204463  0.204288  0.204113  0.203937  0.203761
  0.203583  0.203405  0.203226  0.203047  0.202870  0.202694  0.202521  0.202353
  0.202191  0.202034  0.201883  0.201739  0.201602  0.201470  0.201344  0.201224
  0.201110  0.201001  0.200898  0.200801  0.200708  0.200621  0.200540  0.200463
  0.200391  0.200323  0.200260  0.200225  0.200187  0.200148  0.200106  0.200063
  0.200017  0.199970  0.199920  0.199869  0.199816  0.199762  0.199706  0.199650
  0.199594  0.199538  0.199483  0.199430  0.199379  0.199332  0.199290
  1.000000
  0.023725  0.024828  0.025817  0.026703  0.027498  0.028211  0.028850  0.029422
  0.029936  0.030396  0.030809  0.031179  0.031511  0.031808  0.032075  0.032314
  0.032529  0.032721  0.032893  0.033048  0.033186  0.033325  0.033469  0.033621
  0.033780  0.033948  0.034123  0.034309  0.034504  0.034709  0.034925  0.035153
  0.035393  0.035646  0.035912  0.036191  0.036485  0.036793  0.037116  0.037455
  0.037812  0.038186  0.038580  0.038993  0.039428  0.039885  0.040366  0.040874
  0.041410  0.041980  0.042594  0.043252  0.043953  0.044695  0.045476  0.046292
  0.047129  0.047974  0.048822  0.049671  0.050516  0.051356  0.052190  0.053023
  0.053859  0.054697  0.055537  0.056377  0.057214  0.058047  0.058868  0.059673
  0.060458  0.061224  0.061967  0.062688  0.063385  0.064061  0.064718  0.065354
  0.065970  0.066567  0.067143  0.067699  0.068235  0.068751  0.069246  0.069722
  0.070178  0.070614  0.071029  0.071445  0.071893  0.072377  0.072900  0.073465
  0.074074  0.074732  0.075442  0.076208  0.077036  0.077929  0.078894  0.079935
  0.081059  0.082272  0.083582  0.084997  0.086523  0.088171  0.089951
  1.000000
 -0.005521 -0.005221 -0.004951 -0.004710 -0.004493 -0.004299 -0.004125 -0.003969
 -0.003829 -0.003704 -0.003591 -0.003490 -0.003400 -0.003319 -0.003246 -0.003181
 -0.003123 -0.003070 -0.003023 -0.002981 -0.002944 -0.002023 -0.001749 -0.001545
 -0.001353 -0.001164 -0.000978 -0.000793 -0.000610 -0.000427 -0.000245 -0.000062
  0.000121  0.000302  0.000481  0.000658  0.000833  0.001007  0.001174  0.001336
  0.001494  0.001645  0.001786  0.001919  0.002043  0.002151  0.002246  0.002324
  0.002381  0.002418  0.002425  0.002402  0.002338  0.002229  0.002072  0.001858
  0.001591  0.001267  0.000895  0.000472  0.000000 -0.000516 -0.001072 -0.001675
 -0.002327 -0.003026 -0.003771 -0.004561 -0.005394 -0.006266 -0.007168 -0.008092
 -0.009036 -0.009990 -0.010951 -0.011914 -0.012876 -0.013840 -0.014800 -0.015755
 -0.016703 -0.017642 -0.018571 -0.019485 -0.020384 -0.021265 -0.022127 -0.022967
 -0.023785 -0.024578 -0.025601 -0.026210 -0.026867 -0.027577 -0.028343 -0.029170
 -0.030063 -0.031028 -0.032068 -0.033192 -0.034405 -0.035714 -0.037128 -0.038654
 -0.040301 -0.042080 -0.044000 -0.046073 -0.048311 -0.050727 -0.053335
  1.000000
  0.000000  0.000000  0.000000  0.000000  0.000000  0.000000  0.000000  0.000000
  0.000000  0.000000  0.000000  0.000000  0.000000  0.000000  0.000000  0.000000
  0.000000  0.000000  0.000000  0.000000  0.000000  0.001857  0.002421  0.002862
  0.003268  0.003648  0.003992  0.004297  0.004582  0.004863  0.005144  0.005426
  0.005706  0.005986  0.006264  0.006542  0.006819  0.007095  0.007368  0.007637
  0.007905  0.008171  0.008430  0.008685  0.008936  0.009178  0.009415  0.009644
  0.009860  0.010071  0.010267  0.010453  0.010617  0.010758  0.010875  0.010957
  0.011009  0.011021  0.011003  0.010949  0.010862  0.010746  0.010604  0.010433
  0.010233  0.010006  0.009752  0.009474  0.009171  0.008847  0.008504  0.008145
  0.007774  0.007396  0.007012  0.006623  0.006231  0.005836  0.005442  0.005048
  0.004655  0.004265  0.003878  0.003496  0.003121  0.002752  0.002390  0.002038
  0.001694  0.001230  0.000000  0.000000  0.000000  0.000000  0.000000  0.000000
  0.000000  0.000000  0.000000  0.000000  0.000000  0.000000  0.000000  0.000000
  0.000000  0.000000  0.000000  0.000000  0.000000  0.000000  0.000000
  1.000000
  0.225876  0.225875  0.225875  0.225874  0.225871  0.225870  0.225869  0.225868
  0.225868  0.225868  0.225869  0.225869  0.225870  0.225871  0.225872  0.225872
  0.225873  0.225874  0.225874  0.225875  0.225875  0.225875  0.225876  0.225876
  0.225876  0.225876  0.225876  0.225877  0.225877  0.225877  0.225877  0.225877
  0.225878  0.225878  0.225878  0.225878  0.225878  0.225878  0.225879  0.225879
  0.225879  0.225879  0.225879  0.225879  0.225878  0.225878  0.225878  0.225878
  0.225877  0.225877  0.225876  0.225875  0.225874  0.225873  0.225872  0.225871
  0.225869  0.225867  0.225866  0.225864  0.225862  0.225860  0.225858  0.225856
  0.225854  0.225852  0.225850  0.225848  0.225846  0.225844  0.225842  0.225840
  0.225838  0.225836  0.225834  0.225833  0.225831  0.225830  0.225829  0.225828
  0.225826  0.225825  0.225825  0.225824  0.225823  0.225822  0.225822  0.225821
  0.225821  0.225820  0.225820  0.225821  0.225822  0.225823  0.225824  0.225826
  0.225827  0.225829  0.225830  0.225832  0.225834  0.225836  0.225839  0.225841
  0.225844  0.225847  0.225850  0.225853  0.225856  0.225859  0.225863
  1.000000
  0.024680  0.025748  0.026707  0.027568  0.028342  0.029035  0.029657  0.030214
  0.030714  0.031162  0.031563  0.031923  0.032246  0.032535  0.032794  0.033027
  0.033235  0.033422  0.033589  0.033739  0.033874  0.034008  0.034149  0.034296
  0.034450  0.034612  0.034783  0.034962  0.035151  0.035350  0.035559  0.035779
  0.036012  0.036256  0.036513  0.036783  0.037067  0.037364  0.037677  0.038004
  0.038348  0.038709  0.039088  0.039486  0.039905  0.040345  0.040808  0.041296
  0.041811  0.042360  0.042949  0.043580  0.044253  0.044964  0.045713  0.046494
  0.047295  0.048104  0.048915  0.049726  0.050534  0.051337  0.052133  0.052929
  0.053728  0.054528  0.055330  0.056132  0.056931  0.057727  0.058511  0.059279
  0.060029  0.060761  0.061471  0.062160  0.062826  0.063474  0.064102  0.064711
  0.065301  0.065872  0.066424  0.066957  0.067471  0.067966  0.068442  0.068898
  0.069336  0.069755  0.070154  0.070558  0.070993  0.071464  0.071971  0.072520
  0.073112  0.073751  0.074442  0.075188  0.075993  0.076862  0.077801  0.078815
  0.079910  0.081092  0.082369  0.083747  0.085236  0.086843  0.088579
  1.000000
 -0.001036 -0.000965 -0.000901 -0.000844 -0.000793 -0.000747 -0.000706 -0.000669
 -0.000636 -0.000606 -0.000579 -0.000555 -0.000534 -0.000515 -0.000498 -0.000482
 -0.000468 -0.000456 -0.000445 -0.000435 -0.000426  0.000426  0.000824  0.001097
  0.001299  0.001465  0.001625  0.001781  0.001934  0.002086  0.002234  0.002379
  0.002521  0.002661  0.002797  0.002929  0.003055  0.003175  0.003290  0.003396
  0.003493  0.003581  0.003660  0.003723  0.003772  0.003806  0.003822  0.003816
  0.003788  0.003730  0.003638  0.003510  0.003335  0.003109  0.002831  0.002490
  0.002093  0.001642  0.001145  0.000595  0.000000 -0.000637 -0.001315 -0.002037
 -0.002805 -0.003620 -0.004480 -0.005384 -0.006328 -0.007312 -0.008323 -0.009351
 -0.010393 -0.011444 -0.012498 -0.013553 -0.014601 -0.015645 -0.016683 -0.017716
 -0.018737 -0.019745 -0.020739 -0.021718 -0.022677 -0.023615 -0.024532 -0.025424
 -0.026291 -0.027131 -0.028212 -0.028854 -0.029547 -0.030295 -0.031102 -0.031974
 -0.032914 -0.033930 -0.035027 -0.036210 -0.037488 -0.038867 -0.040356 -0.041963
 -0.043698 -0.045570 -0.047591 -0.049772 -0.052126 -0.054666 -0.057407
  1.000000
  0.000000  0.000000  0.000000  0.000000  0.000000  0.000000  0.000000  0.000000
  0.000000  0.000000  0.000000  0.000000  0.000000  0.000000  0.000000  0.000000
  0.000000  0.000000  0.000000  0.000000  0.000000  0.001685  0.002463  0.003042
  0.003480  0.003820  0.004130  0.004435  0.004737  0.005037  0.005335  0.005631
  0.005928  0.006223  0.006519  0.006814  0.007106  0.007395  0.007685  0.007970
  0.008252  0.008530  0.008807  0.009075  0.009338  0.009595  0.009845  0.010085
  0.010316  0.010536  0.010745  0.010940  0.011114  0.011264  0.011388  0.011476
  0.011528  0.011544  0.011526  0.011470  0.011380  0.011260  0.011110  0.010930
  0.010722  0.010485  0.010220  0.009929  0.009612  0.009270  0.008910  0.008536
  0.008149  0.007752  0.007349  0.006940  0.006530  0.006117  0.005704  0.005289
  0.004877  0.004468  0.004063  0.003662  0.003268  0.002882  0.002503  0.002133
  0.001772  0.001275  0.000000  0.000000  0.000000  0.000000  0.000000  0.000000
  0.000000  0.000000  0.000000  0.000000  0.000000  0.000000  0.000000  0.000000
  0.000000  0.000000  0.000000  0.000000  0.000000  0.000000  0.000000
  1.000000
  0.243909  0.244026  0.244119  0.244186  0.244235  0.244280  0.244321  0.244358
  0.244393  0.244425  0.244454  0.244481  0.244506  0.244528  0.244548  0.244566
  0.244583  0.244598  0.244612  0.244624  0.244637  0.244650  0.244664  0.244679
  0.244695  0.244712  0.244730  0.244749  0.244770  0.244792  0.244816  0.244842
  0.244869  0.244899  0.244931  0.244965  0.245002  0.245041  0.245083  0.245128
  0.245177  0.245229  0.245285  0.245345  0.245409  0.245478  0.245553  0.245634
  0.245720  0.245815  0.245919  0.246033  0.246156  0.246290  0.246434  0.246587
  0.246748  0.246912  0.247079  0.247249  0.247420  0.247591  0.247762  0.247934
  0.248108  0.248282  0.248458  0.248632  0.248807  0.248979  0.249149  0.249314
  0.249474  0.249628  0.249777  0.249920  0.250056  0.250186  0.250311  0.250431
  0.250545  0.250653  0.250756  0.250854  0.250947  0.251034  0.251117  0.251195
  0.251268  0.251337  0.251392  0.251427  0.251464  0.251503  0.251544  0.251587
  0.251632  0.251680  0.251729  0.251780  0.251833  0.251888  0.251943  0.252000
  0.252057  0.252115  0.252172  0.252228  0.252281  0.252333  0.252380
    -10.00   1.00000   0.40000   0.00500   0.00500   2.00000
 10.000000  0.000000  0.400000  0.200000  0.100000  0.000000  0.000150  0.500000
 3143073.5 3143073.5 1226359.4 1226359.4
 3786000.0 3786000.0 3786000.0 3786000.0 3786000.0 3785999.8 3786000.0 3786000.2
 3785999.8 3786000.0 3786000.2 3786000.0 3786000.2 3786000.0 3786000.0 3786000.0
 3786000.0 3786000.0 3786000.0 3786000.0 3786000.0 3786000.0 3786000.0 3786000.0
 3786000.0 3786000.0 3786000.0 3786000.0 3786000.0 3786000.0 3786000.0 3786000.0
 3786000.0 3786000.0 3786000.0 3786000.0 3786000.0
     332.8     332.8     332.8     332.8     332.8     332.8     332.8     332.8
     332.8     332.8     332.8     332.8     332.8     332.8     332.8     332.8
     332.8     332.8     332.8     332.8     332.8     332.8     332.8     332.8
     332.8     332.8     332.8     332.8     332.8     332.8     332.8     332.8
     332.8     332.8     332.8     332.8     332.8
  0.000000  0.000000  0.000000  0.000000  0.000000  0.000000  0.000000  0.000000
  0.000000  0.000000  0.000000  0.000000  0.000000  0.000000  0.000000  0.000000
  0.000000  0.000000  0.000000  0.000000  0.000000  0.000000  0.000000  0.000000
  0.000000  0.000000  0.000000  0.000000  0.000000  0.000000  0.000000  0.000000
  0.000000  0.000000  0.000000  0.000000  0.000000
180.942764180.942780180.942780180.942764180.942749180.942764180.942764180.942764
180.942749180.942749180.942764180.942764180.942764180.942764180.942764180.942764
180.942764180.942764180.942764180.942764180.942764180.942764180.942764180.942764
180.942764180.942764180.942764180.942764180.942749180.942764180.942764180.942764
180.942764180.942764180.942764180.942764180.942764
-13.240530-13.240531-13.240530-13.240530-13.240530-13.240530-13.240530-13.240530
-13.240529-13.240530-13.240530-13.240530-13.240530-13.240530-13.240530-13.240530
-13.240530-13.240530-13.240530-13.240530-13.240530-13.240530-13.240530-13.240530
-13.240530-13.240530-13.240530-13.240530-13.240530-13.240530-13.240530-13.240530
-13.240530-13.240530-13.240530-13.240530-13.240530
 -0.304901 -0.303112 -0.300876 -0.298082 -0.294588 -0.290221 -0.284762 -0.277938
 -0.269409 -0.258747 -0.245420 -0.228761 -0.207937 -0.181908 -0.149370 -0.113595
 -0.077820 -0.042045 -0.006270  0.029505  0.065280  0.101055  0.136830  0.169367
  0.195396  0.216220  0.232879  0.246206  0.256868  0.265398  0.272221  0.277680
  0.282047  0.285541  0.288336  0.290572  0.292360
  1.000000  1.250000  1.562500  1.953125  2.441406  3.051758  3.814697  4.768372
  5.960464  7.450581  9.313226 11.641532 14.551915 18.189894 20.000000 20.000000
 20.000000 20.000000 20.000000 20.000000 20.000000 20.000000 18.189894 14.551915
 11.641532  9.313226  7.450581  5.960464  4.768372  3.814697  3.051758  2.441406
  1.953125  1.562500  1.250000  1.000000
  1.000000  1.250000  1.562500  1.953125  2.441406  3.051758  3.814697  4.768372
  5.960464  7.450581  9.313226 11.641532 14.551915 18.189894 20.000000 20.000000
 20.000000 20.000000 20.000000 20.000000 20.000000 20.000000 18.189894 14.551915
 11.641532  9.313226  7.450581  5.960464  4.768372  3.814697  3.051758  2.441406
  1.953125  1.562500  1.250000  1.000000
1000010000100001000010000
 0 0 0 0 0 0 0 0 0 0 0 0 0 0 0 0 0 0 0 0
 0 0 0 0 0 0 0 0 0 0 0 0 0 0 0 0 0 0 0 0 0 0 0 0 0 0 0 0 0 0 0 0 0 0 0 0 0
       0.0     0.500     0.000     0.800    3000.0     1.000     0.000
  0.025000  0.800000  1.000000  0.800000
  0.020000  0.030000  0.040000  0.050000  1.000000  0.500000
  0.020000  0.030000  0.040000  0.050000  1.000000  0.500000
   2.00000 1000
   1   1
  7.500000 25.000000
