  BLADE PROFILES IN CARTESIAN COORDINATES (2D) BEFORE   PROJECTION, SCALING, MESHING AND STACKING 
  VARIABLES = "X", "YSS", "YPS" 
  BLADE           1  SECTION           1
    0.000000   -0.000432   -0.000432
    0.000062    0.002652   -0.002077
    0.000249    0.005171   -0.004188
    0.000561    0.007817   -0.006214
    0.000997    0.010604   -0.008414
    0.001557    0.013400   -0.010637
    0.002241    0.016161   -0.012889
    0.003050    0.018924   -0.015195
    0.003982    0.021680   -0.017576
    0.005038    0.024410   -0.020017
    0.006218    0.027059   -0.022492
    0.007520    0.029593   -0.024968
    0.008945    0.031986   -0.027424
    0.010493    0.034216   -0.029844
    0.012162    0.036281   -0.032190
    0.013954    0.038204   -0.034432
    0.015866    0.040057   -0.036543
    0.017899    0.041942   -0.038507
    0.020052    0.043899   -0.040325
    0.022325    0.045931   -0.042024
    0.024716    0.048035   -0.043671
    0.027226    0.050209   -0.045336
    0.029854    0.052452   -0.047033
    0.032600    0.054759   -0.048757
    0.035461    0.057115   -0.050507
    0.038439    0.059550   -0.052298
    0.041531    0.062045   -0.054084
    0.044738    0.064600   -0.055881
    0.048058    0.067212   -0.057688
    0.051491    0.069880   -0.059500
    0.055036    0.072602   -0.061315
    0.058691    0.075376   -0.063129
    0.062456    0.078202   -0.064938
    0.066331    0.081077   -0.066738
    0.070314    0.084001   -0.068527
    0.074403    0.086971   -0.070300
    0.078599    0.089985   -0.072054
    0.082900    0.093027   -0.073785
    0.087305    0.096126   -0.075490
    0.091812    0.099267   -0.077169
    0.096421    0.102448   -0.078843
    0.101131    0.105667   -0.080444
    0.105941    0.108924   -0.082002
    0.110848    0.112218   -0.083516
    0.115853    0.115546   -0.084982
    0.120953    0.118908   -0.086397
    0.126148    0.122286   -0.087759
    0.131435    0.125710   -0.089062
    0.136815    0.129165   -0.090305
    0.142285    0.132650   -0.091483
    0.147845    0.136163   -0.092598
    0.153492    0.139704   -0.093678
    0.159225    0.143272   -0.094635
    0.165044    0.146863   -0.095514
    0.170946    0.150465   -0.096313
    0.176930    0.154104   -0.097029
    0.182994    0.157766   -0.097659
    0.189138    0.161450   -0.098200
    0.195358    0.165154   -0.098649
    0.201655    0.168879   -0.099012
    0.208026    0.172622   -0.099314
    0.214470    0.176371   -0.099466
    0.220986    0.180149   -0.099509
    0.227570    0.183945   -0.099447
    0.234223    0.187756   -0.099278
    0.240941    0.191583   -0.098999
    0.247725    0.195425   -0.098609
    0.254571    0.199280   -0.098105
    0.261478    0.203145   -0.097497
    0.268445    0.207015   -0.096804
    0.275470    0.210907   -0.095947
    0.282550    0.214809   -0.094954
    0.289685    0.218722   -0.093838
    0.296872    0.222645   -0.092596
    0.304110    0.226576   -0.091229
    0.311396    0.230515   -0.089733
    0.318730    0.234454   -0.088109
    0.326109    0.238408   -0.086354
    0.333531    0.242369   -0.084481
    0.340994    0.246336   -0.082510
    0.348497    0.250308   -0.080358
    0.356038    0.254285   -0.078065
    0.363615    0.258266   -0.075631
    0.371226    0.262251   -0.073063
    0.378869    0.266239   -0.070358
    0.386542    0.270228   -0.067518
    0.394243    0.274214   -0.064542
    0.401971    0.278207   -0.061429
    0.409723    0.282201   -0.058180
    0.417498    0.286195   -0.054795
    0.425293    0.290189   -0.051274
    0.433107    0.294182   -0.047629
    0.440937    0.298173   -0.043889
    0.448783    0.302163   -0.039963
    0.456641    0.306150   -0.035903
    0.464509    0.310133   -0.031703
    0.472387    0.314113   -0.027371
    0.480272    0.318088   -0.022908
    0.488161    0.322059   -0.018316
    0.496053    0.326024   -0.013596
    0.503947    0.329982   -0.008749
    0.511839    0.333932   -0.003778
    0.519729    0.337877    0.001317
    0.527613    0.341815    0.006533
    0.535491    0.345744    0.011869
    0.543360    0.349664    0.017322
    0.551217    0.353574    0.022891
    0.559063    0.357475    0.028573
    0.566893    0.361364    0.034366
    0.574707    0.365242    0.040267
    0.582502    0.369108    0.046273
    0.590277    0.372961    0.052383
    0.598029    0.376801    0.058593
    0.605757    0.380627    0.064900
    0.613458    0.384438    0.071302
    0.621131    0.388234    0.077795
    0.628774    0.392014    0.084376
    0.636385    0.395777    0.091041
    0.643962    0.399523    0.097788
    0.651503    0.403251    0.104613
    0.659006    0.406960    0.111513
    0.666469    0.410650    0.118483
    0.673891    0.414320    0.125520
    0.681270    0.417969    0.132621
    0.688604    0.421596    0.139780
    0.695890    0.425200    0.146996
    0.703128    0.428782    0.154263
    0.710315    0.432340    0.161577
    0.717450    0.435874    0.168935
    0.724530    0.439383    0.176332
    0.731555    0.442865    0.183764
    0.738522    0.446321    0.191226
    0.745429    0.449749    0.198715
    0.752275    0.453149    0.206230
    0.759059    0.456520    0.213762
    0.765777    0.459861    0.221308
    0.772430    0.463172    0.228863
    0.779015    0.466451    0.236421
    0.785530    0.469698    0.243979
    0.791974    0.472912    0.251548
    0.798345    0.476093    0.259113
    0.804642    0.479239    0.266642
    0.810863    0.482350    0.274152
    0.817006    0.485425    0.281638
    0.823070    0.488462    0.289097
    0.829054    0.491462    0.296523
    0.834956    0.494424    0.303912
    0.840775    0.497346    0.311259
    0.846508    0.500229    0.318561
    0.852155    0.503071    0.325815
    0.857715    0.505872    0.333013
    0.863185    0.508630    0.340151
    0.868565    0.511346    0.347224
    0.873852    0.514018    0.354228
    0.879047    0.516645    0.361157
    0.884147    0.519227    0.368022
    0.889152    0.521763    0.374801
    0.894059    0.524252    0.381483
    0.898869    0.526693    0.388073
    0.903579    0.529087    0.394568
    0.908188    0.531432    0.400963
    0.912695    0.533727    0.407256
    0.917100    0.535971    0.413442
    0.921401    0.538165    0.419516
    0.925597    0.540307    0.425474
    0.929686    0.542396    0.431312
    0.933669    0.544433    0.437026
    0.937544    0.546417    0.442613
    0.941309    0.548346    0.448068
    0.944965    0.550221    0.453389
    0.948509    0.552040    0.458571
    0.951942    0.553803    0.463612
    0.955262    0.555510    0.468508
    0.958469    0.557159    0.473255
    0.961561    0.558751    0.477851
    0.964539    0.560285    0.482292
    0.967400    0.561760    0.486576
    0.970146    0.562909    0.490699
    0.972774    0.563502    0.494659
    0.975284    0.563729    0.498453
    0.977675    0.563697    0.502079
    0.979948    0.563467    0.505534
    0.982101    0.563074    0.508816
    0.984134    0.562541    0.511922
    0.986046    0.561883    0.514851
    0.987838    0.561110    0.517598
    0.989507    0.560227    0.520166
    0.991055    0.559241    0.522551
    0.992480    0.558181    0.524750
    0.993782    0.556993    0.526763
    0.994962    0.555704    0.528589
    0.996018    0.554346    0.530225
    0.996950    0.552887    0.531672
    0.997759    0.551355    0.532981
    0.998443    0.549761    0.534166
    0.999003    0.548120    0.535541
    0.999439    0.546450    0.536880
    0.999751    0.544794    0.538393
    0.999938    0.543201    0.540158
    1.000000    0.540915    0.540915
  BLADE PROFILES IN CARTESIAN COORDINATES (3D) 
  VARIABLES = "X", "YSS", "YPS" "R" 
  BLADE           1  SECTION           1
  -24.982693  -17.708345  -17.708345 1147.846924
  -22.110790  -17.490316  -17.490316 1147.845581
  -19.550196  -17.295919  -17.295919 1147.844116
  -17.267159  -17.122591  -17.122591 1147.842651
  -15.231591  -16.968048  -16.968048 1147.841187
  -13.416678  -16.830256  -16.830256 1147.839844
  -11.798492  -16.707397  -16.707397 1147.838135
  -10.355712  -16.597855  -16.597855 1147.836792
   -9.069330  -16.500189  -16.500189 1147.835449
   -7.922380  -16.413107  -16.413107 1147.834229
   -6.899759  -16.335461  -16.335461 1147.833252
   -5.987987  -16.266233  -16.266233 1147.832031
   -5.175048  -16.204508  -16.204508 1147.831055
   -4.450226  -16.149477  -16.149477 1147.830078
   -3.803978  -16.100407  -16.100407 1147.829346
   -3.227778  -16.056658  -16.056658 1147.828735
   -2.714034  -16.017649  -16.017649 1147.827881
   -2.255980  -15.982868  -15.982868 1147.827271
   -1.847577  -15.951860  -15.951860 1147.826782
   -1.483446  -15.924213  -15.924213 1147.826294
   -1.158783  -15.899559  -15.899559 1147.825684
   -0.869314  -15.877581  -15.877581 1147.825317
   -0.611222  -15.857984  -15.857984 1147.824829
   -0.381104  -15.840510  -15.840510 1147.824585
   -0.175934  -15.824934  -15.824934 1147.824463
    0.007000  -15.811043  -15.811043 1147.824097
    0.189933  -14.856707  -16.733637 1147.823486
    0.381200  -14.418841  -17.139755 1147.823120
    0.581579  -14.120920  -17.458487 1147.822632
    0.791830  -13.900480  -17.712811 1147.822021
    1.012720  -13.697605  -17.913063 1147.821411
    1.245028  -13.491713  -18.079355 1147.820679
    1.489514  -13.281455  -18.239388 1147.820312
    1.746946  -13.066789  -18.399483 1147.819580
    2.018098  -12.845775  -18.561012 1147.819092
    2.303734  -12.618164  -18.721111 1147.817993
    2.604624  -12.383631  -18.881132 1147.817383
    2.921536  -12.141740  -19.040752 1147.816406
    3.255243  -11.892104  -19.199570 1147.815430
    3.606504  -11.634360  -19.357065 1147.814331
    3.975922  -11.368540  -19.512560 1147.813354
    4.363577  -11.095238  -19.665104 1147.812134
    4.770385  -10.812775  -19.815420 1147.810913
    5.197348  -10.521354  -19.959768 1147.809692
    5.645596  -10.220479  -20.098118 1147.808472
    6.116362   -9.909863  -20.230011 1147.807129
    6.611006   -9.589244  -20.354271 1147.805298
    7.130711   -9.257055  -20.469509 1147.803955
    7.676466   -8.913553  -20.576294 1147.802368
    8.250106   -8.558031  -20.667570 1147.800415
    8.853668   -8.190279  -20.744505 1147.798462
    9.489437   -7.807868  -20.804918 1147.796387
   10.159904   -7.410329  -20.847151 1147.794434
   10.867785   -6.997388  -20.867434 1147.792114
   11.621665   -6.563022  -20.859285 1147.789673
   12.432389   -6.102357  -20.820023 1147.786865
   13.300884   -5.616177  -20.745668 1147.783936
   14.226444   -5.104789  -20.625551 1147.780640
   15.206870   -4.570003  -20.453922 1147.777344
   16.238361   -4.015043  -20.226822 1147.773682
   17.315592   -3.441919  -19.942768 1147.769897
   18.421076   -2.860292  -19.593891 1147.765869
   19.537170   -2.279339  -19.188154 1147.762085
   20.657822   -1.701208  -18.727623 1147.758179
   21.778151   -1.127761  -18.215988 1147.753784
   22.894402   -0.560431  -17.654663 1147.750244
   24.003853    0.000000  -17.043213 1147.746582
   25.104961    0.553281  -16.386827 1147.742188
   26.205189    1.103597  -15.682103 1147.738159
   27.309462    1.654080  -14.926042 1147.734131
   28.416910    2.204515  -14.119124 1147.730469
   29.526062    2.754559  -13.262431 1147.726440
   30.634947    3.303560  -12.357759 1147.722778
   31.740986    3.850592  -11.407722 1147.719116
   32.841049    4.394424  -10.415887 1147.715576
   33.925354    4.930508   -9.392758 1147.711670
   34.987804    5.456055   -8.346699 1147.708008
   36.025517    5.969890   -7.283638 1147.704956
   37.036087    6.470986   -6.209257 1147.701660
   38.017803    6.958605   -5.128374 1147.698608
   38.969418    7.432216   -4.046087 1147.695923
   39.890270    7.891533   -2.964855 1147.692993
   40.783718    8.338246   -1.887598 1147.690552
   41.650669    8.772750   -0.814158 1147.688110
   42.491081    9.195173    0.253072 1147.685791
   43.305008    9.605415    1.311699 1147.683472
   44.092407   10.003455    2.359255 1147.681519
   44.853291   10.389236    3.393362 1147.679565
   45.587666   10.762689    4.410685 1147.677856
   46.295540   11.123697    5.410160 1147.676025
   46.976902   11.472263    6.389354 1147.674561
   47.631733   11.808318    7.346299 1147.672729
   48.260067   12.132385    8.279103 1147.671631
   48.861885   12.278767    9.186008 1147.670288
   49.437187   12.118657   10.065110 1147.669067
   49.985985   11.140049   11.139518 1147.667969
   50.534798   11.708274   11.708008 1147.667358
   51.114929   12.309230   12.309230 1147.666870
   51.728207   12.944502   12.944502 1147.666382
   52.376503   13.616061   13.616061 1147.665527
   53.061832   14.325967   14.325967 1147.664307
   53.786282   15.076416   15.076416 1147.663208
   54.552124   15.869720   15.869720 1147.661743
   55.361702   16.708336   16.708336 1147.660156
   56.217518   17.594833   17.594833 1147.657959
   57.122208   18.531956   18.531956 1147.655518
   58.078560   19.522591   19.522591 1147.652344
   59.089550   20.569792   20.569792 1147.648926
   60.158257   21.676790   21.676790 1147.645142
   61.288006   22.847004   22.847004 1147.640381
   62.482273   24.084038   24.084038 1147.635010
  BLADE PROFILES IN CARTESIAN COORDINATES (2D) BEFORE   PROJECTION, SCALING, MESHING AND STACKING 
  VARIABLES = "X", "YSS", "YPS" 
  BLADE           1  SECTION           2
    0.000000   -0.000431   -0.000431
    0.000062    0.002652   -0.002077
    0.000249    0.005170   -0.004188
    0.000561    0.007816   -0.006214
    0.000997    0.010602   -0.008413
    0.001557    0.013399   -0.010636
    0.002241    0.016159   -0.012888
    0.003050    0.018922   -0.015194
    0.003982    0.021678   -0.017575
    0.005038    0.024407   -0.020016
    0.006218    0.027056   -0.022491
    0.007520    0.029590   -0.024966
    0.008945    0.031983   -0.027422
    0.010493    0.034213   -0.029842
    0.012162    0.036277   -0.032188
    0.013954    0.038201   -0.034429
    0.015866    0.040054   -0.036541
    0.017899    0.041939   -0.038505
    0.020052    0.043896   -0.040322
    0.022325    0.045927   -0.042021
    0.024716    0.048031   -0.043668
    0.027226    0.050205   -0.045333
    0.029854    0.052448   -0.047029
    0.032600    0.054754   -0.048753
    0.035461    0.057110   -0.050503
    0.038439    0.059545   -0.052295
    0.041531    0.062040   -0.054081
    0.044738    0.064594   -0.055878
    0.048058    0.067206   -0.057684
    0.051491    0.069873   -0.059496
    0.055036    0.072595   -0.061311
    0.058691    0.075369   -0.063125
    0.062456    0.078195   -0.064934
    0.066331    0.081070   -0.066734
    0.070314    0.083993   -0.068523
    0.074403    0.086962   -0.070296
    0.078599    0.089976   -0.072049
    0.082900    0.093018   -0.073781
    0.087305    0.096117   -0.075486
    0.091812    0.099257   -0.077165
    0.096421    0.102438   -0.078839
    0.101131    0.105657   -0.080440
    0.105941    0.108913   -0.081998
    0.110848    0.112206   -0.083512
    0.115853    0.115534   -0.084978
    0.120953    0.118895   -0.086394
    0.126148    0.122273   -0.087755
    0.131435    0.125697   -0.089058
    0.136815    0.129152   -0.090301
    0.142285    0.132636   -0.091480
    0.147845    0.136149   -0.092595
    0.153492    0.139689   -0.093675
    0.159225    0.143256   -0.094632
    0.165044    0.146846   -0.095511
    0.170946    0.150448   -0.096311
    0.176930    0.154086   -0.097027
    0.182994    0.157748   -0.097657
    0.189138    0.161431   -0.098198
    0.195358    0.165135   -0.098648
    0.201655    0.168859   -0.099012
    0.208026    0.172602   -0.099313
    0.214470    0.176350   -0.099466
    0.220986    0.180127   -0.099509
    0.227570    0.183922   -0.099448
    0.234223    0.187732   -0.099279
    0.240941    0.191559   -0.099001
    0.247725    0.195399   -0.098611
    0.254571    0.199254   -0.098108
    0.261478    0.203118   -0.097500
    0.268445    0.206988   -0.096808
    0.275470    0.210878   -0.095952
    0.282550    0.214779   -0.094960
    0.289685    0.218691   -0.093844
    0.296872    0.222613   -0.092603
    0.304110    0.226544   -0.091236
    0.311396    0.230482   -0.089741
    0.318730    0.234420   -0.088118
    0.326109    0.238373   -0.086364
    0.333531    0.242332   -0.084492
    0.340994    0.246298   -0.082522
    0.348497    0.250270   -0.080371
    0.356038    0.254246   -0.078078
    0.363615    0.258226   -0.075646
    0.371226    0.262210   -0.073078
    0.378869    0.266196   -0.070375
    0.386542    0.270184   -0.067536
    0.394243    0.274169   -0.064560
    0.401971    0.278161   -0.061449
    0.409723    0.282153   -0.058201
    0.417498    0.286146   -0.054817
    0.425293    0.290139   -0.051297
    0.433107    0.294131   -0.047654
    0.440937    0.298121   -0.043915
    0.448783    0.302109   -0.039990
    0.456641    0.306095   -0.035931
    0.464509    0.310077   -0.031733
    0.472387    0.314055   -0.027402
    0.480272    0.318029   -0.022941
    0.488161    0.321998   -0.018350
    0.496053    0.325962   -0.013632
    0.503947    0.329919   -0.008786
    0.511839    0.333869   -0.003816
    0.519729    0.337811    0.001277
    0.527613    0.341747    0.006491
    0.535491    0.345674    0.011826
    0.543360    0.349593    0.017278
    0.551217    0.353502    0.022845
    0.559063    0.357401    0.028525
    0.566893    0.361289    0.034316
    0.574707    0.365165    0.040215
    0.582502    0.369029    0.046220
    0.590277    0.372881    0.052328
    0.598029    0.376719    0.058536
    0.605757    0.380544    0.064842
    0.613458    0.384353    0.071241
    0.621131    0.388148    0.077732
    0.628774    0.391926    0.084311
    0.636385    0.395687    0.090975
    0.643962    0.399432    0.097720
    0.651503    0.403158    0.104544
    0.659006    0.406865    0.111441
    0.666469    0.410554    0.118409
    0.673891    0.414222    0.125444
    0.681270    0.417869    0.132543
    0.688604    0.421494    0.139701
    0.695890    0.425097    0.146914
    0.703128    0.428677    0.154179
    0.710315    0.432234    0.161491
    0.717450    0.435766    0.168847
    0.724530    0.439272    0.176242
    0.731555    0.442753    0.183672
    0.738522    0.446207    0.191132
    0.745429    0.449634    0.198619
    0.752275    0.453032    0.206132
    0.759059    0.456401    0.213663
    0.765777    0.459741    0.221206
    0.772430    0.463050    0.228759
    0.779015    0.466327    0.236315
    0.785530    0.469573    0.243871
    0.791974    0.472785    0.251438
    0.798345    0.475964    0.259001
    0.804642    0.479109    0.266528
    0.810863    0.482218    0.274036
    0.817006    0.485291    0.281520
    0.823070    0.488327    0.288977
    0.829054    0.491325    0.296401
    0.834956    0.494285    0.303788
    0.840775    0.497206    0.311133
    0.846508    0.500088    0.318434
    0.852155    0.502928    0.325686
    0.857715    0.505727    0.332882
    0.863185    0.508484    0.340017
    0.868565    0.511198    0.347088
    0.873852    0.513868    0.354090
    0.879047    0.516494    0.361019
    0.884147    0.519074    0.367882
    0.889152    0.521609    0.374659
    0.894059    0.524097    0.381338
    0.898869    0.526537    0.387927
    0.903579    0.528929    0.394420
    0.908188    0.531272    0.400814
    0.912695    0.533566    0.407105
    0.917100    0.535810    0.413290
    0.921401    0.538002    0.419362
    0.925597    0.540142    0.425319
    0.929686    0.542231    0.431155
    0.933669    0.544267    0.436867
    0.937544    0.546249    0.442453
    0.941309    0.548177    0.447907
    0.944965    0.550051    0.453226
    0.948509    0.551869    0.458407
    0.951942    0.553631    0.463446
    0.955262    0.555336    0.468341
    0.958469    0.556985    0.473087
    0.961561    0.558576    0.477682
    0.964539    0.560109    0.482122
    0.967400    0.561583    0.486404
    0.970146    0.562732    0.490526
    0.972774    0.563324    0.494485
    0.975284    0.563550    0.498279
    0.977675    0.563518    0.501904
    0.979948    0.563287    0.505358
    0.982101    0.562894    0.508639
    0.984134    0.562360    0.511744
    0.986046    0.561702    0.514672
    0.987838    0.560928    0.517419
    0.989507    0.560045    0.519986
    0.991055    0.559059    0.522370
    0.992480    0.557998    0.524569
    0.993782    0.556810    0.526581
    0.994962    0.555521    0.528407
    0.996018    0.554162    0.530043
    0.996950    0.552703    0.531489
    0.997759    0.551171    0.532797
    0.998443    0.549577    0.533983
    0.999003    0.547936    0.535357
    0.999439    0.546266    0.536695
    0.999751    0.544611    0.538209
    0.999938    0.543017    0.539974
    1.000000    0.540730    0.540730
  BLADE PROFILES IN CARTESIAN COORDINATES (3D) 
  VARIABLES = "X", "YSS", "YPS" "R" 
  BLADE           1  SECTION           2
  -25.003149  -17.711670  -17.711670 1148.055054
  -22.130056  -17.493612  -17.493612 1148.054932
  -19.568399  -17.299196  -17.299196 1148.054810
  -17.284414  -17.125849  -17.125849 1148.054932
  -15.248003  -16.971294  -16.971294 1148.054932
  -13.432334  -16.833490  -16.833490 1148.054932
  -11.813478  -16.710629  -16.710629 1148.055054
  -10.370101  -16.601084  -16.601084 1148.054810
   -9.083179  -16.503407  -16.503407 1148.054810
   -7.935754  -16.416325  -16.416325 1148.055054
   -6.912705  -16.338678  -16.338678 1148.054810
   -6.000554  -16.269449  -16.269449 1148.055054
   -5.187278  -16.207727  -16.207727 1148.054932
   -4.462154  -16.152693  -16.152693 1148.054932
   -3.815634  -16.103624  -16.103624 1148.054932
   -3.239198  -16.059875  -16.059875 1148.054810
   -2.725241  -16.020868  -16.020868 1148.054810
   -2.266994  -15.986089  -15.986089 1148.055054
   -1.858422  -15.955079  -15.955079 1148.054932
   -1.494137  -15.927430  -15.927430 1148.054810
   -1.169341  -15.902780  -15.902780 1148.055054
   -0.879751  -15.880801  -15.880801 1148.054932
   -0.621548  -15.861206  -15.861206 1148.054932
   -0.391336  -15.843732  -15.843732 1148.055054
   -0.186080  -15.828153  -15.828153 1148.054932
   -0.003072  -15.814265  -15.814265 1148.055054
    0.179937  -14.859621  -16.737162 1148.054932
    0.371287  -14.421615  -17.143433 1148.055176
    0.571748  -14.123590  -17.462284 1148.055054
    0.782086  -13.903071  -17.716690 1148.054810
    1.003074  -13.700137  -17.917013 1148.054810
    1.235476  -13.494183  -18.083366 1148.054810
    1.480063  -13.283867  -18.243465 1148.054810
    1.737603  -13.069142  -18.403629 1148.054932
    2.008869  -12.848064  -18.565224 1148.054810
    2.294625  -12.620392  -18.725393 1148.054810
    2.595643  -12.385794  -18.885481 1148.054810
    2.912688  -12.143840  -19.045172 1148.054932
    3.246534  -11.894135  -19.204060 1148.054810
    3.597944  -11.636326  -19.361629 1148.054688
    3.967512  -11.370435  -19.517197 1148.054810
    4.355335  -11.097063  -19.669809 1148.054932
    4.762309  -10.814528  -19.820204 1148.055054
    5.189451  -10.523039  -19.964632 1148.054932
    5.637891  -10.222091  -20.103052 1148.054932
    6.108856   -9.911398  -20.235020 1148.054932
    6.603707   -9.590705  -20.359356 1148.054932
    7.123625   -9.258440  -20.474669 1148.054810
    7.669613   -8.914861  -20.581535 1148.054688
    8.243490   -8.559261  -20.672882 1148.055054
    8.847315   -8.191435  -20.749889 1148.054810
    9.483351   -7.808942  -20.810369 1148.054565
   10.154097   -7.411322  -20.852669 1148.054810
   10.862276   -6.998301  -20.873026 1148.055054
   11.616463   -6.563855  -20.864939 1148.054810
   12.427545   -6.103107  -20.825733 1148.054810
   13.296390   -5.616838  -20.751429 1148.054810
   14.222352   -5.105370  -20.631369 1148.054688
   15.203195   -4.570502  -20.459780 1148.055054
   16.235115   -4.015461  -20.232700 1148.055054
   17.312794   -3.442262  -19.948668 1148.054565
   18.418753   -2.860560  -19.599806 1148.055054
   19.535301   -2.279543  -19.194061 1148.054932
   20.656439   -1.701352  -18.733505 1148.054932
   21.777237   -1.127851  -18.221842 1148.054565
   22.893948   -0.560473  -17.660469 1148.054932
   24.003859    0.000000  -17.048967 1148.054932
   25.105455    0.553327  -16.392513 1148.054932
   26.206120    1.103651  -15.687710 1148.055054
   27.310877    1.654166  -14.931551 1148.054932
   28.418793    2.204621  -14.124528 1148.054932
   29.528416    2.754674  -13.267723 1148.054932
   30.637747    3.303679  -12.362924 1148.054932
   31.744265    3.850717  -11.412746 1148.054443
   32.844803    4.394546  -10.420765 1148.054810
   33.929558    4.930619   -9.397481 1148.054810
   34.992455    5.456156   -8.351259 1148.054688
   36.030567    5.969967   -7.288036 1148.054321
   37.041603    6.471049   -6.213480 1148.054932
   38.023724    6.958644   -5.132412 1148.054932
   38.975746    7.432226   -4.049956 1148.054688
   39.896973    7.891507   -2.968541 1148.054810
   40.790794    8.338193   -1.891107 1148.054810
   41.658104    8.772661   -0.817492 1148.054810
   42.498878    9.195048    0.249919 1148.054810
   43.313137    9.605253    1.308729 1148.054810
   44.100864   10.003256    2.356470 1148.054810
   44.862076   10.388992    3.390748 1148.054932
   45.596764   10.762403    4.408245 1148.055054
   46.304920   11.123368    5.407895 1148.054810
   46.986565   11.471891    6.387250 1148.054932
   47.641685   11.807897    7.344354 1148.054810
   48.270287   12.131927    8.277328 1148.054932
   48.872353   12.278254    9.184396 1148.055054
   49.447903   12.117948   10.063649 1148.054810
   49.996922   11.138784   11.138253 1148.054932
   50.545952   11.707055   11.706790 1148.054932
   51.126324   12.308056   12.308056 1148.054932
   51.739857   12.943383   12.943383 1148.054810
   52.388424   13.614996   13.614996 1148.054932
   53.074039   14.324965   14.324965 1148.054932
   53.798801   15.075481   15.075481 1148.054810
   54.564960   15.868861   15.868861 1148.054810
   55.374866   16.707552   16.707552 1148.054932
   56.231045   17.594141   17.594141 1148.054932
   57.136112   18.531372   18.531372 1148.054932
   58.092869   19.522123   19.522123 1148.055054
   59.104263   20.569460   20.569460 1148.054932
   60.173435   21.676617   21.676617 1148.054810
   61.303669   22.847000   22.847000 1148.054932
   62.498444   24.084229   24.084229 1148.055054
  BLADE PROFILES IN CARTESIAN COORDINATES (2D) BEFORE   PROJECTION, SCALING, MESHING AND STACKING 
  VARIABLES = "X", "YSS", "YPS" 
  BLADE           1  SECTION           3
    0.000000   -0.000431   -0.000431
    0.000062    0.002651   -0.002077
    0.000249    0.005172   -0.004188
    0.000561    0.007818   -0.006213
    0.000997    0.010601   -0.008413
    0.001557    0.013397   -0.010627
    0.002241    0.016157   -0.012882
    0.003050    0.018919   -0.015193
    0.003982    0.021676   -0.017574
    0.005038    0.024405   -0.020015
    0.006218    0.027053   -0.022489
    0.007520    0.029587   -0.024965
    0.008945    0.031980   -0.027420
    0.010493    0.034210   -0.029840
    0.012162    0.036274   -0.032186
    0.013954    0.038198   -0.034427
    0.015866    0.040050   -0.036538
    0.017899    0.041935   -0.038502
    0.020052    0.043892   -0.040319
    0.022325    0.045923   -0.042018
    0.024716    0.048027   -0.043665
    0.027226    0.050201   -0.045330
    0.029854    0.052443   -0.047026
    0.032600    0.054749   -0.048750
    0.035461    0.057105   -0.050500
    0.038439    0.059539   -0.052291
    0.041531    0.062034   -0.054077
    0.044738    0.064589   -0.055874
    0.048058    0.067200   -0.057680
    0.051491    0.069867   -0.059493
    0.055036    0.072589   -0.061307
    0.058691    0.075362   -0.063121
    0.062456    0.078187   -0.064930
    0.066331    0.081062   -0.066730
    0.070314    0.083985   -0.068518
    0.074403    0.086954   -0.070291
    0.078599    0.089968   -0.072045
    0.082900    0.093009   -0.073776
    0.087305    0.096108   -0.075482
    0.091812    0.099248   -0.077161
    0.096421    0.102428   -0.078835
    0.101131    0.105646   -0.080436
    0.105941    0.108902   -0.081994
    0.110848    0.112195   -0.083508
    0.115853    0.115522   -0.084974
    0.120953    0.118883   -0.086390
    0.126148    0.122260   -0.087751
    0.131435    0.125684   -0.089055
    0.136815    0.129138   -0.090298
    0.142285    0.132622   -0.091476
    0.147845    0.136134   -0.092592
    0.153492    0.139674   -0.093673
    0.159225    0.143240   -0.094629
    0.165044    0.146830   -0.095509
    0.170946    0.150431   -0.096308
    0.176930    0.154069   -0.097025
    0.182994    0.157729   -0.097655
    0.189138    0.161412   -0.098197
    0.195358    0.165115   -0.098647
    0.201655    0.168839   -0.099011
    0.208026    0.172581   -0.099313
    0.214470    0.176328   -0.099466
    0.220986    0.180105   -0.099510
    0.227570    0.183899   -0.099449
    0.234223    0.187709   -0.099281
    0.240941    0.191534   -0.099003
    0.247725    0.195374   -0.098614
    0.254571    0.199228   -0.098111
    0.261478    0.203091   -0.097504
    0.268445    0.206960   -0.096813
    0.275470    0.210849   -0.095957
    0.282550    0.214750   -0.094966
    0.289685    0.218661   -0.093850
    0.296872    0.222582   -0.092610
    0.304110    0.226512   -0.091244
    0.311396    0.230449   -0.089750
    0.318730    0.234385   -0.088127
    0.326109    0.238337   -0.086374
    0.333531    0.242296   -0.084503
    0.340994    0.246261   -0.082534
    0.348497    0.250231   -0.080384
    0.356038    0.254206   -0.078093
    0.363615    0.258185   -0.075661
    0.371226    0.262168   -0.073094
    0.378869    0.266153   -0.070392
    0.386542    0.270140   -0.067554
    0.394243    0.274123   -0.064580
    0.401971    0.278114   -0.061469
    0.409723    0.282106   -0.058222
    0.417498    0.286097   -0.054840
    0.425293    0.290089   -0.051321
    0.433107    0.294079   -0.047679
    0.440937    0.298068   -0.043941
    0.448783    0.302055   -0.040018
    0.456641    0.306039   -0.035960
    0.464509    0.310020   -0.031764
    0.472387    0.313997   -0.027434
    0.480272    0.317970   -0.022974
    0.488161    0.321937   -0.018385
    0.496053    0.325899   -0.013668
    0.503947    0.329855   -0.008824
    0.511839    0.333804   -0.003856
    0.519729    0.337744    0.001236
    0.527613    0.341679    0.006449
    0.535491    0.345605    0.011782
    0.543360    0.349522    0.017232
    0.551217    0.353429    0.022797
    0.559063    0.357327    0.028476
    0.566893    0.361213    0.034265
    0.574707    0.365088    0.040163
    0.582502    0.368951    0.046166
    0.590277    0.372801    0.052272
    0.598029    0.376637    0.058479
    0.605757    0.380460    0.064782
    0.613458    0.384268    0.071180
    0.621131    0.388061    0.077669
    0.628774    0.391837    0.084247
    0.636385    0.395597    0.090909
    0.643962    0.399340    0.097652
    0.651503    0.403065    0.104473
    0.659006    0.406770    0.111368
    0.666469    0.410457    0.118335
    0.673891    0.414123    0.125368
    0.681270    0.417769    0.132465
    0.688604    0.421392    0.139620
    0.695890    0.424994    0.146832
    0.703128    0.428572    0.154095
    0.710315    0.432127    0.161405
    0.717450    0.435657    0.168759
    0.724530    0.439162    0.176152
    0.731555    0.442641    0.183579
    0.738522    0.446093    0.191038
    0.745429    0.449518    0.198523
    0.752275    0.452915    0.206034
    0.759059    0.456282    0.213562
    0.765777    0.459620    0.221104
    0.772430    0.462928    0.228654
    0.779015    0.466204    0.236209
    0.785530    0.469447    0.243763
    0.791974    0.472658    0.251327
    0.798345    0.475836    0.258889
    0.804642    0.478978    0.266414
    0.810863    0.482086    0.273920
    0.817006    0.485157    0.281402
    0.823070    0.488192    0.288857
    0.829054    0.491188    0.296279
    0.834956    0.494147    0.303664
    0.840775    0.497066    0.311007
    0.846508    0.499946    0.318306
    0.852155    0.502785    0.325556
    0.857715    0.505583    0.332750
    0.863185    0.508338    0.339884
    0.868565    0.511050    0.346953
    0.873852    0.513719    0.353953
    0.879047    0.516343    0.360880
    0.884147    0.518922    0.367741
    0.889152    0.521455    0.374516
    0.894059    0.523942    0.381194
    0.898869    0.526381    0.387781
    0.903579    0.528772    0.394273
    0.908188    0.531114    0.400665
    0.912695    0.533406    0.406954
    0.917100    0.535648    0.413137
    0.921401    0.537839    0.419208
    0.925597    0.539978    0.425162
    0.929686    0.542066    0.430998
    0.933669    0.544100    0.436709
    0.937544    0.546081    0.442293
    0.941309    0.548008    0.447745
    0.944965    0.549881    0.453063
    0.948509    0.551698    0.458243
    0.951942    0.553459    0.463281
    0.955262    0.555164    0.468174
    0.958469    0.556811    0.472919
    0.961561    0.558401    0.477512
    0.964539    0.559933    0.481951
    0.967400    0.561406    0.486233
    0.970146    0.562555    0.490354
    0.972774    0.563147    0.494312
    0.975284    0.563372    0.498104
    0.977675    0.563340    0.501728
    0.979948    0.563108    0.505182
    0.982101    0.562714    0.508462
    0.984134    0.562181    0.511566
    0.986046    0.561522    0.514493
    0.987838    0.560748    0.517239
    0.989507    0.559865    0.519806
    0.991055    0.558878    0.522190
    0.992480    0.557817    0.524388
    0.993782    0.556629    0.526400
    0.994962    0.555339    0.528224
    0.996018    0.553980    0.529860
    0.996950    0.552521    0.531306
    0.997759    0.550989    0.532614
    0.998443    0.549395    0.533799
    0.999003    0.547753    0.535173
    0.999439    0.546083    0.536511
    0.999751    0.544428    0.538025
    0.999938    0.542835    0.539790
    1.000000    0.540546    0.540546
  BLADE PROFILES IN CARTESIAN COORDINATES (3D) 
  VARIABLES = "X", "YSS", "YPS" "R" 
  BLADE           1  SECTION           3
  -25.023846  -17.715155  -17.715155 1148.262695
  -22.149534  -17.497065  -17.497065 1148.264282
  -19.586782  -17.302624  -17.302624 1148.265747
  -17.301828  -17.129259  -17.129259 1148.267212
  -15.264557  -16.974689  -16.974689 1148.268799
  -13.448117  -16.836874  -16.836874 1148.270386
  -11.828572  -16.714001  -16.714001 1148.271729
  -10.384583  -16.604454  -16.604454 1148.273071
   -9.097115  -16.506775  -16.506775 1148.274414
   -7.949205  -16.419687  -16.419687 1148.275635
   -6.925723  -16.342039  -16.342039 1148.276855
   -6.013183  -16.272810  -16.272810 1148.277832
   -5.199563  -16.211084  -16.211084 1148.278809
   -4.474134  -16.156052  -16.156052 1148.279907
   -3.827338  -16.106981  -16.106981 1148.280640
   -3.250656  -16.063234  -16.063234 1148.281494
   -2.736482  -16.024225  -16.024225 1148.282104
   -2.278044  -15.989447  -15.989447 1148.282593
   -1.869298  -15.958440  -15.958440 1148.283203
   -1.504857  -15.930792  -15.930792 1148.283813
   -1.179923  -15.906138  -15.906138 1148.284302
   -0.890207  -15.884161  -15.884161 1148.284668
   -0.631900  -15.864566  -15.864566 1148.285034
   -0.401592  -15.847095  -15.847095 1148.285278
   -0.196246  -15.831517  -15.831517 1148.285767
   -0.013160  -15.817627  -15.817627 1148.285889
    0.169926  -14.862655  -16.740841 1148.286255
    0.361357  -14.424496  -17.147247 1148.287109
    0.561900  -14.126361  -17.466213 1148.287476
    0.772329  -13.905764  -17.720713 1148.288086
    0.993406  -13.702769  -17.921104 1148.288452
    1.225907  -13.496753  -18.087523 1148.289307
    1.470599  -13.286376  -18.247692 1148.289917
    1.728250  -13.071587  -18.407921 1148.290283
    1.999628  -12.850446  -18.569588 1148.291260
    2.285502  -12.622709  -18.729824 1148.292480
    2.586646  -12.388047  -18.889986 1148.293091
    2.903826  -12.146028  -19.049753 1148.293823
    3.237809  -11.896254  -19.208710 1148.294922
    3.589364  -11.638374  -19.366354 1148.295898
    3.959091  -11.372415  -19.521999 1148.297119
    4.347076  -11.098970  -19.674688 1148.297974
    4.754221  -10.816361  -19.825157 1148.299194
    5.181542  -10.524797  -19.969664 1148.300659
    5.630172  -10.223771  -20.108160 1148.301880
    6.101336   -9.913003  -20.240206 1148.303223
    6.596392   -9.592235  -20.364620 1148.304810
    7.116530   -9.259891  -20.480007 1148.306519
    7.662745   -8.916234  -20.586960 1148.307983
    8.236865   -8.560548  -20.678375 1148.309937
    8.840938   -8.192640  -20.755455 1148.311890
    9.477241   -7.810067  -20.816002 1148.314209
   10.148272   -7.412366  -20.858377 1148.316162
   10.856746   -6.999262  -20.878809 1148.318481
   11.611251   -6.564732  -20.870783 1148.321167
   12.422664   -6.103899  -20.831633 1148.323975
   13.291875   -5.617544  -20.757385 1148.327148
   14.218225   -5.105991  -20.637390 1148.330078
   15.199477   -4.571037  -20.465832 1148.333618
   16.231836   -4.015911  -20.238783 1148.337524
   17.309950   -3.442628  -19.954760 1148.340942
   18.416380   -2.860851  -19.605917 1148.345093
   19.533405   -2.279765  -19.200163 1148.348877
   20.655005   -1.701511  -18.739582 1148.353027
   21.776279   -1.127949  -18.227886 1148.357300
   22.893450   -0.560521  -17.666458 1148.361572
   24.003839    0.000000  -17.054909 1148.364868
   25.105873    0.553369  -16.398369 1148.369263
   26.207024    1.103722  -15.693480 1148.373047
   27.312214    1.654261  -14.937225 1148.376709
   28.420599    2.204744  -14.130086 1148.381226
   29.530699    2.754816  -13.273156 1148.384888
   30.640507    3.303838  -12.368220 1148.388794
   31.747482    3.850881  -11.417900 1148.392700
   32.848469    4.394712  -10.425758 1148.396606
   33.933693    4.930787   -9.402310 1148.399414
   34.997032    5.456314   -8.355915 1148.403198
   36.035576    5.970117   -7.292516 1148.406860
   37.047043    6.471183   -6.217773 1148.409546
   38.029575    6.958760   -5.136518 1148.412842
   38.981983    7.432321   -4.053865 1148.415771
   39.903603    7.891580   -2.972274 1148.418701
   40.797813    8.338236   -1.894648 1148.421265
   41.665478    8.772676   -0.820831 1148.423462
   42.506615    9.195031    0.246766 1148.425537
   43.321209    9.605206    1.305770 1148.427979
   44.109268   10.003167    2.353698 1148.429932
   44.870808   10.388873    3.388162 1148.431641
   45.605808   10.762245    4.405850 1148.433594
   46.314262   11.123168    5.405669 1148.435059
   46.996197   11.471661    6.385217 1148.436646
   47.651596   11.807627    7.342491 1148.438110
   48.280457   12.131611    8.275637 1148.439575
   48.882782   12.277904    9.182869 1148.440796
   49.458572   12.117418   10.062283 1148.441650
   50.007828   11.137702   11.137170 1148.442993
   50.557091   11.706020   11.705754 1148.443237
   51.137730   12.307079   12.307079 1148.443726
   51.751518   12.942463   12.942463 1148.444336
   52.400356   13.614134   13.614134 1148.445068
   53.086258   14.324175   14.324175 1148.445923
   53.811325   15.074767   15.074767 1148.447021
   54.577812   15.868228   15.868228 1148.448242
   55.388069   16.707012   16.707012 1148.450073
   56.244598   17.593706   17.593706 1148.451904
   57.150051   18.531052   18.531052 1148.454590
   58.107212   19.521936   19.521936 1148.457642
   59.119030   20.569422   20.569422 1148.461304
   60.188644   21.676741   21.676741 1148.465332
   61.319351   22.847317   22.847317 1148.470337
   62.514626   24.084763   24.084763 1148.475830
  BLADE PROFILES IN CARTESIAN COORDINATES (2D) BEFORE   PROJECTION, SCALING, MESHING AND STACKING 
  VARIABLES = "X", "YSS", "YPS" 
  BLADE           2  SECTION           1
    0.000000    0.002327    0.002327
    0.000062    0.003992   -0.001087
    0.000249    0.006099   -0.004022
    0.000561    0.008118   -0.007320
    0.000997    0.010279   -0.010927
    0.001557    0.012481   -0.014306
    0.002241    0.014737   -0.017548
    0.003050    0.017103   -0.020777
    0.003982    0.019628   -0.023978
    0.005038    0.022282   -0.027111
    0.006218    0.025006   -0.030125
    0.007520    0.027761   -0.033010
    0.008945    0.030507   -0.035660
    0.010493    0.033208   -0.038094
    0.012162    0.035822   -0.040315
    0.013954    0.038303   -0.042362
    0.015866    0.040604   -0.044324
    0.017899    0.042750   -0.046315
    0.020052    0.044704   -0.048357
    0.022325    0.046497   -0.050444
    0.024716    0.048219   -0.052555
    0.027226    0.049897   -0.054739
    0.029854    0.051581   -0.056964
    0.032600    0.053267   -0.059230
    0.035461    0.054950   -0.061534
    0.038439    0.056627   -0.063875
    0.041531    0.058294   -0.066252
    0.044738    0.059949   -0.068661
    0.048058    0.061589   -0.071103
    0.051491    0.063210   -0.073576
    0.055036    0.064809   -0.076078
    0.058691    0.066383   -0.078609
    0.062456    0.067928   -0.081167
    0.066331    0.069442   -0.083750
    0.070314    0.070921   -0.086360
    0.074403    0.072362   -0.088992
    0.078599    0.073763   -0.091643
    0.082900    0.075120   -0.094301
    0.087305    0.076430   -0.097000
    0.091812    0.077696   -0.099720
    0.096421    0.078939   -0.102461
    0.101131    0.080092   -0.105222
    0.105941    0.081181   -0.108003
    0.110848    0.082207   -0.110802
    0.115853    0.083170   -0.113621
    0.120953    0.084067   -0.116457
    0.126148    0.084894   -0.119309
    0.131435    0.085650   -0.122163
    0.136815    0.086331   -0.125050
    0.142285    0.086936   -0.127954
    0.147845    0.087461   -0.130876
    0.153492    0.087905   -0.133813
    0.159225    0.088272   -0.136768
    0.165044    0.088585   -0.139738
    0.170946    0.088770   -0.142725
    0.176930    0.088856   -0.145728
    0.182994    0.088850   -0.148745
    0.189138    0.088749   -0.151768
    0.195358    0.088551   -0.154818
    0.201655    0.088254   -0.157885
    0.208026    0.087857   -0.160967
    0.214470    0.087357   -0.164066
    0.220986    0.086754   -0.167181
    0.227570    0.086045   -0.170312
    0.234223    0.085237   -0.173460
    0.240941    0.084354   -0.176623
    0.247725    0.083319   -0.179802
    0.254571    0.082165   -0.182993
    0.261478    0.080896   -0.186207
    0.268445    0.079514   -0.189437
    0.275470    0.078016   -0.192684
    0.282550    0.076402   -0.195949
    0.289685    0.074672   -0.199230
    0.296872    0.072823   -0.202529
    0.304110    0.070855   -0.205845
    0.311396    0.068769   -0.209179
    0.318730    0.066562   -0.212529
    0.326109    0.064247   -0.215898
    0.333531    0.061840   -0.219284
    0.340994    0.059271   -0.222687
    0.348497    0.056580   -0.226110
    0.356038    0.053765   -0.229550
    0.363615    0.050824   -0.233007
    0.371226    0.047761   -0.236483
    0.378869    0.044577   -0.239976
    0.386542    0.041271   -0.243487
    0.394243    0.037845   -0.247016
    0.401971    0.034298   -0.250563
    0.409723    0.030632   -0.254127
    0.417498    0.026846   -0.257708
    0.425293    0.022941   -0.261307
    0.433107    0.018919   -0.264922
    0.440937    0.014780   -0.268555
    0.448783    0.010525   -0.272205
    0.456641    0.006155   -0.275872
    0.464509    0.001671   -0.279554
    0.472387   -0.002925   -0.283253
    0.480272   -0.007633   -0.286967
    0.488161   -0.012449   -0.290697
    0.496053   -0.017360   -0.294442
    0.503947   -0.022353   -0.298203
    0.511839   -0.027489   -0.301982
    0.519729   -0.032728   -0.305769
    0.527613   -0.038068   -0.309569
    0.535491   -0.043506   -0.313382
    0.543360   -0.049042   -0.317208
    0.551217   -0.054672   -0.321044
    0.559063   -0.060394   -0.324892
    0.566893   -0.066206   -0.328750
    0.574707   -0.072105   -0.332617
    0.582502   -0.078090   -0.336494
    0.590277   -0.084157   -0.340378
    0.598029   -0.090303   -0.344270
    0.605757   -0.096527   -0.348166
    0.613458   -0.102824   -0.352064
    0.621131   -0.109192   -0.355973
    0.628774   -0.115629   -0.359887
    0.636385   -0.122131   -0.363803
    0.643962   -0.128694   -0.367722
    0.651503   -0.135317   -0.371642
    0.659006   -0.142010   -0.375562
    0.666469   -0.148768   -0.379482
    0.673891   -0.155547   -0.383400
    0.681270   -0.162371   -0.387314
    0.688604   -0.169237   -0.391225
    0.695890   -0.176142   -0.395131
    0.703128   -0.183081   -0.399030
    0.710315   -0.190052   -0.402922
    0.717450   -0.197050   -0.406805
    0.724530   -0.204073   -0.410679
    0.731555   -0.211115   -0.414542
    0.738522   -0.218174   -0.418392
    0.745429   -0.225246   -0.422229
    0.752275   -0.232327   -0.426051
    0.759059   -0.239413   -0.429857
    0.765777   -0.246499   -0.433645
    0.772430   -0.253583   -0.437414
    0.779015   -0.260661   -0.441163
    0.785530   -0.267730   -0.444890
    0.791974   -0.274785   -0.448594
    0.798345   -0.281821   -0.452274
    0.804642   -0.288835   -0.455928
    0.810863   -0.295823   -0.459554
    0.817006   -0.302779   -0.463148
    0.823070   -0.309702   -0.466712
    0.829054   -0.316585   -0.470248
    0.834956   -0.323427   -0.473751
    0.840775   -0.330222   -0.477220
    0.846508   -0.336980   -0.480653
    0.852155   -0.343680   -0.484049
    0.857715   -0.350312   -0.487406
    0.863185   -0.356882   -0.490723
    0.868565   -0.363386   -0.493998
    0.873852   -0.369820   -0.497230
    0.879047   -0.376181   -0.500418
    0.884147   -0.382464   -0.503560
    0.889152   -0.388667   -0.506654
    0.894059   -0.394787   -0.509700
    0.898869   -0.400818   -0.512696
    0.903579   -0.406757   -0.515640
    0.908188   -0.412600   -0.518532
    0.912695   -0.418344   -0.521369
    0.917100   -0.423986   -0.524151
    0.921401   -0.429522   -0.526876
    0.925597   -0.434948   -0.529544
    0.929686   -0.440262   -0.532152
    0.933669   -0.445460   -0.534699
    0.937544   -0.450538   -0.537184
    0.941309   -0.455495   -0.539606
    0.944965   -0.460327   -0.541964
    0.948509   -0.465030   -0.544257
    0.951942   -0.469602   -0.546483
    0.955262   -0.474040   -0.548641
    0.958469   -0.478342   -0.550732
    0.961561   -0.482505   -0.552754
    0.964539   -0.486526   -0.554703
    0.967400   -0.490402   -0.556580
    0.970146   -0.494132   -0.558349
    0.972774   -0.497713   -0.559661
    0.975284   -0.501142   -0.560385
    0.977675   -0.504418   -0.560718
    0.979948   -0.507537   -0.560767
    0.982101   -0.510499   -0.560592
    0.984134   -0.513303   -0.560236
    0.986046   -0.515947   -0.559726
    0.987838   -0.518426   -0.559076
    0.989507   -0.520741   -0.558298
    0.991055   -0.522892   -0.557402
    0.992480   -0.524874   -0.556398
    0.993782   -0.526689   -0.555321
    0.994962   -0.528335   -0.554138
    0.996018   -0.529810   -0.552813
    0.996950   -0.531113   -0.551455
    0.997759   -0.532350   -0.550034
    0.998443   -0.533553   -0.548563
    0.999003   -0.534852   -0.547068
    0.999439   -0.536324   -0.545505
    0.999751   -0.537786   -0.543863
    0.999938   -0.539171   -0.542132
    1.000000   -0.541350   -0.541350
  BLADE PROFILES IN CARTESIAN COORDINATES (3D) 
  VARIABLES = "X", "YSS", "YPS" "R" 
  BLADE           2  SECTION           1
   52.474281    0.994249    0.994249 1147.665283
   53.641357    0.906534    0.906534 1147.663574
   54.687706    0.827892    0.827892 1147.661621
   55.625797    0.757386    0.757386 1147.659546
   56.466866    0.694172    0.694172 1147.657227
   57.220917    0.637498    0.637498 1147.655151
   57.896976    0.586686    0.586686 1147.653198
   58.503101    0.541131    0.541131 1147.651001
   59.046520    0.500288    0.500288 1147.649170
   59.533730    0.463670    0.463670 1147.647461
   59.970539    0.430839    0.430839 1147.645996
   60.362164    0.401405    0.401405 1147.644165
   60.713272    0.375016    0.375016 1147.642578
   61.028072    0.351357    0.351357 1147.641479
   61.310291    0.330145    0.330145 1147.640503
   61.563324    0.311127    0.311127 1147.639282
   61.790192    0.294076    0.294076 1147.638062
   61.993587    0.278790    0.278790 1147.637207
   62.175926    0.265084    0.265084 1147.636475
   62.339428    0.252796    0.252796 1147.635742
   62.486000    0.241780    0.241780 1147.635010
   62.632584    1.054838   -0.615283 1147.634033
   62.785835    1.411921   -1.016371 1147.633301
   62.946381    1.697105   -1.277882 1147.632324
   63.114861    1.921579   -1.465728 1147.631348
   63.291832    2.095504   -1.636338 1147.630493
   63.477978    2.235371   -1.803755 1147.629395
   63.673870    2.363686   -1.971967 1147.628174
   63.880146    2.488442   -2.140725 1147.626831
   64.097404    2.609796   -2.310828 1147.625488
   64.326286    2.728029   -2.482899 1147.624023
   64.567360    2.843127   -2.657442 1147.622437
   64.821289    2.954929   -2.834881 1147.620728
   65.088676    3.063165   -3.015574 1147.619019
   65.370102    3.167460   -3.199832 1147.616943
   65.666115    3.267310   -3.387445 1147.614990
   65.976730    3.362021   -3.578398 1147.612793
   66.302689    3.452369   -3.774065 1147.610474
   66.644798    3.535313   -3.974171 1147.608032
   67.003952    3.610541   -4.179134 1147.605225
   67.381149    3.677928   -4.389404 1147.602173
   67.777481    3.736541   -4.604581 1147.599243
   68.193886    3.785297   -4.826684 1147.595703
   68.631180    3.822984   -5.055281 1147.591919
   69.090813    3.850105   -5.291075 1147.588501
   69.574409    3.861172   -5.534827 1147.584106
   70.083824    3.856241   -5.786774 1147.579834
   70.621025    3.833636   -6.049019 1147.574829
   71.188217    3.791036   -6.322072 1147.569824
   71.792244    3.725361   -6.609238 1147.563965
   72.441833    3.633545   -6.914486 1147.557617
   73.137695    3.506888   -7.238203 1147.551025
   73.879295    3.343668   -7.580658 1147.543701
   74.664841    3.139945   -7.941188 1147.535767
   75.491310    2.892589   -8.318933 1147.527222
   76.354424    2.600146   -8.712658 1147.518311
   77.240181    2.260642   -9.116892 1147.508545
   78.134415    1.880530   -9.525956 1147.498901
   79.032326    1.462114   -9.938448 1147.489136
   79.929977    1.007675  -10.353274 1147.479004
   80.824341    0.519563  -10.769696 1147.468872
   81.713257    0.000000  -11.187214 1147.458618
   82.595512   -0.547305  -11.605703 1147.448486
   83.477043   -1.128520  -12.028582 1147.438232
   84.361824   -1.744780  -12.457731 1147.428223
   85.249123   -2.395214  -12.893489 1147.417847
   86.137833   -3.078823  -13.335688 1147.407593
   87.026299   -3.794085  -13.783514 1147.397339
   87.912483   -4.538895  -14.236937 1147.387085
   88.793892   -5.310840  -14.694564 1147.376953
   89.662659   -6.102454  -15.152378 1147.366943
   90.513931   -6.905164  -15.607692 1147.357178
   91.345352   -7.716110  -16.059048 1147.347778
   92.155083   -8.531281  -16.505167 1147.338989
   92.941643   -9.346995  -16.944841 1147.330078
   93.704117  -10.159986  -17.377087 1147.321899
   94.441933  -10.967757  -17.801163 1147.313965
   95.157791  -11.770907  -18.218044 1147.306274
   95.852402  -12.568398  -18.627827 1147.299072
   96.525787  -13.359321  -19.030367 1147.291992
   97.177925  -14.140436  -19.425051 1147.285400
   97.808823  -14.910824  -19.811489 1147.279175
   98.418472  -15.669229  -20.189281 1147.273315
   99.006882  -16.414076  -20.558010 1147.267578
   99.574051  -17.143913  -20.917295 1147.262085
  100.119972  -17.857399  -21.266735 1147.257080
  100.644661  -18.553255  -21.605923 1147.252441
  101.148109  -19.230268  -21.934692 1147.248047
  101.630318  -19.887262  -22.150543 1147.243530
  102.091293  -20.522955  -22.063942 1147.239746
  102.530998  -21.374979  -21.375395 1147.235962
  102.970726  -21.830111  -21.830318 1147.234009
  103.445457  -22.321218  -22.321218 1147.231689
  103.957924  -22.851398  -22.851398 1147.229492
  104.511169  -23.423756  -23.423756 1147.227051
  105.108414  -24.041637  -24.041637 1147.224365
  105.753197  -24.708681  -24.708681 1147.221802
  106.449249  -25.428791  -25.428791 1147.219238
  107.200691  -26.206184  -26.206184 1147.216064
  108.011902  -27.045418  -27.045418 1147.213135
  108.887650  -27.951416  -27.951416 1147.210205
  109.833084  -28.929495  -28.929495 1147.206909
  110.853699  -29.985380  -29.985380 1147.203735
  111.955521  -31.125261  -31.125261 1147.200317
  113.144989  -32.355827  -32.355827 1147.196899
  114.429100  -33.684296  -33.684296 1147.193604
  115.815338  -35.118439  -35.118439 1147.190308
  117.311897  -36.666691  -36.666691 1147.186890
  118.927475  -38.338104  -38.338104 1147.183716
  120.671600  -40.142490  -40.142490 1147.180786
  122.554443  -42.090439  -42.090439 1147.178101
  BLADE PROFILES IN CARTESIAN COORDINATES (2D) BEFORE   PROJECTION, SCALING, MESHING AND STACKING 
  VARIABLES = "X", "YSS", "YPS" 
  BLADE           2  SECTION           2
    0.000000    0.002365    0.002365
    0.000062    0.004014   -0.001105
    0.000249    0.006116   -0.004041
    0.000561    0.008130   -0.007347
    0.000997    0.010291   -0.010973
    0.001557    0.012492   -0.014354
    0.002241    0.014747   -0.017597
    0.003050    0.017108   -0.020828
    0.003982    0.019629   -0.024030
    0.005038    0.022280   -0.027163
    0.006218    0.025002   -0.030168
    0.007520    0.027755   -0.033049
    0.008945    0.030502   -0.035696
    0.010493    0.033202   -0.038127
    0.012162    0.035817   -0.040346
    0.013954    0.038308   -0.042393
    0.015866    0.040640   -0.044356
    0.017899    0.042787   -0.046348
    0.020052    0.044743   -0.048393
    0.022325    0.046532   -0.050482
    0.024716    0.048221   -0.052596
    0.027226    0.049898   -0.054782
    0.029854    0.051581   -0.057010
    0.032600    0.053265   -0.059278
    0.035461    0.054946   -0.061585
    0.038439    0.056621   -0.063929
    0.041531    0.058287   -0.066309
    0.044738    0.059940   -0.068721
    0.048058    0.061578   -0.071166
    0.051491    0.063197   -0.073642
    0.055036    0.064794   -0.076148
    0.058691    0.066366   -0.078682
    0.062456    0.067909   -0.081243
    0.066331    0.069421   -0.083831
    0.070314    0.070897   -0.086444
    0.074403    0.072336   -0.089077
    0.078599    0.073734   -0.091714
    0.082900    0.075089   -0.094395
    0.087305    0.076396   -0.097099
    0.091812    0.077659   -0.099823
    0.096421    0.078900   -0.102568
    0.101131    0.080049   -0.105334
    0.105941    0.081134   -0.108118
    0.110848    0.082158   -0.110923
    0.115853    0.083118   -0.113745
    0.120953    0.084011   -0.116586
    0.126148    0.084835   -0.119442
    0.131435    0.085588   -0.122301
    0.136815    0.086266   -0.125193
    0.142285    0.086867   -0.128102
    0.147845    0.087389   -0.131028
    0.153492    0.087829   -0.133971
    0.159225    0.088191   -0.136930
    0.165044    0.088501   -0.139906
    0.170946    0.088680   -0.142898
    0.176930    0.088763   -0.145906
    0.182994    0.088752   -0.148927
    0.189138    0.088647   -0.151956
    0.195358    0.088445   -0.155011
    0.201655    0.088144   -0.158083
    0.208026    0.087742   -0.161171
    0.214470    0.087238   -0.164275
    0.220986    0.086630   -0.167396
    0.227570    0.085916   -0.170533
    0.234223    0.085103   -0.173686
    0.240941    0.084215   -0.176855
    0.247725    0.083176   -0.180039
    0.254571    0.082016   -0.183236
    0.261478    0.080742   -0.186455
    0.268445    0.079354   -0.189691
    0.275470    0.077851   -0.192945
    0.282550    0.076232   -0.196215
    0.289685    0.074496   -0.199502
    0.296872    0.072642   -0.202807
    0.304110    0.070669   -0.206129
    0.311396    0.068577   -0.209469
    0.318730    0.066365   -0.212825
    0.326109    0.064043   -0.216200
    0.333531    0.061632   -0.219591
    0.340994    0.059057   -0.223002
    0.348497    0.056360   -0.226430
    0.356038    0.053538   -0.229876
    0.363615    0.050590   -0.233340
    0.371226    0.047521   -0.236822
    0.378869    0.044331   -0.240321
    0.386542    0.041020   -0.243839
    0.394243    0.037587   -0.247374
    0.401971    0.034034   -0.250926
    0.409723    0.030362   -0.254497
    0.417498    0.026569   -0.258084
    0.425293    0.022658   -0.261689
    0.433107    0.018630   -0.265311
    0.440937    0.014484   -0.268951
    0.448783    0.010222   -0.272607
    0.456641    0.005845   -0.276280
    0.464509    0.001355   -0.279969
    0.472387   -0.003248   -0.283674
    0.480272   -0.007962   -0.287394
    0.488161   -0.012785   -0.291130
    0.496053   -0.017703   -0.294881
    0.503947   -0.022702   -0.298649
    0.511839   -0.027845   -0.302434
    0.519729   -0.033091   -0.306227
    0.527613   -0.038437   -0.310034
    0.535491   -0.043883   -0.313853
    0.543360   -0.049425   -0.317685
    0.551217   -0.055062   -0.321528
    0.559063   -0.060791   -0.325382
    0.566893   -0.066610   -0.329246
    0.574707   -0.072517   -0.333120
    0.582502   -0.078508   -0.337002
    0.590277   -0.084582   -0.340893
    0.598029   -0.090735   -0.344791
    0.605757   -0.096966   -0.348693
    0.613458   -0.103270   -0.352597
    0.621131   -0.109645   -0.356512
    0.628774   -0.116089   -0.360432
    0.636385   -0.122598   -0.364354
    0.643962   -0.129168   -0.368279
    0.651503   -0.135798   -0.372205
    0.659006   -0.142497   -0.376131
    0.666469   -0.149263   -0.380057
    0.673891   -0.156049   -0.383980
    0.681270   -0.162880   -0.387901
    0.688604   -0.169752   -0.391817
    0.695890   -0.176664   -0.395729
    0.703128   -0.183610   -0.399634
    0.710315   -0.190587   -0.403531
    0.717450   -0.197593   -0.407420
    0.724530   -0.204622   -0.411300
    0.731555   -0.211671   -0.415168
    0.738522   -0.218737   -0.419024
    0.745429   -0.225815   -0.422867
    0.752275   -0.232903   -0.426694
    0.759059   -0.239995   -0.430505
    0.765777   -0.247088   -0.434298
    0.772430   -0.254179   -0.438073
    0.779015   -0.261262   -0.441827
    0.785530   -0.268338   -0.445559
    0.791974   -0.275399   -0.449268
    0.798345   -0.282442   -0.452953
    0.804642   -0.289462   -0.456611
    0.810863   -0.296455   -0.460243
    0.817006   -0.303418   -0.463841
    0.823070   -0.310346   -0.467410
    0.829054   -0.317236   -0.470951
    0.834956   -0.324083   -0.474459
    0.840775   -0.330884   -0.477932
    0.846508   -0.337648   -0.481370
    0.852155   -0.344354   -0.484770
    0.857715   -0.350991   -0.488131
    0.863185   -0.357566   -0.491452
    0.868565   -0.364075   -0.494732
    0.873852   -0.370515   -0.497968
    0.879047   -0.376881   -0.501160
    0.884147   -0.383169   -0.504306
    0.889152   -0.389377   -0.507404
    0.894059   -0.395502   -0.510454
    0.898869   -0.401538   -0.513454
    0.903579   -0.407482   -0.516402
    0.908188   -0.413330   -0.519297
    0.912695   -0.419078   -0.522138
    0.917100   -0.424725   -0.524924
    0.921401   -0.430265   -0.527652
    0.925597   -0.435695   -0.530323
    0.929686   -0.441013   -0.532934
    0.933669   -0.446215   -0.535484
    0.937544   -0.451298   -0.537972
    0.941309   -0.456258   -0.540398
    0.944965   -0.461093   -0.542758
    0.948509   -0.465800   -0.545054
    0.951942   -0.470376   -0.547282
    0.955262   -0.474818   -0.549443
    0.958469   -0.479123   -0.551536
    0.961561   -0.483289   -0.553561
    0.964539   -0.487313   -0.555512
    0.967400   -0.491192   -0.557392
    0.970146   -0.494925   -0.559162
    0.972774   -0.498508   -0.560474
    0.975284   -0.501940   -0.561199
    0.977675   -0.505219   -0.561533
    0.979948   -0.508340   -0.561583
    0.982101   -0.511304   -0.561407
    0.984134   -0.514111   -0.561052
    0.986046   -0.516756   -0.560543
    0.987838   -0.519237   -0.559895
    0.989507   -0.521554   -0.559117
    0.991055   -0.523706   -0.558222
    0.992480   -0.525690   -0.557218
    0.993782   -0.527507   -0.556142
    0.994962   -0.529154   -0.554959
    0.996018   -0.530630   -0.553635
    0.996950   -0.531933   -0.552278
    0.997759   -0.533171   -0.550856
    0.998443   -0.534374   -0.549386
    0.999003   -0.535674   -0.547891
    0.999439   -0.537145   -0.546329
    0.999751   -0.538606   -0.544688
    0.999938   -0.539992   -0.542957
    1.000000   -0.542176   -0.542176
  BLADE PROFILES IN CARTESIAN COORDINATES (3D) 
  VARIABLES = "X", "YSS", "YPS" "R" 
  BLADE           2  SECTION           2
   52.506290    1.012137    1.012137 1148.055054
   53.672028    0.923663    0.923663 1148.054932
   54.717159    0.844340    0.844340 1148.055054
   55.654190    0.773224    0.773224 1148.054810
   56.494301    0.709463    0.709463 1148.054932
   57.247494    0.652299    0.652299 1148.055054
   57.922764    0.601047    0.601047 1148.054932
   58.528198    0.555098    0.555098 1148.054932
   59.071003    0.513901    0.513901 1148.054810
   59.557655    0.476966    0.476966 1148.054932
   59.993969    0.443852    0.443852 1148.054932
   60.385147    0.414163    0.414163 1148.054932
   60.735859    0.387546    0.387546 1148.054810
   61.050293    0.363681    0.363681 1148.054932
   61.332199    0.342286    0.342286 1148.055054
   61.584938    0.323103    0.323103 1148.055054
   61.811543    0.305905    0.305905 1148.054932
   62.014702    0.290486    0.290486 1148.054932
   62.196850    0.276662    0.276662 1148.054932
   62.360153    0.264268    0.264268 1148.054810
   62.506565    0.253156    0.253156 1148.054932
   62.652969    1.066459   -0.603902 1148.054932
   62.806053    1.422835   -1.004034 1148.055054
   62.966427    1.707677   -1.264938 1148.055054
   63.134701    1.933440   -1.452561 1148.055054
   63.311501    2.107406   -1.623146 1148.054932
   63.497425    2.245640   -1.790555 1148.054932
   63.693100    2.373719   -1.958763 1148.055054
   63.899136    2.498192   -2.127524 1148.055054
   64.116158    2.619285   -2.297640 1148.054932
   64.344757    2.737261   -2.469728 1148.054932
   64.585587    2.852098   -2.644295 1148.054932
   64.839218    2.963634   -2.821765 1148.054810
   65.106308    3.071598   -3.002495 1148.055054
   65.387436    3.175618   -3.186806 1148.054932
   65.683105    3.275186   -3.373760 1148.055054
   65.993370    3.369612   -3.565453 1148.055054
   66.318970    3.459664   -3.761177 1148.054810
   66.660690    3.542271   -3.961356 1148.055054
   67.019447    3.617192   -4.166398 1148.054932
   67.396233    3.684275   -4.376743 1148.054932
   67.792107    3.742579   -4.592006 1148.054810
   68.208054    3.791023   -4.814208 1148.055054
   68.644882    3.828395   -5.042910 1148.054932
   69.103981    3.855195   -5.278818 1148.054932
   69.587036    3.865882   -5.522689 1148.055054
   70.095894    3.860625   -5.774763 1148.054810
   70.632492    3.837693   -6.037149 1148.055054
   71.199066    3.794766   -6.310351 1148.055298
   71.802429    3.728740   -6.597679 1148.054932
   72.451294    3.636596   -6.903094 1148.054932
   73.146400    3.509549   -7.226998 1148.054810
   73.887192    3.345991   -7.569653 1148.055176
   74.671883    3.141936   -7.930393 1148.054932
   75.497437    2.894237   -8.308353 1148.054688
   76.359604    2.601508   -8.702318 1148.054932
   77.244392    2.261663   -9.106785 1148.054688
   78.137657    1.881294   -9.516088 1148.054932
   79.034584    1.462646   -9.928817 1148.054810
   79.931236    1.008003  -10.343880 1148.054932
   80.824631    0.519714  -10.760542 1148.054810
   81.712578    0.000000  -11.178286 1148.054688
   82.593872   -0.547436  -11.597005 1148.054810
   83.474434   -1.128747  -12.020107 1148.054810
   84.358269   -1.745085  -12.449480 1148.054932
   85.244606   -2.395576  -12.885461 1148.055054
   86.132332   -3.079217  -13.327884 1148.054932
   87.019859   -3.794491  -13.775933 1148.055054
   87.905060   -4.539289  -14.229571 1148.055176
   88.785515   -5.311197  -14.687412 1148.055054
   89.653343   -6.102764  -15.145438 1148.054810
   90.503685   -6.905406  -15.600955 1148.054688
   91.334190   -7.716263  -16.052502 1148.054932
   92.143021   -8.531325  -16.498808 1148.054810
   92.928741   -9.346928  -16.938662 1148.054932
   93.690399  -10.159793  -17.371084 1148.054932
   94.427383  -10.967414  -17.795324 1148.054932
   95.142471  -11.770415  -18.212360 1148.054810
   95.836334  -12.567752  -18.622305 1148.054810
   96.508965  -13.358513  -19.024984 1148.055054
   97.160385  -14.139458  -19.419809 1148.054932
   97.790573  -14.909671  -19.806374 1148.054932
   98.399567  -15.667893  -20.184288 1148.054810
   98.987335  -16.412567  -20.553143 1148.054810
   99.553879  -17.142214  -20.912535 1148.055054
  100.099197  -17.855518  -21.262081 1148.055054
  100.623329  -18.551191  -21.601370 1148.054810
  101.126205  -19.228016  -21.930225 1148.055054
  101.607880  -19.884821  -22.146088 1148.054932
  102.068321  -20.520336  -22.059832 1148.054932
  102.507538  -21.371990  -21.372408 1148.054932
  102.946777  -21.827032  -21.827242 1148.054810
  103.420952  -22.318058  -22.318058 1148.054810
  103.932861  -22.848139  -22.848139 1148.054932
  104.485474  -23.420391  -23.420391 1148.054932
  105.082047  -24.038166  -24.038166 1148.054932
  105.726082  -24.705080  -24.705080 1148.054932
  106.421356  -25.425058  -25.425058 1148.054932
  107.171928  -26.202307  -26.202307 1148.054932
  107.982216  -27.041389  -27.041389 1148.054810
  108.856972  -27.947222  -27.947222 1148.054932
  109.801285  -28.925108  -28.925108 1148.054810
  110.820770  -29.980797  -29.980797 1148.054810
  111.921318  -31.120461  -31.120461 1148.054810
  113.109444  -32.350788  -32.350788 1148.054810
  114.392059  -33.678989  -33.678989 1148.054932
  115.776726  -35.112854  -35.112854 1148.054810
  117.271561  -36.660786  -36.660786 1148.054932
  118.885292  -38.331860  -38.331860 1148.054932
  120.627396  -40.135860  -40.135860 1148.054932
  122.508080  -42.083378  -42.083378 1148.054932
  BLADE PROFILES IN CARTESIAN COORDINATES (2D) BEFORE   PROJECTION, SCALING, MESHING AND STACKING 
  VARIABLES = "X", "YSS", "YPS" 
  BLADE           2  SECTION           3
    0.000000    0.002403    0.002403
    0.000062    0.004036   -0.001124
    0.000249    0.006134   -0.004062
    0.000561    0.008142   -0.007374
    0.000997    0.010303   -0.011021
    0.001557    0.012503   -0.014402
    0.002241    0.014757   -0.017647
    0.003050    0.017114   -0.020879
    0.003982    0.019630   -0.024083
    0.005038    0.022278   -0.027206
    0.006218    0.024999   -0.030210
    0.007520    0.027750   -0.033089
    0.008945    0.030496   -0.035733
    0.010493    0.033197   -0.038161
    0.012162    0.035813   -0.040377
    0.013954    0.038304   -0.042423
    0.015866    0.040638   -0.044388
    0.017899    0.042788   -0.046382
    0.020052    0.044745   -0.048425
    0.022325    0.046535   -0.050493
    0.024716    0.048223   -0.052637
    0.027226    0.049899   -0.054825
    0.029854    0.051580   -0.057056
    0.032600    0.053263   -0.059327
    0.035461    0.054942   -0.061637
    0.038439    0.056615   -0.063983
    0.041531    0.058279   -0.066366
    0.044738    0.059931   -0.068781
    0.048058    0.061567   -0.071230
    0.051491    0.063184   -0.073709
    0.055036    0.064779   -0.076218
    0.058691    0.066349   -0.078755
    0.062456    0.067890   -0.081320
    0.066331    0.069399   -0.083911
    0.070314    0.070874   -0.086528
    0.074403    0.072310   -0.089164
    0.078599    0.073706   -0.091806
    0.082900    0.075058   -0.094491
    0.087305    0.076363   -0.097198
    0.091812    0.077623   -0.099926
    0.096421    0.078861   -0.102676
    0.101131    0.080006   -0.105445
    0.105941    0.081088   -0.108234
    0.110848    0.082109   -0.111043
    0.115853    0.083066   -0.113870
    0.120953    0.083956   -0.116716
    0.126148    0.084777   -0.119576
    0.131435    0.085526   -0.122439
    0.136815    0.086200   -0.125336
    0.142285    0.086798   -0.128250
    0.147845    0.087316   -0.131181
    0.153492    0.087762   -0.134128
    0.159225    0.088151   -0.137093
    0.165044    0.088417   -0.140073
    0.170946    0.088591   -0.143071
    0.176930    0.088670   -0.146083
    0.182994    0.088655   -0.149110
    0.189138    0.088545   -0.152144
    0.195358    0.088339   -0.155205
    0.201655    0.088034   -0.158282
    0.208026    0.087628   -0.161375
    0.214470    0.087119   -0.164485
    0.220986    0.086506   -0.167611
    0.227570    0.085788   -0.170753
    0.234223    0.084970   -0.173912
    0.240941    0.084078   -0.177087
    0.247725    0.083032   -0.180276
    0.254571    0.081867   -0.183479
    0.261478    0.080588   -0.186704
    0.268445    0.079195   -0.189946
    0.275470    0.077687   -0.193205
    0.282550    0.076063   -0.196481
    0.289685    0.074322   -0.199775
    0.296872    0.072462   -0.203085
    0.304110    0.070484   -0.206413
    0.311396    0.068386   -0.209759
    0.318730    0.066168   -0.213122
    0.326109    0.063840   -0.216502
    0.333531    0.061424   -0.219899
    0.340994    0.058843   -0.223316
    0.348497    0.056140   -0.226750
    0.356038    0.053311   -0.230203
    0.363615    0.050357   -0.233673
    0.371226    0.047283   -0.237161
    0.378869    0.044086   -0.240666
    0.386542    0.040769   -0.244190
    0.394243    0.037330   -0.247731
    0.401971    0.033771   -0.251290
    0.409723    0.030092   -0.254867
    0.417498    0.026293   -0.258461
    0.425293    0.022376   -0.262072
    0.433107    0.018341   -0.265700
    0.440937    0.014189   -0.269346
    0.448783    0.009920   -0.273008
    0.456641    0.005537   -0.276687
    0.464509    0.001040   -0.280383
    0.472387   -0.003569   -0.284094
    0.480272   -0.008290   -0.287821
    0.488161   -0.013106   -0.291563
    0.496053   -0.018006   -0.295322
    0.503947   -0.023051   -0.299100
    0.511839   -0.028200   -0.302886
    0.519729   -0.033453   -0.306686
    0.527613   -0.038806   -0.310499
    0.535491   -0.044259   -0.314324
    0.543360   -0.049808   -0.318162
    0.551217   -0.055452   -0.322011
    0.559063   -0.061188   -0.325871
    0.566893   -0.067014   -0.329742
    0.574707   -0.072927   -0.333622
    0.582502   -0.078925   -0.337510
    0.590277   -0.085006   -0.341407
    0.598029   -0.091167   -0.345312
    0.605757   -0.097404   -0.349223
    0.613458   -0.103715   -0.353136
    0.621131   -0.110098   -0.357051
    0.628774   -0.116548   -0.360977
    0.636385   -0.123064   -0.364905
    0.643962   -0.129641   -0.368836
    0.651503   -0.136278   -0.372768
    0.659006   -0.142970   -0.376700
    0.666469   -0.149729   -0.380631
    0.673891   -0.156549   -0.384561
    0.681270   -0.163387   -0.388487
    0.688604   -0.170267   -0.392410
    0.695890   -0.177185   -0.396327
    0.703128   -0.184138   -0.400238
    0.710315   -0.191122   -0.404141
    0.717450   -0.198134   -0.408035
    0.724530   -0.205170   -0.411920
    0.731555   -0.212226   -0.415794
    0.738522   -0.219298   -0.419656
    0.745429   -0.226384   -0.423503
    0.752275   -0.233477   -0.427336
    0.759059   -0.240576   -0.431152
    0.765777   -0.247676   -0.434951
    0.772430   -0.254773   -0.438731
    0.779015   -0.261863   -0.442490
    0.785530   -0.268944   -0.446227
    0.791974   -0.276012   -0.449941
    0.798345   -0.283061   -0.453631
    0.804642   -0.290087   -0.457295
    0.810863   -0.297086   -0.460931
    0.817006   -0.304055   -0.464534
    0.823070   -0.310989   -0.468108
    0.829054   -0.317885   -0.471654
    0.834956   -0.324738   -0.475166
    0.840775   -0.331545   -0.478644
    0.846508   -0.338314   -0.482086
    0.852155   -0.345026   -0.485491
    0.857715   -0.351668   -0.488857
    0.863185   -0.358249   -0.492182
    0.868565   -0.364763   -0.495466
    0.873852   -0.371208   -0.498706
    0.879047   -0.377579   -0.501902
    0.884147   -0.383873   -0.505052
    0.889152   -0.390086   -0.508154
    0.894059   -0.396216   -0.511208
    0.898869   -0.402256   -0.514211
    0.903579   -0.408205   -0.517163
    0.908188   -0.414058   -0.520062
    0.912695   -0.419811   -0.522907
    0.917100   -0.425462   -0.525696
    0.921401   -0.431006   -0.528427
    0.925597   -0.436441   -0.531101
    0.929686   -0.441763   -0.533715
    0.933669   -0.446969   -0.536269
    0.937544   -0.452056   -0.538760
    0.941309   -0.457020   -0.541188
    0.944965   -0.461859   -0.543552
    0.948509   -0.466570   -0.545850
    0.951942   -0.471149   -0.548082
    0.955262   -0.475594   -0.550245
    0.958469   -0.479903   -0.552341
    0.961561   -0.484072   -0.554368
    0.964539   -0.488099   -0.556321
    0.967400   -0.491981   -0.558203
    0.970146   -0.495716   -0.559976
    0.972774   -0.499303   -0.561288
    0.975284   -0.502737   -0.562013
    0.977675   -0.506018   -0.562348
    0.979948   -0.509142   -0.562399
    0.982101   -0.512109   -0.562224
    0.984134   -0.514917   -0.561870
    0.986046   -0.517564   -0.561362
    0.987838   -0.520047   -0.560715
    0.989507   -0.522366   -0.559938
    0.991055   -0.524519   -0.559043
    0.992480   -0.526505   -0.558040
    0.993782   -0.528323   -0.556964
    0.994962   -0.529971   -0.555781
    0.996018   -0.531448   -0.554458
    0.996950   -0.532753   -0.553101
    0.997759   -0.533992   -0.551680
    0.998443   -0.535195   -0.550209
    0.999003   -0.536496   -0.548713
    0.999439   -0.537967   -0.547154
    0.999751   -0.539426   -0.545512
    0.999938   -0.540814   -0.543782
    1.000000   -0.543003   -0.543003
  BLADE PROFILES IN CARTESIAN COORDINATES (3D) 
  VARIABLES = "X", "YSS", "YPS" "R" 
  BLADE           2  SECTION           3
   52.538013    1.030004    1.030004 1148.445190
   53.702496    0.940766    0.940766 1148.446777
   54.746517    0.860758    0.860758 1148.448853
   55.682529    0.789028    0.789028 1148.450684
   56.521721    0.724717    0.724717 1148.452637
   57.274109    0.667060    0.667060 1148.454956
   57.948662    0.615366    0.615366 1148.457153
   58.553429    0.569020    0.569020 1148.459106
   59.095654    0.527468    0.527468 1148.461182
   59.581772    0.490214    0.490214 1148.463135
   60.017616    0.456814    0.456814 1148.464844
   60.408363    0.426869    0.426869 1148.466309
   60.758701    0.400022    0.400022 1148.467773
   61.072788    0.375951    0.375951 1148.469238
   61.354393    0.354371    0.354371 1148.470459
   61.606861    0.335023    0.335023 1148.471680
   61.833218    0.317676    0.317676 1148.472778
   62.036160    0.302124    0.302124 1148.473755
   62.218109    0.288181    0.288181 1148.474487
   62.381229    0.275680    0.275680 1148.475342
   62.527485    0.264472    0.264472 1148.476074
   62.673748    1.078112   -0.592656 1148.476807
   62.826641    1.433806   -0.991837 1148.477661
   62.986843    1.718344   -1.252154 1148.478760
   63.154942    1.944014   -1.439560 1148.479858
   63.331528    2.117956   -1.609944 1148.480835
   63.517265    2.256033   -1.777554 1148.481934
   63.712715    2.383875   -1.945763 1148.482910
   63.918530    2.508074   -2.114539 1148.484497
   64.135315    2.628917   -2.284677 1148.485718
   64.363670    2.746647   -2.456795 1148.487183
   64.604225    2.861231   -2.631400 1148.488892
   64.857590    2.972511   -2.808912 1148.490601
   65.124374    3.080211   -2.989693 1148.492432
   65.405197    3.183963   -3.174045 1148.494263
   65.700531    3.283258   -3.361057 1148.496338
   66.010452    3.377405   -3.552821 1148.498535
   66.335686    3.467170   -3.748624 1148.501099
   66.677032    3.549436   -3.948887 1148.503540
   67.035393    3.624068   -4.154019 1148.506348
   67.411758    3.690851   -4.364459 1148.509033
   67.807213    3.748852   -4.579817 1148.512207
   68.222694    3.796988   -4.802134 1148.515869
   68.659004    3.834414   -5.030959 1148.519409
   69.117615    3.860562   -5.267000 1148.523438
   69.600143    3.870842   -5.510995 1148.527588
   70.108414    3.865261   -5.763223 1148.531616
   70.644424    3.842003   -6.025765 1148.536621
   71.210350    3.798745   -6.299136 1148.541870
   71.813049    3.732362   -6.586645 1148.547607
   72.461197    3.639866   -6.892242 1148.553589
   73.155510    3.512443   -7.216363 1148.560425
   73.895454    3.348538   -7.559239 1148.567627
   74.679245    3.144138   -7.920217 1148.576050
   75.503899    2.896080   -8.298423 1148.584351
   76.365089    2.603047   -8.692647 1148.593384
   77.248871    2.262838   -9.097378 1148.603149
   78.141121    1.882186   -9.506947 1148.612427
   79.037033    1.463278   -9.919939 1148.622681
   79.932678    1.008401  -10.335269 1148.632568
   80.825058    0.519902  -10.752192 1148.642578
   81.712013    0.000000  -11.170198 1148.652344
   82.592308   -0.547232  -11.589367 1148.662842
   83.471863   -1.129051  -12.012526 1148.672729
   84.354675   -1.745509  -12.442153 1148.682983
   85.240044   -2.396100  -12.878390 1148.693359
   86.126762   -3.079824  -13.321065 1148.703613
   87.013222   -3.795157  -13.769623 1148.713745
   87.897461   -4.539999  -14.223253 1148.723755
   88.776917   -5.311530  -14.681341 1148.734253
   89.643761   -6.103553  -15.139608 1148.744019
   90.493103   -6.906122  -15.595360 1148.753418
   91.322716   -7.716949  -16.047134 1148.762817
   92.130630   -8.531972  -16.493664 1148.771606
   92.915459   -9.347507  -16.933727 1148.780518
   93.676224  -10.160302  -17.366354 1148.788696
   94.412392  -10.967838  -17.790789 1148.796387
   95.126656  -11.770750  -18.208012 1148.804199
   95.819733  -12.567989  -18.618139 1148.811401
   96.491631  -13.358643  -19.020992 1148.818237
   97.142311  -14.139476  -19.415981 1148.825073
   97.771797  -14.909570  -19.802708 1148.831299
   98.380104  -15.667665  -20.180769 1148.837158
   98.967201  -16.412218  -20.549767 1148.842773
   99.533112  -17.141731  -20.909298 1148.848145
  100.077820  -17.854900  -21.258972 1148.853149
  100.601334  -18.550438  -21.598383 1148.857910
  101.103668  -19.227133  -21.927361 1148.862305
  101.584808  -19.883802  -22.143265 1148.866577
  102.044746  -20.519173  -22.057390 1148.870483
  102.483490  -21.370617  -21.371035 1148.874023
  102.922234  -21.825617  -21.825827 1148.876099
  103.395905  -22.316584  -22.316584 1148.878418
  103.907234  -22.846611  -22.846611 1148.880737
  104.459244  -23.418804  -23.418804 1148.883057
  105.055176  -24.036514  -24.036514 1148.885742
  105.698517  -24.703363  -24.703363 1148.888306
  106.393036  -25.423256  -25.423256 1148.891113
  107.142799  -26.200424  -26.200424 1148.894165
  107.952202  -27.039413  -27.039413 1148.897339
  108.826019  -27.945145  -27.945145 1148.900391
  109.769333  -28.922928  -28.922928 1148.903564
  110.787689  -29.978497  -29.978497 1148.906982
  111.887054  -31.118034  -31.118034 1148.910278
  113.073906  -32.348221  -32.348221 1148.913696
  114.355133  -33.676266  -33.676266 1148.917236
  115.738319  -35.109962  -35.109962 1148.920532
  117.231529  -36.657696  -36.657696 1148.923950
  118.843521  -38.328548  -38.328548 1148.927124
  120.583748  -40.132313  -40.132313 1148.930176
  122.462425  -42.079548  -42.079548 1148.933105
