 DATA SET FOR "multall" . GENERATED BY "stagen" .                       
    CP   and   GAMMA 
  -10.0000    1.0000
287.0491            1.4492              
       ITIMST 
         3
     CFL,    DAMP,    MACHLIM,    F_PDOWN 
  0.400000 10.000000  2.000000  0.000000
  IF_RESTART 
         0
  NSTEPS_MAX, CONLIM 
     10000  0.000150
   SFX,      SFT,      FAC_4TH,     NCHANGE 
  0.005000  0.005000  0.800000      1000
       NUMBER OF BLADE ROWS 
         2
        IM        KM 
        37        37
  FP(I),I=1,IMM1 
  1.000000  1.250000  1.562500  1.953125  2.441406  3.051758  3.814697  4.768372
  5.960464  7.450581  9.313226 11.641532 14.551915 18.189894 20.000000 20.000000
 20.000000 20.000000 20.000000 20.000000 20.000000 20.000000 18.189894 14.551915
 11.641532  9.313226  7.450581  5.960464  4.768372  3.814697  3.051758  2.441406
  1.953125  1.562500  1.250000  1.000000
  FR(K),K=1,KMM1 
  1.000000  1.250000  1.562500  1.953125  2.441406  3.051758  3.814697  4.768372
  5.960464  7.450581  9.313226 11.641532 14.551915 18.189894 20.000000 20.000000
 20.000000 20.000000 20.000000 20.000000 20.000000 20.000000 18.189894 14.551915
 11.641532  9.313226  7.450581  5.960464  4.768372  3.814697  3.051758  2.441406
  1.953125  1.562500  1.250000  1.000000
        IR        JR        KR        IRBB      JRBB      KRBB 
         3         3         3         9         9         9
   FBLK1,     FBLK2,     FBLK3  
  0.400000  0.200000  0.100000
       IFMIX 
         1
   RFMIX,    FEXTRAP,   FSMTHB,    FANGLE 
  0.025000  0.800000  1.000000  0.800000
      IFCOOL    IFBLEED    IF_ROUGH 
         0         0         0
       NSECS_IN 
         3
       IN_PRESS  IN_VTAN   IN_VR    IN_FLOW  IF_REPEAT  RFIN 
         0         0         1         0         0   0.50000
  IPOUT  SFEXIT  NSFEXIT 
    1  0.000000    0
  PLATE_LOSS  THROTTLE_EXIT 
  0.000000  0.000000
        ILOS      NLOS      IBOUND 
       100         5         0
   REYNO,     RF_VIS,   FTRANS, TURBVIS_LIM, PRANDTL, YPLUSWALL
       0.0     0.500     0.000  3000.000       1.0     0.000
   YPLAM      YPTURB 
  5.000000 25.000000
      ISHIFT    NEXTRAP_LE  NEXTRAP_TE 
         2        10        10
  (NSTG(N),N=1,NROWS) 
         1         1
  5  TIME STEPS FOR PRINTOUT 
 10010 10010 10010 10010 10010
  MARKER FOR VARIABLES TO BE SENT TO THE OUTPUT FILE.
 0 0 0 0 0 0 0 0 0 0 0 0 0 0 0 0 0 0 0 0
  STREAM SURFACES ON WHICH RESULTS ARE TO BE SENT TO   THE OUTPUT FILE 
 0 0 0 0 0 0 0 0 0 0 0 0 0 0 0 0 0 0 0 0 0 0 0 0 0 0 0 0 0 0 0 0 0 0 0 0 0
 ***************************************************************
 ************STARTING THE INPUT FOR EACH BLADE ROW**************
  BLADE ROW NUMBER =        1                                           
    NUMBER OF BLADES IN ROW 
       106
        JM        JLE       JTE 
       111        26        96
      KTIPSTART  KTIPEND 
         0         0
       BOUNDARY LAYER TRANSITION POINTS 
         0         0         0         0
  SET NEWGRID= 1 TO GENERATE A NEW GRID WITH DIFFERENT "J" POINTS AND SPACINGS.
         0
   RPMROW,    RPMHUB 
       0.0       0.0
       JROTHS    JROTHE    JROTTS    JROTTE 
         1         1         1         1
   PUPROW    PLEROW   PTEROW    PDROW 
 2050959.0 2050959.0  849148.9  849148.9
      NSECS_ROW   INSURF  
         3         0
  IF_CUSP_OUT   IFANGLES 
         1         0
         0         3         0
 ***************************************************************
  ROW NUMBER           1  SECTION NUMBER            1
           0           0           0  IF_DESIGN etc 
   1.00000   0.00000    0
 -0.024983 -0.022111 -0.019550 -0.017267 -0.015232 -0.013417 -0.011798 -0.010356
 -0.009069 -0.007922 -0.006900 -0.005988 -0.005175 -0.004450 -0.003804 -0.003228
 -0.002714 -0.002256 -0.001848 -0.001483 -0.001159 -0.000869 -0.000611 -0.000381
 -0.000176  0.000007  0.000190  0.000381  0.000582  0.000792  0.001013  0.001245
  0.001490  0.001747  0.002018  0.002304  0.002605  0.002922  0.003255  0.003607
  0.003976  0.004364  0.004770  0.005197  0.005646  0.006116  0.006611  0.007131
  0.007676  0.008250  0.008854  0.009489  0.010160  0.010868  0.011622  0.012432
  0.013301  0.014226  0.015207  0.016238  0.017316  0.018421  0.019537  0.020658
  0.021778  0.022894  0.024004  0.025105  0.026205  0.027309  0.028417  0.029526
  0.030635  0.031741  0.032841  0.033925  0.034988  0.036026  0.037036  0.038018
  0.038969  0.039890  0.040784  0.041651  0.042491  0.043305  0.044092  0.044853
  0.045588  0.046296  0.046977  0.047632  0.048260  0.048862  0.049437  0.049986
  0.050535  0.051115  0.051728  0.052377  0.053062  0.053786  0.054552  0.055362
  0.056218  0.057122  0.058079  0.059090  0.060158  0.061288  0.062482
  1.000000  0.000000
 -0.017708 -0.017490 -0.017296 -0.017123 -0.016968 -0.016830 -0.016707 -0.016598
 -0.016500 -0.016413 -0.016335 -0.016266 -0.016205 -0.016149 -0.016100 -0.016057
 -0.016018 -0.015983 -0.015952 -0.015924 -0.015900 -0.015878 -0.015858 -0.015841
 -0.015825 -0.015811 -0.014857 -0.014419 -0.014121 -0.013900 -0.013698 -0.013492
 -0.013281 -0.013067 -0.012846 -0.012618 -0.012384 -0.012142 -0.011892 -0.011634
 -0.011369 -0.011095 -0.010813 -0.010521 -0.010220 -0.009910 -0.009589 -0.009257
 -0.008914 -0.008558 -0.008190 -0.007808 -0.007410 -0.006997 -0.006563 -0.006102
 -0.005616 -0.005105 -0.004570 -0.004015 -0.003442 -0.002860 -0.002279 -0.001701
 -0.001128 -0.000560  0.000000  0.000553  0.001104  0.001654  0.002205  0.002755
  0.003304  0.003851  0.004394  0.004931  0.005456  0.005970  0.006471  0.006959
  0.007432  0.007892  0.008338  0.008773  0.009195  0.009605  0.010003  0.010389
  0.010763  0.011124  0.011472  0.011808  0.012132  0.012279  0.012119  0.011140
  0.011708  0.012309  0.012945  0.013616  0.014326  0.015076  0.015870  0.016708
  0.017595  0.018532  0.019523  0.020570  0.021677  0.022847  0.024084
  1.000000
  0.000000  0.000000  0.000000  0.000000  0.000000  0.000000  0.000000  0.000000
  0.000000  0.000000  0.000000  0.000000  0.000000  0.000000  0.000000  0.000000
  0.000000  0.000000  0.000000  0.000000  0.000000  0.000000  0.000000  0.000000
  0.000000  0.000000  0.001877  0.002721  0.003338  0.003812  0.004215  0.004588
  0.004958  0.005333  0.005715  0.006103  0.006498  0.006899  0.007307  0.007723
  0.008144  0.008570  0.009003  0.009438  0.009878  0.010320  0.010765  0.011212
  0.011663  0.012110  0.012554  0.012997  0.013437  0.013870  0.014296  0.014718
  0.015129  0.015521  0.015884  0.016212  0.016501  0.016734  0.016909  0.017026
  0.017088  0.017094  0.017043  0.016940  0.016786  0.016580  0.016324  0.016017
  0.015661  0.015258  0.014810  0.014323  0.013803  0.013254  0.012680  0.012087
  0.011478  0.010856  0.010226  0.009587  0.008942  0.008294  0.007644  0.006996
  0.006352  0.005714  0.005083  0.004462  0.003853  0.003093  0.002054  0.000001
  0.000000  0.000000  0.000000  0.000000  0.000000  0.000000  0.000000  0.000000
  0.000000  0.000000  0.000000  0.000000  0.000000  0.000000  0.000000
  1.000000  0.000000
  1.147847  1.147846  1.147844  1.147843  1.147841  1.147840  1.147838  1.147837
  1.147835  1.147834  1.147833  1.147832  1.147831  1.147830  1.147829  1.147829
  1.147828  1.147827  1.147827  1.147826  1.147826  1.147825  1.147825  1.147825
  1.147824  1.147824  1.147823  1.147823  1.147823  1.147822  1.147821  1.147821
  1.147820  1.147820  1.147819  1.147818  1.147817  1.147816  1.147815  1.147814
  1.147813  1.147812  1.147811  1.147810  1.147808  1.147807  1.147805  1.147804
  1.147802  1.147800  1.147798  1.147796  1.147794  1.147792  1.147790  1.147787
  1.147784  1.147781  1.147777  1.147774  1.147770  1.147766  1.147762  1.147758
  1.147754  1.147750  1.147747  1.147742  1.147738  1.147734  1.147730  1.147726
  1.147723  1.147719  1.147716  1.147712  1.147708  1.147705  1.147702  1.147699
  1.147696  1.147693  1.147691  1.147688  1.147686  1.147684  1.147681  1.147680
  1.147678  1.147676  1.147675  1.147673  1.147672  1.147670  1.147669  1.147668
  1.147667  1.147667  1.147666  1.147666  1.147664  1.147663  1.147662  1.147660
  1.147658  1.147655  1.147652  1.147649  1.147645  1.147640  1.147635
 ***************************************************************
  ROW NUMBER           1  SECTION NUMBER            2
           0           0           0  IF_DESIGN etc 
   1.00000   0.00000    0
 -0.025003 -0.022130 -0.019568 -0.017284 -0.015248 -0.013432 -0.011813 -0.010370
 -0.009083 -0.007936 -0.006913 -0.006001 -0.005187 -0.004462 -0.003816 -0.003239
 -0.002725 -0.002267 -0.001858 -0.001494 -0.001169 -0.000880 -0.000622 -0.000391
 -0.000186 -0.000003  0.000180  0.000371  0.000572  0.000782  0.001003  0.001235
  0.001480  0.001738  0.002009  0.002295  0.002596  0.002913  0.003247  0.003598
  0.003968  0.004355  0.004762  0.005189  0.005638  0.006109  0.006604  0.007124
  0.007670  0.008243  0.008847  0.009483  0.010154  0.010862  0.011616  0.012428
  0.013296  0.014222  0.015203  0.016235  0.017313  0.018419  0.019535  0.020656
  0.021777  0.022894  0.024004  0.025105  0.026206  0.027311  0.028419  0.029528
  0.030638  0.031744  0.032845  0.033930  0.034992  0.036031  0.037042  0.038024
  0.038976  0.039897  0.040791  0.041658  0.042499  0.043313  0.044101  0.044862
  0.045597  0.046305  0.046987  0.047642  0.048270  0.048872  0.049448  0.049997
  0.050546  0.051126  0.051740  0.052388  0.053074  0.053799  0.054565  0.055375
  0.056231  0.057136  0.058093  0.059104  0.060173  0.061304  0.062498
  1.000000  0.000000
 -0.017712 -0.017494 -0.017299 -0.017126 -0.016971 -0.016833 -0.016711 -0.016601
 -0.016503 -0.016416 -0.016339 -0.016269 -0.016208 -0.016153 -0.016104 -0.016060
 -0.016021 -0.015986 -0.015955 -0.015927 -0.015903 -0.015881 -0.015861 -0.015844
 -0.015828 -0.015814 -0.014860 -0.014422 -0.014124 -0.013903 -0.013700 -0.013494
 -0.013284 -0.013069 -0.012848 -0.012620 -0.012386 -0.012144 -0.011894 -0.011636
 -0.011370 -0.011097 -0.010815 -0.010523 -0.010222 -0.009911 -0.009591 -0.009258
 -0.008915 -0.008559 -0.008191 -0.007809 -0.007411 -0.006998 -0.006564 -0.006103
 -0.005617 -0.005105 -0.004571 -0.004015 -0.003442 -0.002861 -0.002280 -0.001701
 -0.001128 -0.000560  0.000000  0.000553  0.001104  0.001654  0.002205  0.002755
  0.003304  0.003851  0.004395  0.004931  0.005456  0.005970  0.006471  0.006959
  0.007432  0.007892  0.008338  0.008773  0.009195  0.009605  0.010003  0.010389
  0.010762  0.011123  0.011472  0.011808  0.012132  0.012278  0.012118  0.011139
  0.011707  0.012308  0.012943  0.013615  0.014325  0.015075  0.015869  0.016708
  0.017594  0.018531  0.019522  0.020569  0.021677  0.022847  0.024084
  1.000000
  0.000000  0.000000  0.000000  0.000000  0.000000  0.000000  0.000000  0.000000
  0.000000  0.000000  0.000000  0.000000  0.000000  0.000000  0.000000  0.000000
  0.000000  0.000000  0.000000  0.000000  0.000000  0.000000  0.000000  0.000000
  0.000000  0.000000  0.001878  0.002722  0.003339  0.003814  0.004217  0.004589
  0.004960  0.005334  0.005717  0.006105  0.006500  0.006901  0.007310  0.007725
  0.008147  0.008573  0.009006  0.009442  0.009881  0.010324  0.010769  0.011216
  0.011667  0.012114  0.012558  0.013001  0.013441  0.013875  0.014301  0.014723
  0.015135  0.015526  0.015889  0.016217  0.016506  0.016739  0.016915  0.017032
  0.017094  0.017100  0.017049  0.016946  0.016791  0.016586  0.016329  0.016022
  0.015667  0.015263  0.014815  0.014328  0.013807  0.013258  0.012685  0.012091
  0.011482  0.010860  0.010229  0.009590  0.008945  0.008297  0.007647  0.006998
  0.006354  0.005715  0.005085  0.004464  0.003855  0.003094  0.002054  0.000001
  0.000000  0.000000  0.000000  0.000000  0.000000  0.000000  0.000000  0.000000
  0.000000  0.000000  0.000000  0.000000  0.000000  0.000000  0.000000
  1.000000  0.000000
  1.148055  1.148055  1.148055  1.148055  1.148055  1.148055  1.148055  1.148055
  1.148055  1.148055  1.148055  1.148055  1.148055  1.148055  1.148055  1.148055
  1.148055  1.148055  1.148055  1.148055  1.148055  1.148055  1.148055  1.148055
  1.148055  1.148055  1.148055  1.148055  1.148055  1.148055  1.148055  1.148055
  1.148055  1.148055  1.148055  1.148055  1.148055  1.148055  1.148055  1.148055
  1.148055  1.148055  1.148055  1.148055  1.148055  1.148055  1.148055  1.148055
  1.148055  1.148055  1.148055  1.148055  1.148055  1.148055  1.148055  1.148055
  1.148055  1.148055  1.148055  1.148055  1.148055  1.148055  1.148055  1.148055
  1.148055  1.148055  1.148055  1.148055  1.148055  1.148055  1.148055  1.148055
  1.148055  1.148054  1.148055  1.148055  1.148055  1.148054  1.148055  1.148055
  1.148055  1.148055  1.148055  1.148055  1.148055  1.148055  1.148055  1.148055
  1.148055  1.148055  1.148055  1.148055  1.148055  1.148055  1.148055  1.148055
  1.148055  1.148055  1.148055  1.148055  1.148055  1.148055  1.148055  1.148055
  1.148055  1.148055  1.148055  1.148055  1.148055  1.148055  1.148055
 ***************************************************************
  ROW NUMBER           1  SECTION NUMBER            3
           0           0           0  IF_DESIGN etc 
   1.00000   0.00000    0
 -0.025024 -0.022150 -0.019587 -0.017302 -0.015265 -0.013448 -0.011829 -0.010385
 -0.009097 -0.007949 -0.006926 -0.006013 -0.005200 -0.004474 -0.003827 -0.003251
 -0.002736 -0.002278 -0.001869 -0.001505 -0.001180 -0.000890 -0.000632 -0.000402
 -0.000196 -0.000013  0.000170  0.000361  0.000562  0.000772  0.000993  0.001226
  0.001471  0.001728  0.002000  0.002286  0.002587  0.002904  0.003238  0.003589
  0.003959  0.004347  0.004754  0.005182  0.005630  0.006101  0.006596  0.007117
  0.007663  0.008237  0.008841  0.009477  0.010148  0.010857  0.011611  0.012423
  0.013292  0.014218  0.015199  0.016232  0.017310  0.018416  0.019533  0.020655
  0.021776  0.022893  0.024004  0.025106  0.026207  0.027312  0.028421  0.029531
  0.030641  0.031747  0.032848  0.033934  0.034997  0.036036  0.037047  0.038030
  0.038982  0.039904  0.040798  0.041665  0.042507  0.043321  0.044109  0.044871
  0.045606  0.046314  0.046996  0.047652  0.048280  0.048883  0.049459  0.050008
  0.050557  0.051138  0.051752  0.052400  0.053086  0.053811  0.054578  0.055388
  0.056245  0.057150  0.058107  0.059119  0.060189  0.061319  0.062515
  1.000000  0.000000
 -0.017715 -0.017497 -0.017303 -0.017129 -0.016975 -0.016837 -0.016714 -0.016604
 -0.016507 -0.016420 -0.016342 -0.016273 -0.016211 -0.016156 -0.016107 -0.016063
 -0.016024 -0.015989 -0.015958 -0.015931 -0.015906 -0.015884 -0.015865 -0.015847
 -0.015832 -0.015818 -0.014863 -0.014424 -0.014126 -0.013906 -0.013703 -0.013497
 -0.013286 -0.013072 -0.012850 -0.012623 -0.012388 -0.012146 -0.011896 -0.011638
 -0.011372 -0.011099 -0.010816 -0.010525 -0.010224 -0.009913 -0.009592 -0.009260
 -0.008916 -0.008561 -0.008193 -0.007810 -0.007412 -0.006999 -0.006565 -0.006104
 -0.005618 -0.005106 -0.004571 -0.004016 -0.003443 -0.002861 -0.002280 -0.001702
 -0.001128 -0.000561  0.000000  0.000553  0.001104  0.001654  0.002205  0.002755
  0.003304  0.003851  0.004395  0.004931  0.005456  0.005970  0.006471  0.006959
  0.007432  0.007892  0.008338  0.008773  0.009195  0.009605  0.010003  0.010389
  0.010762  0.011123  0.011472  0.011808  0.012132  0.012278  0.012117  0.011138
  0.011706  0.012307  0.012942  0.013614  0.014324  0.015075  0.015868  0.016707
  0.017594  0.018531  0.019522  0.020569  0.021677  0.022847  0.024085
  1.000000
  0.000000  0.000000  0.000000  0.000000  0.000000  0.000000  0.000000  0.000000
  0.000000  0.000000  0.000000  0.000000  0.000000  0.000000  0.000000  0.000000
  0.000000  0.000000  0.000000  0.000000  0.000000  0.000000  0.000000  0.000000
  0.000000  0.000000  0.001878  0.002723  0.003340  0.003815  0.004218  0.004591
  0.004961  0.005336  0.005719  0.006107  0.006502  0.006904  0.007312  0.007728
  0.008150  0.008576  0.009009  0.009445  0.009884  0.010327  0.010772  0.011220
  0.011671  0.012118  0.012563  0.013006  0.013446  0.013880  0.014306  0.014728
  0.015140  0.015531  0.015895  0.016223  0.016512  0.016745  0.016920  0.017038
  0.017100  0.017106  0.017055  0.016952  0.016797  0.016591  0.016335  0.016028
  0.015672  0.015269  0.014820  0.014333  0.013812  0.013263  0.012689  0.012095
  0.011486  0.010864  0.010233  0.009594  0.008948  0.008299  0.007649  0.007001
  0.006356  0.005717  0.005086  0.004465  0.003856  0.003095  0.002055  0.000001
  0.000000  0.000000  0.000000  0.000000  0.000000  0.000000  0.000000  0.000000
  0.000000  0.000000  0.000000  0.000000  0.000000  0.000000  0.000000
  1.000000  0.000000
  1.148263  1.148264  1.148266  1.148267  1.148269  1.148270  1.148272  1.148273
  1.148274  1.148276  1.148277  1.148278  1.148279  1.148280  1.148281  1.148281
  1.148282  1.148283  1.148283  1.148284  1.148284  1.148285  1.148285  1.148285
  1.148286  1.148286  1.148286  1.148287  1.148287  1.148288  1.148288  1.148289
  1.148290  1.148290  1.148291  1.148292  1.148293  1.148294  1.148295  1.148296
  1.148297  1.148298  1.148299  1.148301  1.148302  1.148303  1.148305  1.148306
  1.148308  1.148310  1.148312  1.148314  1.148316  1.148319  1.148321  1.148324
  1.148327  1.148330  1.148334  1.148337  1.148341  1.148345  1.148349  1.148353
  1.148357  1.148362  1.148365  1.148369  1.148373  1.148377  1.148381  1.148385
  1.148389  1.148393  1.148397  1.148399  1.148403  1.148407  1.148410  1.148413
  1.148416  1.148419  1.148421  1.148423  1.148426  1.148428  1.148430  1.148432
  1.148434  1.148435  1.148437  1.148438  1.148440  1.148441  1.148442  1.148443
  1.148443  1.148444  1.148444  1.148445  1.148446  1.148447  1.148448  1.148450
  1.148452  1.148455  1.148458  1.148461  1.148465  1.148470  1.148476
 ***************************************************************
 ************STARTING THE INPUT FOR EACH BLADE ROW**************
  BLADE ROW NUMBER =        2                                           
    NUMBER OF BLADES IN ROW 
       127
        JM        JLE       JTE 
       111        21        91
      KTIPSTART  KTIPEND 
         0         0
       BOUNDARY LAYER TRANSITION POINTS 
         0         0         0         0
  SET NEWGRID= 1 TO GENERATE A NEW GRID WITH DIFFERENT "J" POINTS AND SPACINGS.
         0
   RPMROW,    RPMHUB 
    3000.0    3000.0
       JROTHS    JROTHE    JROTTS    JROTTE 
         1         1         1         1
   PUPROW    PLEROW   PTEROW    PDROW 
  849148.9  849148.9  282247.9  282247.9
      NSECS_ROW   INSURF  
         3         0
  IF_CUSP_OUT   IFANGLES 
         1         0
         0         3         0
 ***************************************************************
  ROW NUMBER           2  SECTION NUMBER            1
           0           0           0  IF_DESIGN etc 
   1.00000   0.00000    0
  0.052474  0.053641  0.054688  0.055626  0.056467  0.057221  0.057897  0.058503
  0.059047  0.059534  0.059971  0.060362  0.060713  0.061028  0.061310  0.061563
  0.061790  0.061994  0.062176  0.062339  0.062486  0.062633  0.062786  0.062946
  0.063115  0.063292  0.063478  0.063674  0.063880  0.064097  0.064326  0.064567
  0.064821  0.065089  0.065370  0.065666  0.065977  0.066303  0.066645  0.067004
  0.067381  0.067777  0.068194  0.068631  0.069091  0.069574  0.070084  0.070621
  0.071188  0.071792  0.072442  0.073138  0.073879  0.074665  0.075491  0.076354
  0.077240  0.078134  0.079032  0.079930  0.080824  0.081713  0.082596  0.083477
  0.084362  0.085249  0.086138  0.087026  0.087912  0.088794  0.089663  0.090514
  0.091345  0.092155  0.092942  0.093704  0.094442  0.095158  0.095852  0.096526
  0.097178  0.097809  0.098418  0.099007  0.099574  0.100120  0.100645  0.101148
  0.101630  0.102091  0.102531  0.102971  0.103445  0.103958  0.104511  0.105108
  0.105753  0.106449  0.107201  0.108012  0.108888  0.109833  0.110854  0.111956
  0.113145  0.114429  0.115815  0.117312  0.118927  0.120672  0.122554
  1.000000  0.000000
  0.000994  0.000907  0.000828  0.000757  0.000694  0.000637  0.000587  0.000541
  0.000500  0.000464  0.000431  0.000401  0.000375  0.000351  0.000330  0.000311
  0.000294  0.000279  0.000265  0.000253  0.000242  0.001055  0.001412  0.001697
  0.001922  0.002096  0.002235  0.002364  0.002488  0.002610  0.002728  0.002843
  0.002955  0.003063  0.003167  0.003267  0.003362  0.003452  0.003535  0.003611
  0.003678  0.003737  0.003785  0.003823  0.003850  0.003861  0.003856  0.003834
  0.003791  0.003725  0.003634  0.003507  0.003344  0.003140  0.002893  0.002600
  0.002261  0.001881  0.001462  0.001008  0.000520  0.000000 -0.000547 -0.001129
 -0.001745 -0.002395 -0.003079 -0.003794 -0.004539 -0.005311 -0.006102 -0.006905
 -0.007716 -0.008531 -0.009347 -0.010160 -0.010968 -0.011771 -0.012568 -0.013359
 -0.014140 -0.014911 -0.015669 -0.016414 -0.017144 -0.017857 -0.018553 -0.019230
 -0.019887 -0.020523 -0.021375 -0.021830 -0.022321 -0.022851 -0.023424 -0.024042
 -0.024709 -0.025429 -0.026206 -0.027045 -0.027951 -0.028929 -0.029985 -0.031125
 -0.032356 -0.033684 -0.035118 -0.036667 -0.038338 -0.040142 -0.042090
  1.000000
  0.000000  0.000000  0.000000  0.000000  0.000000  0.000000  0.000000  0.000000
  0.000000  0.000000  0.000000  0.000000  0.000000  0.000000  0.000000  0.000000
  0.000000  0.000000  0.000000  0.000000  0.000000  0.001670  0.002428  0.002975
  0.003387  0.003732  0.004039  0.004336  0.004629  0.004921  0.005211  0.005501
  0.005790  0.006079  0.006367  0.006655  0.006940  0.007226  0.007509  0.007790
  0.008067  0.008341  0.008612  0.008878  0.009141  0.009396  0.009643  0.009883
  0.010113  0.010335  0.010548  0.010745  0.010924  0.011081  0.011212  0.011313
  0.011378  0.011406  0.011401  0.011361  0.011289  0.011187  0.011058  0.010900
  0.010713  0.010498  0.010257  0.009989  0.009698  0.009384  0.009050  0.008703
  0.008343  0.007974  0.007598  0.007217  0.006833  0.006447  0.006059  0.005671
  0.005285  0.004901  0.004520  0.004144  0.003773  0.003409  0.003053  0.002704
  0.002263  0.001541  0.000000  0.000000  0.000000  0.000000  0.000000  0.000000
  0.000000  0.000000  0.000000  0.000000  0.000000  0.000000  0.000000  0.000000
  0.000000  0.000000  0.000000  0.000000  0.000000  0.000000  0.000000
  1.000000  0.000000
  1.147665  1.147664  1.147662  1.147660  1.147657  1.147655  1.147653  1.147651
  1.147649  1.147648  1.147646  1.147644  1.147643  1.147641  1.147640  1.147639
  1.147638  1.147637  1.147636  1.147636  1.147635  1.147634  1.147633  1.147632
  1.147631  1.147630  1.147629  1.147628  1.147627  1.147625  1.147624  1.147622
  1.147621  1.147619  1.147617  1.147615  1.147613  1.147610  1.147608  1.147605
  1.147602  1.147599  1.147596  1.147592  1.147588  1.147584  1.147580  1.147575
  1.147570  1.147564  1.147558  1.147551  1.147544  1.147536  1.147527  1.147518
  1.147509  1.147499  1.147489  1.147479  1.147469  1.147459  1.147449  1.147438
  1.147428  1.147418  1.147408  1.147397  1.147387  1.147377  1.147367  1.147357
  1.147348  1.147339  1.147330  1.147322  1.147314  1.147306  1.147299  1.147292
  1.147285  1.147279  1.147273  1.147268  1.147262  1.147257  1.147252  1.147248
  1.147243  1.147240  1.147236  1.147234  1.147232  1.147230  1.147227  1.147224
  1.147222  1.147219  1.147216  1.147213  1.147210  1.147207  1.147204  1.147200
  1.147197  1.147194  1.147190  1.147187  1.147184  1.147181  1.147178
 ***************************************************************
  ROW NUMBER           2  SECTION NUMBER            2
           0           0           0  IF_DESIGN etc 
   1.00000   0.00000    0
  0.052506  0.053672  0.054717  0.055654  0.056494  0.057247  0.057923  0.058528
  0.059071  0.059558  0.059994  0.060385  0.060736  0.061050  0.061332  0.061585
  0.061812  0.062015  0.062197  0.062360  0.062507  0.062653  0.062806  0.062966
  0.063135  0.063312  0.063497  0.063693  0.063899  0.064116  0.064345  0.064586
  0.064839  0.065106  0.065387  0.065683  0.065993  0.066319  0.066661  0.067019
  0.067396  0.067792  0.068208  0.068645  0.069104  0.069587  0.070096  0.070632
  0.071199  0.071802  0.072451  0.073146  0.073887  0.074672  0.075497  0.076360
  0.077244  0.078138  0.079035  0.079931  0.080825  0.081713  0.082594  0.083474
  0.084358  0.085245  0.086132  0.087020  0.087905  0.088786  0.089653  0.090504
  0.091334  0.092143  0.092929  0.093690  0.094427  0.095142  0.095836  0.096509
  0.097160  0.097791  0.098400  0.098987  0.099554  0.100099  0.100623  0.101126
  0.101608  0.102068  0.102508  0.102947  0.103421  0.103933  0.104485  0.105082
  0.105726  0.106421  0.107172  0.107982  0.108857  0.109801  0.110821  0.111921
  0.113109  0.114392  0.115777  0.117272  0.118885  0.120627  0.122508
  1.000000  0.000000
  0.001012  0.000924  0.000844  0.000773  0.000709  0.000652  0.000601  0.000555
  0.000514  0.000477  0.000444  0.000414  0.000388  0.000364  0.000342  0.000323
  0.000306  0.000290  0.000277  0.000264  0.000253  0.001066  0.001423  0.001708
  0.001933  0.002107  0.002246  0.002374  0.002498  0.002619  0.002737  0.002852
  0.002964  0.003072  0.003176  0.003275  0.003370  0.003460  0.003542  0.003617
  0.003684  0.003743  0.003791  0.003828  0.003855  0.003866  0.003861  0.003838
  0.003795  0.003729  0.003637  0.003510  0.003346  0.003142  0.002894  0.002602
  0.002262  0.001881  0.001463  0.001008  0.000520  0.000000 -0.000547 -0.001129
 -0.001745 -0.002396 -0.003079 -0.003794 -0.004539 -0.005311 -0.006103 -0.006905
 -0.007716 -0.008531 -0.009347 -0.010160 -0.010967 -0.011770 -0.012568 -0.013359
 -0.014139 -0.014910 -0.015668 -0.016413 -0.017142 -0.017856 -0.018551 -0.019228
 -0.019885 -0.020520 -0.021372 -0.021827 -0.022318 -0.022848 -0.023420 -0.024038
 -0.024705 -0.025425 -0.026202 -0.027041 -0.027947 -0.028925 -0.029981 -0.031120
 -0.032351 -0.033679 -0.035113 -0.036661 -0.038332 -0.040136 -0.042083
  1.000000
  0.000000  0.000000  0.000000  0.000000  0.000000  0.000000  0.000000  0.000000
  0.000000  0.000000  0.000000  0.000000  0.000000  0.000000  0.000000  0.000000
  0.000000  0.000000  0.000000  0.000000  0.000000  0.001670  0.002427  0.002973
  0.003386  0.003731  0.004036  0.004332  0.004626  0.004917  0.005207  0.005496
  0.005785  0.006074  0.006362  0.006649  0.006935  0.007221  0.007504  0.007784
  0.008061  0.008335  0.008605  0.008871  0.009134  0.009389  0.009635  0.009875
  0.010105  0.010326  0.010540  0.010737  0.010916  0.011072  0.011203  0.011304
  0.011368  0.011397  0.011391  0.011352  0.011280  0.011178  0.011050  0.010891
  0.010704  0.010490  0.010249  0.009981  0.009690  0.009376  0.009043  0.008696
  0.008336  0.007967  0.007592  0.007211  0.006828  0.006442  0.006055  0.005666
  0.005280  0.004897  0.004516  0.004141  0.003770  0.003407  0.003050  0.002702
  0.002261  0.001539  0.000000  0.000000  0.000000  0.000000  0.000000  0.000000
  0.000000  0.000000  0.000000  0.000000  0.000000  0.000000  0.000000  0.000000
  0.000000  0.000000  0.000000  0.000000  0.000000  0.000000  0.000000
  1.000000  0.000000
  1.148055  1.148055  1.148055  1.148055  1.148055  1.148055  1.148055  1.148055
  1.148055  1.148055  1.148055  1.148055  1.148055  1.148055  1.148055  1.148055
  1.148055  1.148055  1.148055  1.148055  1.148055  1.148055  1.148055  1.148055
  1.148055  1.148055  1.148055  1.148055  1.148055  1.148055  1.148055  1.148055
  1.148055  1.148055  1.148055  1.148055  1.148055  1.148055  1.148055  1.148055
  1.148055  1.148055  1.148055  1.148055  1.148055  1.148055  1.148055  1.148055
  1.148055  1.148055  1.148055  1.148055  1.148055  1.148055  1.148055  1.148055
  1.148055  1.148055  1.148055  1.148055  1.148055  1.148055  1.148055  1.148055
  1.148055  1.148055  1.148055  1.148055  1.148055  1.148055  1.148055  1.148055
  1.148055  1.148055  1.148055  1.148055  1.148055  1.148055  1.148055  1.148055
  1.148055  1.148055  1.148055  1.148055  1.148055  1.148055  1.148055  1.148055
  1.148055  1.148055  1.148055  1.148055  1.148055  1.148055  1.148055  1.148055
  1.148055  1.148055  1.148055  1.148055  1.148055  1.148055  1.148055  1.148055
  1.148055  1.148055  1.148055  1.148055  1.148055  1.148055  1.148055
 ***************************************************************
  ROW NUMBER           2  SECTION NUMBER            3
           0           0           0  IF_DESIGN etc 
   1.00000   0.00000    0
  0.052538  0.053702  0.054747  0.055683  0.056522  0.057274  0.057949  0.058553
  0.059096  0.059582  0.060018  0.060408  0.060759  0.061073  0.061354  0.061607
  0.061833  0.062036  0.062218  0.062381  0.062527  0.062674  0.062827  0.062987
  0.063155  0.063332  0.063517  0.063713  0.063919  0.064135  0.064364  0.064604
  0.064858  0.065124  0.065405  0.065701  0.066010  0.066336  0.066677  0.067035
  0.067412  0.067807  0.068223  0.068659  0.069118  0.069600  0.070108  0.070644
  0.071210  0.071813  0.072461  0.073156  0.073895  0.074679  0.075504  0.076365
  0.077249  0.078141  0.079037  0.079933  0.080825  0.081712  0.082592  0.083472
  0.084355  0.085240  0.086127  0.087013  0.087897  0.088777  0.089644  0.090493
  0.091323  0.092131  0.092915  0.093676  0.094412  0.095127  0.095820  0.096492
  0.097142  0.097772  0.098380  0.098967  0.099533  0.100078  0.100601  0.101104
  0.101585  0.102045  0.102483  0.102922  0.103396  0.103907  0.104459  0.105055
  0.105699  0.106393  0.107143  0.107952  0.108826  0.109769  0.110788  0.111887
  0.113074  0.114355  0.115738  0.117232  0.118844  0.120584  0.122462
  1.000000  0.000000
  0.001030  0.000941  0.000861  0.000789  0.000725  0.000667  0.000615  0.000569
  0.000527  0.000490  0.000457  0.000427  0.000400  0.000376  0.000354  0.000335
  0.000318  0.000302  0.000288  0.000276  0.000264  0.001078  0.001434  0.001718
  0.001944  0.002118  0.002256  0.002384  0.002508  0.002629  0.002747  0.002861
  0.002973  0.003080  0.003184  0.003283  0.003377  0.003467  0.003549  0.003624
  0.003691  0.003749  0.003797  0.003834  0.003861  0.003871  0.003865  0.003842
  0.003799  0.003732  0.003640  0.003512  0.003349  0.003144  0.002896  0.002603
  0.002263  0.001882  0.001463  0.001008  0.000520  0.000000 -0.000547 -0.001129
 -0.001746 -0.002396 -0.003080 -0.003795 -0.004540 -0.005312 -0.006104 -0.006906
 -0.007717 -0.008532 -0.009348 -0.010160 -0.010968 -0.011771 -0.012568 -0.013359
 -0.014139 -0.014910 -0.015668 -0.016412 -0.017142 -0.017855 -0.018550 -0.019227
 -0.019884 -0.020519 -0.021371 -0.021826 -0.022317 -0.022847 -0.023419 -0.024037
 -0.024703 -0.025423 -0.026200 -0.027039 -0.027945 -0.028923 -0.029978 -0.031118
 -0.032348 -0.033676 -0.035110 -0.036658 -0.038329 -0.040132 -0.042080
  1.000000
  0.000000  0.000000  0.000000  0.000000  0.000000  0.000000  0.000000  0.000000
  0.000000  0.000000  0.000000  0.000000  0.000000  0.000000  0.000000  0.000000
  0.000000  0.000000  0.000000  0.000000  0.000000  0.001671  0.002426  0.002970
  0.003384  0.003728  0.004034  0.004330  0.004623  0.004914  0.005203  0.005493
  0.005781  0.006070  0.006358  0.006644  0.006930  0.007216  0.007498  0.007778
  0.008055  0.008329  0.008599  0.008865  0.009128  0.009382  0.009628  0.009868
  0.010098  0.010319  0.010532  0.010729  0.010908  0.011064  0.011195  0.011296
  0.011360  0.011389  0.011383  0.011344  0.011272  0.011170  0.011042  0.010883
  0.010697  0.010482  0.010241  0.009974  0.009683  0.009370  0.009036  0.008689
  0.008330  0.007962  0.007586  0.007206  0.006823  0.006437  0.006050  0.005662
  0.005277  0.004893  0.004513  0.004138  0.003768  0.003404  0.003048  0.002700
  0.002259  0.001538  0.000000  0.000000  0.000000  0.000000  0.000000  0.000000
  0.000000  0.000000  0.000000  0.000000  0.000000  0.000000  0.000000  0.000000
  0.000000  0.000000  0.000000  0.000000  0.000000  0.000000  0.000000
  1.000000  0.000000
  1.148445  1.148447  1.148449  1.148451  1.148453  1.148455  1.148457  1.148459
  1.148461  1.148463  1.148465  1.148466  1.148468  1.148469  1.148470  1.148472
  1.148473  1.148474  1.148474  1.148475  1.148476  1.148477  1.148478  1.148479
  1.148480  1.148481  1.148482  1.148483  1.148484  1.148486  1.148487  1.148489
  1.148491  1.148492  1.148494  1.148496  1.148499  1.148501  1.148504  1.148506
  1.148509  1.148512  1.148516  1.148519  1.148523  1.148528  1.148532  1.148537
  1.148542  1.148548  1.148554  1.148560  1.148568  1.148576  1.148584  1.148593
  1.148603  1.148612  1.148623  1.148633  1.148643  1.148652  1.148663  1.148673
  1.148683  1.148693  1.148704  1.148714  1.148724  1.148734  1.148744  1.148753
  1.148763  1.148772  1.148780  1.148789  1.148796  1.148804  1.148811  1.148818
  1.148825  1.148831  1.148837  1.148843  1.148848  1.148853  1.148858  1.148862
  1.148867  1.148870  1.148874  1.148876  1.148878  1.148881  1.148883  1.148886
  1.148888  1.148891  1.148894  1.148897  1.148900  1.148904  1.148907  1.148910
  1.148914  1.148917  1.148921  1.148924  1.148927  1.148930  1.148933
  STARTING INLET BOUNDARY CONDITION DATA .
  NUMBER OF POINTS FOR INLET BOUNDARY CONDITIONS 
        37
  SPACING OF INLET BOUNDARY CONDITION POINTS 
  1.000000  1.250000  1.562500  1.953125  2.441406  3.051758  3.814697  4.768372
  5.960464  7.450581  9.313226 11.641532 14.551915 18.189894 20.000000 20.000000
 20.000000 20.000000 20.000000 20.000000 20.000000 20.000000 18.189894 14.551915
 11.641532  9.313226  7.450581  5.960464  4.768372  3.814697  3.051758  2.441406
  1.953125  1.562500  1.250000  1.000000
   INLET STAGNATION PRESSURES 
 3786000.0 3786000.0 3786000.0 3786000.0 3786000.0 3785999.8 3786000.0 3786000.2
 3785999.8 3786000.0 3786000.2 3786000.0 3786000.2 3786000.0 3786000.0 3786000.0
 3786000.0 3786000.0 3786000.0 3786000.0 3786000.0 3786000.0 3786000.0 3786000.0
 3786000.0 3786000.0 3786000.0 3786000.0 3786000.0 3786000.0 3786000.0 3786000.0
 3786000.0 3786000.0 3786000.0 3786000.0 3786000.0
   INLET STAGNATION TEMPERATURES 
  332.8109  332.8109  332.8109  332.8109  332.8109  332.8109  332.8109  332.8109
  332.8109  332.8109  332.8109  332.8109  332.8109  332.8109  332.8109  332.8109
  332.8109  332.8109  332.8109  332.8109  332.8109  332.8109  332.8109  332.8109
  332.8109  332.8109  332.8109  332.8109  332.8109  332.8109  332.8109  332.8109
  332.8109  332.8109  332.8109  332.8109  332.8109
   INLET ABSOLUTE TANGENTIAL VELOCITY 
    0.0000    0.0000    0.0000    0.0000    0.0000    0.0000    0.0000    0.0000
    0.0000    0.0000    0.0000    0.0000    0.0000    0.0000    0.0000    0.0000
    0.0000    0.0000    0.0000    0.0000    0.0000    0.0000    0.0000    0.0000
    0.0000    0.0000    0.0000    0.0000    0.0000    0.0000    0.0000    0.0000
    0.0000    0.0000    0.0000    0.0000    0.0000
   INLET MERIDIONAL VELOCITY 
  324.6047  324.6047  324.6047  324.6047  324.6047  324.6047  324.6047  324.6047
  324.6047  324.6047  324.6047  324.6047  324.6047  324.6047  324.6047  324.6047
  324.6047  324.6047  324.6047  324.6047  324.6047  324.6047  324.6047  324.6047
  324.6047  324.6047  324.6047  324.6047  324.6047  324.6047  324.6047  324.6047
  324.6047  324.6047  324.6047  324.6047  324.6047
   INLET MERIDIONAL YAW ANGLE  
    6.3402    6.3402    6.3402    6.3402    6.3402    6.3402    6.3402    6.3402
    6.3402    6.3402    6.3402    6.3402    6.3402    6.3402    6.3402    6.3402
    6.3402    6.3402    6.3402    6.3402    6.3402    6.3402    6.3402    6.3402
    6.3402    6.3402    6.3402    6.3402    6.3402    6.3402    6.3402    6.3402
    6.3402    6.3402    6.3402    6.3402    6.3402
   INLET PITCH ANGLE 
   -0.0060   -0.0060   -0.0059   -0.0059   -0.0058   -0.0057   -0.0056   -0.0055
   -0.0053   -0.0051   -0.0048   -0.0045   -0.0041   -0.0035   -0.0029   -0.0022
   -0.0014   -0.0007    0.0000    0.0007    0.0014    0.0022    0.0029    0.0035
    0.0041    0.0045    0.0048    0.0051    0.0053    0.0055    0.0056    0.0057
    0.0058    0.0059    0.0059    0.0060    0.0060
   PDOWN_HUB   PDOWN_TIP 
  282247.9  282247.9
 MIXING LENGTH LIMITS ON ALL BLADE ROWS
  0.020000  0.030000  0.040000  0.050000  1.000000  0.500000
  0.020000  0.030000  0.040000  0.050000  1.000000  0.500000
  FACTOR TO INCREASE THE TURBULENT VISCOSITY OVER THE FIRST NMIXUP STEPS 
   2.00000 1000
