  BLADE PROFILES IN CARTESIAN COORDINATES (2D) BEFORE   PROJECTION, SCALING, MESHING AND STACKING 
  VARIABLES = "X", "YSS", "YPS" 
  BLADE           1  SECTION           1
    0.000000   -0.000652   -0.000652
    0.000062    0.001990   -0.001873
    0.000249    0.004516   -0.003982
    0.000561    0.007000   -0.006109
    0.000997    0.009582   -0.008253
    0.001557    0.012138   -0.010427
    0.002241    0.014705   -0.012645
    0.003050    0.017301   -0.014958
    0.003982    0.019913   -0.017329
    0.005038    0.022513   -0.019738
    0.006218    0.025070   -0.022163
    0.007520    0.027547   -0.024578
    0.008945    0.029912   -0.026961
    0.010493    0.032137   -0.029283
    0.012162    0.034205   -0.031514
    0.013954    0.036123   -0.033626
    0.015866    0.037927   -0.035600
    0.017899    0.039699   -0.037429
    0.020052    0.041522   -0.039128
    0.022325    0.043413   -0.040751
    0.024716    0.045369   -0.042376
    0.027226    0.047389   -0.044034
    0.029854    0.049471   -0.045725
    0.032600    0.051611   -0.047447
    0.035461    0.053810   -0.049196
    0.038439    0.056064   -0.050969
    0.041531    0.058372   -0.052762
    0.044738    0.060733   -0.054571
    0.048058    0.063144   -0.056395
    0.051491    0.065604   -0.058229
    0.055036    0.068111   -0.060070
    0.058691    0.070663   -0.061915
    0.062456    0.073260   -0.063760
    0.066331    0.075899   -0.065603
    0.070314    0.078577   -0.067439
    0.074403    0.081278   -0.069265
    0.078599    0.084033   -0.071082
    0.082900    0.086824   -0.072908
    0.087305    0.089650   -0.074683
    0.091812    0.092510   -0.076434
    0.096421    0.095402   -0.078159
    0.101131    0.098325   -0.079854
    0.105941    0.101278   -0.081516
    0.110848    0.104258   -0.083143
    0.115853    0.107266   -0.084731
    0.120953    0.110300   -0.086276
    0.126148    0.113355   -0.087776
    0.131435    0.116419   -0.089228
    0.136815    0.119520   -0.090628
    0.142285    0.122643   -0.091978
    0.147845    0.125785   -0.093302
    0.153492    0.128946   -0.094526
    0.159225    0.132125   -0.095683
    0.165044    0.135321   -0.096773
    0.170946    0.138532   -0.097795
    0.176930    0.141756   -0.098744
    0.182994    0.144979   -0.099619
    0.189138    0.148229   -0.100416
    0.195358    0.151491   -0.101134
    0.201655    0.154763   -0.101769
    0.208026    0.158046   -0.102327
    0.214470    0.161338   -0.102831
    0.220986    0.164637   -0.103202
    0.227570    0.167945   -0.103474
    0.234223    0.171255   -0.103652
    0.240941    0.174560   -0.103734
    0.247725    0.177882   -0.103717
    0.254571    0.181208   -0.103600
    0.261478    0.184538   -0.103381
    0.268445    0.187871   -0.103058
    0.275470    0.191205   -0.102630
    0.282550    0.194541   -0.102102
    0.289685    0.197876   -0.101502
    0.296872    0.201198   -0.100743
    0.304110    0.204532   -0.099864
    0.311396    0.207864   -0.098873
    0.318730    0.211194   -0.097768
    0.326109    0.214522   -0.096547
    0.333531    0.217846   -0.095209
    0.340994    0.221167   -0.093755
    0.348497    0.224483   -0.092182
    0.356038    0.227793   -0.090490
    0.363615    0.231096   -0.088689
    0.371226    0.234385   -0.086803
    0.378869    0.237677   -0.084751
    0.386542    0.240961   -0.082573
    0.394243    0.244239   -0.080268
    0.401971    0.247508   -0.077843
    0.409723    0.250768   -0.075296
    0.417498    0.254020   -0.072628
    0.425293    0.257262   -0.069840
    0.433107    0.260494   -0.066930
    0.440937    0.263715   -0.063901
    0.448783    0.266924   -0.060751
    0.456641    0.270116   -0.057483
    0.464509    0.273303   -0.054096
    0.472387    0.276478   -0.050591
    0.480272    0.279640   -0.046979
    0.488161    0.282790   -0.043288
    0.496053    0.285927   -0.039436
    0.503947    0.289049   -0.035471
    0.511839    0.292158   -0.031391
    0.519729    0.295252   -0.027198
    0.527613    0.298331   -0.022895
    0.535491    0.301395   -0.018486
    0.543360    0.304443   -0.013971
    0.551217    0.307475   -0.009352
    0.559063    0.310491   -0.004632
    0.566893    0.313490    0.000187
    0.574707    0.316471    0.005104
    0.582502    0.319436    0.010116
    0.590277    0.322382    0.015222
    0.598029    0.325309    0.020417
    0.605757    0.328219    0.025701
    0.613458    0.331109    0.031070
    0.621131    0.333980    0.036521
    0.628774    0.336831    0.042053
    0.636385    0.339662    0.047661
    0.643962    0.342473    0.053344
    0.651503    0.345263    0.059097
    0.659006    0.348032    0.064919
    0.666469    0.350779    0.070806
    0.673891    0.353505    0.076754
    0.681270    0.356208    0.082761
    0.688604    0.358888    0.088822
    0.695890    0.361546    0.094936
    0.703128    0.364180    0.101097
    0.710315    0.366791    0.107303
    0.717450    0.369377    0.113549
    0.724530    0.371939    0.119833
    0.731555    0.374476    0.126151
    0.738522    0.376988    0.132499
    0.745429    0.379474    0.138872
    0.752275    0.381934    0.145268
    0.759059    0.384368    0.151683
    0.765777    0.386776    0.158112
    0.772430    0.389156    0.164551
    0.779015    0.391508    0.171000
    0.785530    0.393833    0.177451
    0.791974    0.396130    0.183902
    0.798345    0.398398    0.190347
    0.804642    0.400637    0.196782
    0.810863    0.402847    0.203204
    0.817006    0.405027    0.209609
    0.823070    0.407177    0.216003
    0.829054    0.409296    0.222378
    0.834956    0.411385    0.228705
    0.840775    0.413442    0.234999
    0.846508    0.415468    0.241254
    0.852155    0.417463    0.247468
    0.857715    0.419424    0.253636
    0.863185    0.421353    0.259755
    0.868565    0.423248    0.265820
    0.873852    0.425111    0.271827
    0.879047    0.426939    0.277772
    0.884147    0.428733    0.283654
    0.889152    0.430493    0.289467
    0.894059    0.432218    0.295206
    0.898869    0.433907    0.300869
    0.903579    0.435562    0.306450
    0.908188    0.437180    0.311948
    0.912695    0.438762    0.317357
    0.917100    0.440307    0.322674
    0.921401    0.441816    0.327896
    0.925597    0.443287    0.333019
    0.929686    0.444721    0.338040
    0.933669    0.446116    0.342964
    0.937544    0.447474    0.347773
    0.941309    0.448794    0.352467
    0.944965    0.450074    0.357045
    0.948509    0.451316    0.361505
    0.951942    0.452518    0.365844
    0.955262    0.453680    0.370059
    0.958469    0.454803    0.374147
    0.961561    0.455886    0.378105
    0.964539    0.456928    0.381930
    0.967400    0.457930    0.385620
    0.970146    0.458834    0.389172
    0.972774    0.459324    0.392583
    0.975284    0.459345    0.395851
    0.977675    0.459063    0.398972
    0.979948    0.458566    0.401950
    0.982101    0.457906    0.404778
    0.984134    0.457113    0.407455
    0.986046    0.456207    0.409979
    0.987838    0.455200    0.412349
    0.989507    0.454101    0.414561
    0.991055    0.452914    0.416617
    0.992480    0.451644    0.418514
    0.993782    0.450340    0.420250
    0.994962    0.448931    0.421824
    0.996018    0.447377    0.423235
    0.996950    0.445821    0.424482
    0.997759    0.444211    0.425646
    0.998443    0.442561    0.426682
    0.999003    0.440895    0.428030
    0.999439    0.439193    0.429419
    0.999751    0.437433    0.430752
    0.999938    0.435645    0.432394
    1.000000    0.434898    0.434898
  BLADE PROFILES IN CARTESIAN COORDINATES (3D) 
  VARIABLES = "X", "YSS", "YPS" "R" 
  BLADE           1  SECTION           1
  -15.889025  -10.291142  -10.291142  282.424225
  -14.011662  -10.193351  -10.193351  282.370331
  -12.338228  -10.105844  -10.105844  282.312897
  -10.846627  -10.027558  -10.027558  282.253845
   -9.517135   -9.957541   -9.957541  282.194489
   -8.332141   -9.894934   -9.894934  282.136139
   -7.275939   -9.838971   -9.838971  282.079620
   -6.334523   -9.788954   -9.788954  282.025482
   -5.495407   -9.744263   -9.744263  281.974152
   -4.747465   -9.704342   -9.704342  281.925964
   -4.080776   -9.668684   -9.668684  281.880951
   -3.486503   -9.636843   -9.636843  281.839203
   -2.956771   -9.608411   -9.608411  281.800659
   -2.484563   -9.583029   -9.583029  281.765289
   -2.063621   -9.560373   -9.560373  281.732880
   -1.688377   -9.540153   -9.540153  281.703308
   -1.353862   -9.522106   -9.522106  281.676331
   -1.055651   -9.506007   -9.506007  281.651917
   -0.789801   -9.491638   -9.491638  281.629791
   -0.552797   -9.478819   -9.478819  281.609711
   -0.341506   -9.467383   -9.467383  281.591644
   -0.153139   -9.457181   -9.457181  281.575348
    0.014797   -9.448083   -9.448083  281.560669
    0.164516   -9.439965   -9.439965  281.547546
    0.297995   -9.432727   -9.432727  281.535645
    0.417000   -9.426268   -9.426268  281.524994
    0.534841   -8.836944   -9.999406  281.506165
    0.658035   -8.560740  -10.259423  281.486145
    0.787079   -8.366469  -10.459203  281.465179
    0.922465   -8.223289  -10.614904  281.442993
    1.064680   -8.098463  -10.736326  281.419556
    1.214220   -7.972601  -10.841160  281.394562
    1.371576   -7.844291  -10.944648  281.368225
    1.537237   -7.713028  -11.048423  281.340302
    1.711698   -7.578420  -11.152593  281.310577
    1.895445   -7.440141  -11.257161  281.278961
    2.088970   -7.297914  -11.362051  281.245453
    2.292759   -7.151502  -11.467114  281.209778
    2.507303   -7.000700  -11.572136  281.171967
    2.733094   -6.845630  -11.676835  281.131805
    2.970498   -6.686043  -11.781077  281.089050
    3.219575   -6.521660  -11.884469  281.043854
    3.480897   -6.352590  -11.985248  280.995972
    3.755104   -6.178614  -12.083884  280.945190
    4.042918   -5.999496  -12.179875  280.891418
    4.345116   -5.814978  -12.272655  280.834290
    4.662564   -5.625464  -12.361566  280.773651
    4.996012   -5.429541  -12.446040  280.709259
    5.346094   -5.227675  -12.525713  280.641113
    5.713967   -5.019466  -12.597392  280.568695
    6.100936   -4.804545  -12.661455  280.491638
    6.508451   -4.582965  -12.716671  280.409790
    6.938098   -4.353188  -12.761603  280.322540
    7.391615   -4.115146  -12.796154  280.229523
    7.874474   -3.866496  -12.814509  280.129578
    8.393628   -3.604807  -12.816156  280.021057
    8.949639   -3.329511  -12.797594  279.903778
    9.542057   -3.041940  -12.755771  279.777618
   10.169457   -2.743993  -12.686282  279.643066
   10.829437   -2.436364  -12.584194  279.500427
   11.518543   -2.121433  -12.448168  279.350647
   12.225661   -1.804830  -12.279133  279.196075
   12.939494   -1.490989  -12.076164  279.039520
   13.656240   -1.181294  -11.840179  278.881989
   14.372769   -0.876832  -11.573570  278.724609
   15.086729   -0.578598  -11.277748  278.567780
   15.796415   -0.286210  -10.954476  278.412384
   16.500864    0.000000  -10.605960  278.258698
   17.204859    0.282307  -10.227395  278.106018
   17.911629    0.562233   -9.818954  277.953979
   18.620607    0.839764   -9.381077  277.802765
   19.330904    1.114747   -8.914362  277.652771
   20.041271    1.386916   -8.419789  277.504669
   20.750084    1.655881   -7.898816  277.358917
   21.455393    1.921111   -7.353417  277.216095
   22.150927    2.180496   -6.789420  277.077911
   22.832777    2.432847   -6.211514  276.944946
   23.499086    2.677751   -5.623055  276.817688
   24.148375    2.914899   -5.027268  276.696259
   24.779465    3.144100   -4.427171  276.581238
   25.391556    3.365277   -3.825404  276.472351
   25.984232    3.578470   -3.224286  276.369659
   26.559622    3.784611   -2.623616  276.272522
   27.118280    3.984043   -2.023415  276.181030
   27.660208    4.176905   -1.427271  276.094879
   28.185354    4.363254   -0.835558  276.013977
   28.693733    4.543195   -0.249689  275.938141
   29.185295    4.716813    0.329143  275.867157
   29.660040    4.884171    0.899409  275.800995
   30.117922    5.045322    1.459850  275.739441
   30.558941    5.200328    2.009663  275.682312
   30.983053    5.349211    2.546863  275.629333
   31.390234    5.492114    3.070882  275.580414
   31.780474    5.551148    3.580430  275.535309
   32.153736    5.398415    4.074775  275.493927
   32.509987    4.759514    4.759141  275.455994
   32.867531    5.061702    5.061516  275.428284
   33.245499    5.381313    5.381313  275.399109
   33.645081    5.719143    5.719143  275.368408
   34.067497    6.076227    6.076227  275.335968
   34.514057    6.453661    6.453661  275.301727
   34.986118    6.852597    6.852597  275.265472
   35.485146    7.274259    7.274259  275.227112
   36.012669    7.719934    7.719934  275.186371
   36.570301    8.190981    8.190981  275.143005
   37.159687    8.688819    8.688819  275.096161
   37.782673    9.214978    9.214978  275.046112
   38.441204    9.771067    9.771067  274.992554
   39.137268   10.358765   10.358765  274.935272
   39.873013   10.979868   10.979868  274.873871
   40.650658   11.636247   11.636247  274.807953
  BLADE PROFILES IN CARTESIAN COORDINATES (2D) BEFORE   PROJECTION, SCALING, MESHING AND STACKING 
  VARIABLES = "X", "YSS", "YPS" 
  BLADE           1  SECTION           2
    0.000000   -0.000544   -0.000544
    0.000062    0.001839   -0.001835
    0.000249    0.004374   -0.003915
    0.000561    0.006837   -0.006030
    0.000997    0.009360   -0.008155
    0.001557    0.011879   -0.010302
    0.002241    0.014414   -0.012522
    0.003050    0.016981   -0.014816
    0.003982    0.019564   -0.017167
    0.005038    0.022133   -0.019554
    0.006218    0.024658   -0.021957
    0.007520    0.027110   -0.024352
    0.008945    0.029453   -0.026714
    0.010493    0.031660   -0.029011
    0.012162    0.033715   -0.031211
    0.013954    0.035618   -0.033292
    0.015866    0.037405   -0.035235
    0.017899    0.039150   -0.037032
    0.020052    0.040944   -0.038703
    0.022325    0.042803   -0.040304
    0.024716    0.044727   -0.041915
    0.027226    0.046712   -0.043561
    0.029854    0.048758   -0.045242
    0.032600    0.050861   -0.046953
    0.035461    0.053021   -0.048691
    0.038439    0.055234   -0.050454
    0.041531    0.057500   -0.052238
    0.044738    0.059817   -0.054040
    0.048058    0.062182   -0.055856
    0.051491    0.064594   -0.057684
    0.055036    0.067051   -0.059520
    0.058691    0.069552   -0.061361
    0.062456    0.072096   -0.063203
    0.066331    0.074679   -0.065044
    0.070314    0.077302   -0.066880
    0.074403    0.079962   -0.068709
    0.078599    0.082657   -0.070526
    0.082900    0.085368   -0.072329
    0.087305    0.088129   -0.074117
    0.091812    0.090921   -0.075910
    0.096421    0.093743   -0.077650
    0.101131    0.096593   -0.079359
    0.105941    0.099471   -0.081038
    0.110848    0.102374   -0.082683
    0.115853    0.105302   -0.084292
    0.120953    0.108253   -0.085861
    0.126148    0.111227   -0.087388
    0.131435    0.114221   -0.088869
    0.136815    0.117234   -0.090301
    0.142285    0.120247   -0.091682
    0.147845    0.123294   -0.093009
    0.153492    0.126356   -0.094278
    0.159225    0.129434   -0.095492
    0.165044    0.132525   -0.096675
    0.170946    0.135629   -0.097753
    0.176930    0.138744   -0.098758
    0.182994    0.141870   -0.099693
    0.189138    0.145006   -0.100555
    0.195358    0.148149   -0.101340
    0.201655    0.151284   -0.102047
    0.208026    0.154440   -0.102673
    0.214470    0.157601   -0.103216
    0.220986    0.160768   -0.103674
    0.227570    0.163939   -0.104045
    0.234223    0.167113   -0.104331
    0.240941    0.170289   -0.104563
    0.247725    0.173466   -0.104651
    0.254571    0.176644   -0.104642
    0.261478    0.179818   -0.104535
    0.268445    0.182980   -0.104328
    0.275470    0.186153   -0.104021
    0.282550    0.189324   -0.103611
    0.289685    0.192492   -0.103098
    0.296872    0.195656   -0.102479
    0.304110    0.198815   -0.101753
    0.311396    0.201969   -0.100928
    0.318730    0.205118   -0.100028
    0.326109    0.208257   -0.098975
    0.333531    0.211378   -0.097801
    0.340994    0.214504   -0.096514
    0.348497    0.217622   -0.095115
    0.356038    0.220730   -0.093601
    0.363615    0.223830   -0.091974
    0.371226    0.226920   -0.090231
    0.378869    0.229999   -0.088374
    0.386542    0.233068   -0.086400
    0.394243    0.236125   -0.084311
    0.401971    0.239169   -0.082106
    0.409723    0.242200   -0.079794
    0.417498    0.245210   -0.077403
    0.425293    0.248216   -0.074850
    0.433107    0.251208   -0.072178
    0.440937    0.254187   -0.069386
    0.448783    0.257151   -0.066480
    0.456641    0.260101   -0.063460
    0.464509    0.263035   -0.060327
    0.472387    0.265954   -0.057082
    0.480272    0.268857   -0.053724
    0.488161    0.271743   -0.050256
    0.496053    0.274613   -0.046679
    0.503947    0.277466   -0.042992
    0.511839    0.280301   -0.039199
    0.519729    0.283118   -0.035300
    0.527613    0.285916   -0.031296
    0.535491    0.288691   -0.027190
    0.543360    0.291454   -0.022983
    0.551217    0.294198   -0.018676
    0.559063    0.296923   -0.014282
    0.566893    0.299628   -0.009823
    0.574707    0.302314   -0.005228
    0.582502    0.304980   -0.000543
    0.590277    0.307625    0.004232
    0.598029    0.310250    0.009094
    0.605757    0.312854    0.014041
    0.613458    0.315437    0.019069
    0.621131    0.317999    0.024178
    0.628774    0.320540    0.029363
    0.636385    0.323058    0.034622
    0.643962    0.325554    0.039954
    0.651503    0.328028    0.045353
    0.659006    0.330480    0.050818
    0.666469    0.332909    0.056346
    0.673891    0.335314    0.061934
    0.681270    0.337697    0.067578
    0.688604    0.340055    0.073275
    0.695890    0.342391    0.079023
    0.703128    0.344702    0.084816
    0.710315    0.346989    0.090654
    0.717450    0.349251    0.096531
    0.724530    0.351489    0.102444
    0.731555    0.353702    0.108391
    0.738522    0.355889    0.114367
    0.745429    0.358052    0.120368
    0.752275    0.360188    0.126392
    0.759059    0.362299    0.132434
    0.765777    0.364384    0.138490
    0.772430    0.366443    0.144569
    0.779015    0.368475    0.150667
    0.785530    0.370480    0.156744
    0.791974    0.372459    0.162822
    0.798345    0.374411    0.168895
    0.804642    0.376336    0.174960
    0.810863    0.378232    0.181013
    0.817006    0.380100    0.187050
    0.823070    0.381941    0.193068
    0.829054    0.383752    0.199063
    0.834956    0.385536    0.205030
    0.840775    0.387291    0.210966
    0.846508    0.389016    0.216867
    0.852155    0.390713    0.222730
    0.857715    0.392380    0.228550
    0.863185    0.394017    0.234324
    0.868565    0.395625    0.240050
    0.873852    0.397203    0.245721
    0.879047    0.398750    0.251335
    0.884147    0.400267    0.256887
    0.889152    0.401753    0.262374
    0.894059    0.403208    0.267793
    0.898869    0.404632    0.273139
    0.903579    0.406025    0.278409
    0.908188    0.407387    0.283600
    0.912695    0.408717    0.288717
    0.917100    0.410015    0.293743
    0.921401    0.411281    0.298674
    0.925597    0.412514    0.303512
    0.929686    0.413716    0.308254
    0.933669    0.414884    0.312897
    0.937544    0.416020    0.317436
    0.941309    0.417123    0.321871
    0.944965    0.418192    0.326197
    0.948509    0.419229    0.330412
    0.951942    0.420232    0.334512
    0.955262    0.421201    0.338494
    0.958469    0.422136    0.342357
    0.961561    0.423038    0.346097
    0.964539    0.423905    0.349711
    0.967400    0.424738    0.353198
    0.970146    0.425526    0.356554
    0.972774    0.426005    0.359778
    0.975284    0.425977    0.362868
    0.977675    0.425622    0.365820
    0.979948    0.425039    0.368633
    0.982101    0.424289    0.371304
    0.984134    0.423404    0.373834
    0.986046    0.422409    0.376220
    0.987838    0.421316    0.378460
    0.989507    0.420135    0.380552
    0.991055    0.418873    0.382494
    0.992480    0.417534    0.384287
    0.993782    0.416167    0.385927
    0.994962    0.414683    0.387415
    0.996018    0.413097    0.388749
    0.996950    0.411496    0.389929
    0.997759    0.409848    0.391049
    0.998443    0.408163    0.392123
    0.999003    0.406407    0.393403
    0.999439    0.404622    0.394848
    0.999751    0.402811    0.396334
    0.999938    0.400918    0.397783
    1.000000    0.399982    0.399982
  BLADE PROFILES IN CARTESIAN COORDINATES (3D) 
  VARIABLES = "X", "YSS", "YPS" "R" 
  BLADE           1  SECTION           2
  -16.996758   -9.775311   -9.775311  298.789581
  -15.073221   -9.682356   -9.682356  298.786377
  -13.358191   -9.599470   -9.599470  298.783325
  -11.829066   -9.525563   -9.525563  298.780457
  -10.465689   -9.459664   -9.459664  298.777740
   -9.250100   -9.400910   -9.400910  298.775269
   -8.166276   -9.348520   -9.348520  298.773041
   -7.199933   -9.301812   -9.301812  298.771057
   -6.338340   -9.260167   -9.260167  298.769196
   -5.570143   -9.223035   -9.223035  298.767670
   -4.885212   -9.189929   -9.189929  298.766266
   -4.274527   -9.160414   -9.160414  298.765015
   -3.730037   -9.134096   -9.134096  298.763885
   -3.244570   -9.110632   -9.110632  298.762939
   -2.811725   -9.089712   -9.089712  298.762054
   -2.425799   -9.071058   -9.071058  298.761353
   -2.081706   -9.054429   -9.054429  298.760651
   -1.774911   -9.039603   -9.039603  298.760071
   -1.501370   -9.026382   -9.026382  298.759552
   -1.257484   -9.014594   -9.014594  298.759064
   -1.040032   -9.004086   -9.004086  298.758667
   -0.846153   -8.994718   -8.994718  298.758270
   -0.673289   -8.986362   -8.986362  298.757996
   -0.519159   -8.978912   -8.978912  298.757690
   -0.381741   -8.972273   -8.972273  298.757385
   -0.259216   -8.966352   -8.966352  298.757233
   -0.136692   -8.371710   -9.546572  298.756989
   -0.008583   -8.092525   -9.811337  298.757111
    0.125624   -7.895686  -10.014557  298.757172
    0.266448   -7.750793  -10.172364  298.757263
    0.414397   -7.625525  -10.295411  298.757446
    0.569992   -7.499386  -10.402402  298.757568
    0.733743   -7.370871  -10.508491  298.757660
    0.906165   -7.239487  -10.614985  298.757843
    1.087776   -7.104839  -10.721995  298.757996
    1.279092   -6.966614  -10.829543  298.758240
    1.480622   -6.824541  -10.937558  298.758484
    1.692885   -6.678396  -11.045907  298.758759
    1.916391   -6.527988  -11.154382  298.758972
    2.151662   -6.373153  -11.262718  298.759216
    2.399089   -6.213947  -11.370537  298.759552
    2.658734   -6.050869  -11.477375  298.759888
    2.931205   -5.882829  -11.583628  298.760254
    3.217175   -5.710093  -11.686743  298.760651
    3.517408   -5.532442  -11.787474  298.761139
    3.832720   -5.349642  -11.885252  298.761566
    4.164021   -5.161433  -11.979447  298.762054
    4.512108   -4.968327  -12.069293  298.762573
    4.877644   -4.769105  -12.153888  298.763184
    5.261854   -4.563927  -12.233679  298.763885
    5.666114   -4.352402  -12.304575  298.764587
    6.091941   -4.134105  -12.366915  298.765320
    6.541006   -3.909275  -12.419428  298.766205
    7.015131   -3.676260  -12.460474  298.767151
    7.520061   -3.433320  -12.488338  298.768036
    8.063078   -3.177639  -12.501617  298.769165
    8.644771   -2.910235  -12.493491  298.770325
    9.264704   -2.631479  -12.462315  298.771729
    9.921371   -2.342749  -12.404437  298.773102
   10.612246   -2.045985  -12.318262  298.774597
   11.333753   -1.743683  -12.196279  298.776215
   12.074195   -1.440017  -12.040634  298.777893
   12.821715   -1.140147  -11.852682  298.779480
   13.572313   -0.845698  -11.634233  298.781281
   14.322705   -0.557250  -11.385093  298.782990
   15.070334   -0.275206  -11.105630  298.784637
   15.813429    0.000000  -10.798706  298.786316
   16.550936    0.268384  -10.465620  298.787933
   17.287844    0.532036  -10.104736  298.789551
   18.027470    0.792251   -9.714530  298.791077
   18.769205    1.049508   -9.297116  298.792633
   19.512106    1.303425   -8.849342  298.794098
   20.254824    1.553751   -8.374141  298.795532
   20.995621    1.800143   -7.872859  298.796844
   21.732428    2.042132   -7.347428  298.798096
   22.458679    2.277836   -6.803503  298.799255
   23.170277    2.506235   -6.245647  298.800323
   23.865313    2.727023   -5.677148  298.801270
   24.542179    2.939997   -5.101172  298.802094
   25.199718    3.145066   -4.520701  298.802917
   25.837097    3.342229   -3.937222  298.803467
   26.453859    3.531624   -3.355541  298.804016
   27.052277    3.714131   -2.774027  298.804413
   27.632933    3.890050   -2.193717  298.804688
   28.195835    4.059596   -1.616111  298.804993
   28.740974    4.222901   -1.042599  298.805115
   29.268362    4.380100   -0.474499  298.805206
   29.778000    4.531317    0.086683  298.805206
   30.269873    4.676657    0.639917  298.805084
   30.743977    4.816212    1.183636  298.804962
   31.200346    4.950078    1.716507  298.804779
   31.638947    5.078319    2.237742  298.804504
   32.059792    5.201029    2.746137  298.804291
   32.462875    5.250560    3.240653  298.803894
   32.848198    5.077904    3.720228  298.803528
   33.215771    4.391236    4.390867  298.803192
   33.583351    4.676870    4.676686  298.802063
   33.971912    4.979012    4.979012  298.800812
   34.382683    5.298412    5.298412  298.799561
   34.816898    5.636054    5.636054  298.798401
   35.275909    5.992980    5.992980  298.797363
   35.761135    6.370296    6.370296  298.796448
   36.274075    6.769164    6.769164  298.795715
   36.816319    7.190817    7.190817  298.795258
   37.389515    7.636560    7.636560  298.795044
   37.995461    8.107775    8.107775  298.795410
   38.636005    8.605918    8.605918  298.796295
   39.313145    9.132524    9.132524  298.797638
   40.028954    9.689224    9.689224  298.799561
   40.785633   10.277736   10.277736  298.802063
   41.585537   10.899869   10.899869  298.805084
  BLADE PROFILES IN CARTESIAN COORDINATES (2D) BEFORE   PROJECTION, SCALING, MESHING AND STACKING 
  VARIABLES = "X", "YSS", "YPS" 
  BLADE           1  SECTION           3
    0.000000   -0.000452   -0.000452
    0.000062    0.001742   -0.001813
    0.000249    0.004267   -0.003864
    0.000561    0.006706   -0.005969
    0.000997    0.009186   -0.008080
    0.001557    0.011673   -0.010216
    0.002241    0.014178   -0.012427
    0.003050    0.016713   -0.014708
    0.003982    0.019266   -0.017043
    0.005038    0.021811   -0.019412
    0.006218    0.024318   -0.021796
    0.007520    0.026754   -0.024171
    0.008945    0.029083   -0.026511
    0.010493    0.031276   -0.028787
    0.012162    0.033319   -0.030968
    0.013954    0.035212   -0.033029
    0.015866    0.036983   -0.034949
    0.017899    0.038707   -0.036722
    0.020052    0.040476   -0.038371
    0.022325    0.042310   -0.039954
    0.024716    0.044207   -0.041555
    0.027226    0.046164   -0.043193
    0.029854    0.048180   -0.044865
    0.032600    0.050252   -0.046569
    0.035461    0.052379   -0.048300
    0.038439    0.054559   -0.050057
    0.041531    0.056790   -0.051835
    0.044738    0.059070   -0.053631
    0.048058    0.061397   -0.055443
    0.051491    0.063769   -0.057268
    0.055036    0.066186   -0.059101
    0.058691    0.068644   -0.060940
    0.062456    0.071143   -0.062783
    0.066331    0.073680   -0.064624
    0.070314    0.076255   -0.066463
    0.074403    0.078865   -0.068295
    0.078599    0.081510   -0.070117
    0.082900    0.084187   -0.071926
    0.087305    0.086894   -0.073720
    0.091812    0.089629   -0.075494
    0.096421    0.092376   -0.077246
    0.101131    0.095166   -0.078976
    0.105941    0.097981   -0.080705
    0.110848    0.100819   -0.082369
    0.115853    0.103680   -0.083998
    0.120953    0.106562   -0.085590
    0.126148    0.109464   -0.087142
    0.131435    0.112385   -0.088650
    0.136815    0.115322   -0.090113
    0.142285    0.118276   -0.091526
    0.147845    0.121244   -0.092888
    0.153492    0.124224   -0.094195
    0.159225    0.127200   -0.095445
    0.165044    0.130202   -0.096636
    0.170946    0.133215   -0.097764
    0.176930    0.136237   -0.098830
    0.182994    0.139267   -0.099863
    0.189138    0.142304   -0.100783
    0.195358    0.145347   -0.101629
    0.201655    0.148394   -0.102399
    0.208026    0.151446   -0.103093
    0.214470    0.154500   -0.103706
    0.220986    0.157538   -0.104238
    0.227570    0.160592   -0.104686
    0.234223    0.163647   -0.105049
    0.240941    0.166701   -0.105323
    0.247725    0.169754   -0.105508
    0.254571    0.172804   -0.105607
    0.261478    0.175851   -0.105648
    0.268445    0.178894   -0.105549
    0.275470    0.181932   -0.105348
    0.282550    0.184963   -0.105049
    0.289685    0.187973   -0.104649
    0.296872    0.190990   -0.104148
    0.304110    0.193999   -0.103545
    0.311396    0.197000   -0.102838
    0.318730    0.199992   -0.102026
    0.326109    0.202974   -0.101109
    0.333531    0.205946   -0.100084
    0.340994    0.208908   -0.098961
    0.348497    0.211857   -0.097762
    0.356038    0.214795   -0.096412
    0.363615    0.217716   -0.094947
    0.371226    0.220615   -0.093368
    0.378869    0.223512   -0.091678
    0.386542    0.226395   -0.089877
    0.394243    0.229263   -0.087964
    0.401971    0.232116   -0.085941
    0.409723    0.234954   -0.083805
    0.417498    0.237776   -0.081559
    0.425293    0.240582   -0.079201
    0.433107    0.243371   -0.076731
    0.440937    0.246143   -0.074152
    0.448783    0.248896   -0.071462
    0.456641    0.251630   -0.068671
    0.464509    0.254337   -0.065805
    0.472387    0.257036   -0.062788
    0.480272    0.259716   -0.059663
    0.488161    0.262377   -0.056427
    0.496053    0.265018   -0.053083
    0.503947    0.267640   -0.049636
    0.511839    0.270241   -0.046086
    0.519729    0.272823   -0.042433
    0.527613    0.275383   -0.038681
    0.535491    0.277923   -0.034829
    0.543360    0.280442   -0.030880
    0.551217    0.282940   -0.026836
    0.559063    0.285416   -0.022697
    0.566893    0.287870   -0.018466
    0.574707    0.290303   -0.014146
    0.582502    0.292713   -0.009737
    0.590277    0.295101   -0.005242
    0.598029    0.297466   -0.000663
    0.605757    0.299808    0.003997
    0.613458    0.302128    0.008736
    0.621131    0.304424    0.013552
    0.628774    0.306698    0.018442
    0.636385    0.308948    0.023404
    0.643962    0.311174    0.028435
    0.651503    0.313377    0.033533
    0.659006    0.315557    0.038693
    0.666469    0.317712    0.043915
    0.673891    0.319843    0.049194
    0.681270    0.321950    0.054527
    0.688604    0.324033    0.059913
    0.695890    0.326092    0.065347
    0.703128    0.328126    0.070826
    0.710315    0.330135    0.076347
    0.717450    0.332120    0.081908
    0.724530    0.334079    0.087503
    0.731555    0.336014    0.093131
    0.738522    0.337924    0.098788
    0.745429    0.339808    0.104470
    0.752275    0.341667    0.110175
    0.759059    0.343501    0.115897
    0.765777    0.345309    0.121634
    0.772430    0.347092    0.127383
    0.779015    0.348849    0.133140
    0.785530    0.350580    0.138900
    0.791974    0.352285    0.144661
    0.798345    0.353964    0.150419
    0.804642    0.355618    0.156170
    0.810863    0.357244    0.161910
    0.817006    0.358845    0.167636
    0.823070    0.360419    0.173344
    0.829054    0.361967    0.179031
    0.834956    0.363489    0.184693
    0.840775    0.364984    0.190328
    0.846508    0.366452    0.195930
    0.852155    0.367893    0.201496
    0.857715    0.369308    0.207022
    0.863185    0.370695    0.212504
    0.868565    0.372056    0.217939
    0.873852    0.373389    0.223323
    0.879047    0.374695    0.228653
    0.884147    0.375974    0.233934
    0.889152    0.377226    0.239154
    0.894059    0.378450    0.244299
    0.898869    0.379647    0.249375
    0.903579    0.380817    0.254380
    0.908188    0.381958    0.259309
    0.912695    0.383071    0.264161
    0.917100    0.384157    0.268930
    0.921401    0.385214    0.273615
    0.925597    0.386244    0.278211
    0.929686    0.387246    0.282717
    0.933669    0.388219    0.287129
    0.937544    0.389164    0.291444
    0.941309    0.390081    0.295658
    0.944965    0.390970    0.299770
    0.948509    0.391830    0.303775
    0.951942    0.392662    0.307671
    0.955262    0.393464    0.311457
    0.958469    0.394239    0.315128
    0.961561    0.394985    0.318683
    0.964539    0.395702    0.322118
    0.967400    0.396390    0.325433
    0.970146    0.397050    0.328623
    0.972774    0.397568    0.331688
    0.975284    0.397529    0.334625
    0.977675    0.397121    0.337432
    0.979948    0.396472    0.340107
    0.982101    0.395648    0.342648
    0.984134    0.394689    0.345052
    0.986046    0.393618    0.347319
    0.987838    0.392452    0.349449
    0.989507    0.391202    0.351438
    0.991055    0.389876    0.353285
    0.992480    0.388478    0.354989
    0.993782    0.387026    0.356549
    0.994962    0.385491    0.357964
    0.996018    0.383897    0.359232
    0.996950    0.382236    0.360353
    0.997759    0.380524    0.361440
    0.998443    0.378767    0.362552
    0.999003    0.376975    0.363773
    0.999439    0.375155    0.365266
    0.999751    0.373311    0.366845
    0.999938    0.371361    0.368551
    1.000000    0.370097    0.370097
  BLADE PROFILES IN CARTESIAN COORDINATES (3D) 
  VARIABLES = "X", "YSS", "YPS" "R" 
  BLADE           1  SECTION           3
  -18.591654  -10.169725  -10.169725  315.105133
  -16.557228  -10.078178  -10.078178  315.152344
  -14.743650   -9.996863   -9.996863  315.204437
  -13.127016   -9.924618   -9.924618  315.259247
  -11.685978   -9.860409   -9.860409  315.315186
  -10.401480   -9.803330   -9.803330  315.370819
   -9.256523   -9.752579   -9.752579  315.425232
   -8.235938   -9.707439   -9.707439  315.477631
   -7.326215   -9.667283   -9.667283  315.527527
   -6.515295   -9.631551   -9.631551  315.574585
   -5.792443   -9.599751   -9.599751  315.618591
   -5.148083   -9.571446   -9.571446  315.659576
   -4.573683   -9.546245   -9.546245  315.697510
   -4.061641   -9.523808   -9.523808  315.732330
   -3.605178   -9.503824   -9.503824  315.764404
   -3.198258   -9.486030   -9.486030  315.793579
   -2.835498   -9.470177   -9.470177  315.820190
   -2.512100   -9.456055   -9.456055  315.844391
   -2.223794   -9.443476   -9.443476  315.866333
   -1.966761   -9.432264   -9.432264  315.886200
   -1.737616   -9.422276   -9.422276  315.904114
   -1.533325   -9.413377   -9.413377  315.920288
   -1.351195   -9.405443   -9.405443  315.934845
   -1.188817   -9.398376   -9.398376  315.947937
   -1.044048   -9.392077   -9.392077  315.959686
   -0.914979   -9.386460   -9.386460  315.970337
   -0.786957   -8.765515   -9.993393  315.980896
   -0.653117   -8.473201  -10.271696  315.994904
   -0.512924   -8.266861  -10.485161  316.015228
   -0.365844   -8.115232  -10.650901  316.036652
   -0.211337   -7.985064  -10.779836  316.059418
   -0.048874   -7.854146  -10.892614  316.083618
    0.122082   -7.720838  -11.004869  316.109283
    0.302066   -7.584625  -11.117642  316.136444
    0.491606   -7.445111  -11.231071  316.165375
    0.691237   -7.301976  -11.345180  316.196136
    0.901494   -7.154951  -11.459913  316.228973
    1.122909   -7.003809  -11.575134  316.263733
    1.356008   -6.848367  -11.690647  316.300812
    1.601323   -6.688470  -11.806186  316.340302
    1.859262   -6.524064  -11.921363  316.382233
    2.129888   -6.355323  -12.035599  316.426727
    2.413816   -6.182668  -12.148519  316.473907
    2.711753   -6.005012  -12.260394  316.523987
    3.024470   -5.822350  -12.369601  316.577209
    3.352825   -5.634587  -12.475473  316.633698
    3.697745   -5.441494  -12.577903  316.693726
    4.060060   -5.242933  -12.676106  316.757629
    4.440446   -5.038919  -12.769174  316.825439
    4.840169   -4.829766  -12.856206  316.897583
    5.260641   -4.613864  -12.936315  316.974335
    5.703444   -4.391398  -13.009080  317.056183
    6.170301   -4.161961  -13.070510  317.143494
    6.663090   -3.925408  -13.120545  317.236664
    7.187771   -3.679461  -13.157473  317.337036
    7.751886   -3.420811  -13.178766  317.446136
    8.356044   -3.150423  -13.182565  317.564301
    8.999778   -2.869602  -13.160811  317.691528
    9.681514   -2.580065  -13.112260  317.827545
   10.398624   -2.282874  -13.033357  317.971863
   11.147408   -1.980539  -12.922471  318.123840
   11.915730   -1.678722  -12.776028  318.280884
   12.691351   -1.381587  -12.595617  318.440125
   13.470112   -1.090405  -12.383012  318.600525
   14.248637   -0.806208  -12.139362  318.761169
   15.024321   -0.529718  -11.866619  318.921356
   15.795358   -0.261174  -11.566356  319.080261
   16.560671    0.000000  -11.237403  319.237488
   17.325464    0.255645  -10.879992  319.393829
   18.093231    0.507151  -10.492708  319.549866
   18.863369    0.754526  -10.075830  319.705231
   19.634922    0.997653   -9.629951  319.859283
   20.406500    1.236269   -9.156048  320.011597
   21.176365    1.470111   -8.655543  320.161621
   21.942373    1.698765   -8.130384  320.308594
   22.697706    1.920489   -7.586250  320.451202
   23.438152    2.134389   -7.027735  320.588287
   24.161671    2.340249   -6.458172  320.719574
   24.866663    2.537954   -5.880766  320.844818
   25.551847    2.727501   -5.298528  320.963745
   26.216389    2.908968   -4.714186  321.076416
   26.859764    3.082530   -4.130131  321.182556
   27.484377    3.249074   -3.546043  321.282959
   28.090771    3.409014   -2.962971  321.377563
   28.678961    3.562554   -2.382256  321.466888
   29.248919    3.709886   -1.805569  321.550568
   29.800619    3.851188   -1.234193  321.629211
   30.334055    3.986634   -0.669385  321.702606
   30.849192    4.116367   -0.113232  321.771179
   31.346031    4.240472    0.433526  321.835052
   31.824514    4.359125    0.969790  321.894226
   32.284641    4.472425    1.494318  321.949127
   32.726376    4.580477    2.005977  321.999878
   33.149696    4.624815    2.503714  322.046570
   33.554585    4.428109    2.986431  322.089569
   33.941017    3.668108    3.667768  322.128937
   34.328720    3.948336    3.948165  322.162109
   34.738564    4.244775    4.244775  322.190887
   35.171799    4.558177    4.558177  322.221619
   35.629765    4.889515    4.889515  322.254333
   36.113842    5.239820    5.239820  322.289215
   36.625549    5.610183    5.610183  322.326721
   37.166431    6.001757    6.001757  322.367004
   37.738129    6.415765    6.415765  322.410431
   38.342373    6.853511    6.853511  322.457520
   38.980976    7.316367    7.316367  322.509338
   39.655922    7.805774    7.805774  322.565613
   40.369267    8.323265    8.323265  322.626831
   41.123173    8.870472    8.870472  322.693420
   41.919941    9.449116    9.449116  322.765991
   42.760216   10.061323   10.061323  322.851654
  BLADE PROFILES IN CARTESIAN COORDINATES (2D) BEFORE   PROJECTION, SCALING, MESHING AND STACKING 
  VARIABLES = "X", "YSS", "YPS" 
  BLADE           2  SECTION           1
    0.000000   -0.002421   -0.002421
    0.000062    0.000933   -0.003891
    0.000249    0.003644   -0.005802
    0.000561    0.006714   -0.007631
    0.000997    0.010055   -0.009603
    0.001557    0.013144   -0.011611
    0.002241    0.016104   -0.013673
    0.003050    0.019047   -0.015845
    0.003982    0.022000   -0.018184
    0.005038    0.024869   -0.020657
    0.006218    0.027639   -0.023210
    0.007520    0.030284   -0.025781
    0.008945    0.032776   -0.028355
    0.010493    0.035098   -0.030906
    0.012162    0.037244   -0.033371
    0.013954    0.039233   -0.035707
    0.015866    0.041115   -0.037876
    0.017899    0.042966   -0.039856
    0.020052    0.044843   -0.041652
    0.022325    0.046755   -0.043318
    0.024716    0.048699   -0.044948
    0.027226    0.050669   -0.046593
    0.029854    0.052664   -0.048257
    0.032600    0.054680   -0.049938
    0.035461    0.056717   -0.051634
    0.038439    0.058794   -0.053344
    0.041531    0.060852   -0.055063
    0.044738    0.062915   -0.056790
    0.048058    0.064982   -0.058505
    0.051491    0.067050   -0.060251
    0.055036    0.069117   -0.062004
    0.058691    0.071179   -0.063762
    0.062456    0.073233   -0.065524
    0.066331    0.075276   -0.067289
    0.070314    0.077306   -0.069057
    0.074403    0.079319   -0.070825
    0.078599    0.081312   -0.072594
    0.082900    0.083284   -0.074363
    0.087305    0.085231   -0.076130
    0.091812    0.087150   -0.077896
    0.096421    0.089038   -0.079659
    0.101131    0.090894   -0.081420
    0.105941    0.092714   -0.083177
    0.110848    0.094498   -0.084929
    0.115853    0.096274   -0.086657
    0.120953    0.097967   -0.088399
    0.126148    0.099613   -0.090137
    0.131435    0.101210   -0.091869
    0.136815    0.102756   -0.093596
    0.142285    0.104249   -0.095317
    0.147845    0.105687   -0.097032
    0.153492    0.107067   -0.098742
    0.159225    0.108386   -0.100445
    0.165044    0.109644   -0.102142
    0.170946    0.110837   -0.103832
    0.176930    0.111964   -0.105517
    0.182994    0.113023   -0.107179
    0.189138    0.114014   -0.108850
    0.195358    0.114969   -0.110514
    0.201655    0.115804   -0.112173
    0.208026    0.116562   -0.113825
    0.214470    0.117243   -0.115472
    0.220986    0.117844   -0.117113
    0.227570    0.118364   -0.118749
    0.234223    0.118801   -0.120379
    0.240941    0.119155   -0.122005
    0.247725    0.119422   -0.123625
    0.254571    0.119603   -0.125230
    0.261478    0.119696   -0.126841
    0.268445    0.119699   -0.128448
    0.275470    0.119614   -0.130050
    0.282550    0.119475   -0.131650
    0.289685    0.119196   -0.133246
    0.296872    0.118822   -0.134839
    0.304110    0.118353   -0.136429
    0.311396    0.117789   -0.138017
    0.318730    0.117129   -0.139603
    0.326109    0.116373   -0.141187
    0.333531    0.115518   -0.142763
    0.340994    0.114566   -0.144344
    0.348497    0.113516   -0.145925
    0.356038    0.112366   -0.147504
    0.363615    0.111118   -0.149084
    0.371226    0.109774   -0.150663
    0.378869    0.108370   -0.152243
    0.386542    0.106816   -0.153823
    0.394243    0.105163   -0.155405
    0.401971    0.103411   -0.156987
    0.409723    0.101559   -0.158571
    0.417498    0.099609   -0.160156
    0.425293    0.097561   -0.161743
    0.433107    0.095414   -0.163332
    0.440937    0.093170   -0.164925
    0.448783    0.090829   -0.166519
    0.456641    0.088392   -0.168117
    0.464509    0.085859   -0.169717
    0.472387    0.083232   -0.171320
    0.480272    0.080510   -0.172927
    0.488161    0.077696   -0.174537
    0.496053    0.074790   -0.176151
    0.503947    0.071795   -0.177768
    0.511839    0.068751   -0.179389
    0.519729    0.065572   -0.181013
    0.527613    0.062306   -0.182641
    0.535491    0.058955   -0.184273
    0.543360    0.055521   -0.185909
    0.551217    0.052004   -0.187549
    0.559063    0.048407   -0.189192
    0.566893    0.044730   -0.190839
    0.574707    0.040977   -0.192493
    0.582502    0.037149   -0.194148
    0.590277    0.033247   -0.195806
    0.598029    0.029275   -0.197467
    0.605757    0.025233   -0.199131
    0.613458    0.021124   -0.200799
    0.621131    0.016950   -0.202469
    0.628774    0.012713   -0.204141
    0.636385    0.008416   -0.205816
    0.643962    0.004061   -0.207493
    0.651503   -0.000349   -0.209172
    0.659006   -0.004813   -0.210852
    0.666469   -0.009327   -0.212533
    0.673891   -0.013890   -0.214215
    0.681270   -0.018497   -0.215897
    0.688604   -0.023148   -0.217579
    0.695890   -0.027839   -0.219261
    0.703128   -0.032567   -0.220943
    0.710315   -0.037329   -0.222623
    0.717450   -0.042123   -0.224301
    0.724530   -0.046947   -0.225977
    0.731555   -0.051796   -0.227651
    0.738522   -0.056668   -0.229321
    0.745429   -0.061560   -0.230988
    0.752275   -0.066469   -0.232650
    0.759059   -0.071393   -0.234308
    0.765777   -0.076327   -0.235961
    0.772430   -0.081270   -0.237607
    0.779015   -0.086217   -0.239242
    0.785530   -0.091166   -0.240875
    0.791974   -0.096114   -0.242501
    0.798345   -0.101058   -0.244118
    0.804642   -0.105994   -0.245726
    0.810863   -0.110920   -0.247325
    0.817006   -0.115832   -0.248913
    0.823070   -0.120728   -0.250490
    0.829054   -0.125603   -0.252056
    0.834956   -0.130455   -0.253609
    0.840775   -0.135282   -0.255149
    0.846508   -0.140079   -0.256675
    0.852155   -0.144843   -0.258187
    0.857715   -0.149572   -0.259684
    0.863185   -0.154264   -0.261165
    0.868565   -0.158932   -0.262630
    0.873852   -0.163537   -0.264077
    0.879047   -0.168095   -0.265506
    0.884147   -0.172601   -0.266916
    0.889152   -0.177055   -0.268307
    0.894059   -0.181451   -0.269678
    0.898869   -0.185789   -0.271028
    0.903579   -0.190064   -0.272357
    0.908188   -0.194274   -0.273663
    0.912695   -0.198416   -0.274946
    0.917100   -0.202488   -0.276203
    0.921401   -0.206486   -0.277439
    0.925597   -0.210409   -0.278650
    0.929686   -0.214252   -0.279835
    0.933669   -0.218015   -0.280994
    0.937544   -0.221694   -0.282126
    0.941309   -0.225287   -0.283230
    0.944965   -0.228792   -0.284306
    0.948509   -0.232205   -0.285353
    0.951942   -0.235526   -0.286371
    0.955262   -0.238751   -0.287359
    0.958469   -0.241878   -0.288316
    0.961561   -0.244906   -0.289242
    0.964539   -0.247833   -0.290136
    0.967400   -0.250655   -0.290998
    0.970146   -0.253372   -0.291828
    0.972774   -0.255982   -0.292624
    0.975284   -0.258482   -0.293386
    0.977675   -0.260872   -0.294114
    0.979948   -0.263149   -0.294808
    0.982101   -0.265311   -0.295466
    0.984134   -0.267358   -0.296037
    0.986046   -0.269289   -0.296382
    0.987838   -0.271101   -0.296542
    0.989507   -0.272793   -0.296569
    0.991055   -0.274365   -0.296493
    0.992480   -0.275815   -0.296334
    0.993782   -0.277142   -0.296104
    0.994962   -0.278387   -0.295807
    0.996018   -0.279643   -0.295446
    0.996950   -0.280975   -0.295020
    0.997759   -0.282355   -0.294527
    0.998443   -0.283746   -0.293964
    0.999003   -0.285119   -0.293355
    0.999439   -0.286446   -0.292643
    0.999751   -0.287713   -0.291787
    0.999938   -0.288933   -0.290871
    1.000000   -0.289708   -0.289708
  BLADE PROFILES IN CARTESIAN COORDINATES (3D) 
  VARIABLES = "X", "YSS", "YPS" "R" 
  BLADE           2  SECTION           1
   27.459740   -5.758199   -5.758199  276.126434
   28.992653   -5.621256   -5.621256  275.894653
   30.369572   -5.498971   -5.498971  275.706573
   31.606323   -5.389745   -5.389745  275.555237
   32.717739   -5.292259   -5.292259  275.439941
   33.717491   -5.205386   -5.205386  275.362793
   34.613907   -5.127522   -5.127522  275.294067
   35.417618   -5.057729   -5.057729  275.232300
   36.138168   -4.995162   -4.995162  275.176636
   36.784149   -4.939066   -4.939066  275.126099
   37.363213   -4.888767   -4.888767  275.079834
   37.882347   -4.843670   -4.843670  275.038025
   38.347752   -4.803238   -4.803238  275.000214
   38.764980   -4.766990   -4.766990  274.966064
   39.139030   -4.734489   -4.734489  274.935150
   39.474373   -4.705352   -4.705352  274.907227
   39.775013   -4.679228   -4.679228  274.882141
   40.044533   -4.655807   -4.655807  274.859436
   40.286156   -4.634807   -4.634807  274.838989
   40.502785   -4.615979   -4.615979  274.820557
   40.697002   -4.599100   -4.599100  274.803986
   40.890759   -3.552561   -5.598804  274.784180
   41.093288   -3.062725   -6.041884  274.763123
   41.305408   -2.732050   -6.398659  274.740631
   41.527935   -2.490275   -6.679704  274.716644
   41.761654   -2.280110   -6.892707  274.691010
   42.007378   -2.075498   -7.067036  274.663452
   42.265923   -1.874040   -7.234743  274.633881
   42.538059   -1.674712   -7.400550  274.602264
   42.824608   -1.475212   -7.565239  274.568268
   43.126373   -1.279163   -7.728726  274.531677
   43.444141   -1.084292   -7.892005  274.492340
   43.778709   -0.890632   -8.056429  274.450043
   44.130875   -0.698364   -8.221450  274.404510
   44.501419   -0.507781   -8.387262  274.355560
   44.890961   -0.319372   -8.553954  274.302979
   45.299568   -0.133940   -8.721366  274.246521
   45.728161    0.048054   -8.889694  274.185913
   46.177788    0.226064   -9.059150  274.120758
   46.649632    0.400393   -9.229432  274.050964
   47.144936    0.569332   -9.400970  273.975861
   47.665066    0.730727   -9.574940  273.895111
   48.211304    0.884903   -9.750867  273.808289
   48.784653    1.030624   -9.928839  273.715027
   49.386936    1.166709  -10.109195  273.614746
   50.020302    1.291799  -10.292312  273.506683
   50.687084    1.404665  -10.477705  273.390289
   51.389862    1.504143  -10.667534  273.264740
   52.131428    1.584666  -10.861540  273.129028
   52.920712    1.646340  -11.061759  272.981262
   53.768978    1.685888  -11.270564  272.818756
   54.677116    1.698483  -11.487274  272.640594
   55.644321    1.681409  -11.712469  272.446686
   56.668240    1.623800  -11.945043  272.236481
   57.744755    1.524777  -12.184227  272.010925
   58.868340    1.380398  -12.428749  271.770447
   60.020725    1.189838  -12.675917  271.519135
   61.183544    0.956955  -12.922269  271.261261
   62.350525    0.678183  -13.167338  270.998444
   63.516705    0.358489  -13.410822  270.732269
   64.678146    0.000000  -13.652795  270.464294
   65.832176   -0.395125  -13.893270  270.195496
   66.977234   -0.824938  -14.132498  269.926697
   68.121117   -1.289183  -14.372626  269.656677
   69.269020   -1.794263  -14.615238  269.384674
   70.420120   -2.336901  -14.860651  269.111176
   71.572945   -2.916150  -15.109127  268.837006
   72.725487   -3.530589  -15.360298  268.563263
   73.875137   -4.178241  -15.614099  268.290833
   75.018723   -4.856480  -15.870120  268.021057
   76.146088   -5.557909  -16.126297  267.756531
   77.250977   -6.276580  -16.381275  267.499329
   78.330391   -7.008217  -16.634359  267.250183
   79.381935   -7.748731  -16.884912  267.010010
   80.403793   -8.494318  -17.132359  266.779175
   81.394669   -9.241544  -17.375923  266.558167
   82.353889   -9.987418  -17.615849  266.347107
   83.284950  -10.732417  -17.852436  266.145233
   84.188812  -11.475280  -18.085730  265.952393
   85.065407  -12.214102  -18.315487  265.768341
   85.914764  -12.947728  -18.541485  265.593140
   86.736847  -13.673580  -18.763474  265.426575
   87.531670  -14.389754  -18.981205  265.268677
   88.299179  -15.095056  -19.194426  265.119049
   89.039360  -15.787939  -19.402754  264.977661
   89.752205  -16.466963  -19.606226  264.844269
   90.437653  -17.130718  -19.804388  264.718719
   91.095673  -17.777874  -19.996984  264.600769
   91.726265  -18.407179  -20.183750  264.490143
   92.329391  -19.017357  -20.310122  264.386597
   92.904976  -19.937374  -19.937735  264.290009
   93.487022  -20.324905  -20.325087  264.235901
   94.115440  -20.743071  -20.743071  264.178711
   94.794037  -21.194513  -21.194513  264.118500
   95.526817  -21.681889  -21.681889  264.055054
   96.318039  -22.208050  -22.208050  263.988434
   97.172424  -22.776104  -22.776104  263.918793
   98.095055  -23.389397  -23.389397  263.846039
   99.091339  -24.051540  -24.051540  263.770416
  100.167206  -24.766449  -24.766449  263.692108
  101.329002  -25.538342  -25.538342  263.611420
  102.583603  -26.371803  -26.371803  263.528687
  103.938416  -27.271767  -27.271767  263.444366
  105.401497  -28.243587  -28.243587  263.359039
  106.981438  -29.293060  -29.293060  263.273346
  108.687599  -30.426455  -30.426455  263.188263
  110.530037  -31.650562  -31.650562  263.104736
  112.519615  -32.972752  -32.972752  263.023926
  114.667999  -34.401001  -34.401001  262.947235
  116.987778  -35.943954  -35.943954  262.876251
  119.492531  -37.611004  -37.611004  262.812653
  BLADE PROFILES IN CARTESIAN COORDINATES (2D) BEFORE   PROJECTION, SCALING, MESHING AND STACKING 
  VARIABLES = "X", "YSS", "YPS" 
  BLADE           2  SECTION           2
    0.000000    0.001936    0.001936
    0.000062    0.003227   -0.000662
    0.000249    0.005283   -0.003488
    0.000561    0.007364   -0.006449
    0.000997    0.009487   -0.009594
    0.001557    0.011669   -0.012559
    0.002241    0.013964   -0.015530
    0.003050    0.016466   -0.018551
    0.003982    0.019089   -0.021595
    0.005038    0.021787   -0.024623
    0.006218    0.024527   -0.027590
    0.007520    0.027268   -0.030450
    0.008945    0.029979   -0.033159
    0.010493    0.032620   -0.035682
    0.012162    0.035151   -0.038000
    0.013954    0.037537   -0.040121
    0.015866    0.039748   -0.042089
    0.017899    0.041773   -0.043995
    0.020052    0.043625   -0.045927
    0.022325    0.045361   -0.047901
    0.024716    0.047066   -0.049915
    0.027226    0.048777   -0.051966
    0.029854    0.050497   -0.054051
    0.032600    0.052223   -0.056170
    0.035461    0.053952   -0.058319
    0.038439    0.055679   -0.060498
    0.041531    0.057403   -0.062703
    0.044738    0.059119   -0.064934
    0.048058    0.060825   -0.067189
    0.051491    0.062518   -0.069466
    0.055036    0.064195   -0.071764
    0.058691    0.065853   -0.074081
    0.062456    0.067488   -0.076416
    0.066331    0.069098   -0.078769
    0.070314    0.070681   -0.081137
    0.074403    0.072233   -0.083519
    0.078599    0.073752   -0.085889
    0.082900    0.075238   -0.088295
    0.087305    0.076716   -0.090713
    0.091812    0.078116   -0.093142
    0.096421    0.079471   -0.095580
    0.101131    0.080779   -0.098028
    0.105941    0.082038   -0.100483
    0.110848    0.083245   -0.102946
    0.115853    0.084399   -0.105416
    0.120953    0.085496   -0.107892
    0.126148    0.086534   -0.110374
    0.131435    0.087511   -0.112861
    0.136815    0.088425   -0.115353
    0.142285    0.089274   -0.117848
    0.147845    0.090055   -0.120329
    0.153492    0.090766   -0.122829
    0.159225    0.091406   -0.125333
    0.165044    0.091972   -0.127839
    0.170946    0.092463   -0.130348
    0.176930    0.092911   -0.132859
    0.182994    0.093240   -0.135371
    0.189138    0.093486   -0.137885
    0.195358    0.093648   -0.140401
    0.201655    0.093726   -0.142917
    0.208026    0.093718   -0.145435
    0.214470    0.093622   -0.147953
    0.220986    0.093436   -0.150472
    0.227570    0.093160   -0.152977
    0.234223    0.092792   -0.155496
    0.240941    0.092330   -0.158016
    0.247725    0.091774   -0.160536
    0.254571    0.091122   -0.163056
    0.261478    0.090374   -0.165577
    0.268445    0.089528   -0.168098
    0.275470    0.088622   -0.170620
    0.282550    0.087573   -0.173142
    0.289685    0.086421   -0.175664
    0.296872    0.085168   -0.178187
    0.304110    0.083813   -0.180711
    0.311396    0.082356   -0.183234
    0.318730    0.080796   -0.185750
    0.326109    0.079132   -0.188275
    0.333531    0.077365   -0.190800
    0.340994    0.075494   -0.193326
    0.348497    0.073519   -0.195853
    0.356038    0.071440   -0.198380
    0.363615    0.069257   -0.200908
    0.371226    0.066969   -0.203438
    0.378869    0.064577   -0.205968
    0.386542    0.062082   -0.208499
    0.394243    0.059485   -0.211031
    0.401971    0.056827   -0.213564
    0.409723    0.054018   -0.216098
    0.417498    0.051106   -0.218633
    0.425293    0.048092   -0.221169
    0.433107    0.044978   -0.223706
    0.440937    0.041763   -0.226244
    0.448783    0.038449   -0.228784
    0.456641    0.035037   -0.231322
    0.464509    0.031528   -0.233863
    0.472387    0.027923   -0.236405
    0.480272    0.024222   -0.238948
    0.488161    0.020428   -0.241492
    0.496053    0.016541   -0.244036
    0.503947    0.012564   -0.246580
    0.511839    0.008497   -0.249125
    0.519729    0.004341   -0.251670
    0.527613    0.000100   -0.254216
    0.535491   -0.004226   -0.256760
    0.543360   -0.008636   -0.259305
    0.551217   -0.013126   -0.261849
    0.559063   -0.017695   -0.264392
    0.566893   -0.022342   -0.266934
    0.574707   -0.027063   -0.269475
    0.582502   -0.031858   -0.272014
    0.590277   -0.036723   -0.274552
    0.598029   -0.041657   -0.277087
    0.605757   -0.046657   -0.279619
    0.613458   -0.051721   -0.282149
    0.621131   -0.056846   -0.284675
    0.628774   -0.062030   -0.287198
    0.636385   -0.067271   -0.289717
    0.643962   -0.072565   -0.292231
    0.651503   -0.077910   -0.294740
    0.659006   -0.083304   -0.297244
    0.666469   -0.088743   -0.299742
    0.673891   -0.094225   -0.302233
    0.681270   -0.099746   -0.304718
    0.688604   -0.105305   -0.307195
    0.695890   -0.110898   -0.309665
    0.703128   -0.116522   -0.312125
    0.710315   -0.122174   -0.314577
    0.717450   -0.127851   -0.317019
    0.724530   -0.133550   -0.319451
    0.731555   -0.139268   -0.321872
    0.738522   -0.145002   -0.324277
    0.745429   -0.150748   -0.326674
    0.752275   -0.156503   -0.329059
    0.759059   -0.162265   -0.331430
    0.765777   -0.168029   -0.333787
    0.772430   -0.173793   -0.336129
    0.779015   -0.179553   -0.338456
    0.785530   -0.185306   -0.340766
    0.791974   -0.191049   -0.343059
    0.798345   -0.196779   -0.345335
    0.804642   -0.202518   -0.347592
    0.810863   -0.208212   -0.349830
    0.817006   -0.213883   -0.352048
    0.823070   -0.219526   -0.354245
    0.829054   -0.225139   -0.356421
    0.834956   -0.230719   -0.358574
    0.840775   -0.236263   -0.360704
    0.846508   -0.241766   -0.362811
    0.852155   -0.247226   -0.364893
    0.857715   -0.252640   -0.366949
    0.863185   -0.258003   -0.368979
    0.868565   -0.263314   -0.370980
    0.873852   -0.268569   -0.372956
    0.879047   -0.273765   -0.374903
    0.884147   -0.278898   -0.376822
    0.889152   -0.283966   -0.378710
    0.894059   -0.288965   -0.380567
    0.898869   -0.293893   -0.382393
    0.903579   -0.298746   -0.384187
    0.908188   -0.303522   -0.385947
    0.912695   -0.308230   -0.387674
    0.917100   -0.312843   -0.389366
    0.921401   -0.317369   -0.391023
    0.925597   -0.321806   -0.392643
    0.929686   -0.326151   -0.394227
    0.933669   -0.330402   -0.395774
    0.937544   -0.334556   -0.397282
    0.941309   -0.338611   -0.398752
    0.944965   -0.342563   -0.400182
    0.948509   -0.346410   -0.401572
    0.951942   -0.350151   -0.402921
    0.955262   -0.353783   -0.404229
    0.958469   -0.357303   -0.405493
    0.961561   -0.360709   -0.406717
    0.964539   -0.363999   -0.407897
    0.967400   -0.367172   -0.409034
    0.970146   -0.370224   -0.410126
    0.972774   -0.373155   -0.411174
    0.975284   -0.375962   -0.412176
    0.977675   -0.378644   -0.413133
    0.979948   -0.381198   -0.414044
    0.982101   -0.383624   -0.414893
    0.984134   -0.385920   -0.415585
    0.986046   -0.388083   -0.416039
    0.987838   -0.390114   -0.416319
    0.989507   -0.392010   -0.416467
    0.991055   -0.393771   -0.416509
    0.992480   -0.395395   -0.416461
    0.993782   -0.396881   -0.416330
    0.994962   -0.398250   -0.416122
    0.996018   -0.399558   -0.415838
    0.996950   -0.400952   -0.415476
    0.997759   -0.402416   -0.415034
    0.998443   -0.403889   -0.414517
    0.999003   -0.405339   -0.413899
    0.999439   -0.406741   -0.413166
    0.999751   -0.408072   -0.412339
    0.999938   -0.409323   -0.411369
    1.000000   -0.410560   -0.410560
  BLADE PROFILES IN CARTESIAN COORDINATES (3D) 
  VARIABLES = "X", "YSS", "YPS" "R" 
  BLADE           2  SECTION           2
   29.107248   -1.162432   -1.162432  298.805237
   30.568569   -1.232972   -1.232972  298.804993
   31.878733   -1.296213   -1.296213  298.804382
   33.053356   -1.352909   -1.352909  298.803345
   34.106483   -1.403733   -1.403733  298.800385
   35.050659   -1.449297   -1.449297  298.797882
   35.897179   -1.490151   -1.490151  298.796204
   36.656128   -1.526782   -1.526782  298.795319
   37.336563   -1.559625   -1.559625  298.795013
   37.946617   -1.589075   -1.589075  298.795380
   38.493557   -1.615480   -1.615480  298.796051
   38.983929   -1.639155   -1.639155  298.796936
   39.423561   -1.660382   -1.660382  298.797913
   39.817730   -1.679415   -1.679415  298.798981
   40.171120   -1.696479   -1.696479  298.799957
   40.487957   -1.711779   -1.711779  298.801025
   40.772015   -1.725497   -1.725497  298.802032
   41.026688   -1.737796   -1.737796  298.803009
   41.255016   -1.748822   -1.748822  298.803925
   41.459732   -1.758709   -1.758709  298.804749
   41.643265   -1.767573   -1.767573  298.805176
   41.826805   -0.814867   -2.760491  298.805542
   42.018703   -0.364030   -3.251540  298.805878
   42.219734   -0.014167   -3.589385  298.806152
   42.430683    0.256263   -3.830582  298.806488
   42.652298    0.462384   -4.034144  298.806793
   42.885384    0.633930   -4.233235  298.807129
   43.130665    0.797923   -4.430858  298.807495
   43.388954    0.958008   -4.628262  298.807800
   43.660999    1.114684   -4.826354  298.808105
   43.947578    1.268190   -5.025824  298.808472
   44.249458    1.418566   -5.227206  298.808746
   44.567417    1.565700   -5.430927  298.809082
   44.902218    1.709343   -5.637328  298.809387
   45.254646    1.849134   -5.846758  298.809601
   45.625275    1.984515   -6.057763  298.809845
   46.014217    2.116617   -6.273030  298.810059
   46.422359    2.240908   -6.491453  298.810333
   46.850739    2.358727   -6.713398  298.810455
   47.300449    2.469478   -6.939188  298.810608
   47.772793    2.572332   -7.169168  298.810669
   48.269062    2.666339   -7.403704  298.810577
   48.790474    2.750370   -7.643024  298.810547
   49.338036    2.823138   -7.886333  298.810364
   49.913567    2.883301   -8.135989  298.810242
   50.519127    2.931184   -8.391731  298.809845
   51.156982    2.960682   -8.654199  298.809540
   51.829662    2.972071   -8.924089  298.809021
   52.539883    2.963024   -9.202199  298.808350
   53.296253    2.930441   -9.490561  298.807648
   54.109657    2.869890   -9.794408  298.806549
   54.981022    2.776592  -10.112741  298.805359
   55.909649    2.647779  -10.444925  298.803986
   56.893303    2.474473  -10.789927  298.802399
   57.928196    2.255460  -11.145939  298.800507
   59.008980    1.987705  -11.512213  298.798431
   60.118118    1.672568  -11.882893  298.796143
   61.237888    1.313887  -12.252832  298.793610
   62.362255    0.915984  -12.620911  298.791046
   63.486286    0.476251  -12.986356  298.788239
   64.606216    0.000000  -13.348653  298.785492
   65.719322   -0.510399  -13.707857  298.782532
   66.824081   -1.052871  -14.063987  298.779480
   67.927925   -1.630087  -14.420030  298.776520
   69.035858   -2.244284  -14.778105  298.773346
   70.146965   -2.894837  -15.138425  298.770264
   71.259804   -3.580675  -15.500982  298.767151
   72.372337   -4.300206  -15.865542  298.763947
   73.482033   -5.051235  -16.231653  298.760834
   74.585732   -5.830880  -16.598612  298.757660
   75.673607   -6.630906  -16.963404  298.754639
   76.739563   -7.444885  -17.324108  298.751678
   77.780685   -8.268377  -17.679789  298.748901
   78.794617   -9.097191  -18.029404  298.746185
   79.779579   -9.927461  -18.372757  298.743591
   80.734337  -10.755747  -18.708988  298.741272
   81.658211  -11.579076  -19.037716  298.739075
   82.554619  -12.399822  -19.359947  298.737000
   83.424423  -13.214037  -19.675827  298.735077
   84.267616  -14.021203  -19.985167  298.733337
   85.084221  -14.819571  -20.287657  298.731567
   85.874222  -15.607460  -20.583286  298.730042
   86.637627  -16.383282  -20.871811  298.728699
   87.374428  -17.146069  -21.152929  298.727448
   88.084641  -17.893353  -21.426409  298.726349
   88.768234  -18.624031  -21.692028  298.725311
   89.425240  -19.336851  -21.949553  298.724457
   90.055641  -20.030535  -22.198689  298.723633
   90.659439  -20.703865  -22.439342  298.723022
   91.236641  -21.355688  -22.608252  298.722382
   91.787262  -22.313385  -22.313744  298.722321
   92.337852  -22.741835  -22.742014  298.723663
   92.932251  -23.204184  -23.204184  298.725220
   93.573975  -23.703323  -23.703323  298.726868
   94.266701  -24.242165  -24.242165  298.728638
   95.014542  -24.823885  -24.823885  298.730652
   95.821884  -25.451883  -25.451883  298.732788
   96.693443  -26.129850  -26.129850  298.735077
   97.634377  -26.861761  -26.861761  298.737640
   98.650116  -27.651905  -27.651905  298.740448
   99.746674  -28.504913  -28.504913  298.743530
  100.930458  -29.425797  -29.425797  298.746765
  102.208405  -30.419945  -30.419945  298.750336
  103.588028  -31.493195  -31.493195  298.754120
  105.077415  -32.651825  -32.651825  298.758209
  106.685280  -33.902653  -33.902653  298.762573
  108.421059  -35.252987  -35.252987  298.767212
  110.294891  -36.710747  -36.710747  298.772003
  112.317818  -38.284477  -38.284477  298.777008
  114.501656  -39.983383  -39.983383  298.782104
  116.859261  -41.817425  -41.817425  298.787140
  BLADE PROFILES IN CARTESIAN COORDINATES (2D) BEFORE   PROJECTION, SCALING, MESHING AND STACKING 
  VARIABLES = "X", "YSS", "YPS" 
  BLADE           2  SECTION           3
    0.000000   -0.000946   -0.000946
    0.000062    0.003032   -0.003264
    0.000249    0.005765   -0.007190
    0.000561    0.008289   -0.011544
    0.000997    0.010532   -0.015860
    0.001557    0.012679   -0.019406
    0.002241    0.014820   -0.022659
    0.003050    0.016996   -0.025741
    0.003982    0.019182   -0.028669
    0.005038    0.021445   -0.031439
    0.006218    0.023771   -0.034023
    0.007520    0.026129   -0.036389
    0.008945    0.028583   -0.038581
    0.010493    0.031097   -0.040641
    0.012162    0.033616   -0.042649
    0.013954    0.036097   -0.044706
    0.015866    0.038496   -0.046832
    0.017899    0.040775   -0.049023
    0.020052    0.042896   -0.051277
    0.022325    0.044832   -0.053592
    0.024716    0.046574   -0.055963
    0.027226    0.048149   -0.058389
    0.029854    0.049618   -0.060867
    0.032600    0.051051   -0.063394
    0.035461    0.052498   -0.065968
    0.038439    0.053932   -0.068585
    0.041531    0.055358   -0.071245
    0.044738    0.056781   -0.073945
    0.048058    0.058155   -0.076683
    0.051491    0.059502   -0.079458
    0.055036    0.060820   -0.082268
    0.058691    0.062106   -0.085105
    0.062456    0.063357   -0.087959
    0.066331    0.064570   -0.090865
    0.070314    0.065743   -0.093799
    0.074403    0.066869   -0.096761
    0.078599    0.067948   -0.099749
    0.082900    0.068978   -0.102761
    0.087305    0.069957   -0.105798
    0.091812    0.070881   -0.108856
    0.096421    0.071749   -0.111936
    0.101131    0.072558   -0.115037
    0.105941    0.073305   -0.118156
    0.110848    0.073988   -0.121294
    0.115853    0.074605   -0.124449
    0.120953    0.075153   -0.127621
    0.126148    0.075631   -0.130806
    0.131435    0.076035   -0.134003
    0.136815    0.076364   -0.137200
    0.142285    0.076617   -0.140428
    0.147845    0.076789   -0.143668
    0.153492    0.076887   -0.146921
    0.159225    0.076932   -0.150185
    0.165044    0.076856   -0.153460
    0.170946    0.076690   -0.156746
    0.176930    0.076433   -0.160041
    0.182994    0.076086   -0.163345
    0.189138    0.075646   -0.166658
    0.195358    0.075113   -0.169979
    0.201655    0.074485   -0.173308
    0.208026    0.073761   -0.176644
    0.214470    0.072939   -0.179984
    0.220986    0.072017   -0.183319
    0.227570    0.070995   -0.186674
    0.234223    0.069872   -0.190035
    0.240941    0.068646   -0.193402
    0.247725    0.067316   -0.196774
    0.254571    0.065881   -0.200151
    0.261478    0.064341   -0.203533
    0.268445    0.062695   -0.206920
    0.275470    0.060947   -0.210311
    0.282550    0.059127   -0.213706
    0.289685    0.057157   -0.217104
    0.296872    0.055078   -0.220506
    0.304110    0.052886   -0.223912
    0.311396    0.050584   -0.227321
    0.318730    0.048172   -0.230732
    0.326109    0.045650   -0.234146
    0.333531    0.043017   -0.237563
    0.340994    0.040275   -0.240980
    0.348497    0.037422   -0.244394
    0.356038    0.034459   -0.247817
    0.363615    0.031387   -0.251242
    0.371226    0.028204   -0.254669
    0.378869    0.024913   -0.258097
    0.386542    0.021513   -0.261526
    0.394243    0.018004   -0.264957
    0.401971    0.014388   -0.268388
    0.409723    0.010665   -0.271819
    0.417498    0.006836   -0.275252
    0.425293    0.002902   -0.278684
    0.433107   -0.001137   -0.282116
    0.440937   -0.005279   -0.285548
    0.448783   -0.009523   -0.288980
    0.456641   -0.013868   -0.292411
    0.464509   -0.018313   -0.295840
    0.472387   -0.022857   -0.299269
    0.480272   -0.027497   -0.302696
    0.488161   -0.032233   -0.306121
    0.496053   -0.037062   -0.309544
    0.503947   -0.041984   -0.312964
    0.511839   -0.046996   -0.316381
    0.519729   -0.052097   -0.319796
    0.527613   -0.057284   -0.323206
    0.535491   -0.062556   -0.326613
    0.543360   -0.067911   -0.330016
    0.551217   -0.073346   -0.333414
    0.559063   -0.078860   -0.336806
    0.566893   -0.084450   -0.340194
    0.574707   -0.090114   -0.343575
    0.582502   -0.095849   -0.346950
    0.590277   -0.101653   -0.350318
    0.598029   -0.107524   -0.353679
    0.605757   -0.113458   -0.357031
    0.613458   -0.119454   -0.360376
    0.621131   -0.125508   -0.363711
    0.628774   -0.131618   -0.367037
    0.636385   -0.137781   -0.370353
    0.643962   -0.143995   -0.373659
    0.651503   -0.150255   -0.376953
    0.659006   -0.156559   -0.380235
    0.666469   -0.162905   -0.383505
    0.673891   -0.169289   -0.386761
    0.681270   -0.175708   -0.390005
    0.688604   -0.182159   -0.393233
    0.695890   -0.188639   -0.396444
    0.703128   -0.195144   -0.399642
    0.710315   -0.201672   -0.402823
    0.717450   -0.208218   -0.405988
    0.724530   -0.214781   -0.409134
    0.731555   -0.221355   -0.412262
    0.738522   -0.227939   -0.415371
    0.745429   -0.234533   -0.418459
    0.752275   -0.241155   -0.421527
    0.759059   -0.247747   -0.424572
    0.765777   -0.254333   -0.427596
    0.772430   -0.260912   -0.430596
    0.779015   -0.267479   -0.433571
    0.785530   -0.274031   -0.436522
    0.791974   -0.280564   -0.439448
    0.798345   -0.287074   -0.442346
    0.804642   -0.293559   -0.445218
    0.810863   -0.300015   -0.448061
    0.817006   -0.306438   -0.450875
    0.823070   -0.312824   -0.453656
    0.829054   -0.319171   -0.456409
    0.834956   -0.325474   -0.459132
    0.840775   -0.331731   -0.461821
    0.846508   -0.337938   -0.464478
    0.852155   -0.344091   -0.467100
    0.857715   -0.350190   -0.469687
    0.863185   -0.356244   -0.472239
    0.868565   -0.362217   -0.474753
    0.873852   -0.368123   -0.477230
    0.879047   -0.373957   -0.479669
    0.884147   -0.379718   -0.482068
    0.889152   -0.385402   -0.484428
    0.894059   -0.391005   -0.486746
    0.898869   -0.396525   -0.489023
    0.903579   -0.401957   -0.491257
    0.908188   -0.407300   -0.493446
    0.912695   -0.412551   -0.495593
    0.917100   -0.417705   -0.497695
    0.921401   -0.422760   -0.499751
    0.925597   -0.427714   -0.501761
    0.929686   -0.432563   -0.503724
    0.933669   -0.437305   -0.505638
    0.937544   -0.441946   -0.507504
    0.941309   -0.446464   -0.509321
    0.944965   -0.450867   -0.511087
    0.948509   -0.455152   -0.512803
    0.951942   -0.459316   -0.514467
    0.955262   -0.463356   -0.516079
    0.958469   -0.467272   -0.517638
    0.961561   -0.471059   -0.519144
    0.964539   -0.474717   -0.520596
    0.967400   -0.478242   -0.521993
    0.970146   -0.481633   -0.523335
    0.972774   -0.484888   -0.524621
    0.975284   -0.488005   -0.525852
    0.977675   -0.490981   -0.527025
    0.979948   -0.493816   -0.528141
    0.982101   -0.496508   -0.529163
    0.984134   -0.499054   -0.529963
    0.986046   -0.501453   -0.530531
    0.987838   -0.503705   -0.530926
    0.989507   -0.505807   -0.531187
    0.991055   -0.507759   -0.531335
    0.992480   -0.509559   -0.531383
    0.993782   -0.511205   -0.531339
    0.994962   -0.512701   -0.531206
    0.996018   -0.514114   -0.530985
    0.996950   -0.515600   -0.530673
    0.997759   -0.517128   -0.530266
    0.998443   -0.518671   -0.529801
    0.999003   -0.520194   -0.529199
    0.999439   -0.521670   -0.528423
    0.999751   -0.523073   -0.527580
    0.999938   -0.524386   -0.526610
    1.000000   -0.526062   -0.526062
  BLADE PROFILES IN CARTESIAN COORDINATES (3D) 
  VARIABLES = "X", "YSS", "YPS" "R" 
  BLADE           2  SECTION           3
   30.336760    2.581599    2.581599  321.703003
   31.756393    2.336754    2.336754  321.885925
   33.031128    2.117004    2.117004  322.033630
   34.175713    1.919812    1.919812  322.151489
   35.205372    1.742786    1.742786  322.223999
   36.129078    1.584013    1.584013  322.290375
   36.957161    1.441644    1.441644  322.351349
   37.699486    1.313984    1.313984  322.407440
   38.364918    1.199516    1.199516  322.459290
   38.961369    1.096881    1.096881  322.507751
   39.496029    1.004853    1.004853  322.552155
   39.975311    0.922337    0.922337  322.592804
   40.404953    0.848349    0.848349  322.629944
   40.790104    0.782009    0.782009  322.663727
   41.135387    0.722527    0.722527  322.694550
   41.444904    0.669194    0.669194  322.722443
   41.722378    0.621375    0.621375  322.747772
   41.971130    0.578499    0.578499  322.770782
   42.194134    0.540057    0.540057  322.791534
   42.394058    0.505589    0.505589  322.811035
   42.573280    0.474685    0.474685  322.830811
   42.752048    1.585735   -0.685343  322.850769
   42.938927    1.960369   -1.108851  322.871918
   43.134644    2.283367   -1.380789  322.894531
   43.339935    2.562238   -1.616051  322.918640
   43.555569    2.791612   -1.846852  322.944366
   43.782272    2.971343   -2.076108  322.971985
   44.020775    3.114467   -2.305586  323.001526
   44.271828    3.245601   -2.536534  323.033173
   44.536171    3.373479   -2.769824  323.067108
   44.814529    3.498070   -3.006187  323.103638
   45.107643    3.616120   -3.246282  323.142792
   45.416248    3.729278   -3.490345  323.184998
   45.741062    3.837113   -3.738150  323.230164
   46.082821    3.939122   -3.992140  323.278839
   46.442101    4.034498   -4.251213  323.331055
   46.818920    4.122698   -4.515244  323.387146
   47.214165    4.203075   -4.784597  323.447113
   47.628780    4.274890   -5.059670  323.511536
   48.063858    4.337304   -5.340887  323.580597
   48.520569    4.389360   -5.628664  323.654785
   49.000156    4.429958   -5.923093  323.734467
   49.503765    4.457840   -6.224496  323.819916
   50.032314    4.471898   -6.534369  323.911804
   50.587540    4.471848   -6.852617  324.010620
   51.171375    4.452189   -7.180010  324.116760
   51.785995    4.412927   -7.517391  324.231201
   52.433712    4.351849   -7.865698  324.354340
   53.117153    4.266267   -8.225426  324.487579
   53.844513    4.152148   -8.600921  324.632355
   54.626198    4.003875   -8.997358  324.791595
   55.462959    3.816624   -9.414082  324.965973
   56.354115    3.588241   -9.850230  325.155731
   57.297401    3.309219  -10.304399  325.361359
   58.289104    2.978645  -10.774737  325.582062
   59.324047    2.594300  -11.258569  325.816956
   60.385460    2.159404  -11.749133  326.062378
   61.456375    1.679771  -12.239239  326.314392
   62.531075    1.158075  -12.727061  326.571045
   63.604919    0.597195  -13.211374  326.830994
   64.674362    0.000000  -13.691401  327.092834
   65.736877   -0.630858  -14.166778  327.355347
   66.791092   -1.293139  -14.637544  327.618134
   67.844154   -1.990332  -15.107516  327.881989
   68.900902   -2.725224  -15.579376  328.148193
   69.960495   -3.497097  -16.053268  328.415649
   71.021645   -4.304733  -16.529072  328.684204
   72.082504   -5.146321  -17.006382  328.952515
   73.140648   -6.019396  -17.484522  329.219513
   74.193184   -6.920722  -17.962490  329.484375
   75.230759   -7.840972  -18.436314  329.744324
   76.247635   -8.773035  -18.903351  329.997284
   77.241043   -9.712123  -19.362736  330.242676
   78.208778  -10.653782  -19.813251  330.479462
   79.149193  -11.595712  -20.254061  330.707336
   80.061081  -12.530890  -20.684496  330.925903
   80.943848  -13.457834  -21.104103  331.134857
   81.800659  -14.377746  -21.514240  331.335083
   82.632492  -15.289592  -21.915051  331.526672
   83.439201  -16.191494  -22.306643  331.709747
   84.220856  -17.082907  -22.688654  331.884460
   84.977440  -17.959839  -23.060869  332.050842
   85.708893  -18.821764  -23.423086  332.208923
   86.415268  -19.667088  -23.775000  332.358978
   87.096466  -20.494322  -24.116629  332.501099
   87.752518  -21.302608  -24.447603  332.635437
   88.383369  -22.089489  -24.767710  332.762207
   88.989006  -22.854208  -25.076723  332.881531
   89.569382  -23.595530  -25.374443  332.993774
   90.124481  -24.312273  -25.587519  333.098999
   90.654282  -25.345684  -25.346069  333.177765
   91.191223  -25.827517  -25.827707  333.231171
   91.771027  -26.347460  -26.347460  333.287720
   92.397125  -26.908758  -26.908758  333.347351
   93.073212  -27.514698  -27.514698  333.410187
   93.803276  -28.168819  -28.168819  333.476227
   94.591652  -28.874943  -28.874943  333.545380
   95.443024  -29.637203  -29.637203  333.617767
   96.362434  -30.460041  -30.460041  333.693024
   97.355316  -31.348263  -31.348263  333.771149
   98.427559  -32.307034  -32.307034  333.851868
   99.585503  -33.341934  -33.341934  333.934906
  100.836067  -34.458984  -34.458984  334.019806
  102.186592  -35.664661  -35.664661  334.106110
  103.645142  -36.965954  -36.965954  334.193237
  105.220284  -38.370384  -38.370384  334.280334
  106.921379  -39.886066  -39.886066  334.366669
  108.758453  -41.521713  -41.521713  334.451111
  110.742355  -43.286736  -43.286736  334.532532
  112.884689  -45.191238  -45.191238  334.609650
  115.198059  -47.246105  -47.246105  334.680969
