  BLADE PROFILES IN CARTESIAN COORDINATES (2D) BEFORE   PROJECTION, SCALING, MESHING AND STACKING 
  VARIABLES = "X", "YSS", "YPS" 
  BLADE           1  SECTION           1
    0.000000    0.003009    0.003009
    0.000062    0.008294    0.001052
    0.000249    0.012325   -0.002306
    0.000561    0.016561   -0.005474
    0.000997    0.020838   -0.008552
    0.001557    0.024845   -0.011466
    0.002241    0.028351   -0.014308
    0.003050    0.031652   -0.017158
    0.003982    0.034717   -0.020029
    0.005038    0.037554   -0.022906
    0.006218    0.040170   -0.025826
    0.007520    0.042554   -0.028785
    0.008945    0.044780   -0.031763
    0.010493    0.046954   -0.034766
    0.012162    0.049218   -0.037791
    0.013954    0.051604   -0.040810
    0.015866    0.054108   -0.043799
    0.017899    0.056730   -0.046714
    0.020052    0.059465   -0.049525
    0.022325    0.062306   -0.052191
    0.024716    0.065247   -0.054674
    0.027226    0.068309   -0.056981
    0.029854    0.071476   -0.059124
    0.032600    0.074746   -0.061156
    0.035461    0.078116   -0.063157
    0.038439    0.081586   -0.065161
    0.041531    0.085149   -0.067171
    0.044738    0.088791   -0.069180
    0.048058    0.092543   -0.071184
    0.051491    0.096389   -0.073187
    0.055036    0.100325   -0.075198
    0.058691    0.104350   -0.077155
    0.062456    0.108458   -0.079076
    0.066331    0.112641   -0.080965
    0.070314    0.116923   -0.082817
    0.074403    0.121290   -0.084628
    0.078599    0.125740   -0.086406
    0.082900    0.130253   -0.088154
    0.087305    0.134863   -0.089810
    0.091812    0.139552   -0.091383
    0.096421    0.144321   -0.092889
    0.101131    0.149163   -0.094321
    0.105941    0.154072   -0.095676
    0.110848    0.159068   -0.096960
    0.115853    0.164140   -0.098192
    0.120953    0.169285   -0.099262
    0.126148    0.174491   -0.100229
    0.131435    0.179781   -0.101092
    0.136815    0.185142   -0.101848
    0.142285    0.190576   -0.102504
    0.147845    0.196076   -0.103083
    0.153492    0.201641   -0.103461
    0.159225    0.207282   -0.103705
    0.165044    0.212992   -0.103817
    0.170946    0.218770   -0.103793
    0.176930    0.224612   -0.103642
    0.182994    0.230518   -0.103391
    0.189138    0.236495   -0.102903
    0.195358    0.242539   -0.102254
    0.201655    0.248647   -0.101446
    0.208026    0.254818   -0.100475
    0.214470    0.261052   -0.099357
    0.220986    0.267352   -0.098111
    0.227570    0.273715   -0.096614
    0.234223    0.280141   -0.094920
    0.240941    0.286629   -0.093043
    0.247725    0.293178   -0.090980
    0.254571    0.299788   -0.088728
    0.261478    0.306459   -0.086306
    0.268445    0.313191   -0.083733
    0.275470    0.319981   -0.080894
    0.282550    0.326831   -0.077826
    0.289685    0.333738   -0.074554
    0.296872    0.340704   -0.071076
    0.304110    0.347726   -0.067388
    0.311396    0.354805   -0.063490
    0.318730    0.361939   -0.059377
    0.326109    0.369129   -0.055049
    0.333531    0.376373   -0.050523
    0.340994    0.383671   -0.045837
    0.348497    0.391022   -0.040853
    0.356038    0.398425   -0.035642
    0.363615    0.405880   -0.030200
    0.371226    0.413386   -0.024536
    0.378869    0.420942   -0.018649
    0.386542    0.428546   -0.012539
    0.394243    0.436199   -0.006206
    0.401971    0.443898    0.000351
    0.409723    0.451644    0.007130
    0.417498    0.459435    0.014133
    0.425293    0.467270    0.021357
    0.433107    0.475147    0.028802
    0.440937    0.483068    0.036467
    0.448783    0.491028    0.044351
    0.456641    0.499028    0.052453
    0.464509    0.507067    0.060769
    0.472387    0.515142    0.069299
    0.480272    0.523252    0.078041
    0.488161    0.531397    0.086992
    0.496053    0.539574    0.096149
    0.503947    0.547782    0.105510
    0.511839    0.556020    0.115072
    0.519729    0.564286    0.124831
    0.527613    0.572578    0.134785
    0.535491    0.580895    0.144936
    0.543360    0.589230    0.155279
    0.551217    0.597579    0.165807
    0.559063    0.605959    0.176537
    0.566893    0.614357    0.187494
    0.574707    0.622771    0.198547
    0.582502    0.631201    0.209767
    0.590277    0.639643    0.221149
    0.598029    0.648095    0.232687
    0.605757    0.656554    0.244378
    0.613458    0.665019    0.256215
    0.621131    0.673487    0.268193
    0.628774    0.681957    0.280316
    0.636385    0.690421    0.292576
    0.643962    0.698874    0.304985
    0.651503    0.707334    0.317553
    0.659006    0.715785    0.330167
    0.666469    0.724231    0.342888
    0.673891    0.732664    0.355709
    0.681270    0.741082    0.368623
    0.688604    0.749483    0.381625
    0.695890    0.757864    0.394718
    0.703128    0.766215    0.407889
    0.710315    0.774538    0.421153
    0.717450    0.782844    0.434504
    0.724530    0.791119    0.447853
    0.731555    0.799361    0.461249
    0.738522    0.807572    0.474683
    0.745429    0.815745    0.488148
    0.752275    0.823876    0.501646
    0.759059    0.831964    0.515166
    0.765777    0.840006    0.528695
    0.772430    0.847992    0.542255
    0.779015    0.855924    0.555814
    0.785530    0.863811    0.569323
    0.791974    0.871640    0.582810
    0.798345    0.879409    0.596268
    0.804642    0.887118    0.609699
    0.810863    0.894762    0.623087
    0.817006    0.902337    0.636424
    0.823070    0.909841    0.649726
    0.829054    0.917264    0.662961
    0.834956    0.924612    0.676092
    0.840775    0.931885    0.689139
    0.846508    0.939077    0.702096
    0.852155    0.946183    0.714961
    0.857715    0.953201    0.727721
    0.863185    0.960128    0.740367
    0.868565    0.966965    0.752891
    0.873852    0.973705    0.765308
    0.879047    0.980346    0.777582
    0.884147    0.986886    0.789693
    0.889152    0.993316    0.801652
    0.894059    0.999642    0.813455
    0.898869    1.005862    0.825095
    0.903579    1.011971    0.836562
    0.908188    1.017965    0.847847
    0.912695    1.023842    0.858945
    0.917100    1.029600    0.869848
    0.921401    1.035236    0.880549
    0.925597    1.040748    0.891062
    0.929686    1.046133    0.901345
    0.933669    1.051390    0.911401
    0.937544    1.056516    0.921232
    0.941309    1.061508    0.930830
    0.944965    1.066365    0.940188
    0.948509    1.071085    0.949300
    0.951942    1.075665    0.958160
    0.955262    1.080103    0.966763
    0.958469    1.084397    0.975103
    0.961561    1.088546    0.983176
    0.964539    1.092551    0.990974
    0.967400    1.096317    0.998494
    0.970146    1.099419    1.005731
    0.972774    1.101822    1.012681
    0.975284    1.103737    1.019338
    0.977675    1.105274    1.025699
    0.979948    1.106498    1.031758
    0.982101    1.107443    1.037513
    0.984134    1.108136    1.042956
    0.986046    1.108588    1.048091
    0.987838    1.108812    1.052910
    0.989507    1.108813    1.057411
    0.991055    1.108596    1.061590
    0.992480    1.108238    1.065444
    0.993782    1.107601    1.068972
    0.994962    1.106688    1.072170
    0.996018    1.105657    1.075038
    0.996950    1.104447    1.077572
    0.997759    1.103076    1.079813
    0.998443    1.101512    1.081840
    0.999003    1.099776    1.083912
    0.999439    1.097904    1.085814
    0.999751    1.095906    1.088117
    0.999938    1.093707    1.090545
    1.000000    1.091836    1.091836
  BLADE PROFILES IN CARTESIAN COORDINATES (3D) 
  VARIABLES = "X", "YSS", "YPS" "R" 
  BLADE           1  SECTION           1
  -16.721636  -20.913816  -20.913816  280.902863
  -14.739713  -20.564686  -20.564686  280.852753
  -12.972969  -20.252836  -20.252836  280.799438
  -11.398093  -19.974327  -19.974327  280.744720
   -9.994267  -19.725632  -19.725632  280.689880
   -8.742926  -19.503586  -19.503586  280.635986
   -7.627499  -19.305361  -19.305361  280.583740
   -6.633219  -19.128428  -19.128428  280.533783
   -5.746922  -18.970512  -18.970512  280.486481
   -4.956869  -18.829582  -18.829582  280.441986
   -4.252597  -18.703833  -18.703833  280.400635
   -3.624789  -18.591625  -18.591625  280.362091
   -3.065129  -18.491518  -18.491518  280.326660
   -2.566216  -18.402212  -18.402212  280.294098
   -2.121451  -18.322542  -18.322542  280.264252
   -1.724951  -18.251474  -18.251474  280.237030
   -1.371472  -18.188089  -18.188089  280.212250
   -1.056348  -18.131544  -18.131544  280.189728
   -0.775408  -18.081120  -18.081120  280.169403
   -0.524944  -18.036144  -18.036144  280.150940
   -0.301650  -17.996033  -17.996033  280.134308
   -0.102575  -17.960262  -17.960262  280.119324
    0.074909  -17.928364  -17.928364  280.105865
    0.233147  -17.899918  -17.899918  280.093658
    0.374221  -17.874548  -17.874548  280.082794
    0.500000  -17.851925  -17.851925  280.072998
    0.624845  -16.955252  -18.776381  280.055573
    0.755366  -16.651882  -19.107506  280.037262
    0.892086  -16.449932  -19.378654  280.017944
    1.035528  -16.256495  -19.616938  279.997467
    1.186218  -16.060165  -19.824642  279.975800
    1.344672  -15.860272  -19.999681  279.952911
    1.511416  -15.654337  -20.144821  279.928619
    1.686967  -15.442200  -20.272259  279.902832
    1.871851  -15.223161  -20.395857  279.875519
    2.066583  -14.997361  -20.517836  279.846497
    2.271688  -14.762643  -20.638374  279.815552
    2.487684  -14.519177  -20.757124  279.782745
    2.715089  -14.267023  -20.871309  279.747894
    2.954424  -14.004791  -20.981905  279.710876
    3.206085  -13.732282  -21.088945  279.671509
    3.470136  -13.450100  -21.190969  279.629944
    3.747178  -13.156596  -21.284525  279.585907
    4.037903  -12.851990  -21.370815  279.539093
    4.343067  -12.535012  -21.449949  279.489502
    4.663506  -12.204859  -21.518438  279.436951
    5.000129  -11.860931  -21.574121  279.381134
    5.353746  -11.501808  -21.617691  279.321930
    5.725023  -11.127501  -21.647081  279.259094
    6.115201  -10.735976  -21.656799  279.192322
    6.525649  -10.326172  -21.648027  279.121490
    6.957920   -9.896476  -21.617998  279.046021
    7.413695   -9.444748  -21.559507  278.965637
    7.894816   -8.969277  -21.474031  278.880035
    8.407108   -8.463745  -21.352802  278.787994
    8.957933   -7.920696  -21.187588  278.688080
    9.547898   -7.339018  -20.976503  278.580017
   10.176536   -6.718534  -20.707508  278.463898
   10.842335   -6.059986  -20.374796  278.339935
   11.542707   -5.364975  -19.974533  278.208618
   12.274046   -4.636034  -19.505608  278.070557
   13.024516   -3.883886  -18.962376  277.928284
   13.782132   -3.119645  -18.355509  277.784088
   14.542848   -2.346716  -17.687969  277.639069
   15.303340   -1.567840  -16.962831  277.493988
   16.061083   -0.785087  -16.183384  277.349701
   16.814262    0.000000  -15.352831  277.206604
   17.561890    0.786608  -14.473937  277.065155
   18.308983    1.580353  -13.541913  276.924530
   19.058981    2.384879  -12.552035  276.784546
   19.811262    3.200337  -11.501690  276.645264
   20.564896    4.026483  -10.399910  276.507324
   21.318533    4.861742   -9.245116  276.370972
   22.070467    5.704246   -8.039981  276.236877
   22.818596    6.551526   -6.785488  276.105530
   23.556263    7.397220   -5.501986  275.978363
   24.279322    8.235373   -4.195455  275.855988
   24.985838    9.063025   -2.869682  275.738861
   25.674191    9.878781   -1.538171  275.627319
   26.343147   10.680223   -0.202834  275.521515
   26.991884   11.464937    1.132710  275.421326
   27.619947   12.232826    2.458468  275.326843
   28.229597   12.985826    3.779444  275.237549
   28.821428   13.723411    5.094807  275.153473
   29.395437   14.445770    6.397711  275.074371
   29.951609   15.152074    7.688052  274.999908
   30.489912   15.841846    8.963783  274.930176
   31.010345   16.514032   10.219511  274.865082
   31.512886   17.168753   11.454529  274.804199
   31.997509   17.805140   12.666666  274.747620
   32.464203   18.422665   13.852343  274.695068
   32.912941   19.020803   15.009994  274.646393
   33.343716   19.599268   16.137342  274.601410
   33.756489   19.988400   17.232414  274.559998
   34.151260   20.111851   18.293192  274.521912
   34.527988   19.523340   19.522972  274.487030
   34.905731   20.295528   20.295345  274.461334
   35.305073   21.111942   21.111942  274.434387
   35.727242   21.974915   21.974915  274.405945
   36.173527   22.887074   22.887074  274.376068
   36.645321   23.851227   23.851227  274.344543
   37.144062   24.870331   24.870331  274.311218
   37.671303   25.947504   25.947504  274.276062
   38.228657   27.086037   27.086037  274.238800
   38.817833   28.289415   28.289415  274.199249
   39.440594   29.561243   29.561243  274.156769
   40.098911   30.905468   30.905468  274.111450
   40.794769   32.326160   32.326160  274.063202
   41.530331   33.827667   33.827667  274.011597
   42.307858   35.414543   35.414543  273.956451
   43.129711   37.091595   37.091595  273.897400
  BLADE PROFILES IN CARTESIAN COORDINATES (2D) BEFORE   PROJECTION, SCALING, MESHING AND STACKING 
  VARIABLES = "X", "YSS", "YPS" 
  BLADE           1  SECTION           2
    0.000000    0.003610    0.003610
    0.000062    0.006864    0.000336
    0.000249    0.010517   -0.002756
    0.000561    0.014421   -0.005833
    0.000997    0.018531   -0.008655
    0.001557    0.022445   -0.011319
    0.002241    0.025958   -0.014067
    0.003050    0.029261   -0.016799
    0.003982    0.032362   -0.019546
    0.005038    0.035243   -0.022330
    0.006218    0.037898   -0.025138
    0.007520    0.040335   -0.027997
    0.008945    0.042591   -0.030887
    0.010493    0.044746   -0.033780
    0.012162    0.046923   -0.036685
    0.013954    0.049200   -0.039552
    0.015866    0.051590   -0.042375
    0.017899    0.054091   -0.045116
    0.020052    0.056699   -0.047735
    0.022325    0.059414   -0.050205
    0.024716    0.062231   -0.052507
    0.027226    0.065150   -0.054641
    0.029854    0.068167   -0.056637
    0.032600    0.071280   -0.058564
    0.035461    0.074483   -0.060497
    0.038439    0.077768   -0.062462
    0.041531    0.081159   -0.064407
    0.044738    0.084641   -0.066352
    0.048058    0.088210   -0.068288
    0.051491    0.091867   -0.070215
    0.055036    0.095606   -0.072128
    0.058691    0.099411   -0.074023
    0.062456    0.103315   -0.075895
    0.066331    0.107300   -0.077738
    0.070314    0.111365   -0.079558
    0.074403    0.115508   -0.081367
    0.078599    0.119723   -0.083091
    0.082900    0.124003   -0.084759
    0.087305    0.128371   -0.086373
    0.091812    0.132813   -0.087930
    0.096421    0.137328   -0.089425
    0.101131    0.141898   -0.090863
    0.105941    0.146552   -0.092260
    0.110848    0.151277   -0.093529
    0.115853    0.156070   -0.094704
    0.120953    0.160930   -0.095793
    0.126148    0.165845   -0.096790
    0.131435    0.170837   -0.097691
    0.136815    0.175895   -0.098500
    0.142285    0.181018   -0.099246
    0.147845    0.186202   -0.099807
    0.153492    0.191442   -0.100252
    0.159225    0.196752   -0.100578
    0.165044    0.202125   -0.100782
    0.170946    0.207559   -0.100871
    0.176930    0.213051   -0.100871
    0.182994    0.218597   -0.100658
    0.189138    0.224209   -0.100297
    0.195358    0.229880   -0.099792
    0.201655    0.235609   -0.099139
    0.208026    0.241395   -0.098354
    0.214470    0.247232   -0.097449
    0.220986    0.253131   -0.096325
    0.227570    0.259086   -0.095012
    0.234223    0.265095   -0.093533
    0.240941    0.271159   -0.091884
    0.247725    0.277277   -0.090062
    0.254571    0.283448   -0.088087
    0.261478    0.289671   -0.085968
    0.268445    0.295948   -0.083609
    0.275470    0.302276   -0.081043
    0.282550    0.308656   -0.078284
    0.289685    0.315085   -0.075334
    0.296872    0.321565   -0.072193
    0.304110    0.328094   -0.068856
    0.311396    0.334672   -0.065322
    0.318730    0.341298   -0.061613
    0.326109    0.347971   -0.057746
    0.333531    0.354691   -0.053611
    0.340994    0.361458   -0.049271
    0.348497    0.368273   -0.044709
    0.356038    0.375129   -0.039942
    0.363615    0.382030   -0.034969
    0.371226    0.388973   -0.029789
    0.378869    0.395958   -0.024401
    0.386542    0.402985   -0.018806
    0.394243    0.410052   -0.013002
    0.401971    0.417158   -0.006989
    0.409723    0.424304   -0.000769
    0.417498    0.431487    0.005659
    0.425293    0.438706    0.012295
    0.433107    0.445962    0.019137
    0.440937    0.453252    0.026184
    0.448783    0.460575    0.033435
    0.456641    0.467932    0.040889
    0.464509    0.475319    0.048545
    0.472387    0.482736    0.056400
    0.480272    0.490183    0.064452
    0.488161    0.497656    0.072700
    0.496053    0.505154    0.081142
    0.503947    0.512669    0.089773
    0.511839    0.520218    0.098593
    0.519729    0.527788    0.107597
    0.527613    0.535379    0.116784
    0.535491    0.542989    0.126149
    0.543360    0.550618    0.135689
    0.551217    0.558264    0.145402
    0.559063    0.565924    0.155282
    0.566893    0.573597    0.165326
    0.574707    0.581281    0.175530
    0.582502    0.588975    0.185889
    0.590277    0.596676    0.196402
    0.598029    0.604384    0.207072
    0.605757    0.612095    0.217884
    0.613458    0.619803    0.228833
    0.621131    0.627508    0.239943
    0.628774    0.635219    0.251209
    0.636385    0.642928    0.262539
    0.643962    0.650630    0.273987
    0.651503    0.658328    0.285545
    0.659006    0.666016    0.297209
    0.666469    0.673692    0.308973
    0.673891    0.681355    0.320832
    0.681270    0.689001    0.332791
    0.688604    0.696629    0.344833
    0.695890    0.704231    0.356974
    0.703128    0.711807    0.369212
    0.710315    0.719367    0.381460
    0.717450    0.726899    0.393765
    0.724530    0.734402    0.406120
    0.731555    0.741876    0.418519
    0.738522    0.749316    0.430955
    0.745429    0.756720    0.443433
    0.752275    0.764084    0.455934
    0.759059    0.771407    0.468474
    0.765777    0.778681    0.481042
    0.772430    0.785906    0.493569
    0.779015    0.793091    0.506092
    0.785530    0.800225    0.518602
    0.791974    0.807305    0.531094
    0.798345    0.814330    0.543566
    0.804642    0.821298    0.556009
    0.810863    0.828206    0.568411
    0.817006    0.835050    0.580788
    0.823070    0.841828    0.593116
    0.829054    0.848533    0.605351
    0.834956    0.855167    0.617516
    0.840775    0.861734    0.629606
    0.846508    0.868224    0.641613
    0.852155    0.874637    0.653536
    0.857715    0.880970    0.665360
    0.863185    0.887219    0.677078
    0.868565    0.893385    0.688684
    0.873852    0.899464    0.700194
    0.879047    0.905452    0.711567
    0.884147    0.911348    0.722792
    0.889152    0.917149    0.733877
    0.894059    0.922848    0.744817
    0.898869    0.928450    0.755607
    0.903579    0.933954    0.766235
    0.908188    0.939354    0.776696
    0.912695    0.944647    0.786983
    0.917100    0.949833    0.797090
    0.921401    0.954908    0.807010
    0.925597    0.959872    0.816756
    0.929686    0.964720    0.826288
    0.933669    0.969452    0.835611
    0.937544    0.974066    0.844725
    0.941309    0.978559    0.853623
    0.944965    0.982930    0.862299
    0.948509    0.987177    0.870747
    0.951942    0.991297    0.878961
    0.955262    0.995290    0.886938
    0.958469    0.999153    0.894670
    0.961561    1.002885    0.902154
    0.964539    1.006487    0.909385
    0.967400    1.009858    0.916358
    0.970146    1.012578    0.923068
    0.972774    1.014652    0.929512
    0.975284    1.016273    0.935685
    0.977675    1.017547    0.941583
    0.979948    1.018535    0.947202
    0.982101    1.019266    0.952538
    0.984134    1.019768    0.957585
    0.986046    1.020049    0.962346
    0.987838    1.020122    0.966815
    0.989507    1.019993    0.970989
    0.991055    1.019665    0.974863
    0.992480    1.019204    0.978437
    0.993782    1.018509    0.981709
    0.994962    1.017539    0.984675
    0.996018    1.016473    0.987334
    0.996950    1.015245    0.989684
    0.997759    1.013873    0.991760
    0.998443    1.012351    0.993645
    0.999003    1.010654    0.995567
    0.999439    1.008836    0.997355
    0.999751    1.006903    0.999520
    0.999938    1.004758    1.001817
    1.000000    1.003094    1.003094
  BLADE PROFILES IN CARTESIAN COORDINATES (3D) 
  VARIABLES = "X", "YSS", "YPS" "R" 
  BLADE           1  SECTION           2
  -17.962328  -20.074474  -20.074474  298.790405
  -15.922548  -19.739885  -19.739885  298.787415
  -14.103870  -19.441545  -19.441545  298.784424
  -12.482334  -19.175541  -19.175541  298.781616
  -11.036566  -18.938364  -18.938364  298.779053
   -9.747512  -18.726892  -18.726892  298.776642
   -8.598188  -18.538345  -18.538345  298.774506
   -7.573450  -18.370239  -18.370239  298.772552
   -6.659789  -18.220352  -18.220352  298.770844
   -5.845165  -18.086714  -18.086714  298.769348
   -5.118843  -17.967564  -17.967564  298.767944
   -4.471251  -17.861328  -17.861328  298.766693
   -3.893858  -17.766611  -17.766611  298.765656
   -3.379051  -17.682161  -17.682161  298.764740
   -2.920047  -17.606867  -17.606867  298.763916
   -2.510799  -17.539732  -17.539732  298.763184
   -2.145911  -17.479876  -17.479876  298.762482
   -1.820575  -17.426508  -17.426508  298.761932
   -1.530506  -17.378927  -17.378927  298.761414
   -1.271878  -17.336504  -17.336504  298.760986
   -1.041287  -17.298677  -17.298677  298.760620
   -0.835688  -17.264954  -17.264954  298.760193
   -0.652378  -17.234886  -17.234886  298.759918
   -0.488935  -17.208075  -17.208075  298.759674
   -0.343213  -17.184170  -17.184170  298.759369
   -0.213283  -17.162861  -17.162861  298.759155
   -0.083352  -16.282091  -18.056971  298.759033
    0.052498  -15.965603  -18.386799  298.759125
    0.194815  -15.760142  -18.657469  298.759155
    0.344147  -15.571257  -18.891474  298.759338
    0.501037  -15.379688  -19.092838  298.759460
    0.666034  -15.184090  -19.261103  298.759583
    0.839685  -14.983418  -19.401009  298.759735
    1.022529  -14.777068  -19.527641  298.759888
    1.215116  -14.564662  -19.653284  298.760010
    1.417990  -14.344349  -19.776325  298.760223
    1.631700  -14.116223  -19.897400  298.760406
    1.856789  -13.880441  -20.016380  298.760712
    2.093807  -13.635334  -20.132755  298.760925
    2.343292  -13.380784  -20.246851  298.761261
    2.605672  -13.116827  -20.356546  298.761505
    2.881005  -12.843428  -20.459906  298.761871
    3.169945  -12.559314  -20.557438  298.762146
    3.473201  -12.264991  -20.649578  298.762604
    3.791572  -11.958459  -20.732597  298.763031
    4.125942  -11.639657  -20.805193  298.763458
    4.477264  -11.307849  -20.867397  298.763947
    4.846384  -10.961632  -20.919712  298.764465
    5.234014  -10.601132  -20.954330  298.765076
    5.641444  -10.224344  -20.973148  298.765656
    6.070135   -9.830307  -20.976391  298.766388
    6.521694   -9.417617  -20.954601  298.767151
    6.997898   -8.984108  -20.908876  298.767914
    7.500678   -8.528349  -20.838511  298.768829
    8.036125   -8.044199  -20.731073  298.769836
    8.611955   -7.524671  -20.584061  298.770844
    9.228806   -6.968872  -20.394171  298.771973
    9.886200   -6.376612  -20.146694  298.773315
   10.582551   -5.748748  -19.839931  298.774719
   11.315178   -5.086882  -19.471397  298.776093
   12.080286   -4.393353  -19.030813  298.777679
   12.865469   -3.678636  -18.521629  298.779327
   13.658174   -2.953295  -17.951374  298.780884
   14.454130   -2.220474  -17.322411  298.782532
   15.249864   -1.482761  -16.637629  298.784241
   16.042683   -0.742145  -15.900152  298.785767
   16.830679    0.000000  -15.112995  298.787415
   17.612751    0.742564  -14.278830  298.789001
   18.394192    1.491541  -13.393097  298.790558
   19.178524    2.250543  -12.452021  298.792053
   19.965101    3.019356  -11.456236  298.793457
   20.752884    3.797255  -10.407028  298.794861
   21.540478    4.582982   -9.305511  298.796173
   22.326052    5.374905   -8.152740  298.797455
   23.107380    6.171701   -6.959223  298.798676
   23.877523    6.965849   -5.733761  298.799774
   24.632137    7.752160   -4.483321  298.800720
   25.369175    8.528739   -3.218961  298.801575
   26.086948    9.293531   -1.946282  298.802429
   26.784233   10.044305   -0.668186  298.803070
   27.460114   10.779152    0.607567  298.803680
   28.114147   11.497827    1.875727  298.804199
   28.748728   12.202153    3.140020  298.804596
   29.364477   12.891747    4.397694  298.804871
   29.961407   13.566757    5.644483  298.805054
   30.539486   14.226419    6.879190  298.805206
   31.098747   14.870339    8.100037  298.805298
   31.639177   15.497601    9.301843  298.805237
   32.160770   16.108202   10.483835  298.805176
   32.663536   16.701454   11.643959  298.804993
   33.147480   17.276878   12.778793  298.804779
   33.612591   17.833975   13.886786  298.804535
   34.058861   18.372465   14.965767  298.804260
   34.486317   18.722221   16.013847  298.803894
   34.894924   18.814011   17.029022  298.803497
   35.284706   18.212185   18.211836  298.803101
   35.674503   18.943333   18.943157  298.802094
   36.086548   19.716423   19.716423  298.800812
   36.522125   20.533680   20.533680  298.799622
   36.982578   21.397604   21.397604  298.798431
   37.469341   22.310881   22.310881  298.797455
   37.983894   23.276333   23.276333  298.796539
   38.527824   24.296932   24.296932  298.795776
   39.102829   25.375847   25.375847  298.795288
   39.710686   26.516407   26.516407  298.795013
   40.353249   27.722157   27.722157  298.795380
   41.032513   28.996801   28.996801  298.796112
   41.750561   30.344297   30.344297  298.797272
   42.509628   31.768795   31.768795  298.799011
   43.312035   33.274712   33.274712  298.801270
   44.160282   34.866661   34.866661  298.804016
  BLADE PROFILES IN CARTESIAN COORDINATES (2D) BEFORE   PROJECTION, SCALING, MESHING AND STACKING 
  VARIABLES = "X", "YSS", "YPS" 
  BLADE           1  SECTION           3
    0.000000    0.004064    0.004064
    0.000062    0.005969   -0.000236
    0.000249    0.009471   -0.003163
    0.000561    0.013171   -0.006095
    0.000997    0.017035   -0.008743
    0.001557    0.020789   -0.011273
    0.002241    0.024185   -0.013888
    0.003050    0.027429   -0.016516
    0.003982    0.030501   -0.019163
    0.005038    0.033391   -0.021846
    0.006218    0.036076   -0.024575
    0.007520    0.038553   -0.027330
    0.008945    0.040849   -0.030113
    0.010493    0.042990   -0.032931
    0.012162    0.045093   -0.035751
    0.013954    0.047278   -0.038536
    0.015866    0.049571   -0.041254
    0.017899    0.051967   -0.043871
    0.020052    0.054453   -0.046337
    0.022325    0.057055   -0.048645
    0.024716    0.059756   -0.050784
    0.027226    0.062553   -0.052768
    0.029854    0.065444   -0.054648
    0.032600    0.068427   -0.056508
    0.035461    0.071500   -0.058377
    0.038439    0.074662   -0.060259
    0.041531    0.077910   -0.062147
    0.044738    0.081241   -0.064039
    0.048058    0.084638   -0.065928
    0.051491    0.088134   -0.067811
    0.055036    0.091710   -0.069689
    0.058691    0.095365   -0.071577
    0.062456    0.099097   -0.073408
    0.066331    0.102905   -0.075209
    0.070314    0.106784   -0.076979
    0.074403    0.110723   -0.078714
    0.078599    0.114748   -0.080409
    0.082900    0.118845   -0.082061
    0.087305    0.123011   -0.083673
    0.091812    0.127245   -0.085259
    0.096421    0.131531   -0.086746
    0.101131    0.135897   -0.088159
    0.105941    0.140329   -0.089503
    0.110848    0.144826   -0.090776
    0.115853    0.149385   -0.091973
    0.120953    0.153993   -0.093101
    0.126148    0.158675   -0.094173
    0.131435    0.163417   -0.095107
    0.136815    0.168220   -0.095932
    0.142285    0.173082   -0.096658
    0.147845    0.177989   -0.097280
    0.153492    0.182965   -0.097796
    0.159225    0.187998   -0.098213
    0.165044    0.193086   -0.098552
    0.170946    0.198230   -0.098705
    0.176930    0.203418   -0.098725
    0.182994    0.208669   -0.098618
    0.189138    0.213974   -0.098379
    0.195358    0.219331   -0.098004
    0.201655    0.224739   -0.097502
    0.208026    0.230197   -0.096905
    0.214470    0.235702   -0.096080
    0.220986    0.241261   -0.095102
    0.227570    0.246870   -0.093970
    0.234223    0.252528   -0.092682
    0.240941    0.258234   -0.091234
    0.247725    0.263986   -0.089639
    0.254571    0.269783   -0.087925
    0.261478    0.275630   -0.085968
    0.268445    0.281522   -0.083828
    0.275470    0.287459   -0.081514
    0.282550    0.293440   -0.079024
    0.289685    0.299466   -0.076355
    0.296872    0.305534   -0.073506
    0.304110    0.311646   -0.070493
    0.311396    0.317799   -0.067339
    0.318730    0.323994   -0.063936
    0.326109    0.330230   -0.060332
    0.333531    0.336506   -0.056531
    0.340994    0.342821   -0.052539
    0.348497    0.349174   -0.048356
    0.356038    0.355565   -0.043980
    0.363615    0.361994   -0.039410
    0.371226    0.368458   -0.034645
    0.378869    0.374959   -0.029685
    0.386542    0.381494   -0.024530
    0.394243    0.388063   -0.019179
    0.401971    0.394665   -0.013652
    0.409723    0.401300   -0.007979
    0.417498    0.407965   -0.002042
    0.425293    0.414662    0.004091
    0.433107    0.421388    0.010417
    0.440937    0.428142    0.016937
    0.448783    0.434924    0.023649
    0.456641    0.441732    0.030551
    0.464509    0.448566    0.037644
    0.472387    0.455424    0.044926
    0.480272    0.462305    0.052392
    0.488161    0.469209    0.060042
    0.496053    0.476133    0.067872
    0.503947    0.483077    0.075883
    0.511839    0.490039    0.084072
    0.519729    0.497019    0.092435
    0.527613    0.504014    0.100969
    0.535491    0.511024    0.109672
    0.543360    0.518047    0.118540
    0.551217    0.525082    0.127570
    0.559063    0.532127    0.136759
    0.566893    0.539180    0.146124
    0.574707    0.546241    0.155680
    0.582502    0.553307    0.165321
    0.590277    0.560375    0.175104
    0.598029    0.567439    0.185025
    0.605757    0.574513    0.195081
    0.613458    0.581586    0.205266
    0.621131    0.588656    0.215577
    0.628774    0.595724    0.226007
    0.636385    0.602786    0.236553
    0.643962    0.609841    0.247209
    0.651503    0.616886    0.257972
    0.659006    0.623919    0.268844
    0.666469    0.630939    0.279810
    0.673891    0.637944    0.290866
    0.681270    0.644928    0.302032
    0.688604    0.651890    0.313293
    0.695890    0.658838    0.324581
    0.703128    0.665763    0.335934
    0.710315    0.672662    0.347347
    0.717450    0.679536    0.358814
    0.724530    0.686383    0.370329
    0.731555    0.693198    0.381894
    0.738522    0.699980    0.393497
    0.745429    0.706728    0.405130
    0.752275    0.713437    0.416809
    0.759059    0.720102    0.428516
    0.765777    0.726725    0.440194
    0.772430    0.733310    0.451876
    0.779015    0.739848    0.463553
    0.785530    0.746339    0.475221
    0.791974    0.752780    0.486878
    0.798345    0.759170    0.498515
    0.804642    0.765506    0.510121
    0.810863    0.771785    0.521690
    0.817006    0.778005    0.533241
    0.823070    0.784164    0.544737
    0.829054    0.790255    0.556152
    0.834956    0.796281    0.567503
    0.840775    0.802243    0.578783
    0.846508    0.808136    0.589991
    0.852155    0.813957    0.601117
    0.857715    0.819704    0.612151
    0.863185    0.825374    0.623087
    0.868565    0.830968    0.633918
    0.873852    0.836481    0.644661
    0.879047    0.841911    0.655274
    0.884147    0.847257    0.665751
    0.889152    0.852516    0.676097
    0.894059    0.857682    0.686311
    0.898869    0.862760    0.696382
    0.903579    0.867746    0.706303
    0.908188    0.872639    0.716068
    0.912695    0.877434    0.725671
    0.917100    0.882131    0.735106
    0.921401    0.886728    0.744367
    0.925597    0.891222    0.753466
    0.929686    0.895612    0.762365
    0.933669    0.899895    0.771068
    0.937544    0.904072    0.779578
    0.941309    0.908139    0.787886
    0.944965    0.912094    0.795986
    0.948509    0.915937    0.803874
    0.951942    0.919665    0.811544
    0.955262    0.923277    0.818991
    0.958469    0.926772    0.826212
    0.961561    0.930148    0.833200
    0.964539    0.933406    0.839952
    0.967400    0.936442    0.846462
    0.970146    0.938845    0.852729
    0.972774    0.940640    0.858746
    0.975284    0.942006    0.864510
    0.977675    0.943053    0.870017
    0.979948    0.943840    0.875264
    0.982101    0.944391    0.880248
    0.984134    0.944725    0.884960
    0.986046    0.944858    0.889406
    0.987838    0.944799    0.893580
    0.989507    0.944553    0.897478
    0.991055    0.944126    0.901096
    0.992480    0.943575    0.904434
    0.993782    0.942816    0.907489
    0.994962    0.941802    0.910259
    0.996018    0.940701    0.912742
    0.996950    0.939453    0.914936
    0.997759    0.938076    0.916874
    0.998443    0.936580    0.918639
    0.999003    0.934910    0.920439
    0.999439    0.933134    0.922130
    0.999751    0.931253    0.924184
    0.999938    0.929164    0.926374
    1.000000    0.927630    0.927630
  BLADE PROFILES IN CARTESIAN COORDINATES (3D) 
  VARIABLES = "X", "YSS", "YPS" "R" 
  BLADE           1  SECTION           3
  -19.593122  -19.857367  -19.857367  316.630890
  -17.443623  -19.527668  -19.527668  316.674988
  -15.527388  -19.234232  -19.234232  316.723541
  -13.819155  -18.973028  -18.973028  316.774628
  -12.296375  -18.740482  -18.740482  316.826508
  -10.938932  -18.533424  -18.533424  316.878082
   -9.728871  -18.349033  -18.349033  316.928436
   -8.650194  -18.184811  -18.184811  316.976929
   -7.688625  -18.038532  -18.038532  317.023163
   -6.831446  -17.908220  -17.908220  317.066559
   -6.067313  -17.792131  -17.792131  317.107300
   -5.386121  -17.688700  -17.688700  317.145172
   -4.778859  -17.596529  -17.596529  317.180176
   -4.237496  -17.514404  -17.514404  317.212372
   -3.754879  -17.441216  -17.441216  317.241913
   -3.324623  -17.375990  -17.375990  317.268890
   -2.941049  -17.317862  -17.317862  317.293457
   -2.599088  -17.266048  -17.266048  317.315796
   -2.294219  -17.219866  -17.219866  317.335968
   -2.022418  -17.178705  -17.178705  317.354279
   -1.780095  -17.142014  -17.142014  317.370880
   -1.564055  -17.109304  -17.109304  317.385742
   -1.371447  -17.080153  -17.080153  317.399200
   -1.199721  -17.054157  -17.054157  317.411255
   -1.046620  -17.030991  -17.030991  317.422150
   -0.910120  -17.010332  -17.010332  317.431885
   -0.774461  -16.117235  -17.904762  317.441650
   -0.632631  -15.781965  -18.241386  317.457001
   -0.484065  -15.566930  -18.518705  317.475677
   -0.328191  -15.376870  -18.758289  317.495544
   -0.164448  -15.185027  -18.960567  317.516571
    0.007738  -14.988512  -19.126780  317.538910
    0.188932  -14.787036  -19.265760  317.562561
    0.379700  -14.579747  -19.395729  317.587708
    0.580607  -14.365929  -19.524355  317.614410
    0.792219  -14.145326  -19.651773  317.642792
    1.015102  -13.917245  -19.777727  317.673126
    1.249824  -13.680529  -19.903152  317.705231
    1.496945  -13.435055  -20.024643  317.739441
    1.757032  -13.180827  -20.142759  317.775787
    2.030517  -12.917126  -20.257109  317.814453
    2.317463  -12.643592  -20.367098  317.855530
    2.618532  -12.360497  -20.472532  317.899078
    2.934472  -12.066498  -20.569071  317.945312
    3.266106  -11.760941  -20.657986  317.994324
    3.614341  -11.443908  -20.739101  318.046509
    3.980167  -11.113358  -20.810061  318.101898
    4.364462  -10.769148  -20.866953  318.160828
    4.767952  -10.411071  -20.910360  318.223419
    5.191980  -10.037086  -20.940699  318.289948
    5.638042   -9.646655  -20.949558  318.360809
    6.107828   -9.237601  -20.937740  318.436218
    6.603161   -8.808575  -20.903643  318.516785
    7.126029   -8.358066  -20.842239  318.602753
    7.682778   -7.879919  -20.746590  318.695251
    8.281408   -7.367424  -20.613394  318.795868
    8.922573   -6.819808  -20.435392  318.904755
    9.605767   -6.236923  -20.202419  319.022125
   10.329342   -5.619748  -19.912271  319.147644
   11.090489   -4.969892  -19.559742  319.280640
   11.885280   -4.289963  -19.134933  319.420746
   12.700865   -3.590092  -18.643881  319.565399
   13.524188   -2.880632  -18.091957  319.712128
   14.350867   -2.164695  -17.485104  319.859985
   15.177304   -1.444774  -16.818840  320.007996
   16.000723   -0.722773  -16.100054  320.155579
   16.819181    0.000000  -15.331473  320.301849
   17.631544    0.722870  -14.515974  320.446686
   18.443348    1.451063  -13.648870  320.590729
   19.258259    2.188252  -12.726543  320.734436
   20.075651    2.934243  -11.748328  320.877441
   20.894482    3.688294  -10.716385  321.019104
   21.713263    4.449310   -9.635226  321.159271
   22.530163    5.216383   -8.506040  321.297241
   23.342909    5.987186   -7.332591  321.432434
   24.144257    6.754681   -6.126016  321.563507
   24.929705    7.514198   -4.895811  321.689545
   25.697117    8.263995   -3.652303  321.810272
   26.444784    9.001778   -2.398668  321.925323
   27.171368    9.725348   -1.138874  322.034515
   27.875942   10.433576    0.116494  322.137817
   28.558022   11.125657    1.366274  322.235443
   29.220083   11.803469    2.612224  322.327454
   29.862761   12.466763    3.851554  322.414368
   30.486057   13.115663    5.080647  322.496155
   31.089937   13.749505    6.297780  322.572998
   31.674416   14.367878    7.501358  322.644958
   32.239460   14.969972    8.686323  322.712311
   32.785042   15.555787    9.851744  322.775116
   33.311150   16.124695   10.995687  322.833527
   33.817783   16.676235   12.114689  322.887787
   34.304901   17.209974   13.207252  322.938049
   34.772476   17.725639   14.271221  322.984436
   35.220520   18.048277   15.304704  323.027130
   35.648994   18.112469   16.305704  323.066467
   36.057873   17.478168   17.477819  323.102478
   36.467770   18.191372   18.191198  323.131958
   36.901077   18.945555   18.945555  323.158508
   37.359127   19.742891   19.742891  323.186798
   37.843315   20.585854   20.585854  323.216827
   38.355156   21.477066   21.477066  323.248993
   38.896194   22.419306   22.419306  323.283356
   39.468102   23.415510   23.415510  323.320221
   40.072643   24.468782   24.468782  323.359802
   40.711605   25.582449   25.582449  323.402710
   41.386963   26.759998   26.759998  323.449768
   42.100811   28.005095   28.005095  323.500732
   42.855316   29.321642   29.321642  323.555969
   43.652771   30.713770   30.713770  323.616089
   44.495628   32.185871   32.185871  323.681427
   45.385189   33.743481   33.743481  323.758636
  BLADE PROFILES IN CARTESIAN COORDINATES (2D) BEFORE   PROJECTION, SCALING, MESHING AND STACKING 
  VARIABLES = "X", "YSS", "YPS" 
  BLADE           2  SECTION           1
    0.000000    0.000729    0.000729
    0.000062    0.004073   -0.002795
    0.000249    0.008274   -0.005869
    0.000561    0.013045   -0.008851
    0.000997    0.017487   -0.011372
    0.001557    0.021157   -0.013729
    0.002241    0.024542   -0.016168
    0.003050    0.027780   -0.018596
    0.003982    0.030904   -0.021072
    0.005038    0.033844   -0.023596
    0.006218    0.036606   -0.026210
    0.007520    0.039142   -0.028882
    0.008945    0.041524   -0.031689
    0.010493    0.043799   -0.034580
    0.012162    0.045985   -0.037490
    0.013954    0.048131   -0.040333
    0.015866    0.050320   -0.043104
    0.017899    0.052565   -0.045732
    0.020052    0.054848   -0.048157
    0.022325    0.057176   -0.050326
    0.024716    0.059544   -0.052273
    0.027226    0.061947   -0.054105
    0.029854    0.064379   -0.055933
    0.032600    0.066849   -0.057805
    0.035461    0.069355   -0.059700
    0.038439    0.071847   -0.061616
    0.041531    0.074344   -0.063552
    0.044738    0.076838   -0.065502
    0.048058    0.079332   -0.067465
    0.051491    0.081822   -0.069436
    0.055036    0.084303   -0.071443
    0.058691    0.086786   -0.073467
    0.062456    0.089268   -0.075508
    0.066331    0.091697   -0.077565
    0.070314    0.094089   -0.079631
    0.074403    0.096442   -0.081706
    0.078599    0.098758   -0.083813
    0.082900    0.101035   -0.085938
    0.087305    0.103266   -0.088080
    0.091812    0.105459   -0.090234
    0.096421    0.107633   -0.092399
    0.101131    0.109689   -0.094595
    0.105941    0.111678   -0.096812
    0.110848    0.113601   -0.099047
    0.115853    0.115454   -0.101292
    0.120953    0.117247   -0.103571
    0.126148    0.118993   -0.105873
    0.131435    0.120596   -0.108198
    0.136815    0.122102   -0.110539
    0.142285    0.123519   -0.112914
    0.147845    0.124842   -0.115315
    0.153492    0.126080   -0.117744
    0.159225    0.127256   -0.120197
    0.165044    0.128248   -0.122684
    0.170946    0.129128   -0.125202
    0.176930    0.129896   -0.127752
    0.182994    0.130549   -0.130335
    0.189138    0.131092   -0.132953
    0.195358    0.131551   -0.135606
    0.201655    0.131807   -0.138297
    0.208026    0.131931   -0.141029
    0.214470    0.131924   -0.143797
    0.220986    0.131799   -0.146605
    0.227570    0.131574   -0.149456
    0.234223    0.131132   -0.152356
    0.240941    0.130533   -0.155295
    0.247725    0.129788   -0.158278
    0.254571    0.128896   -0.161308
    0.261478    0.127867   -0.164397
    0.268445    0.126730   -0.167526
    0.275470    0.125351   -0.170704
    0.282550    0.123805   -0.173932
    0.289685    0.122100   -0.177212
    0.296872    0.120233   -0.180563
    0.304110    0.118222   -0.183954
    0.311396    0.116084   -0.187399
    0.318730    0.113711   -0.190901
    0.326109    0.111148   -0.194458
    0.333531    0.108415   -0.198074
    0.340994    0.105511   -0.201747
    0.348497    0.102434   -0.205486
    0.356038    0.099184   -0.209301
    0.363615    0.095773   -0.213158
    0.371226    0.092241   -0.217077
    0.378869    0.088453   -0.221057
    0.386542    0.084479   -0.225100
    0.394243    0.080330   -0.229205
    0.401971    0.076004   -0.233373
    0.409723    0.071502   -0.237605
    0.417498    0.066825   -0.241900
    0.425293    0.061972   -0.246259
    0.433107    0.056944   -0.250682
    0.440937    0.051741   -0.255168
    0.448783    0.046365   -0.259719
    0.456641    0.040825   -0.264333
    0.464509    0.035177   -0.269010
    0.472387    0.029285   -0.273751
    0.480272    0.023218   -0.278555
    0.488161    0.016984   -0.283421
    0.496053    0.010585   -0.288349
    0.503947    0.004024   -0.293338
    0.511839   -0.002697   -0.298387
    0.519729   -0.009577   -0.303497
    0.527613   -0.016612   -0.308665
    0.535491   -0.023801   -0.313891
    0.543360   -0.031140   -0.319174
    0.551217   -0.038626   -0.324513
    0.559063   -0.046257   -0.329907
    0.566893   -0.054030   -0.335354
    0.574707   -0.061940   -0.340852
    0.582502   -0.069985   -0.346402
    0.590277   -0.078162   -0.352001
    0.598029   -0.086465   -0.357647
    0.605757   -0.094892   -0.363339
    0.613458   -0.103439   -0.369075
    0.621131   -0.112102   -0.374849
    0.628774   -0.120881   -0.380641
    0.636385   -0.129774   -0.386499
    0.643962   -0.138827   -0.392399
    0.651503   -0.147913   -0.398333
    0.659006   -0.157093   -0.404300
    0.666469   -0.166361   -0.410298
    0.673891   -0.175713   -0.416323
    0.681270   -0.185144   -0.422375
    0.688604   -0.194650   -0.428450
    0.695890   -0.204224   -0.434546
    0.703128   -0.213861   -0.440660
    0.710315   -0.223557   -0.446791
    0.717450   -0.233307   -0.452930
    0.724530   -0.243104   -0.459061
    0.731555   -0.252943   -0.465224
    0.738522   -0.262818   -0.471398
    0.745429   -0.272736   -0.477575
    0.752275   -0.282728   -0.483752
    0.759059   -0.292685   -0.489925
    0.765777   -0.302657   -0.496093
    0.772430   -0.312636   -0.502252
    0.779015   -0.322618   -0.508399
    0.785530   -0.332596   -0.514531
    0.791974   -0.342565   -0.520645
    0.798345   -0.352517   -0.526734
    0.804642   -0.362449   -0.532785
    0.810863   -0.372353   -0.538828
    0.817006   -0.382224   -0.544845
    0.823070   -0.392060   -0.550829
    0.829054   -0.401857   -0.556777
    0.834956   -0.411634   -0.562685
    0.840775   -0.421316   -0.568551
    0.846508   -0.430935   -0.574371
    0.852155   -0.440484   -0.580142
    0.857715   -0.449959   -0.585861
    0.863185   -0.459352   -0.591524
    0.868565   -0.468659   -0.597126
    0.873852   -0.477873   -0.602657
    0.879047   -0.486988   -0.608137
    0.884147   -0.496000   -0.613550
    0.889152   -0.504902   -0.618895
    0.894059   -0.513691   -0.624165
    0.898869   -0.522364   -0.629359
    0.903579   -0.530927   -0.634473
    0.908188   -0.539335   -0.639504
    0.912695   -0.547605   -0.644450
    0.917100   -0.555733   -0.649307
    0.921401   -0.563712   -0.654072
    0.925597   -0.571537   -0.658743
    0.929686   -0.579205   -0.663317
    0.933669   -0.586709   -0.667791
    0.937544   -0.594045   -0.672163
    0.941309   -0.601209   -0.676430
    0.944965   -0.608194   -0.680589
    0.948509   -0.614998   -0.684636
    0.951942   -0.621614   -0.688567
    0.955262   -0.628041   -0.692389
    0.958469   -0.634273   -0.696093
    0.961561   -0.640305   -0.699677
    0.964539   -0.646134   -0.703141
    0.967400   -0.651755   -0.706483
    0.970146   -0.657165   -0.709695
    0.972774   -0.662361   -0.712778
    0.975284   -0.667339   -0.715732
    0.977675   -0.672096   -0.718553
    0.979948   -0.676628   -0.721165
    0.982101   -0.680932   -0.723340
    0.984134   -0.685007   -0.725123
    0.986046   -0.688847   -0.726611
    0.987838   -0.692453   -0.727848
    0.989507   -0.695820   -0.728864
    0.991055   -0.698948   -0.729675
    0.992480   -0.701833   -0.730290
    0.993782   -0.704472   -0.730712
    0.994962   -0.706866   -0.730944
    0.996018   -0.709046   -0.730988
    0.996950   -0.711040   -0.730841
    0.997759   -0.713138   -0.730515
    0.998443   -0.715223   -0.729988
    0.999003   -0.717270   -0.729241
    0.999439   -0.719255   -0.728316
    0.999751   -0.721159   -0.727196
    0.999938   -0.723006   -0.725869
    1.000000   -0.724114   -0.724114
  BLADE PROFILES IN CARTESIAN COORDINATES (3D) 
  VARIABLES = "X", "YSS", "YPS" "R" 
  BLADE           2  SECTION           1
   30.093073   -4.025917   -4.025917  274.981384
   31.620749   -3.768346   -3.768346  274.791473
   32.992287   -3.537791   -3.537791  274.637970
   34.223625   -3.331378   -3.331378  274.515106
   35.330631   -3.146718   -3.146718  274.432648
   36.323952   -2.981286   -2.981286  274.365967
   37.214565   -2.833004   -2.833004  274.306549
   38.013073   -2.700088   -2.700088  274.253204
   38.728973   -2.580942   -2.580942  274.205261
   39.370766   -2.474132   -2.474132  274.161530
   39.946140   -2.378381   -2.378381  274.122009
   40.461967   -2.292546   -2.292546  274.086304
   40.924419   -2.215597   -2.215597  274.054108
   41.339027   -2.146615   -2.146615  274.025024
   41.710724   -2.084773   -2.084773  273.998810
   42.043968   -2.029332   -2.029332  273.975220
   42.342731   -1.979630   -1.979630  273.953918
   42.610573   -1.935072   -1.935072  273.934784
   42.850704   -1.895125   -1.895125  273.917511
   43.065994   -1.859312   -1.859312  273.901978
   43.258999   -1.827205   -1.827205  273.888000
   43.451660   -0.485085   -3.136060  273.871063
   43.653061    0.001036   -3.589026  273.852966
   43.864002    0.321281   -3.987718  273.833801
   44.085323    0.585452   -4.332614  273.813232
   44.317787    0.838410   -4.615586  273.791351
   44.562214    1.085514   -4.831627  273.767853
   44.819405    1.328961   -5.016094  273.742706
   45.090168    1.571620   -5.199945  273.715637
   45.375275    1.810191   -5.383797  273.686646
   45.675549    2.045241   -5.567921  273.655548
   45.991791    2.277822   -5.752380  273.622009
   46.324768    2.508510   -5.940353  273.586029
   46.675304    2.737420   -6.130990  273.547363
   47.044189    2.959704   -6.323972  273.505737
   47.432011    3.176679   -6.520934  273.460938
   47.838879    3.387747   -6.722291  273.412994
   48.265713    3.594381   -6.927217  273.361572
   48.713531    3.789687   -7.138083  273.306335
   49.183548    3.974763   -7.354762  273.247101
   49.676998    4.150770   -7.578236  273.183411
   50.195278    4.314100   -7.809859  273.115021
   50.739632    4.459986   -8.049916  273.041412
   51.311066    4.590403   -8.300034  272.962463
   51.911476    4.703086   -8.561020  272.877472
   52.542961    4.790071   -8.834852  272.786011
   53.207851    4.853703   -9.123148  272.687531
   53.908756    4.889147   -9.427968  272.581268
   54.648479    4.888927   -9.751694  272.466583
   55.435944    4.854373  -10.099629  272.341644
   56.282417    4.767834  -10.478141  272.204163
   57.188786    4.631485  -10.890581  272.053650
   58.154285    4.427911  -11.337856  271.889648
   59.176540    4.153627  -11.823515  271.712280
   60.251575    3.802372  -12.346924  271.521515
   61.373798    3.361753  -12.909356  271.318390
   62.524967    2.841808  -13.506159  271.106140
   63.686768    2.240500  -14.127396  270.888458
   64.852882    1.562921  -14.772288  270.666412
   66.018333    0.814529  -15.439160  270.441742
   67.179199    0.000000  -16.126522  270.215393
   68.332741   -0.876283  -16.833172  269.988525
   69.477409   -1.816663  -17.558317  269.761627
   70.620972   -2.821819  -18.307144  269.533691
   71.768623   -3.895967  -19.083664  269.304108
   72.919502   -5.038297  -19.887968  269.073090
   74.072121   -6.247161  -20.719618  268.841736
   75.224419   -7.519952  -21.577560  268.610748
   76.373863   -8.853713  -22.458347  268.380920
   77.517174  -10.246358  -23.363791  268.153198
   78.644241  -11.675937  -24.282898  267.930084
   79.748749  -13.134565  -25.209404  267.713043
   80.827728  -14.614147  -26.138506  267.502838
   81.878746  -16.107042  -27.067953  267.300201
   82.899986  -17.610174  -27.994905  267.105560
   83.890152  -19.109821  -28.915201  266.919159
   84.848587  -20.603640  -29.826157  266.741180
   85.778786  -22.092999  -30.728884  266.571075
   86.681671  -23.578129  -31.624928  266.408386
   87.557220  -25.051880  -32.511124  266.253204
   88.405441  -26.511593  -33.385914  266.105560
   89.226303  -27.954571  -34.247204  265.965149
   90.019836  -29.378216  -35.095478  265.832001
   90.785980  -30.780275  -35.928093  265.705872
   91.524750  -32.155247  -36.743618  265.586670
   92.236092  -33.501793  -37.540756  265.474304
   92.920006  -34.817291  -38.317795  265.368408
   93.576500  -36.099373  -39.074516  265.268951
   94.205482  -37.345329  -39.808918  265.175720
   94.807007  -38.552864  -40.337120  265.088470
   95.380974  -40.088726  -40.089252  265.006989
   95.959572  -41.025368  -41.025631  264.961273
   96.584267  -42.036213  -42.036213  264.912994
   97.258789  -43.127449  -43.127449  264.862000
   97.987068  -44.305485  -44.305485  264.808380
   98.773422  -45.577225  -45.577225  264.752075
   99.622513  -46.950165  -46.950165  264.693085
  100.539314  -48.432339  -48.432339  264.631561
  101.529251  -50.032490  -50.032490  264.567566
  102.598152  -51.760021  -51.760021  264.501221
  103.752350  -53.625126  -53.625126  264.432861
  104.998634  -55.638794  -55.638794  264.362671
  106.344376  -57.812946  -57.812946  264.291107
  107.797501  -60.160439  -60.160439  264.218628
  109.366577  -62.695198  -62.695198  264.145813
  111.060860  -65.432304  -65.432304  264.073364
  112.890320  -68.388054  -68.388054  264.002167
  114.865707  -71.580070  -71.580070  263.933167
  116.998642  -75.027542  -75.027542  263.867523
  119.301636  -78.751137  -78.751137  263.806458
  121.788132  -82.773346  -82.773346  263.751556
  BLADE PROFILES IN CARTESIAN COORDINATES (2D) BEFORE   PROJECTION, SCALING, MESHING AND STACKING 
  VARIABLES = "X", "YSS", "YPS" 
  BLADE           2  SECTION           2
    0.000000   -0.003037   -0.003037
    0.000062    0.002290   -0.006881
    0.000249    0.006219   -0.012243
    0.000561    0.009673   -0.018533
    0.000997    0.012760   -0.023555
    0.001557    0.015625   -0.027651
    0.002241    0.018434   -0.031390
    0.003050    0.021218   -0.034875
    0.003982    0.024046   -0.038141
    0.005038    0.026883   -0.041109
    0.006218    0.029816   -0.043806
    0.007520    0.032791   -0.046286
    0.008945    0.035824   -0.048630
    0.010493    0.038874   -0.050957
    0.012162    0.041997   -0.053360
    0.013954    0.045140   -0.055855
    0.015866    0.048243   -0.058437
    0.017899    0.051259   -0.061102
    0.020052    0.054143   -0.063846
    0.022325    0.056852   -0.066648
    0.024716    0.059355   -0.069523
    0.027226    0.061632   -0.072488
    0.029854    0.063699   -0.075521
    0.032600    0.065612   -0.078619
    0.035461    0.067482   -0.081781
    0.038439    0.069329   -0.085004
    0.041531    0.071151   -0.088282
    0.044738    0.072941   -0.091617
    0.048058    0.074696   -0.094999
    0.051491    0.076412   -0.098427
    0.055036    0.078082   -0.101930
    0.058691    0.079722   -0.105485
    0.062456    0.081324   -0.109093
    0.066331    0.082835   -0.112749
    0.070314    0.084284   -0.116447
    0.074403    0.085657   -0.120180
    0.078599    0.086953   -0.123983
    0.082900    0.088173   -0.127834
    0.087305    0.089313   -0.131734
    0.091812    0.090369   -0.135680
    0.096421    0.091337   -0.139665
    0.101131    0.092225   -0.143685
    0.105941    0.093049   -0.147770
    0.110848    0.093727   -0.151901
    0.115853    0.094282   -0.156078
    0.120953    0.094728   -0.160302
    0.126148    0.095062   -0.164567
    0.131435    0.095280   -0.168869
    0.136815    0.095377   -0.173231
    0.142285    0.095366   -0.177640
    0.147845    0.095261   -0.182097
    0.153492    0.094977   -0.186601
    0.159225    0.094537   -0.191150
    0.165044    0.093959   -0.195740
    0.170946    0.093240   -0.200388
    0.176930    0.092375   -0.205084
    0.182994    0.091363   -0.209830
    0.189138    0.090200   -0.214625
    0.195358    0.088895   -0.219471
    0.201655    0.087479   -0.224367
    0.208026    0.085837   -0.229314
    0.214470    0.084021   -0.234310
    0.220986    0.082039   -0.239361
    0.227570    0.079889   -0.244465
    0.234223    0.077570   -0.249622
    0.240941    0.075077   -0.254833
    0.247725    0.072409   -0.260097
    0.254571    0.069565   -0.265416
    0.261478    0.066556   -0.270789
    0.268445    0.063414   -0.276218
    0.275470    0.060027   -0.281702
    0.282550    0.056447   -0.287243
    0.289685    0.052676   -0.292840
    0.296872    0.048718   -0.298493
    0.304110    0.044573   -0.304205
    0.311396    0.040238   -0.309973
    0.318730    0.035713   -0.315800
    0.326109    0.030998   -0.321684
    0.333531    0.026091   -0.327626
    0.340994    0.020992   -0.333627
    0.348497    0.015700   -0.339685
    0.356038    0.010216   -0.345802
    0.363615    0.004540   -0.351977
    0.371226   -0.001330   -0.358211
    0.378869   -0.007391   -0.364502
    0.386542   -0.013644   -0.370851
    0.394243   -0.020088   -0.377258
    0.401971   -0.026723   -0.383723
    0.409723   -0.033547   -0.390246
    0.417498   -0.040560   -0.396826
    0.425293   -0.047760   -0.403462
    0.433107   -0.055145   -0.410154
    0.440937   -0.062715   -0.416901
    0.448783   -0.070467   -0.423704
    0.456641   -0.078400   -0.430560
    0.464509   -0.086511   -0.437470
    0.472387   -0.094799   -0.444431
    0.480272   -0.103261   -0.451445
    0.488161   -0.111894   -0.458509
    0.496053   -0.120697   -0.465622
    0.503947   -0.129665   -0.472784
    0.511839   -0.138797   -0.479993
    0.519729   -0.148089   -0.487248
    0.527613   -0.157538   -0.494545
    0.535491   -0.167140   -0.501866
    0.543360   -0.176893   -0.509252
    0.551217   -0.186795   -0.516681
    0.559063   -0.196854   -0.524150
    0.566893   -0.207116   -0.531656
    0.574707   -0.217440   -0.539197
    0.582502   -0.227896   -0.546773
    0.590277   -0.238478   -0.554380
    0.598029   -0.249181   -0.562017
    0.605757   -0.260003   -0.569683
    0.613458   -0.270937   -0.577375
    0.621131   -0.281979   -0.585087
    0.628774   -0.293125   -0.592801
    0.636385   -0.304369   -0.600561
    0.643962   -0.315706   -0.608342
    0.651503   -0.327149   -0.616137
    0.659006   -0.338732   -0.623946
    0.666469   -0.350327   -0.631764
    0.673891   -0.361994   -0.639591
    0.681270   -0.373728   -0.647423
    0.688604   -0.385522   -0.655257
    0.695890   -0.397371   -0.663087
    0.703128   -0.409270   -0.670899
    0.710315   -0.421212   -0.678726
    0.717450   -0.433191   -0.686550
    0.724530   -0.445208   -0.694364
    0.731555   -0.457263   -0.702164
    0.738522   -0.469378   -0.709947
    0.745429   -0.481455   -0.717711
    0.752275   -0.493538   -0.725452
    0.759059   -0.505622   -0.733168
    0.765777   -0.517700   -0.740856
    0.772430   -0.529765   -0.748508
    0.779015   -0.541813   -0.756111
    0.785530   -0.553835   -0.763696
    0.791974   -0.565831   -0.771244
    0.798345   -0.577799   -0.778748
    0.804642   -0.589755   -0.786205
    0.810863   -0.601619   -0.793611
    0.817006   -0.613426   -0.800964
    0.823070   -0.625168   -0.808260
    0.829054   -0.636841   -0.815497
    0.834956   -0.648436   -0.822666
    0.840775   -0.659949   -0.829760
    0.846508   -0.671371   -0.836798
    0.852155   -0.682699   -0.843765
    0.857715   -0.693929   -0.850658
    0.863185   -0.705057   -0.857472
    0.868565   -0.716089   -0.864204
    0.873852   -0.726972   -0.870851
    0.879047   -0.737726   -0.877409
    0.884147   -0.748347   -0.883876
    0.889152   -0.758828   -0.890248
    0.894059   -0.769163   -0.896522
    0.898869   -0.779345   -0.902693
    0.903579   -0.789370   -0.908754
    0.908188   -0.799232   -0.914718
    0.912695   -0.808926   -0.920573
    0.917100   -0.818446   -0.926315
    0.921401   -0.827789   -0.931942
    0.925597   -0.836957   -0.937452
    0.929686   -0.845916   -0.942841
    0.933669   -0.854677   -0.948106
    0.937544   -0.863237   -0.953244
    0.941309   -0.871590   -0.958254
    0.944965   -0.879730   -0.963132
    0.948509   -0.887652   -0.967875
    0.951942   -0.895353   -0.972483
    0.955262   -0.902828   -0.976951
    0.958469   -0.910071   -0.981278
    0.961561   -0.917079   -0.985462
    0.964539   -0.923848   -0.989500
    0.967400   -0.930373   -0.993389
    0.970146   -0.936650   -0.997129
    0.972774   -0.942676   -1.000718
    0.975284   -0.948447   -1.004152
    0.977675   -0.953959   -1.007405
    0.979948   -0.959209   -1.010282
    0.982101   -0.964194   -1.012660
    0.984134   -0.968910   -1.014651
    0.986046   -0.973356   -1.016329
    0.987838   -0.977527   -1.017736
    0.989507   -0.981422   -1.018897
    0.991055   -0.985037   -1.019826
    0.992480   -0.988371   -1.020532
    0.993782   -0.991423   -1.021019
    0.994962   -0.994190   -1.021289
    0.996018   -0.996675   -1.021340
    0.996950   -0.998978   -1.021219
    0.997759   -1.001283   -1.020834
    0.998443   -1.003564   -1.020164
    0.999003   -1.005807   -1.019323
    0.999439   -1.007976   -1.018256
    0.999751   -1.010079   -1.016959
    0.999938   -1.012118   -1.015381
    1.000000   -1.014239   -1.014239
  BLADE PROFILES IN CARTESIAN COORDINATES (3D) 
  VARIABLES = "X", "YSS", "YPS" "R" 
  BLADE           2  SECTION           2
   31.705818    5.680341    5.680341  298.805237
   33.164455    5.441214    5.441214  298.804779
   34.472221    5.226812    5.226812  298.803955
   35.644699    5.034578    5.034578  298.802155
   36.695877    4.862202    4.862202  298.799194
   37.638332    4.707668    4.707668  298.797119
   38.483295    4.569130    4.569130  298.795807
   39.240849    4.444930    4.444930  298.795166
   39.920044    4.333585    4.333585  298.795044
   40.528973    4.233765    4.233765  298.795502
   41.074917    4.144275    4.144275  298.796143
   41.564381    4.064045    4.064045  298.796936
   42.003220    3.992116    3.992116  298.797821
   42.396660    3.927629    3.927629  298.798737
   42.749401    3.869815    3.869815  298.799622
   43.065655    3.817981    3.817981  298.800507
   43.349190    3.771510    3.771510  298.801392
   43.603401    3.729847    3.729847  298.802185
   43.831310    3.692494    3.692494  298.802979
   44.035645    3.659005    3.659005  298.803680
   44.218845    3.628980    3.628980  298.804138
   44.402046    5.147432    2.134247  298.804382
   44.593590    5.628425    1.676973  298.804688
   44.794266    6.031528    1.367421  298.804932
   45.004818    6.392738    1.076753  298.805237
   45.226032    6.705237    0.790707  298.805450
   45.458683    6.964284    0.507769  298.805756
   45.703526    7.171964    0.221790  298.806000
   45.961334    7.347698   -0.066963  298.806274
   46.232880    7.514545   -0.359705  298.806549
   46.518932    7.674432   -0.657188  298.806793
   46.820263    7.827071   -0.959685  298.807068
   47.137638    7.972837   -1.270748  298.807343
   47.471821    8.111455   -1.589554  298.807465
   47.823601    8.238810   -1.915802  298.807678
   48.193562    8.355001   -2.251336  298.807953
   48.581776    8.459496   -2.596653  298.808105
   48.989182    8.551232   -2.951674  298.808289
   49.416759    8.631012   -3.316630  298.808380
   49.865677    8.693794   -3.694623  298.808502
   50.337128    8.736932   -4.085579  298.808533
   50.832500    8.760792   -4.489829  298.808533
   51.352955    8.764046   -4.910393  298.808350
   51.899506    8.744784   -5.347364  298.808319
   52.473972    8.694337   -5.801887  298.808105
   53.078434    8.613834   -6.277081  298.807861
   53.715122    8.499579   -6.774651  298.807404
   54.386562    8.351001   -7.297055  298.807098
   55.095497    8.153941   -7.846951  298.806580
   55.850460    7.906036   -8.432211  298.805786
   56.662384    7.596985   -9.062089  298.805023
   57.532139    7.221155   -9.738664  298.803894
   58.459045    6.765019  -10.463171  298.802734
   59.440910    6.221214  -11.235968  298.801453
   60.473904    5.585800  -12.056509  298.799805
   61.552708    4.854277  -12.923047  298.798035
   62.659809    4.032708  -13.824033  298.795990
   63.777523    3.131748  -14.747021  298.793976
   64.899826    2.155993  -15.688654  298.791626
   66.021797    1.110416  -16.646059  298.789368
   67.139671    0.000000  -17.616829  298.786896
   68.250748   -1.170658  -18.599255  298.784424
   69.353470   -2.397692  -19.592360  298.781982
   70.455299   -3.687808  -20.603312  298.779297
   71.561188   -5.046371  -21.636299  298.776733
   72.670250   -6.477545  -22.694151  298.774109
   73.781044   -7.969758  -23.774446  298.771393
   74.891556   -9.524252  -24.875790  298.768677
   75.999207  -11.136472  -25.994770  298.765961
   77.100876  -12.804272  -27.131777  298.763397
   78.186768  -14.505591  -28.274342  298.760834
   79.250771  -16.227985  -29.414440  298.758362
   80.289978  -17.963680  -30.549553  298.755920
   81.302040  -19.708826  -31.675920  298.753723
   82.285194  -21.448168  -32.789284  298.751465
   83.238197  -23.178650  -33.885651  298.749481
   84.160385  -24.895531  -34.965611  298.747528
   85.055130  -26.602154  -36.029976  298.745819
   85.923347  -28.292412  -37.078293  298.744110
   86.764992  -29.965080  -38.108803  298.742645
   87.580101  -31.618767  -39.122055  298.741211
   88.368652  -33.247562  -40.115593  298.739960
   89.130653  -34.848713  -41.088074  298.738708
   89.866104  -36.420010  -42.038048  298.737701
   90.575005  -37.959919  -42.965343  298.736725
   91.257339  -39.463058  -43.868256  298.735840
   91.913139  -40.928192  -44.745541  298.735107
   92.542389  -42.352848  -45.596138  298.734497
   93.145081  -43.734756  -46.418045  298.733826
   93.721252  -45.071606  -46.988121  298.733398
   94.270836  -46.770710  -46.771282  298.733215
   94.820435  -47.802456  -47.802742  298.734375
   95.413742  -48.915970  -48.915970  298.735626
   96.054276  -50.118073  -50.118073  298.737030
   96.745735  -51.415817  -51.415817  298.738525
   97.492210  -52.816807  -52.816807  298.740173
   98.298065  -54.329266  -54.329266  298.741974
   99.168045  -55.962048  -55.962048  298.743896
  100.107208  -57.724739  -57.724739  298.746094
  101.121117  -59.627678  -59.627678  298.748444
  102.215660  -61.682018  -61.682018  298.750977
  103.397278  -63.899799  -63.899799  298.753723
  104.672897  -66.294052  -66.294052  298.756683
  106.049988  -68.878784  -68.878784  298.759918
  107.536652  -71.669159  -71.669159  298.763336
  109.141563  -74.681557  -74.681557  298.766968
  110.874146  -77.933601  -77.933601  298.770935
  112.744560  -81.444374  -81.444374  298.774963
  114.763763  -85.234444  -85.234444  298.779175
  116.943611  -89.325989  -89.325989  298.783478
  119.296860  -93.742973  -93.742973  298.787781
  BLADE PROFILES IN CARTESIAN COORDINATES (2D) BEFORE   PROJECTION, SCALING, MESHING AND STACKING 
  VARIABLES = "X", "YSS", "YPS" 
  BLADE           2  SECTION           3
    0.000000   -0.029657   -0.029657
    0.000062   -0.025092   -0.031165
    0.000249   -0.021533   -0.034187
    0.000561   -0.017894   -0.036065
    0.000997   -0.014029   -0.038063
    0.001557   -0.010017   -0.040055
    0.002241   -0.005890   -0.042017
    0.003050   -0.001687   -0.044166
    0.003982    0.002566   -0.046460
    0.005038    0.006832   -0.048919
    0.006218    0.011058   -0.051552
    0.007520    0.015218   -0.054353
    0.008945    0.019280   -0.057312
    0.010493    0.023222   -0.060419
    0.012162    0.027064   -0.063668
    0.013954    0.030750   -0.067052
    0.015866    0.034320   -0.070566
    0.017899    0.037804   -0.074205
    0.020052    0.041200   -0.077964
    0.022325    0.044554   -0.081841
    0.024716    0.047815   -0.085830
    0.027226    0.050996   -0.089929
    0.029854    0.054148   -0.094134
    0.032600    0.057218   -0.098443
    0.035461    0.060154   -0.102852
    0.038439    0.062983   -0.107359
    0.041531    0.065661   -0.111960
    0.044738    0.068101   -0.116646
    0.048058    0.070302   -0.121393
    0.051491    0.072213   -0.126264
    0.055036    0.073769   -0.131221
    0.058691    0.074959   -0.136263
    0.062456    0.075853   -0.141389
    0.066331    0.076589   -0.146596
    0.070314    0.077182   -0.151883
    0.074403    0.077726   -0.157249
    0.078599    0.078165   -0.162691
    0.082900    0.078493   -0.168201
    0.087305    0.078707   -0.173765
    0.091812    0.078801   -0.179429
    0.096421    0.078773   -0.185166
    0.101131    0.078618   -0.190974
    0.105941    0.078331   -0.196854
    0.110848    0.077909   -0.202803
    0.115853    0.077348   -0.208821
    0.120953    0.076644   -0.214908
    0.126148    0.075794   -0.221063
    0.131435    0.074793   -0.227282
    0.136815    0.073638   -0.233548
    0.142285    0.072326   -0.239901
    0.147845    0.070853   -0.246320
    0.153492    0.069216   -0.252804
    0.159225    0.067411   -0.259352
    0.165044    0.065436   -0.265965
    0.170946    0.063287   -0.272643
    0.176930    0.060961   -0.279383
    0.182994    0.058456   -0.286188
    0.189138    0.055769   -0.293055
    0.195358    0.052897   -0.299985
    0.201655    0.049837   -0.306978
    0.208026    0.046588   -0.314034
    0.214470    0.043146   -0.321151
    0.220986    0.039510   -0.328331
    0.227570    0.035677   -0.335572
    0.234223    0.031647   -0.342875
    0.240941    0.027416   -0.350239
    0.247725    0.022983   -0.357664
    0.254571    0.018347   -0.365150
    0.261478    0.013505   -0.372697
    0.268445    0.008458   -0.380305
    0.275470    0.003204   -0.387973
    0.282550   -0.002259   -0.395701
    0.289685   -0.007931   -0.403488
    0.296872   -0.013812   -0.411335
    0.304110   -0.019904   -0.419242
    0.311396   -0.026207   -0.427206
    0.318730   -0.032721   -0.435230
    0.326109   -0.039445   -0.443311
    0.333531   -0.046381   -0.451450
    0.340994   -0.053527   -0.459646
    0.348497   -0.060884   -0.467898
    0.356038   -0.068451   -0.476207
    0.363615   -0.076228   -0.484571
    0.371226   -0.084212   -0.492989
    0.378869   -0.092404   -0.501462
    0.386542   -0.100803   -0.509988
    0.394243   -0.109406   -0.518566
    0.401971   -0.118226   -0.527196
    0.409723   -0.127328   -0.535877
    0.417498   -0.136549   -0.544607
    0.425293   -0.145967   -0.553375
    0.433107   -0.155583   -0.562203
    0.440937   -0.165392   -0.571080
    0.448783   -0.175393   -0.580003
    0.456641   -0.185584   -0.588970
    0.464509   -0.195961   -0.597981
    0.472387   -0.206522   -0.607034
    0.480272   -0.217263   -0.616128
    0.488161   -0.228182   -0.625261
    0.496053   -0.239291   -0.634432
    0.503947   -0.250649   -0.643640
    0.511839   -0.262094   -0.652880
    0.519729   -0.273703   -0.662140
    0.527613   -0.285471   -0.671448
    0.535491   -0.297395   -0.680788
    0.543360   -0.309471   -0.690158
    0.551217   -0.321694   -0.699553
    0.559063   -0.334060   -0.708973
    0.566893   -0.346565   -0.718415
    0.574707   -0.359227   -0.727877
    0.582502   -0.372078   -0.737357
    0.590277   -0.384982   -0.746853
    0.598029   -0.398005   -0.756361
    0.605757   -0.411142   -0.765864
    0.613458   -0.424387   -0.775399
    0.621131   -0.437735   -0.784942
    0.628774   -0.451180   -0.794490
    0.636385   -0.464724   -0.804039
    0.643962   -0.478433   -0.813588
    0.651503   -0.492149   -0.823134
    0.659006   -0.505940   -0.832675
    0.666469   -0.519798   -0.842202
    0.673891   -0.533719   -0.851707
    0.681270   -0.547696   -0.861214
    0.688604   -0.561723   -0.870710
    0.695890   -0.575794   -0.880187
    0.703128   -0.589915   -0.889642
    0.710315   -0.604124   -0.899071
    0.717450   -0.618296   -0.908473
    0.724530   -0.632486   -0.917843
    0.731555   -0.646685   -0.927179
    0.738522   -0.660888   -0.936474
    0.745429   -0.675089   -0.945717
    0.752275   -0.689279   -0.954934
    0.759059   -0.703454   -0.964109
    0.765777   -0.717621   -0.973234
    0.772430   -0.731798   -0.982306
    0.779015   -0.745888   -0.991322
    0.785530   -0.759933   -1.000278
    0.791974   -0.773927   -1.009173
    0.798345   -0.787862   -1.018002
    0.804642   -0.801731   -1.026759
    0.810863   -0.815527   -1.035433
    0.817006   -0.829244   -1.044047
    0.823070   -0.842887   -1.052586
    0.829054   -0.856468   -1.061042
    0.834956   -0.869909   -1.069414
    0.840775   -0.883242   -1.077697
    0.846508   -0.896460   -1.085889
    0.852155   -0.909555   -1.093985
    0.857715   -0.922522   -1.101984
    0.863185   -0.935353   -1.109877
    0.868565   -0.948043   -1.117661
    0.873852   -0.960585   -1.125347
    0.879047   -0.972974   -1.132922
    0.884147   -0.985207   -1.140385
    0.889152   -0.997288   -1.147731
    0.894059   -1.009168   -1.154957
    0.898869   -1.020866   -1.162060
    0.903579   -1.032376   -1.169037
    0.908188   -1.043691   -1.175884
    0.912695   -1.054805   -1.182599
    0.917100   -1.065712   -1.189180
    0.921401   -1.076406   -1.195622
    0.925597   -1.086882   -1.201924
    0.929686   -1.097136   -1.208080
    0.933669   -1.107159   -1.214087
    0.937544   -1.116946   -1.219950
    0.941309   -1.126497   -1.225662
    0.944965   -1.135806   -1.231221
    0.948509   -1.144852   -1.236622
    0.951942   -1.153641   -1.241865
    0.955262   -1.162168   -1.246947
    0.958469   -1.170429   -1.251864
    0.961561   -1.178417   -1.256616
    0.964539   -1.186131   -1.261200
    0.967400   -1.193564   -1.265614
    0.970146   -1.200713   -1.269854
    0.972774   -1.207573   -1.273923
    0.975284   -1.214141   -1.277815
    0.977675   -1.220413   -1.281442
    0.979948   -1.226386   -1.284520
    0.982101   -1.232055   -1.287084
    0.984134   -1.237418   -1.289252
    0.986046   -1.242472   -1.291090
    0.987838   -1.247211   -1.292634
    0.989507   -1.251636   -1.293910
    0.991055   -1.255745   -1.294929
    0.992480   -1.259534   -1.295701
    0.993782   -1.263000   -1.296226
    0.994962   -1.266142   -1.296506
    0.996018   -1.268959   -1.296541
    0.996950   -1.271548   -1.296364
    0.997759   -1.274023   -1.295910
    0.998443   -1.276459   -1.295147
    0.999003   -1.278940   -1.294181
    0.999439   -1.281394   -1.292970
    0.999751   -1.283748   -1.291518
    0.999938   -1.285987   -1.289829
    1.000000   -1.287022   -1.287022
  BLADE PROFILES IN CARTESIAN COORDINATES (3D) 
  VARIABLES = "X", "YSS", "YPS" "R" 
  BLADE           2  SECTION           3
   32.945709   13.502720   13.502720  322.793182
   34.357738   12.843364   12.843364  322.943329
   35.625141   12.251419   12.251419  323.064331
   36.763508   11.719775   11.719775  323.150024
   37.785858   11.242396   11.242396  323.213287
   38.702415   10.814356   10.814356  323.270966
   39.524105   10.430561   10.430561  323.323853
   40.260727   10.086451   10.086451  323.372314
   40.921070    9.777929    9.777929  323.417145
   41.513012    9.501327    9.501327  323.458679
   42.043663    9.253329    9.253329  323.496613
   42.519382    9.030977    9.030977  323.531219
   42.945854    8.831618    8.831618  323.562744
   43.328175    8.652877    8.652877  323.591431
   43.670925    8.492622    8.492622  323.617462
   43.978191    8.348939    8.348939  323.641083
   44.253662    8.220116    8.220116  323.662476
   44.500614    8.104617    8.104617  323.681824
   44.722019    8.001061    8.001061  323.699341
   44.920506    7.908217    7.908217  323.715088
   45.098446    7.824975    7.824975  323.731140
   45.276043    9.098462    6.813833  323.748047
   45.461697    9.779851    6.394952  323.766144
   45.656147   10.290703    6.000478  323.785187
   45.860146   10.703392    5.616480  323.805603
   46.074421   11.059183    5.235973  323.827454
   46.299721   11.380785    4.854717  323.850739
   46.536777   11.676184    4.469814  323.875732
   46.786335   11.949552    4.079102  323.902588
   47.049126   12.197770    3.680884  323.931244
   47.325878   12.412008    3.274968  323.962189
   47.617325   12.584107    2.859195  323.995209
   47.924202   12.702692    2.431172  324.030884
   48.247253   12.777369    1.990982  324.069061
   48.587196   12.830988    1.537728  324.110229
   48.944584   12.872513    1.070880  324.154266
   49.319511   12.897090    0.592022  324.201569
   49.712814   12.903453    0.096977  324.252258
   50.125477   12.889981   -0.413981  324.306488
   50.558552   12.854839   -0.942065  324.364807
   51.013187   12.795947   -1.488648  324.427338
   51.490704   12.710973   -2.054902  324.494507
   51.992229   12.597324   -2.641742  324.566559
   52.518665   12.452212   -3.251896  324.644196
   53.071777   12.272365   -3.886595  324.727386
   53.653481   12.053996   -4.548203  324.816833
   54.265961   11.792803   -5.239373  324.913177
   54.911575   11.483833   -5.963054  325.017120
   55.592903   11.121441   -6.722512  325.129303
   56.318169   10.695849   -7.527373  325.251465
   57.097717   10.193805   -8.389778  325.385529
   57.932442    9.606413   -9.311444  325.532501
   58.821533    8.925442  -10.292819  325.692505
   59.762867    8.143832  -11.333019  325.865814
   60.752712    7.256194  -12.429876  326.051727
   61.785950    6.259377  -13.579805  326.249756
   62.845795    5.163836  -14.766354  326.456635
   63.915314    3.984787  -15.972469  326.669067
   64.988823    2.722689  -17.193264  326.885559
   66.061615    1.393991  -18.424152  327.104706
   67.130157    0.000000  -19.663612  327.325531
   68.191902   -1.453668  -20.908693  327.547058
   69.245445   -2.967037  -22.158298  327.768585
   70.297928   -4.542641  -23.420589  327.991302
   71.354141   -6.188020  -24.704546  328.215759
   72.413277   -7.902771  -26.008574  328.441559
   73.473976   -9.690060  -27.331738  328.668030
   74.534393  -11.536414  -28.671412  328.894379
   75.592087  -13.440877  -30.027512  329.119873
   76.644142  -15.402132  -31.394911  329.343353
   77.681236  -17.391396  -32.760235  329.562683
   78.697563  -19.397871  -34.118237  329.776337
   79.690384  -21.416412  -35.462555  329.983398
   80.657486  -23.430246  -36.788673  330.183411
   81.597122  -25.434742  -38.093872  330.375702
   82.508209  -27.426643  -39.375782  330.560211
   83.390076  -29.393343  -40.631371  330.736633
   84.245972  -31.340767  -41.863174  330.905640
   85.076721  -33.270351  -43.073479  331.067535
   85.882332  -35.173004  -44.259773  331.222137
   86.662804  -37.047855  -45.420467  331.369659
   87.418106  -38.892311  -46.555351  331.510162
   88.148262  -40.703899  -47.663445  331.643707
   88.853218  -42.476921  -48.743137  331.770508
   89.532982  -44.210037  -49.793446  331.890564
   90.187546  -45.900993  -50.813084  332.004059
   90.816864  -47.546989  -51.801754  332.111176
   91.420944  -49.144508  -52.758106  332.212128
   91.999741  -50.691875  -53.677898  332.307007
   92.553238  -52.186726  -54.294308  332.395966
   93.081429  -53.988785  -53.989449  332.470154
   93.614746  -55.134323  -55.134655  332.515442
   94.190598  -56.370647  -56.370647  332.563354
   94.812347  -57.705326  -57.705326  332.613922
   95.483696  -59.146191  -59.146191  332.667206
   96.208626  -60.701656  -60.701656  332.723236
   96.991371  -62.380817  -62.380817  332.781952
   97.836586  -64.193535  -64.193535  332.843292
   98.749237  -66.150368  -66.150368  332.907318
   99.734764  -68.262787  -68.262787  332.973663
  100.798935  -70.543083  -70.543083  333.042328
  101.948082  -73.004570  -73.004570  333.112946
  103.188972  -75.661598  -75.661598  333.185242
  104.528969  -78.529602  -78.529602  333.258881
  105.975929  -81.625290  -81.625290  333.333221
  107.538452  -84.966576  -84.966576  333.407654
  109.225723  -88.572815  -88.572815  333.481476
  111.047699  -92.464912  -92.464912  333.553955
  113.015083  -96.665268  -96.665268  333.623901
  115.139465 -101.198082 -101.198082  333.690369
  117.433296 -106.089439 -106.089439  333.752136
