  BLADE PROFILES IN CARTESIAN COORDINATES (2D) BEFORE   PROJECTION, SCALING, MESHING AND STACKING 
  VARIABLES = "X", "YSS", "YPS" 
  BLADE           1  SECTION           1
    0.000000    0.003605    0.003605
    0.000062    0.006870    0.000338
    0.000249    0.010528   -0.002753
    0.000561    0.014435   -0.005829
    0.000997    0.018549   -0.008653
    0.001557    0.022463   -0.011320
    0.002241    0.025977   -0.014069
    0.003050    0.029281   -0.016802
    0.003982    0.032382   -0.019550
    0.005038    0.035262   -0.022335
    0.006218    0.037917   -0.025143
    0.007520    0.040353   -0.028004
    0.008945    0.042609   -0.030895
    0.010493    0.044764   -0.033787
    0.012162    0.046941   -0.036693
    0.013954    0.049219   -0.039562
    0.015866    0.051610   -0.042386
    0.017899    0.054112   -0.045128
    0.020052    0.056722   -0.047749
    0.022325    0.059437   -0.050221
    0.024716    0.062256   -0.052525
    0.027226    0.065176   -0.054659
    0.029854    0.068194   -0.056657
    0.032600    0.071308   -0.058585
    0.035461    0.074512   -0.060518
    0.038439    0.077799   -0.062483
    0.041531    0.081192   -0.064429
    0.044738    0.084675   -0.066374
    0.048058    0.088246   -0.068311
    0.051491    0.091904   -0.070238
    0.055036    0.095644   -0.072152
    0.058691    0.099451   -0.074047
    0.062456    0.103357   -0.075919
    0.066331    0.107344   -0.077763
    0.070314    0.111410   -0.079583
    0.074403    0.115555   -0.081393
    0.078599    0.119772   -0.083117
    0.082900    0.124054   -0.084785
    0.087305    0.128424   -0.086400
    0.091812    0.132868   -0.087957
    0.096421    0.137385   -0.089451
    0.101131    0.141957   -0.090890
    0.105941    0.146614   -0.092287
    0.110848    0.151340   -0.093555
    0.115853    0.156136   -0.094730
    0.120953    0.160998   -0.095819
    0.126148    0.165915   -0.096816
    0.131435    0.170910   -0.097717
    0.136815    0.175971   -0.098526
    0.142285    0.181096   -0.099270
    0.147845    0.186283   -0.099831
    0.153492    0.191525   -0.100276
    0.159225    0.196839   -0.100602
    0.165044    0.202214   -0.100804
    0.170946    0.207651   -0.100893
    0.176930    0.213145   -0.100892
    0.182994    0.218695   -0.100677
    0.189138    0.224310   -0.100315
    0.195358    0.229984   -0.099809
    0.201655    0.235716   -0.099155
    0.208026    0.241505   -0.098369
    0.214470    0.247346   -0.097463
    0.220986    0.253248   -0.096336
    0.227570    0.259206   -0.095022
    0.234223    0.265219   -0.093541
    0.240941    0.271286   -0.091891
    0.247725    0.277408   -0.090067
    0.254571    0.283582   -0.088089
    0.261478    0.289809   -0.085969
    0.268445    0.296089   -0.083607
    0.275470    0.302421   -0.081038
    0.282550    0.308805   -0.078276
    0.289685    0.315239   -0.075324
    0.296872    0.321722   -0.072180
    0.304110    0.328256   -0.068841
    0.311396    0.334837   -0.065304
    0.318730    0.341467   -0.061591
    0.326109    0.348145   -0.057722
    0.333531    0.354869   -0.053584
    0.340994    0.361640   -0.049238
    0.348497    0.368460   -0.044673
    0.356038    0.375321   -0.039903
    0.363615    0.382226   -0.034926
    0.371226    0.389173   -0.029742
    0.378869    0.396163   -0.024350
    0.386542    0.403195   -0.018750
    0.394243    0.410267   -0.012942
    0.401971    0.417378   -0.006925
    0.409723    0.424529   -0.000700
    0.417498    0.431717    0.005733
    0.425293    0.438941    0.012373
    0.433107    0.446202    0.019220
    0.440937    0.453497    0.026272
    0.448783    0.460826    0.033529
    0.456641    0.468188    0.040988
    0.464509    0.475580    0.048649
    0.472387    0.483003    0.056510
    0.480272    0.490455    0.064568
    0.488161    0.497934    0.072822
    0.496053    0.505437    0.081269
    0.503947    0.512958    0.089907
    0.511839    0.520512    0.098732
    0.519729    0.528088    0.107743
    0.527613    0.535685    0.116936
    0.535491    0.543301    0.126308
    0.543360    0.550936    0.135855
    0.551217    0.558588    0.145573
    0.559063    0.566254    0.155460
    0.566893    0.573933    0.165511
    0.574707    0.581623    0.175722
    0.582502    0.589323    0.186089
    0.590277    0.597030    0.196608
    0.598029    0.604743    0.207285
    0.605757    0.612461    0.218104
    0.613458    0.620176    0.229061
    0.621131    0.627886    0.240179
    0.628774    0.635604    0.251453
    0.636385    0.643319    0.262791
    0.643962    0.651028    0.274246
    0.651503    0.658732    0.285812
    0.659006    0.666426    0.297484
    0.666469    0.674109    0.309256
    0.673891    0.681777    0.321122
    0.681270    0.689430    0.333089
    0.688604    0.697064    0.345139
    0.695890    0.704673    0.357288
    0.703128    0.712255    0.369534
    0.710315    0.719821    0.381790
    0.717450    0.727360    0.394103
    0.724530    0.734869    0.406467
    0.731555    0.742350    0.418874
    0.738522    0.749796    0.431318
    0.745429    0.757206    0.443804
    0.752275    0.764577    0.456314
    0.759059    0.771906    0.468862
    0.765777    0.779186    0.481438
    0.772430    0.786418    0.493973
    0.779015    0.793609    0.506504
    0.785530    0.800748    0.519023
    0.791974    0.807835    0.531523
    0.798345    0.814866    0.544003
    0.804642    0.821841    0.556454
    0.810863    0.828754    0.568864
    0.817006    0.835604    0.581249
    0.823070    0.842389    0.593585
    0.829054    0.849099    0.605828
    0.834956    0.855739    0.618001
    0.840775    0.862312    0.630098
    0.846508    0.868808    0.642114
    0.852155    0.875227    0.654044
    0.857715    0.881565    0.665876
    0.863185    0.887820    0.677602
    0.868565    0.893992    0.689216
    0.873852    0.900076    0.700733
    0.879047    0.906069    0.712113
    0.884147    0.911970    0.723345
    0.889152    0.917777    0.734437
    0.894059    0.923481    0.745385
    0.898869    0.929089    0.756181
    0.903579    0.934597    0.766816
    0.908188    0.940002    0.777284
    0.912695    0.945300    0.787578
    0.917100    0.950491    0.797691
    0.921401    0.955571    0.807618
    0.925597    0.960538    0.817370
    0.929686    0.965391    0.826908
    0.933669    0.970128    0.836237
    0.937544    0.974746    0.845357
    0.941309    0.979243    0.854261
    0.944965    0.983618    0.862943
    0.948509    0.987868    0.871396
    0.951942    0.991993    0.879616
    0.955262    0.995989    0.887597
    0.958469    0.999856    0.895335
    0.961561    1.003592    0.902824
    0.964539    1.007197    0.910059
    0.967400    1.010571    0.917037
    0.970146    1.013294    0.923751
    0.972774    1.015371    0.930199
    0.975284    1.016994    0.936376
    0.977675    1.018270    0.942277
    0.979948    1.019259    0.947900
    0.982101    1.019993    0.953240
    0.984134    1.020496    0.958290
    0.986046    1.020779    0.963054
    0.987838    1.020853    0.967526
    0.989507    1.020724    0.971702
    0.991055    1.020397    0.975579
    0.992480    1.019937    0.979156
    0.993782    1.019243    0.982430
    0.994962    1.018274    0.985397
    0.996018    1.017207    0.988058
    0.996950    1.015980    0.990409
    0.997759    1.014608    0.992487
    0.998443    1.013086    0.994373
    0.999003    1.011389    0.996297
    0.999439    1.009570    0.998085
    0.999751    1.007637    1.000251
    0.999938    1.005493    1.002550
    1.000000    1.003826    1.003826
  BLADE PROFILES IN CARTESIAN COORDINATES (3D) 
  VARIABLES = "X", "YSS", "YPS" "R" 
  BLADE           1  SECTION           1
  -24.965160  -28.269003  -28.269003  853.659912
  -22.094238  -27.798059  -27.798059  853.658813
  -19.534517  -27.378160  -27.378160  853.657715
  -17.252260  -27.003771  -27.003771  853.656311
  -15.217390  -26.669966  -26.669966  853.655273
  -13.403096  -26.372337  -26.372337  853.653992
  -11.785462  -26.106970  -26.106970  853.652710
  -10.343179  -25.870363  -25.870363  853.651672
   -9.057229  -25.659405  -25.659405  853.650513
   -7.910676  -25.471308  -25.471308  853.649353
   -6.888404  -25.303604  -25.303604  853.648499
   -5.976941  -25.154076  -25.154076  853.647583
   -5.164280  -25.020752  -25.020752  853.646790
   -4.439708  -24.901880  -24.901880  853.646057
   -3.793676  -24.795897  -24.795897  853.645447
   -3.217672  -24.701397  -24.701397  853.644714
   -2.704108  -24.617147  -24.617147  853.644043
   -2.246211  -24.542023  -24.542023  853.643677
   -1.837945  -24.475044  -24.475044  853.643250
   -1.473936  -24.415323  -24.415323  853.642761
   -1.149385  -24.362078  -24.362078  853.642395
   -0.860012  -24.314606  -24.314606  853.641968
   -0.602010  -24.272278  -24.272278  853.641663
   -0.371974  -24.234541  -24.234541  853.641479
   -0.166871  -24.200890  -24.200890  853.641235
    0.016000  -24.170887  -24.170887  853.640991
    0.198870  -22.930754  -25.429989  853.640625
    0.390074  -22.485371  -25.894344  853.640076
    0.590382  -22.196167  -26.275354  853.639648
    0.800563  -21.930189  -26.604826  853.639343
    1.021379  -21.660439  -26.888376  853.638855
    1.253605  -21.385004  -27.125338  853.638123
    1.498009  -21.102419  -27.322348  853.637817
    1.755355  -20.811859  -27.500614  853.637268
    2.026414  -20.512745  -27.677485  853.636536
    2.311952  -20.202503  -27.850657  853.635986
    2.612739  -19.881258  -28.021078  853.635254
    2.929545  -19.549232  -28.188549  853.634460
    3.263136  -19.204062  -28.352350  853.633850
    3.614279  -18.845594  -28.512928  853.632874
    3.983567  -18.473890  -28.667288  853.631836
    4.371096  -18.088865  -28.812752  853.631042
    4.777758  -17.688759  -28.950005  853.630188
    5.204582  -17.274282  -29.079660  853.629089
    5.652677  -16.842596  -29.196423  853.627808
    6.123284  -16.393633  -29.298546  853.626709
    6.617756  -15.926344  -29.386038  853.625549
    7.137284  -15.438757  -29.459517  853.624084
    7.682856  -14.931062  -29.508169  853.622559
    8.256297  -14.400412  -29.534546  853.621155
    8.859658  -13.845470  -29.538982  853.619629
    9.495212  -13.264245  -29.508095  853.617920
   10.165449  -12.653708  -29.443562  853.616089
   10.873098  -12.011825  -29.344307  853.614075
   11.626713  -11.329947  -29.192806  853.611938
   12.437164  -10.598236  -28.985609  853.609802
   13.305355   -9.815434  -28.718039  853.607422
   14.230617   -8.981284  -28.369268  853.604614
   15.210703   -8.096975  -27.937088  853.601868
   16.241840   -7.164772  -27.417900  853.598694
   17.318691   -6.187960  -26.797178  853.595703
   18.423811   -5.181307  -26.079927  853.592346
   19.539513   -4.159684  -25.276676  853.589050
   20.659790   -3.127517  -24.390745  853.585815
   21.779749   -2.088458  -23.426220  853.582520
   22.895615   -1.045305  -22.387486  853.579163
   24.004679    0.000000  -21.278809  853.575745
   25.105421    1.045901  -20.103920  853.572632
   26.205271    2.100848  -18.856430  853.569214
   27.309172    3.169908  -17.531008  853.565796
   28.416239    4.252797  -16.128546  853.562927
   29.525026    5.348473  -14.650891  853.559326
   30.633539    6.455198  -13.099538  853.556213
   31.739197    7.570649  -11.476008  853.553467
   32.838890    8.692966   -9.795109  853.550232
   33.922829    9.811561   -8.069248  853.547119
   34.984901   10.919108   -6.308214  853.544250
   36.022243   12.012969   -4.527564  853.541443
   37.032497   13.090229   -2.735207  853.538818
   38.013885   14.147767   -0.935220  853.536438
   38.965172   15.182864    0.861470  853.533875
   39.885704   16.195192    2.647455  853.531616
   40.778847   17.187317    4.428010  853.529541
   41.645496   18.158689    6.199234  853.527527
   42.485634   19.109531    7.955120  853.525513
   43.299278   20.038786    9.694032  853.523560
   44.086414   20.945829   11.413382  853.522156
   44.847034   21.829439   13.105928  853.520386
   45.581173   22.689596   14.770604  853.519043
   46.288795   23.525311   16.404470  853.517517
   46.969921   24.335917   18.002712  853.516235
   47.624531   25.120708   19.563148  853.515015
   48.252659   25.879330   21.082769  853.513855
   48.854279   26.372196   22.558861  853.512878
   49.429386   26.501827   23.988590  853.511902
   49.977985   25.654795   25.654303  853.510986
   50.526600   26.684715   26.684469  853.510376
   51.106537   27.773701   27.773701  853.509705
   51.719608   28.924896   28.924896  853.508972
   52.367680   30.141821   30.141821  853.508179
   53.052780   31.428244   31.428244  853.507385
   53.776985   32.788136   32.788136  853.506348
   54.542564   34.225689   34.225689  853.505371
   55.351860   35.745342   35.745342  853.504150
   56.207394   37.351776   37.351776  853.502930
   57.111771   39.049961   39.049961  853.501648
   58.067802   40.845123   40.845123  853.500000
   59.078442   42.742809   42.742809  853.498413
   60.146786   44.748859   44.748859  853.496582
   61.276161   46.869473   46.869473  853.494385
   62.470047   49.111187   49.111187  853.492065
  BLADE PROFILES IN CARTESIAN COORDINATES (2D) BEFORE   PROJECTION, SCALING, MESHING AND STACKING 
  VARIABLES = "X", "YSS", "YPS" 
  BLADE           1  SECTION           2
    0.000000    0.003610    0.003610
    0.000062    0.006864    0.000336
    0.000249    0.010517   -0.002756
    0.000561    0.014421   -0.005833
    0.000997    0.018531   -0.008655
    0.001557    0.022445   -0.011319
    0.002241    0.025958   -0.014067
    0.003050    0.029261   -0.016799
    0.003982    0.032362   -0.019546
    0.005038    0.035243   -0.022330
    0.006218    0.037898   -0.025138
    0.007520    0.040335   -0.027997
    0.008945    0.042591   -0.030887
    0.010493    0.044746   -0.033780
    0.012162    0.046923   -0.036685
    0.013954    0.049200   -0.039552
    0.015866    0.051590   -0.042375
    0.017899    0.054091   -0.045116
    0.020052    0.056699   -0.047735
    0.022325    0.059414   -0.050205
    0.024716    0.062231   -0.052507
    0.027226    0.065150   -0.054641
    0.029854    0.068167   -0.056637
    0.032600    0.071280   -0.058564
    0.035461    0.074483   -0.060497
    0.038439    0.077768   -0.062462
    0.041531    0.081159   -0.064407
    0.044738    0.084641   -0.066352
    0.048058    0.088210   -0.068288
    0.051491    0.091867   -0.070215
    0.055036    0.095606   -0.072128
    0.058691    0.099411   -0.074023
    0.062456    0.103315   -0.075895
    0.066331    0.107300   -0.077738
    0.070314    0.111365   -0.079558
    0.074403    0.115508   -0.081367
    0.078599    0.119723   -0.083091
    0.082900    0.124003   -0.084759
    0.087305    0.128371   -0.086373
    0.091812    0.132813   -0.087930
    0.096421    0.137328   -0.089425
    0.101131    0.141898   -0.090863
    0.105941    0.146552   -0.092260
    0.110848    0.151277   -0.093529
    0.115853    0.156070   -0.094704
    0.120953    0.160930   -0.095793
    0.126148    0.165845   -0.096790
    0.131435    0.170837   -0.097691
    0.136815    0.175895   -0.098500
    0.142285    0.181018   -0.099246
    0.147845    0.186202   -0.099807
    0.153492    0.191442   -0.100252
    0.159225    0.196752   -0.100578
    0.165044    0.202125   -0.100782
    0.170946    0.207559   -0.100871
    0.176930    0.213051   -0.100871
    0.182994    0.218597   -0.100658
    0.189138    0.224209   -0.100297
    0.195358    0.229880   -0.099792
    0.201655    0.235609   -0.099139
    0.208026    0.241395   -0.098354
    0.214470    0.247232   -0.097449
    0.220986    0.253131   -0.096325
    0.227570    0.259086   -0.095012
    0.234223    0.265095   -0.093533
    0.240941    0.271159   -0.091884
    0.247725    0.277277   -0.090062
    0.254571    0.283448   -0.088087
    0.261478    0.289671   -0.085968
    0.268445    0.295948   -0.083609
    0.275470    0.302276   -0.081043
    0.282550    0.308656   -0.078284
    0.289685    0.315085   -0.075334
    0.296872    0.321565   -0.072193
    0.304110    0.328094   -0.068856
    0.311396    0.334672   -0.065322
    0.318730    0.341298   -0.061613
    0.326109    0.347971   -0.057746
    0.333531    0.354691   -0.053611
    0.340994    0.361458   -0.049271
    0.348497    0.368273   -0.044709
    0.356038    0.375129   -0.039942
    0.363615    0.382030   -0.034969
    0.371226    0.388973   -0.029789
    0.378869    0.395958   -0.024401
    0.386542    0.402985   -0.018806
    0.394243    0.410052   -0.013002
    0.401971    0.417158   -0.006989
    0.409723    0.424304   -0.000769
    0.417498    0.431487    0.005659
    0.425293    0.438706    0.012295
    0.433107    0.445962    0.019137
    0.440937    0.453252    0.026184
    0.448783    0.460575    0.033435
    0.456641    0.467932    0.040889
    0.464509    0.475319    0.048545
    0.472387    0.482736    0.056400
    0.480272    0.490183    0.064452
    0.488161    0.497656    0.072700
    0.496053    0.505154    0.081142
    0.503947    0.512669    0.089773
    0.511839    0.520218    0.098593
    0.519729    0.527788    0.107597
    0.527613    0.535379    0.116784
    0.535491    0.542989    0.126149
    0.543360    0.550618    0.135689
    0.551217    0.558264    0.145402
    0.559063    0.565924    0.155282
    0.566893    0.573597    0.165326
    0.574707    0.581281    0.175530
    0.582502    0.588975    0.185889
    0.590277    0.596676    0.196402
    0.598029    0.604384    0.207072
    0.605757    0.612095    0.217884
    0.613458    0.619803    0.228833
    0.621131    0.627508    0.239943
    0.628774    0.635219    0.251209
    0.636385    0.642928    0.262539
    0.643962    0.650630    0.273987
    0.651503    0.658328    0.285545
    0.659006    0.666016    0.297209
    0.666469    0.673692    0.308973
    0.673891    0.681355    0.320832
    0.681270    0.689001    0.332791
    0.688604    0.696629    0.344833
    0.695890    0.704231    0.356974
    0.703128    0.711807    0.369212
    0.710315    0.719367    0.381460
    0.717450    0.726899    0.393765
    0.724530    0.734402    0.406120
    0.731555    0.741876    0.418519
    0.738522    0.749316    0.430955
    0.745429    0.756720    0.443433
    0.752275    0.764084    0.455934
    0.759059    0.771407    0.468474
    0.765777    0.778681    0.481042
    0.772430    0.785906    0.493569
    0.779015    0.793091    0.506092
    0.785530    0.800225    0.518602
    0.791974    0.807305    0.531094
    0.798345    0.814330    0.543566
    0.804642    0.821298    0.556009
    0.810863    0.828206    0.568411
    0.817006    0.835050    0.580788
    0.823070    0.841828    0.593116
    0.829054    0.848533    0.605351
    0.834956    0.855167    0.617516
    0.840775    0.861734    0.629606
    0.846508    0.868224    0.641613
    0.852155    0.874637    0.653536
    0.857715    0.880970    0.665360
    0.863185    0.887219    0.677078
    0.868565    0.893385    0.688684
    0.873852    0.899464    0.700194
    0.879047    0.905452    0.711567
    0.884147    0.911348    0.722792
    0.889152    0.917149    0.733877
    0.894059    0.922848    0.744817
    0.898869    0.928450    0.755607
    0.903579    0.933954    0.766235
    0.908188    0.939354    0.776696
    0.912695    0.944647    0.786983
    0.917100    0.949833    0.797090
    0.921401    0.954908    0.807010
    0.925597    0.959872    0.816756
    0.929686    0.964720    0.826288
    0.933669    0.969452    0.835611
    0.937544    0.974066    0.844725
    0.941309    0.978559    0.853623
    0.944965    0.982930    0.862299
    0.948509    0.987177    0.870747
    0.951942    0.991297    0.878961
    0.955262    0.995290    0.886938
    0.958469    0.999153    0.894670
    0.961561    1.002885    0.902154
    0.964539    1.006487    0.909385
    0.967400    1.009858    0.916358
    0.970146    1.012578    0.923068
    0.972774    1.014652    0.929512
    0.975284    1.016273    0.935685
    0.977675    1.017547    0.941583
    0.979948    1.018535    0.947202
    0.982101    1.019266    0.952538
    0.984134    1.019768    0.957585
    0.986046    1.020049    0.962346
    0.987838    1.020122    0.966815
    0.989507    1.019993    0.970989
    0.991055    1.019665    0.974863
    0.992480    1.019204    0.978437
    0.993782    1.018509    0.981709
    0.994962    1.017539    0.984675
    0.996018    1.016473    0.987334
    0.996950    1.015245    0.989684
    0.997759    1.013873    0.991760
    0.998443    1.012351    0.993645
    0.999003    1.010654    0.995567
    0.999439    1.008836    0.997355
    0.999751    1.006903    0.999520
    0.999938    1.004758    1.001817
    1.000000    1.003094    1.003094
  BLADE PROFILES IN CARTESIAN COORDINATES (3D) 
  VARIABLES = "X", "YSS", "YPS" "R" 
  BLADE           1  SECTION           2
  -25.002293  -28.273651  -28.273651  854.131958
  -22.129202  -27.802656  -27.802656  854.131958
  -19.567543  -27.382715  -27.382715  854.132080
  -17.283558  -27.008293  -27.008293  854.131958
  -15.247149  -26.674452  -26.674452  854.132019
  -13.431479  -26.376804  -26.376804  854.132080
  -11.812624  -26.111422  -26.111422  854.131958
  -10.369246  -25.874804  -25.874804  854.132080
   -9.082325  -25.663830  -25.663830  854.132019
   -7.934899  -25.475733  -25.475733  854.131958
   -6.911850  -25.308018  -25.308018  854.132080
   -5.999699  -25.158491  -25.158491  854.131958
   -5.186423  -25.025169  -25.025169  854.131958
   -4.461299  -24.906292  -24.906292  854.132019
   -3.814779  -24.800304  -24.800304  854.132080
   -3.238343  -24.705809  -24.705809  854.132019
   -2.724386  -24.621552  -24.621552  854.132019
   -2.266139  -24.546431  -24.546431  854.132019
   -1.857567  -24.479452  -24.479452  854.132141
   -1.493282  -24.419733  -24.419733  854.131958
   -1.168486  -24.366488  -24.366488  854.132080
   -0.878896  -24.319016  -24.319016  854.132019
   -0.620693  -24.276691  -24.276691  854.132080
   -0.390481  -24.238949  -24.238949  854.132019
   -0.185225  -24.205301  -24.205301  854.132080
   -0.002217  -24.175297  -24.175297  854.132019
    0.180792  -22.934704  -25.434673  854.132080
    0.372142  -22.488916  -25.899239  854.132019
    0.572603  -22.199509  -26.280474  854.132019
    0.782941  -21.933445  -26.610069  854.132019
    1.003929  -21.663612  -26.893692  854.131897
    1.236331  -21.388094  -27.130686  854.131897
    1.480918  -21.105427  -27.327732  854.132080
    1.738458  -20.814772  -27.506090  854.131958
    2.009724  -20.515577  -27.683052  854.131958
    2.295480  -20.205246  -27.856342  854.131958
    2.596498  -19.883911  -28.026865  854.131958
    2.913543  -19.551794  -28.194439  854.131897
    3.247389  -19.206533  -28.358341  854.132080
    3.598799  -18.847975  -28.519028  854.132141
    3.968367  -18.476162  -28.673515  854.131958
    4.356190  -18.091055  -28.819084  854.131836
    4.763164  -17.690847  -28.956436  854.132080
    5.190306  -17.276268  -29.086203  854.132080
    5.638746  -16.844482  -29.203112  854.131958
    6.109711  -16.395416  -29.305340  854.132080
    6.604562  -15.928028  -29.392927  854.132019
    7.124480  -15.440343  -29.466585  854.131897
    7.670468  -14.932538  -29.515314  854.132019
    8.244345  -14.401791  -29.541790  854.131958
    8.848170  -13.846741  -29.546324  854.132080
    9.484205  -13.265422  -29.515598  854.132080
   10.154951  -12.654776  -29.451159  854.132080
   10.863131  -12.012791  -29.352011  854.132019
   11.617318  -11.330813  -29.200642  854.131958
   12.428399  -10.599003  -28.993528  854.132019
   13.297245   -9.816103  -28.726023  854.131897
   14.223207   -8.981848  -28.377407  854.132019
   15.204050   -8.097447  -27.945286  854.132019
   16.235970   -7.165152  -27.426157  854.132019
   17.313648   -6.188261  -26.805546  854.131836
   18.419609   -5.181533  -26.088316  854.131958
   19.536156   -4.159843  -25.285070  854.131958
   20.657293   -3.127623  -24.399136  854.131897
   21.778091   -2.088518  -23.434586  854.131958
   22.894804   -1.045330  -22.395821  854.131714
   24.004713    0.000000  -21.287088  854.131897
   25.106312    1.045922  -20.112144  854.131836
   26.206974    2.100871  -18.864571  854.132141
   27.311731    3.169935  -17.539049  854.131897
   28.419647    4.252813  -16.136478  854.132202
   29.529270    5.348480  -14.658662  854.132080
   30.638601    6.455172  -13.107171  854.132202
   31.745117    7.570587  -11.483489  854.131958
   32.845657    8.692870   -9.802416  854.131958
   33.930408    9.811419   -8.076351  854.131958
   34.993313   10.918917   -6.315112  854.131897
   36.031425   12.012716   -4.534259  854.131958
   37.042461   13.089916   -2.741684  854.131958
   38.024578   14.147369   -0.941482  854.131897
   38.976601   15.182398    0.855428  854.131775
   39.897827   16.194645    2.641642  854.131897
   40.791649   17.186693    4.422419  854.132080
   41.658958   18.157990    6.193870  854.131897
   42.499733   19.108738    7.949986  854.132019
   43.313992   20.037903    9.689117  854.132141
   44.101723   20.944872   11.408704  854.131836
   44.862934   21.828386   13.101483  854.131958
   45.597618   22.688446   14.766363  854.131958
   46.305775   23.524078   16.400452  854.131897
   46.987423   24.334587   17.998905  854.131958
   47.642540   25.119289   19.559563  854.131958
   48.271137   25.877804   21.079372  854.131958
   48.873207   26.370474   22.555651  854.132019
   49.448753   26.499796   23.985588  854.131958
   49.997776   25.652140   25.651649  854.132019
   50.546806   26.682093   26.681847  854.132019
   51.127178   27.771120   27.771120  854.132080
   51.740715   28.922354   28.922354  854.132019
   52.389278   30.139328   30.139328  854.132019
   53.074894   31.425812   31.425812  854.132141
   53.799656   32.785763   32.785763  854.132080
   54.565815   34.223392   34.223392  854.131836
   55.375725   35.743130   35.743130  854.131958
   56.231895   37.349655   37.349655  854.132019
   57.136967   39.047939   39.047939  854.132019
   58.093723   40.843212   40.843212  854.132019
   59.105122   42.741016   42.741016  854.132019
   60.174294   44.747211   44.747211  854.132019
   61.304516   46.867970   46.867970  854.132080
   62.499294   49.109867   49.109867  854.132019
  BLADE PROFILES IN CARTESIAN COORDINATES (2D) BEFORE   PROJECTION, SCALING, MESHING AND STACKING 
  VARIABLES = "X", "YSS", "YPS" 
  BLADE           1  SECTION           3
    0.000000    0.003615    0.003615
    0.000062    0.006858    0.000333
    0.000249    0.010507   -0.002758
    0.000561    0.014407   -0.005836
    0.000997    0.018514   -0.008657
    0.001557    0.022426   -0.011319
    0.002241    0.025939   -0.014065
    0.003050    0.029242   -0.016796
    0.003982    0.032343   -0.019542
    0.005038    0.035224   -0.022325
    0.006218    0.037880   -0.025132
    0.007520    0.040317   -0.027991
    0.008945    0.042573   -0.030880
    0.010493    0.044729   -0.033772
    0.012162    0.046905   -0.036676
    0.013954    0.049181   -0.039542
    0.015866    0.051570   -0.042364
    0.017899    0.054069   -0.045103
    0.020052    0.056677   -0.047721
    0.022325    0.059390   -0.050190
    0.024716    0.062207   -0.052490
    0.027226    0.065124   -0.054622
    0.029854    0.068140   -0.056617
    0.032600    0.071252   -0.058544
    0.035461    0.074454   -0.060477
    0.038439    0.077737   -0.062440
    0.041531    0.081127   -0.064385
    0.044738    0.084607   -0.066330
    0.048058    0.088175   -0.068265
    0.051491    0.091830   -0.070192
    0.055036    0.095567   -0.072104
    0.058691    0.099371   -0.073999
    0.062456    0.103273   -0.075870
    0.066331    0.107257   -0.077713
    0.070314    0.111319   -0.079532
    0.074403    0.115461   -0.081341
    0.078599    0.119674   -0.083065
    0.082900    0.123952   -0.084733
    0.087305    0.128318   -0.086347
    0.091812    0.132758   -0.087904
    0.096421    0.137271   -0.089398
    0.101131    0.141850   -0.090837
    0.105941    0.146491   -0.092233
    0.110848    0.151213   -0.093502
    0.115853    0.156004   -0.094678
    0.120953    0.160862   -0.095766
    0.126148    0.165774   -0.096763
    0.131435    0.170764   -0.097665
    0.136815    0.175820   -0.098475
    0.142285    0.180940   -0.099222
    0.147845    0.186122   -0.099783
    0.153492    0.191359   -0.100228
    0.159225    0.196667   -0.100555
    0.165044    0.202036   -0.100759
    0.170946    0.207467   -0.100849
    0.176930    0.212957   -0.100850
    0.182994    0.218500   -0.100639
    0.189138    0.224109   -0.100279
    0.195358    0.229777   -0.099775
    0.201655    0.235503   -0.099123
    0.208026    0.241285   -0.098340
    0.214470    0.247120   -0.097435
    0.220986    0.253015   -0.096314
    0.227570    0.258966   -0.095003
    0.234223    0.264972   -0.093525
    0.240941    0.271033   -0.091878
    0.247725    0.277147   -0.090058
    0.254571    0.283315   -0.088061
    0.261478    0.289534   -0.085898
    0.268445    0.295807   -0.083610
    0.275470    0.302132   -0.081048
    0.282550    0.308507   -0.078291
    0.289685    0.314933   -0.075344
    0.296872    0.321409   -0.072205
    0.304110    0.327934   -0.068871
    0.311396    0.334507   -0.065341
    0.318730    0.341129   -0.061635
    0.326109    0.347798   -0.057771
    0.333531    0.354514   -0.053639
    0.340994    0.361276   -0.049303
    0.348497    0.368087   -0.044745
    0.356038    0.374939   -0.039982
    0.363615    0.381835   -0.035013
    0.371226    0.388773   -0.029836
    0.378869    0.395754   -0.024453
    0.386542    0.402775   -0.018861
    0.394243    0.409838   -0.013061
    0.401971    0.416939   -0.007053
    0.409723    0.424080   -0.000837
    0.417498    0.431258    0.005586
    0.425293    0.438473    0.012217
    0.433107    0.445723    0.019054
    0.440937    0.453008    0.026096
    0.448783    0.460326    0.033342
    0.456641    0.467677    0.040791
    0.464509    0.475059    0.048441
    0.472387    0.482471    0.056290
    0.480272    0.489912    0.064337
    0.488161    0.497377    0.072579
    0.496053    0.504863    0.081014
    0.503947    0.512382    0.089640
    0.511839    0.519925    0.098454
    0.519729    0.527489    0.107452
    0.527613    0.535074    0.116632
    0.535491    0.542679    0.125991
    0.543360    0.550302    0.135525
    0.551217    0.557942    0.145230
    0.559063    0.565596    0.155103
    0.566893    0.573263    0.165140
    0.574707    0.580941    0.175338
    0.582502    0.588629    0.185690
    0.590277    0.596324    0.196196
    0.598029    0.604025    0.206859
    0.605757    0.611730    0.217663
    0.613458    0.619433    0.228627
    0.621131    0.627131    0.239766
    0.628774    0.634836    0.250966
    0.636385    0.642538    0.262289
    0.643962    0.650235    0.273729
    0.651503    0.657926    0.285280
    0.659006    0.665608    0.296936
    0.666469    0.673278    0.308692
    0.673891    0.680934    0.320543
    0.681270    0.688574    0.332494
    0.688604    0.696196    0.344528
    0.695890    0.703791    0.356662
    0.703128    0.711361    0.368891
    0.710315    0.718914    0.381131
    0.717450    0.726440    0.393428
    0.724530    0.733937    0.405775
    0.731555    0.741405    0.418166
    0.738522    0.748838    0.430593
    0.745429    0.756236    0.443064
    0.752275    0.763594    0.455557
    0.759059    0.770910    0.468089
    0.765777    0.778178    0.480648
    0.772430    0.785398    0.493167
    0.779015    0.792576    0.505681
    0.785530    0.799703    0.518184
    0.791974    0.806777    0.530668
    0.798345    0.813796    0.543131
    0.804642    0.820759    0.555566
    0.810863    0.827660    0.567961
    0.817006    0.834498    0.580329
    0.823070    0.841271    0.592649
    0.829054    0.847969    0.604876
    0.834956    0.854598    0.617034
    0.840775    0.861159    0.629115
    0.846508    0.867644    0.641115
    0.852155    0.874051    0.653030
    0.857715    0.880378    0.664847
    0.863185    0.886622    0.676558
    0.868565    0.892782    0.688156
    0.873852    0.898855    0.699658
    0.879047    0.904838    0.711024
    0.884147    0.910729    0.722242
    0.889152    0.916525    0.733319
    0.894059    0.922219    0.744253
    0.898869    0.927816    0.755035
    0.903579    0.933315    0.765657
    0.908188    0.938710    0.776111
    0.912695    0.943999    0.786391
    0.917100    0.949180    0.796492
    0.921401    0.954250    0.806406
    0.925597    0.959209    0.816145
    0.929686    0.964053    0.825671
    0.933669    0.968781    0.834988
    0.937544    0.973390    0.844096
    0.941309    0.977880    0.852989
    0.944965    0.982246    0.861659
    0.948509    0.986489    0.870102
    0.951942    0.990606    0.878311
    0.955262    0.994595    0.886282
    0.958469    0.998455    0.894010
    0.961561    1.002184    0.901489
    0.964539    1.005782    0.908716
    0.967400    1.009150    0.915684
    0.970146    1.011867    0.922390
    0.972774    1.013938    0.928829
    0.975284    1.015557    0.934999
    0.977675    1.016829    0.940893
    0.979948    1.017814    0.946508
    0.982101    1.018545    0.951841
    0.984134    1.019044    0.956885
    0.986046    1.019325    0.961642
    0.987838    1.019397    0.966109
    0.989507    1.019266    0.970280
    0.991055    1.018937    0.974152
    0.992480    1.018475    0.977724
    0.993782    1.017781    0.980993
    0.994962    1.016810    0.983957
    0.996018    1.015743    0.986615
    0.996950    1.014515    0.988963
    0.997759    1.013143    0.991039
    0.998443    1.011622    0.992922
    0.999003    1.009925    0.994843
    0.999439    1.008106    0.996631
    0.999751    1.006174    0.998794
    0.999938    1.004031    1.001089
    1.000000    1.002368    1.002368
  BLADE PROFILES IN CARTESIAN COORDINATES (3D) 
  VARIABLES = "X", "YSS", "YPS" "R" 
  BLADE           1  SECTION           3
  -25.039595  -28.278591  -28.278591  854.603027
  -22.164310  -27.807526  -27.807526  854.604004
  -19.600693  -27.387539  -27.387539  854.605347
  -17.314959  -27.013073  -27.013073  854.606628
  -15.277000  -26.679203  -26.679203  854.607727
  -13.459948  -26.381531  -26.381531  854.609131
  -11.839850  -26.116119  -26.116119  854.610229
  -10.395368  -25.879484  -25.879484  854.611389
   -9.107465  -25.668503  -25.668503  854.612366
   -7.959167  -25.480389  -25.480389  854.613403
   -6.935338  -25.312672  -25.312672  854.614441
   -6.022490  -25.163132  -25.163132  854.615356
   -5.208594  -25.029802  -25.029802  854.616211
   -4.482918  -24.910929  -24.910929  854.616882
   -3.835906  -24.804939  -24.804939  854.617554
   -3.259027  -24.710438  -24.710438  854.618225
   -2.744676  -24.626184  -24.626184  854.618774
   -2.286082  -24.551058  -24.551058  854.619385
   -1.877199  -24.484079  -24.484079  854.619751
   -1.512638  -24.424360  -24.424360  854.620300
   -1.187592  -24.371113  -24.371113  854.620544
   -0.897779  -24.323639  -24.323639  854.620972
   -0.639382  -24.281307  -24.281307  854.621216
   -0.408995  -24.243570  -24.243570  854.621521
   -0.203579  -24.209923  -24.209923  854.621826
   -0.020433  -24.179920  -24.179920  854.622009
    0.162713  -22.938848  -25.439583  854.622314
    0.354211  -22.492661  -25.904362  854.622864
    0.554821  -22.203047  -26.285826  854.623169
    0.765322  -21.936899  -26.615551  854.623840
    0.986477  -21.666975  -26.899244  854.624146
    1.219057  -21.391373  -27.136271  854.624634
    1.463830  -21.108622  -27.333355  854.625122
    1.721568  -20.817867  -27.511810  854.625854
    1.993040  -20.518587  -27.688862  854.626526
    2.279010  -20.208164  -27.862270  854.627014
    2.580255  -19.886742  -28.032898  854.627747
    2.897546  -19.554523  -28.200575  854.628601
    3.231644  -19.209171  -28.364578  854.629395
    3.583321  -18.850517  -28.525372  854.630127
    3.953172  -18.478596  -28.679993  854.630859
    4.341287  -18.093393  -28.825668  854.631836
    4.748572  -17.693119  -28.963127  854.632935
    5.176038  -17.278133  -29.093000  854.633911
    5.624819  -16.846518  -29.210054  854.635010
    6.096145  -16.397337  -29.312380  854.636047
    6.591367  -15.929846  -29.400072  854.637512
    7.111683  -15.442058  -29.473907  854.638794
    7.658081  -14.934146  -29.522717  854.640320
    8.232404  -14.403294  -29.549294  854.641785
    8.836676  -13.848129  -29.553919  854.643372
    9.473201  -13.266704  -29.523354  854.645020
   10.144459  -12.655952  -29.459011  854.646790
   10.853169  -12.013862  -29.359974  854.648682
   11.607934  -11.331774  -29.208731  854.650879
   12.419622  -10.599854  -29.001604  854.653137
   13.289131   -9.816850  -28.732954  854.655640
   14.215797   -8.982493  -28.385792  854.658264
   15.197381   -8.097982  -27.953726  854.661133
   16.230095   -7.165596  -27.434649  854.664185
   17.308590   -6.188612  -26.814148  854.667358
   18.415384   -5.181803  -26.096937  854.670532
   19.532785   -4.160038  -25.293686  854.673889
   20.654768   -3.127753  -24.407740  854.676941
   21.776442   -2.088601  -23.443169  854.680542
   22.893988   -1.045369  -22.404356  854.683777
   24.004742    0.000000  -21.295567  854.687073
   25.107161    1.045845  -20.120544  854.690674
   26.208677    2.100912  -18.872885  854.693726
   27.314253    3.169995  -17.547249  854.696899
   28.423004    4.252868  -16.144556  854.700012
   29.533484    5.348521  -14.666564  854.703430
   30.643679    6.455208  -13.113963  854.706543
   31.751007    7.570601  -11.491152  854.709595
   32.852383    8.692845   -9.809797  854.712830
   33.937984    9.811359   -8.083522  854.715759
   35.001678   10.918819   -6.322061  854.718628
   36.040596   12.012568   -4.540989  854.721558
   37.052383   13.089712   -2.748181  854.724243
   38.035229   14.147111   -0.947732  854.726562
   38.987976   15.182080    0.849403  854.729187
   39.909920   16.194275    2.635873  854.731201
   40.804420   17.186258    4.416908  854.733582
   41.672375   18.157478    6.188601  854.735474
   42.513802   19.108158    7.944964  854.737488
   43.328674   20.037256    9.684361  854.739136
   44.117023   20.944149   11.404197  854.740967
   44.878803   21.827587   13.097207  854.742432
   45.614040   22.687572   14.762332  854.744080
   46.322754   23.523113   16.396660  854.745361
   47.004910   24.333546   17.995337  854.746765
   47.660515   25.118172   19.556229  854.747864
   48.289597   25.876602   21.076262  854.749084
   48.892124   26.369089   22.552773  854.750244
   49.468113   26.498119   23.982906  854.751099
   50.017563   25.649845   25.649353  854.751953
   50.567001   26.679842   26.679596  854.752625
   51.147835   27.768930   27.768930  854.753235
   51.761814   28.920216   28.920216  854.754089
   52.410885   30.137262   30.137262  854.754883
   53.097015   31.423815   31.423815  854.755676
   53.822330   32.783848   32.783848  854.756653
   54.589069   34.221561   34.221561  854.757629
   55.399605   35.741394   35.741394  854.758728
   56.256435   37.348030   37.348030  854.760010
   57.162189   39.046425   39.046425  854.761475
   58.119678   40.841824   40.841824  854.762939
   59.131851   42.739784   42.739784  854.764587
   60.201836   44.746132   44.746132  854.766541
   61.332924   46.867081   46.867081  854.768677
   62.528610   49.109184   49.109184  854.771118
  BLADE PROFILES IN CARTESIAN COORDINATES (2D) BEFORE   PROJECTION, SCALING, MESHING AND STACKING 
  VARIABLES = "X", "YSS", "YPS" 
  BLADE           2  SECTION           1
    0.000000    0.000088    0.000088
    0.000062    0.002594   -0.006468
    0.000249    0.006344   -0.011793
    0.000561    0.009593   -0.017696
    0.000997    0.012604   -0.022810
    0.001557    0.015384   -0.026921
    0.002241    0.018162   -0.030670
    0.003050    0.020922   -0.034154
    0.003982    0.023717   -0.037413
    0.005038    0.026534   -0.040396
    0.006218    0.029437   -0.043098
    0.007520    0.032398   -0.045574
    0.008945    0.035371   -0.047896
    0.010493    0.038416   -0.050179
    0.012162    0.041512   -0.052531
    0.013954    0.044604   -0.054973
    0.015866    0.047645   -0.057501
    0.017899    0.050591   -0.060111
    0.020052    0.053396   -0.062800
    0.022325    0.056021   -0.065564
    0.024716    0.058438   -0.068386
    0.027226    0.060634   -0.071273
    0.029854    0.062632   -0.074249
    0.032600    0.064502   -0.077290
    0.035461    0.066335   -0.080394
    0.038439    0.068148   -0.083561
    0.041531    0.069931   -0.086787
    0.044738    0.071683   -0.090067
    0.048058    0.073399   -0.093403
    0.051491    0.075077   -0.096785
    0.055036    0.076711   -0.100216
    0.058691    0.078298   -0.103718
    0.062456    0.079832   -0.107273
    0.066331    0.081326   -0.110881
    0.070314    0.082777   -0.114536
    0.074403    0.084129   -0.118234
    0.078599    0.085412   -0.121972
    0.082900    0.086606   -0.125777
    0.087305    0.087721   -0.129632
    0.091812    0.088753   -0.133535
    0.096421    0.089699   -0.137486
    0.101131    0.090554   -0.141478
    0.105941    0.091331   -0.145510
    0.110848    0.092034   -0.149605
    0.115853    0.092593   -0.153749
    0.120953    0.093037   -0.157940
    0.126148    0.093361   -0.162179
    0.131435    0.093570   -0.166463
    0.136815    0.093661   -0.170789
    0.142285    0.093630   -0.175174
    0.147845    0.093494   -0.179609
    0.153492    0.093253   -0.184094
    0.159225    0.092836   -0.188629
    0.165044    0.092277   -0.193212
    0.170946    0.091565   -0.197845
    0.176930    0.090710   -0.202527
    0.182994    0.089709   -0.207265
    0.189138    0.088560   -0.212056
    0.195358    0.087259   -0.216900
    0.201655    0.085822   -0.221796
    0.208026    0.084260   -0.226746
    0.214470    0.082487   -0.231750
    0.220986    0.080542   -0.236809
    0.227570    0.078421   -0.241925
    0.234223    0.076133   -0.247096
    0.240941    0.073674   -0.252323
    0.247725    0.071043   -0.257606
    0.254571    0.068237   -0.262947
    0.261478    0.065254   -0.268346
    0.268445    0.062117   -0.273802
    0.275470    0.058829   -0.279317
    0.282550    0.055306   -0.284891
    0.289685    0.051600   -0.290523
    0.296872    0.047708   -0.296216
    0.304110    0.043622   -0.301970
    0.311396    0.039347   -0.307783
    0.318730    0.034883   -0.313657
    0.326109    0.030231   -0.319591
    0.333531    0.025390   -0.325587
    0.340994    0.020360   -0.331643
    0.348497    0.015139   -0.337761
    0.356038    0.009729   -0.343939
    0.363615    0.004128   -0.350179
    0.371226   -0.001663   -0.356479
    0.378869   -0.007644   -0.362841
    0.386542   -0.013815   -0.369263
    0.394243   -0.020175   -0.375745
    0.401971   -0.026723   -0.382287
    0.409723   -0.033458   -0.388890
    0.417498   -0.040380   -0.395551
    0.425293   -0.047486   -0.402272
    0.433107   -0.054777   -0.409051
    0.440937   -0.062250   -0.415888
    0.448783   -0.069904   -0.422784
    0.456641   -0.077736   -0.429736
    0.464509   -0.085745   -0.436744
    0.472387   -0.093929   -0.443807
    0.480272   -0.102285   -0.450924
    0.488161   -0.110812   -0.458093
    0.496053   -0.119505   -0.465315
    0.503947   -0.128364   -0.472587
    0.511839   -0.137384   -0.479909
    0.519729   -0.146563   -0.487279
    0.527613   -0.155897   -0.494695
    0.535491   -0.165385   -0.502148
    0.543360   -0.175029   -0.509637
    0.551217   -0.184819   -0.517186
    0.559063   -0.194750   -0.524775
    0.566893   -0.204820   -0.532403
    0.574707   -0.215048   -0.540069
    0.582502   -0.225434   -0.547773
    0.590277   -0.235892   -0.555513
    0.598029   -0.246472   -0.563284
    0.605757   -0.257168   -0.571085
    0.613458   -0.267977   -0.578913
    0.621131   -0.278893   -0.586767
    0.628774   -0.289912   -0.594644
    0.636385   -0.301029   -0.602532
    0.643962   -0.312244   -0.610433
    0.651503   -0.323551   -0.618367
    0.659006   -0.334942   -0.626314
    0.666469   -0.346409   -0.634273
    0.673891   -0.357974   -0.642241
    0.681270   -0.369619   -0.650218
    0.688604   -0.381284   -0.658200
    0.695890   -0.393004   -0.666184
    0.703128   -0.404773   -0.674165
    0.710315   -0.416585   -0.682142
    0.717450   -0.428435   -0.690111
    0.724530   -0.440322   -0.698058
    0.731555   -0.452238   -0.705991
    0.738522   -0.464174   -0.713921
    0.745429   -0.476124   -0.721831
    0.752275   -0.488080   -0.729719
    0.759059   -0.500066   -0.737582
    0.765777   -0.512043   -0.745417
    0.772430   -0.523982   -0.753222
    0.779015   -0.535903   -0.760994
    0.785530   -0.547800   -0.768728
    0.791974   -0.559667   -0.776421
    0.798345   -0.571503   -0.784069
    0.804642   -0.583297   -0.791670
    0.810863   -0.595040   -0.799209
    0.817006   -0.606727   -0.806696
    0.823070   -0.618351   -0.814135
    0.829054   -0.629905   -0.821514
    0.834956   -0.641410   -0.828829
    0.840775   -0.652820   -0.836076
    0.846508   -0.664127   -0.843253
    0.852155   -0.675339   -0.850357
    0.857715   -0.686451   -0.857384
    0.863185   -0.697459   -0.864331
    0.868565   -0.708354   -0.871194
    0.873852   -0.719130   -0.877972
    0.879047   -0.729778   -0.884661
    0.884147   -0.740295   -0.891256
    0.889152   -0.750673   -0.897755
    0.894059   -0.760906   -0.904154
    0.898869   -0.770990   -0.910451
    0.903579   -0.780917   -0.916633
    0.908188   -0.790682   -0.922714
    0.912695   -0.800299   -0.928685
    0.917100   -0.809726   -0.934542
    0.921401   -0.818970   -0.940281
    0.925597   -0.828033   -0.945900
    0.929686   -0.836905   -0.951396
    0.933669   -0.845583   -0.956765
    0.937544   -0.854060   -0.962005
    0.941309   -0.862333   -0.967115
    0.944965   -0.870394   -0.972098
    0.948509   -0.878241   -0.976936
    0.951942   -0.885868   -0.981635
    0.955262   -0.893271   -0.986193
    0.958469   -0.900445   -0.990606
    0.961561   -0.907386   -0.994872
    0.964539   -0.914090   -0.998991
    0.967400   -0.920552   -1.002960
    0.970146   -0.926769   -1.006647
    0.972774   -0.932734   -1.009487
    0.975284   -0.938447   -1.011634
    0.977675   -0.943907   -1.013314
    0.979948   -0.949107   -1.014624
    0.982101   -0.954045   -1.015621
    0.984134   -0.958716   -1.016340
    0.986046   -0.963118   -1.016808
    0.987838   -0.967248   -1.017041
    0.989507   -0.971106   -1.017053
    0.991055   -0.974688   -1.016858
    0.992480   -0.977991   -1.016487
    0.993782   -0.981014   -1.015896
    0.994962   -0.983754   -1.015125
    0.996018   -0.986210   -1.014161
    0.996950   -0.988380   -1.013039
    0.997759   -0.990369   -1.011768
    0.998443   -0.992133   -1.010363
    0.999003   -0.994110   -1.008849
    0.999439   -0.996046   -1.007274
    0.999751   -0.997762   -1.005589
    0.999938   -0.999826   -1.003721
    1.000000   -1.003016   -1.003016
  BLADE PROFILES IN CARTESIAN COORDINATES (3D) 
  VARIABLES = "X", "YSS", "YPS" "R" 
  BLADE           2  SECTION           1
   52.464878    5.425408    5.425408  853.508057
   53.632107    5.237341    5.237341  853.506714
   54.678589    5.068729    5.068729  853.505188
   55.616821    4.917560    4.917560  853.503906
   56.458004    4.782026    4.782026  853.502686
   57.212170    4.660513    4.660513  853.501526
   57.888313    4.551569    4.551569  853.500305
   58.494526    4.453896    4.453896  853.499451
   59.038036    4.366326    4.366326  853.498474
   59.525303    4.287814    4.287814  853.497681
   59.962185    4.217424    4.217424  853.496887
   60.353851    4.154315    4.154315  853.496155
   60.705013    4.097734    4.097734  853.495422
   61.019855    4.047007    4.047007  853.494934
   61.302120    4.001526    4.001526  853.494324
   61.555195    3.960751    3.960751  853.493958
   61.782093    3.924194    3.924194  853.493408
   61.985512    3.891417    3.891417  853.493103
   62.167889    3.862032    3.862032  853.492737
   62.331398    3.835685    3.835685  853.492310
   62.477997    3.812066    3.812066  853.492004
   62.624596    5.004467    2.635059  853.491577
   62.777870    5.386339    2.268580  853.491272
   62.938454    5.705756    2.024757  853.490845
   63.106937    5.989968    1.797052  853.490356
   63.283966    6.233726    1.572804  853.489746
   63.470131    6.434222    1.350042  853.489197
   63.666061    6.594653    1.126380  853.488831
   63.872368    6.732215    0.899528  853.488281
   64.089653    6.863132    0.669250  853.487549
   64.318558    6.988277    0.434961  853.486755
   64.559685    7.107757    0.196220  853.486084
   64.813660    7.221231   -0.048261  853.485229
   65.081070    7.328549   -0.299788  853.484314
   65.362564    7.430175   -0.557964  853.483459
   65.658607    7.521883   -0.822611  853.482422
   65.969284    7.603658   -1.095767  853.481445
   66.295265    7.675434   -1.377034  853.480286
   66.637436    7.736478   -1.666491  853.479065
   66.996651    7.787181   -1.966067  853.477600
   67.373932    7.821532   -2.276555  853.476196
   67.770317    7.839933   -2.598367  853.475037
   68.186798    7.841415   -2.932659  853.473267
   68.624138    7.826542   -3.280756  853.471497
   69.083855    7.787837   -3.643642  853.469666
   69.567535    7.724082   -4.022720  853.467773
   70.077034    7.633708   -4.420416  853.465698
   70.614334    7.514647   -4.838437  853.463318
   71.181618    7.361982   -5.279039  853.460693
   71.785744    7.166446   -5.748411  853.458008
   72.435448    6.922502   -6.254172  853.455078
   73.131432    6.624087   -6.798067  853.451965
   73.873154    6.266278   -7.381170  853.448364
   74.658859    5.838053   -8.003891  853.444580
   75.485466    5.336474   -8.665832  853.440430
   76.348717    4.758972   -9.365661  853.436157
   77.234657    4.110312  -10.094070  853.431580
   78.129036    3.398866  -10.841013  853.427063
   79.027115    2.628238  -11.603659  853.421997
   79.924927    1.802329  -12.379614  853.417419
   80.819435    0.925045  -13.167132  853.412292
   81.708542    0.000000  -13.964695  853.407532
   82.590935   -0.969770  -14.771446  853.402832
   83.472633   -1.989579  -15.593238  853.398010
   84.357574   -3.064154  -16.433146  853.393005
   85.245056   -4.192780  -17.293409  853.388184
   86.133926   -5.376054  -18.172604  853.383179
   87.022537   -6.605656  -19.069500  853.378296
   87.908897   -7.881127  -19.981798  853.373413
   88.790459   -9.198848  -20.907011  853.368530
   89.659393  -10.546825  -21.837883  853.363831
   90.510818  -11.910555  -22.768204  853.359131
   91.342400  -13.284505  -23.693863  853.354553
   92.152267  -14.663611  -24.611317  853.350342
   92.938972  -16.042416  -25.519205  853.346130
   93.701584  -17.413481  -26.414623  853.341980
   94.439522  -18.772659  -27.295551  853.338257
   95.155502  -20.122784  -28.163086  853.334717
   95.850258  -21.462448  -29.018509  853.331238
   96.523758  -22.788322  -29.860079  853.327942
   97.176010  -24.097139  -30.686714  853.324646
   97.807007  -25.387272  -31.497505  853.321655
   98.416771  -26.656012  -32.291306  853.318726
   99.005287  -27.901743  -33.066605  853.316101
   99.572548  -29.121119  -33.823414  853.313477
  100.118568  -30.312414  -34.560287  853.311035
  100.643349  -31.473581  -35.276627  853.308899
  101.146873  -32.602711  -35.971119  853.306580
  101.629166  -33.697701  -36.488632  853.304626
  102.090195  -34.757164  -36.643360  853.302795
  102.529984  -36.079830  -36.080383  853.300903
  102.969780  -36.904369  -36.904644  853.299988
  103.444572  -37.794205  -37.794205  853.298828
  103.957130  -38.754818  -38.754818  853.297852
  104.510452  -39.791847  -39.791847  853.296509
  105.107796  -40.911377  -40.911377  853.295471
  105.752647  -42.119968  -42.119968  853.294128
  106.448814  -43.424702  -43.424702  853.292847
  107.200356  -44.833233  -44.833233  853.291382
  108.011703  -46.353821  -46.353821  853.290039
  108.887573  -47.995373  -47.995373  853.288452
  109.833122  -49.767506  -49.767506  853.286987
  110.853897  -51.680622  -51.680622  853.285339
  111.955856  -53.745937  -53.745937  853.283691
  113.145523  -55.975548  -55.975548  853.282043
  114.429794  -58.382534  -58.382534  853.280396
  115.816246  -60.981014  -60.981014  853.278870
  117.312958  -63.786201  -63.786201  853.277344
  118.928780  -66.814568  -66.814568  853.275696
  120.673119  -70.083832  -70.083832  853.274292
  122.556236  -73.613197  -73.613197  853.272949
  BLADE PROFILES IN CARTESIAN COORDINATES (2D) BEFORE   PROJECTION, SCALING, MESHING AND STACKING 
  VARIABLES = "X", "YSS", "YPS" 
  BLADE           2  SECTION           2
    0.000000   -0.003259   -0.003259
    0.000062    0.002218   -0.006820
    0.000249    0.006073   -0.012091
    0.000561    0.009462   -0.018165
    0.000997    0.012505   -0.023197
    0.001557    0.015335   -0.027266
    0.002241    0.018123   -0.030970
    0.003050    0.020888   -0.034417
    0.003982    0.023691   -0.037644
    0.005038    0.026505   -0.040585
    0.006218    0.029408   -0.043254
    0.007520    0.032361   -0.045706
    0.008945    0.035322   -0.048016
    0.010493    0.038358   -0.050301
    0.012162    0.041449   -0.052659
    0.013954    0.044542   -0.055108
    0.015866    0.047589   -0.057644
    0.017899    0.050543   -0.060262
    0.020052    0.053359   -0.062959
    0.022325    0.055998   -0.065716
    0.024716    0.058429   -0.068542
    0.027226    0.060637   -0.071460
    0.029854    0.062641   -0.074445
    0.032600    0.064509   -0.077497
    0.035461    0.066336   -0.080612
    0.038439    0.068138   -0.083790
    0.041531    0.069914   -0.087025
    0.044738    0.071660   -0.090316
    0.048058    0.073370   -0.093657
    0.051491    0.075042   -0.097042
    0.055036    0.076670   -0.100504
    0.058691    0.078249   -0.104020
    0.062456    0.079794   -0.107589
    0.066331    0.081297   -0.111209
    0.070314    0.082707   -0.114877
    0.074403    0.084051   -0.118588
    0.078599    0.085318   -0.122342
    0.082900    0.086503   -0.126162
    0.087305    0.087610   -0.130032
    0.091812    0.088633   -0.133952
    0.096421    0.089570   -0.137916
    0.101131    0.090415   -0.141923
    0.105941    0.091180   -0.145973
    0.110848    0.091875   -0.150084
    0.115853    0.092425   -0.154244
    0.120953    0.092850   -0.158453
    0.126148    0.093163   -0.162708
    0.131435    0.093361   -0.167008
    0.136815    0.093440   -0.171352
    0.142285    0.093398   -0.175755
    0.147845    0.093247   -0.180208
    0.153492    0.092997   -0.184711
    0.159225    0.092568   -0.189263
    0.165044    0.091988   -0.193863
    0.170946    0.091262   -0.198510
    0.176930    0.090394   -0.203216
    0.182994    0.089380   -0.207973
    0.189138    0.088217   -0.212783
    0.195358    0.086926   -0.217645
    0.201655    0.085503   -0.222561
    0.208026    0.083875   -0.227530
    0.214470    0.082087   -0.232553
    0.220986    0.080119   -0.237632
    0.227570    0.077983   -0.242766
    0.234223    0.075679   -0.247957
    0.240941    0.073205   -0.253203
    0.247725    0.070557   -0.258507
    0.254571    0.067735   -0.263867
    0.261478    0.064736   -0.269285
    0.268445    0.061580   -0.274762
    0.275470    0.058278   -0.280296
    0.282550    0.054737   -0.285890
    0.289685    0.051013   -0.291543
    0.296872    0.047102   -0.297256
    0.304110    0.042995   -0.303029
    0.311396    0.038701   -0.308863
    0.318730    0.034219   -0.314757
    0.326109    0.029549   -0.320711
    0.333531    0.024690   -0.326727
    0.340994    0.019641   -0.332803
    0.348497    0.014401   -0.338940
    0.356038    0.008972   -0.345139
    0.363615    0.003352   -0.351398
    0.371226   -0.002459   -0.357719
    0.378869   -0.008460   -0.364100
    0.386542   -0.014650   -0.370542
    0.394243   -0.021029   -0.377044
    0.401971   -0.027597   -0.383606
    0.409723   -0.034352   -0.390228
    0.417498   -0.041294   -0.396910
    0.425293   -0.048421   -0.403650
    0.433107   -0.055732   -0.410448
    0.440937   -0.063225   -0.417305
    0.448783   -0.070900   -0.424219
    0.456641   -0.078752   -0.431191
    0.464509   -0.086782   -0.438218
    0.472387   -0.094987   -0.445300
    0.480272   -0.103364   -0.452436
    0.488161   -0.111911   -0.459624
    0.496053   -0.120625   -0.466864
    0.503947   -0.129505   -0.474155
    0.511839   -0.138546   -0.481496
    0.519729   -0.147745   -0.488884
    0.527613   -0.157101   -0.496319
    0.535491   -0.166609   -0.503790
    0.543360   -0.176272   -0.511298
    0.551217   -0.186083   -0.518864
    0.559063   -0.196036   -0.526471
    0.566893   -0.206126   -0.534117
    0.574707   -0.216375   -0.541800
    0.582502   -0.226782   -0.549521
    0.590277   -0.237261   -0.557278
    0.598029   -0.247861   -0.565066
    0.605757   -0.258578   -0.572884
    0.613458   -0.269408   -0.580729
    0.621131   -0.280344   -0.588600
    0.628774   -0.291384   -0.596494
    0.636385   -0.302521   -0.604397
    0.643962   -0.313755   -0.612315
    0.651503   -0.325083   -0.620264
    0.659006   -0.336493   -0.628227
    0.666469   -0.347981   -0.636202
    0.673891   -0.359566   -0.644185
    0.681270   -0.371231   -0.652177
    0.688604   -0.382915   -0.660174
    0.695890   -0.394655   -0.668172
    0.703128   -0.406443   -0.676169
    0.710315   -0.418275   -0.684160
    0.717450   -0.430144   -0.692143
    0.724530   -0.442049   -0.700105
    0.731555   -0.453985   -0.708052
    0.738522   -0.465940   -0.715995
    0.745429   -0.477908   -0.723919
    0.752275   -0.489883   -0.731820
    0.759059   -0.501886   -0.739696
    0.765777   -0.513882   -0.747544
    0.772430   -0.525839   -0.755362
    0.779015   -0.537778   -0.763146
    0.785530   -0.549693   -0.770892
    0.791974   -0.561577   -0.778597
    0.798345   -0.573430   -0.786258
    0.804642   -0.585241   -0.793871
    0.810863   -0.597001   -0.801421
    0.817006   -0.608704   -0.808920
    0.823070   -0.620344   -0.816370
    0.829054   -0.631915   -0.823759
    0.834956   -0.643435   -0.831085
    0.840775   -0.654862   -0.838343
    0.846508   -0.666184   -0.845531
    0.852155   -0.677412   -0.852645
    0.857715   -0.688538   -0.859681
    0.863185   -0.699561   -0.866638
    0.868565   -0.710471   -0.873511
    0.873852   -0.721260   -0.880298
    0.879047   -0.731923   -0.886996
    0.884147   -0.742453   -0.893600
    0.889152   -0.752845   -0.900107
    0.894059   -0.763092   -0.906515
    0.898869   -0.773188   -0.912820
    0.903579   -0.783128   -0.919010
    0.908188   -0.792906   -0.925099
    0.912695   -0.802535   -0.931078
    0.917100   -0.811974   -0.936942
    0.921401   -0.821230   -0.942689
    0.925597   -0.830303   -0.948314
    0.929686   -0.839187   -0.953817
    0.933669   -0.847875   -0.959193
    0.937544   -0.856363   -0.964440
    0.941309   -0.864646   -0.969556
    0.944965   -0.872717   -0.974544
    0.948509   -0.880574   -0.979389
    0.951942   -0.888210   -0.984093
    0.955262   -0.895622   -0.988656
    0.958469   -0.902805   -0.993075
    0.961561   -0.909754   -0.997346
    0.964539   -0.916466   -1.001469
    0.967400   -0.922936   -1.005444
    0.970146   -0.929161   -1.009133
    0.972774   -0.935132   -1.011970
    0.975284   -0.940852   -1.014117
    0.977675   -0.946318   -1.015797
    0.979948   -0.951525   -1.017109
    0.982101   -0.956468   -1.018106
    0.984134   -0.961145   -1.018825
    0.986046   -0.965553   -1.019293
    0.987838   -0.969687   -1.019526
    0.989507   -0.973550   -1.019538
    0.991055   -0.977136   -1.019343
    0.992480   -0.980442   -1.018972
    0.993782   -0.983469   -1.018380
    0.994962   -0.986212   -1.017608
    0.996018   -0.988671   -1.016645
    0.996950   -0.990844   -1.015522
    0.997759   -0.992834   -1.014249
    0.998443   -0.994599   -1.012844
    0.999003   -0.996577   -1.011328
    0.999439   -0.998513   -1.009751
    0.999751   -1.000233   -1.008068
    0.999938   -1.002296   -1.006201
    1.000000   -1.005498   -1.005498
  BLADE PROFILES IN CARTESIAN COORDINATES (3D) 
  VARIABLES = "X", "YSS", "YPS" "R" 
  BLADE           2  SECTION           2
   52.502361    5.481565    5.481565  854.132019
   53.668068    5.290467    5.290467  854.132080
   54.713188    5.119137    5.119137  854.132141
   55.650177    4.965530    4.965530  854.132019
   56.490261    4.827813    4.827813  854.132019
   57.243450    4.704343    4.704343  854.132019
   57.918701    4.593643    4.593643  854.131958
   58.524117    4.494395    4.494395  854.131958
   59.066902    4.405414    4.405414  854.132080
   59.553551    4.325638    4.325638  854.132080
   59.989849    4.254113    4.254113  854.132019
   60.381016    4.189988    4.189988  854.132080
   60.731724    4.132495    4.132495  854.131958
   61.046146    4.080950    4.080950  854.132080
   61.328049    4.034737    4.034737  854.132019
   61.580788    3.993305    3.993305  854.132019
   61.807377    3.956158    3.956158  854.131958
   62.010540    3.922854    3.922854  854.132019
   62.192680    3.892995    3.892995  854.132019
   62.355980    3.866225    3.866225  854.131958
   62.502384    3.842224    3.842224  854.132019
   62.648796    5.039352    2.664548  854.132141
   62.801861    5.420443    2.302908  854.132141
   62.962250    5.738429    2.059669  854.132019
   63.130512    6.022439    1.831621  854.132141
   63.307308    6.266724    1.607003  854.132080
   63.493229    6.468071    1.384618  854.132019
   63.688889    6.628993    1.159666  854.132080
   63.894936    6.766129    0.932345  854.131958
   64.111931    6.896196    0.701619  854.131958
   64.340538    7.020749    0.466948  854.131897
   64.581360    7.139638    0.228181  854.132019
   64.834984    7.252478   -0.017572  854.132019
   65.102066    7.360473   -0.269706  854.131897
   65.383194    7.460080   -0.528423  854.132019
   65.678848    7.550874   -0.793798  854.132019
   65.989105    7.631933   -1.067663  854.131958
   66.314690    7.702984   -1.349621  854.131897
   66.656403    7.763197   -1.639814  854.131958
   67.015160    7.813232   -1.940209  854.131958
   67.391914    7.846389   -2.251516  854.131897
   67.787796    7.863975   -2.574132  854.131775
   68.203743    7.864591   -2.909336  854.131958
   68.640533    7.848826   -3.258355  854.131897
   69.099617    7.808861   -3.622115  854.131958
   69.582695    7.744145   -4.002235  854.131897
   70.091515    7.652838   -4.400953  854.131653
   70.628136    7.534357   -4.820022  854.131897
   71.194664    7.378809   -5.261720  854.131897
   71.798012    7.181980   -5.732227  854.131897
   72.446869    6.936855   -6.239187  854.131592
   73.141960    6.637118   -6.784330  854.131531
   73.882729    6.278098   -7.368727  854.131653
   74.667381    5.848291   -7.992802  854.131592
   75.492920    5.345356   -8.656103  854.131714
   76.355095    4.766480   -9.357306  854.131653
   77.239830    4.116451  -10.087073  854.131897
   78.133080    3.403678  -10.835334  854.131470
   79.029991    2.631763  -11.599252  854.131470
   79.926643    1.804621  -12.376419  854.131470
   80.820015    0.926160  -13.165083  854.131470
   81.707924    0.000000  -13.963748  854.131287
   82.589195   -0.970826  -14.771554  854.131409
   83.469734   -1.991639  -15.594340  854.131287
   84.353531   -3.067091  -16.435207  854.131531
   85.239876   -4.196615  -17.296362  854.131287
   86.127579   -5.380744  -18.176392  854.131226
   87.015045   -6.611142  -19.074089  854.131165
   87.900253   -7.887356  -19.987129  854.131348
   88.780670   -9.205719  -20.913057  854.131348
   89.648483  -10.554316  -21.844555  854.131165
   90.498787  -11.918616  -22.775448  854.131104
   91.329308  -13.293060  -23.701630  854.131104
   92.138115  -14.672588  -24.619547  854.131042
   92.923820  -16.051777  -25.527849  854.131042
   93.685425  -17.423191  -26.423626  854.131104
   94.422417  -18.782656  -27.304873  854.131104
   95.137482  -20.133032  -28.172693  854.130981
   95.831306  -21.472897  -29.028353  854.130981
   96.503937  -22.798943  -29.870125  854.130981
   97.155334  -24.107893  -30.696917  854.130981
   97.785530  -25.398127  -31.507843  854.130920
   98.394485  -26.666943  -32.301739  854.130981
   98.982254  -27.912712  -33.077106  854.130981
   99.548782  -29.132107  -33.833977  854.130920
  100.094078  -30.323391  -34.570866  854.130859
  100.618202  -31.484545  -35.287216  854.130981
  101.121063  -32.613632  -35.981705  854.130981
  101.602715  -33.708569  -36.498768  854.131042
  102.063156  -34.767960  -36.653419  854.130981
  102.502380  -36.090584  -36.091133  854.131042
  102.941589  -36.915009  -36.915283  854.130981
  103.415764  -37.804733  -37.804733  854.130981
  103.927628  -38.765236  -38.765236  854.131042
  104.480247  -39.802151  -39.802151  854.131165
  105.076797  -40.921555  -40.921555  854.131042
  105.720818  -42.129993  -42.129993  854.131226
  106.416084  -43.434574  -43.434574  854.131348
  107.166649  -44.842949  -44.842949  854.131165
  107.976913  -46.363338  -46.363338  854.131348
  108.851616  -48.004696  -48.004696  854.131226
  109.795944  -49.776615  -49.776615  854.131409
  110.815384  -51.689507  -51.689507  854.131409
  111.915932  -53.754570  -53.754570  854.131531
  113.104019  -55.983913  -55.983913  854.131531
  114.386589  -58.390591  -58.390591  854.131592
  115.771217  -60.988735  -60.988735  854.131714
  117.265991  -63.793571  -63.793571  854.131836
  118.879692  -66.821526  -66.821526  854.131897
  120.621780  -70.090370  -70.090370  854.132019
  122.502403  -73.619232  -73.619232  854.131958
  BLADE PROFILES IN CARTESIAN COORDINATES (2D) BEFORE   PROJECTION, SCALING, MESHING AND STACKING 
  VARIABLES = "X", "YSS", "YPS" 
  BLADE           2  SECTION           3
    0.000000   -0.003091   -0.003091
    0.000062    0.001912   -0.007054
    0.000249    0.005823   -0.012406
    0.000561    0.009279   -0.018674
    0.000997    0.012405   -0.023617
    0.001557    0.015285   -0.027624
    0.002241    0.018087   -0.031278
    0.003050    0.020883   -0.034685
    0.003982    0.023666   -0.037836
    0.005038    0.026510   -0.040760
    0.006218    0.029371   -0.043412
    0.007520    0.032312   -0.045838
    0.008945    0.035307   -0.048136
    0.010493    0.038314   -0.050424
    0.012162    0.041387   -0.052788
    0.013954    0.044481   -0.055244
    0.015866    0.047532   -0.057786
    0.017899    0.050495   -0.060412
    0.020052    0.053323   -0.063118
    0.022325    0.055976   -0.065881
    0.024716    0.058420   -0.068719
    0.027226    0.060640   -0.071646
    0.029854    0.062651   -0.074642
    0.032600    0.064514   -0.077704
    0.035461    0.066331   -0.080831
    0.038439    0.068127   -0.084019
    0.041531    0.069897   -0.087263
    0.044738    0.071637   -0.090566
    0.048058    0.073342   -0.093917
    0.051491    0.075007   -0.097318
    0.055036    0.076628   -0.100792
    0.058691    0.078201   -0.104321
    0.062456    0.079736   -0.107904
    0.066331    0.081235   -0.111536
    0.070314    0.082637   -0.115212
    0.074403    0.083972   -0.118927
    0.078599    0.085224   -0.122712
    0.082900    0.086401   -0.126548
    0.087305    0.087499   -0.130433
    0.091812    0.088513   -0.134367
    0.096421    0.089441   -0.138343
    0.101131    0.090295   -0.142357
    0.105941    0.091075   -0.146436
    0.110848    0.091718   -0.150563
    0.115853    0.092250   -0.154740
    0.120953    0.092663   -0.158966
    0.126148    0.092965   -0.163234
    0.131435    0.093152   -0.167544
    0.136815    0.093221   -0.171915
    0.142285    0.093188   -0.176336
    0.147845    0.093051   -0.180807
    0.153492    0.092742   -0.185327
    0.159225    0.092297   -0.189897
    0.165044    0.091699   -0.194515
    0.170946    0.090961   -0.199181
    0.176930    0.090080   -0.203905
    0.182994    0.089053   -0.208681
    0.189138    0.087876   -0.213510
    0.195358    0.086567   -0.218391
    0.201655    0.085133   -0.223325
    0.208026    0.083491   -0.228314
    0.214470    0.081682   -0.233356
    0.220986    0.079697   -0.238454
    0.227570    0.077546   -0.243608
    0.234223    0.075227   -0.248818
    0.240941    0.072736   -0.254084
    0.247725    0.070073   -0.259407
    0.254571    0.067235   -0.264787
    0.261478    0.064244   -0.270225
    0.268445    0.061102   -0.275721
    0.275470    0.057727   -0.281275
    0.282550    0.054170   -0.286889
    0.289685    0.050428   -0.292562
    0.296872    0.046493   -0.298295
    0.304110    0.042368   -0.304088
    0.311396    0.038056   -0.309942
    0.318730    0.033557   -0.315856
    0.326109    0.028868   -0.321830
    0.333531    0.023990   -0.327866
    0.340994    0.018923   -0.333962
    0.348497    0.013664   -0.340120
    0.356038    0.008216   -0.346338
    0.363615    0.002576   -0.352618
    0.371226   -0.003254   -0.358958
    0.378869   -0.009274   -0.365359
    0.386542   -0.015484   -0.371821
    0.394243   -0.021883   -0.378343
    0.401971   -0.028470   -0.384925
    0.409723   -0.035246   -0.391567
    0.417498   -0.042208   -0.398267
    0.425293   -0.049355   -0.405027
    0.433107   -0.056686   -0.411845
    0.440937   -0.064200   -0.418721
    0.448783   -0.071894   -0.425654
    0.456641   -0.079768   -0.432645
    0.464509   -0.087818   -0.439692
    0.472387   -0.096044   -0.446792
    0.480272   -0.104441   -0.453947
    0.488161   -0.113009   -0.461155
    0.496053   -0.121744   -0.468414
    0.503947   -0.130644   -0.475723
    0.511839   -0.139706   -0.483082
    0.519729   -0.148927   -0.490489
    0.527613   -0.158303   -0.497943
    0.535491   -0.167832   -0.505431
    0.543360   -0.177515   -0.512957
    0.551217   -0.187346   -0.520542
    0.559063   -0.197320   -0.528166
    0.566893   -0.207431   -0.535830
    0.574707   -0.217677   -0.543530
    0.582502   -0.228080   -0.551269
    0.590277   -0.238628   -0.559042
    0.598029   -0.249249   -0.566848
    0.605757   -0.259987   -0.574682
    0.613458   -0.270837   -0.582544
    0.621131   -0.281795   -0.590432
    0.628774   -0.292855   -0.598342
    0.636385   -0.304012   -0.606261
    0.643962   -0.315266   -0.614195
    0.651503   -0.326614   -0.622161
    0.659006   -0.338044   -0.630140
    0.666469   -0.349552   -0.638130
    0.673891   -0.361156   -0.646128
    0.681270   -0.372842   -0.654135
    0.688604   -0.384546   -0.662148
    0.695890   -0.396305   -0.670161
    0.703128   -0.408113   -0.678172
    0.710315   -0.419964   -0.686177
    0.717450   -0.431852   -0.694175
    0.724530   -0.443776   -0.702150
    0.731555   -0.455731   -0.710111
    0.738522   -0.467704   -0.718068
    0.745429   -0.479692   -0.726006
    0.752275   -0.491685   -0.733921
    0.759059   -0.503707   -0.741810
    0.765777   -0.515720   -0.749671
    0.772430   -0.527696   -0.757501
    0.779015   -0.539652   -0.765298
    0.785530   -0.551585   -0.773057
    0.791974   -0.563486   -0.780774
    0.798345   -0.575357   -0.788446
    0.804642   -0.587184   -0.796071
    0.810863   -0.598961   -0.803633
    0.817006   -0.610681   -0.811143
    0.823070   -0.622338   -0.818605
    0.829054   -0.633925   -0.826005
    0.834956   -0.645461   -0.833341
    0.840775   -0.656903   -0.840610
    0.846508   -0.668241   -0.847808
    0.852155   -0.679484   -0.854932
    0.857715   -0.690625   -0.861979
    0.863185   -0.701663   -0.868945
    0.868565   -0.712588   -0.875827
    0.873852   -0.723391   -0.882624
    0.879047   -0.734068   -0.889331
    0.884147   -0.744612   -0.895944
    0.889152   -0.755018   -0.902460
    0.894059   -0.765278   -0.908876
    0.898869   -0.775387   -0.915190
    0.903579   -0.785340   -0.921397
    0.908188   -0.795130   -0.927487
    0.912695   -0.804772   -0.933471
    0.917100   -0.814222   -0.939343
    0.921401   -0.823490   -0.945097
    0.925597   -0.832575   -0.950730
    0.929686   -0.841470   -0.956239
    0.933669   -0.850169   -0.961622
    0.937544   -0.858668   -0.966875
    0.941309   -0.866960   -0.971998
    0.944965   -0.875042   -0.976992
    0.948509   -0.882908   -0.981842
    0.951942   -0.890554   -0.986553
    0.955262   -0.897974   -0.991121
    0.958469   -0.905166   -0.995545
    0.961561   -0.912124   -0.999821
    0.964539   -0.918844   -1.003949
    0.967400   -0.925322   -1.007928
    0.970146   -0.931553   -1.011621
    0.972774   -0.937532   -1.014454
    0.975284   -0.943259   -1.016601
    0.977675   -0.948732   -1.018283
    0.979948   -0.953944   -1.019594
    0.982101   -0.958893   -1.020592
    0.984134   -0.963576   -1.021311
    0.986046   -0.967989   -1.021779
    0.987838   -0.972129   -1.022012
    0.989507   -0.975995   -1.022024
    0.991055   -0.979584   -1.021828
    0.992480   -0.982896   -1.021457
    0.993782   -0.985926   -1.020865
    0.994962   -0.988673   -1.020092
    0.996018   -0.991134   -1.019129
    0.996950   -0.993309   -1.018005
    0.997759   -0.995301   -1.016732
    0.998443   -0.997067   -1.015324
    0.999003   -0.999049   -1.013807
    0.999439   -1.000984   -1.012230
    0.999751   -1.002706   -1.010548
    0.999938   -1.004770   -1.008682
    1.000000   -1.007980   -1.007980
  BLADE PROFILES IN CARTESIAN COORDINATES (3D) 
  VARIABLES = "X", "YSS", "YPS" "R" 
  BLADE           2  SECTION           3
   52.539654    5.539351    5.539351  854.755005
   53.703854    5.345229    5.345229  854.756287
   54.747616    5.171185    5.171185  854.757874
   55.683418    5.015146    5.015146  854.759033
   56.522423    4.875249    4.875249  854.760437
   57.274620    4.749824    4.749824  854.761597
   57.949009    4.637372    4.637372  854.762512
   58.553650    4.536553    4.536553  854.763550
   59.095741    4.446164    4.446164  854.764648
   59.581749    4.365125    4.365125  854.765381
   60.017494    4.292469    4.292469  854.766174
   60.408142    4.227327    4.227327  854.766968
   60.758400    4.168926    4.168926  854.767517
   61.072426    4.116565    4.116565  854.768127
   61.353951    4.069620    4.069620  854.768738
   61.606369    4.027532    4.027532  854.769226
   61.832676    3.989798    3.989798  854.769592
   62.035572    3.955966    3.955966  854.770081
   62.217476    3.925635    3.925635  854.770386
   62.380562    3.898441    3.898441  854.770691
   62.526779    3.874060    3.874060  854.771118
   62.672997    5.074656    2.694946  854.771362
   62.825882    5.453957    2.337128  854.771851
   62.986031    5.771264    2.094481  854.772278
   63.154102    6.054899    1.866090  854.772705
   63.330658    6.299719    1.641084  854.773254
   63.516327    6.501910    1.418258  854.773926
   63.711754    6.663337    1.192854  854.774353
   63.917519    6.799810    0.965043  854.775024
   64.134262    6.929252    0.733897  854.775635
   64.362541    7.053238    0.498742  854.776184
   64.603058    7.171541    0.259359  854.776978
   64.856369    7.283779    0.013008  854.777893
   65.123093    7.391091   -0.239710  854.778625
   65.403862    7.490102   -0.498607  854.779541
   65.699127    7.579882   -0.765149  854.780579
   66.008995    7.660257   -1.039698  854.781494
   66.334152    7.730552   -1.322251  854.782837
   66.675407    7.791489   -1.613055  854.783936
   67.033699    7.839085   -1.914505  854.785461
   67.409996    7.871330   -2.226612  854.786560
   67.805359    7.888071   -2.549726  854.788269
   68.220741    7.888772   -2.886173  854.789795
   68.656975    7.871201   -3.236116  854.791504
   69.115486    7.829970   -3.600792  854.793457
   69.597916    7.764295   -3.981918  854.795410
   70.106079    7.671985   -4.381660  854.797485
   70.641991    7.552491   -4.801788  854.799866
   71.207794    7.395591   -5.244575  854.802368
   71.810364    7.197605   -5.716233  854.804993
   72.458366    6.951279   -6.224391  854.807861
   73.152557    6.652310   -6.770791  854.811279
   73.892349    6.290006   -7.356496  854.814758
   74.676010    5.858610   -7.981927  854.818359
   75.500465    5.354315   -8.646595  854.822754
   76.361496    4.774056   -9.349180  854.826904
   77.245110    4.122655  -10.080314  854.831421
   78.137184    3.408539  -10.829906  854.836243
   79.032928    2.635328  -11.595105  854.840881
   79.928421    1.806940  -12.373498  854.845886
   80.820602    0.927289  -13.163315  854.850403
   81.707390    0.000000  -13.963095  854.855225
   82.587502   -0.971896  -14.771958  854.860107
   83.466919   -1.993722  -15.595755  854.864868
   84.349548   -3.070072  -16.437584  854.869812
   85.234726   -4.200384  -17.299667  854.874878
   86.121284   -5.385550  -18.180532  854.879761
   87.007591   -6.616744  -19.079050  854.884644
   87.891640   -7.893728  -19.992859  854.889832
   88.770920   -9.212771  -20.919510  854.894470
   89.637596  -10.562008  -21.851648  854.899292
   90.486786  -11.926907  -22.783138  854.904053
   91.316208  -13.301873  -23.709864  854.908447
   92.123993  -14.681864  -24.628279  854.912598
   92.908676  -16.061464  -25.537012  854.916809
   93.669289  -17.433254  -26.433163  854.920898
   94.405334  -18.793034  -27.314749  854.924683
   95.119438  -20.143686  -28.182861  854.928345
   95.812370  -21.483788  -29.038780  854.931885
   96.484123  -22.810043  -29.880774  854.935242
   97.134689  -24.119154  -30.707745  854.938293
   97.764053  -25.409519  -31.518818  854.941284
   98.372231  -26.678442  -32.312820  854.944214
   98.959221  -27.924288  -33.088322  854.946899
   99.524994  -29.143724  -33.845249  854.949524
  100.069611  -30.335054  -34.582199  854.951965
  100.593025  -31.496220  -35.298580  854.954224
  101.095253  -32.625294  -35.993076  854.956299
  101.576271  -33.720200  -36.509670  854.958374
  102.036118  -34.779556  -36.664246  854.960266
  102.474777  -36.102074  -36.102627  854.962036
  102.913422  -36.926437  -36.926712  854.963013
  103.386986  -37.816071  -37.816071  854.963989
  103.898201  -38.776482  -38.776482  854.965149
  104.450089  -39.813297  -39.813297  854.966431
  105.045883  -40.932590  -40.932590  854.967529
  105.689072  -42.140919  -42.140919  854.968872
  106.383408  -43.445385  -43.445385  854.970154
  107.133026  -44.853611  -44.853611  854.971558
  107.942238  -46.373867  -46.373867  854.973022
  108.815849  -48.015064  -48.015064  854.974609
  109.758926  -49.786812  -49.786812  854.976135
  110.777046  -51.699520  -51.699520  854.977600
  111.876175  -53.764374  -53.764374  854.979248
  113.062721  -55.993481  -55.993481  854.980835
  114.343643  -58.399925  -58.399925  854.982544
  115.726524  -60.997807  -60.997807  854.984253
  117.219353  -63.802330  -63.802330  854.985718
  118.830986  -66.829964  -66.829964  854.987061
  120.570786  -70.098427  -70.098427  854.988647
  122.449013  -73.626900  -73.626900  854.989929
