  BLADE PROFILES IN CARTESIAN COORDINATES (2D) BEFORE   PROJECTION, SCALING, MESHING AND STACKING 
  VARIABLES = "X", "YSS", "YPS" 
  BLADE           1  SECTION           1
    0.000000   -0.019909   -0.019909
    0.000062   -0.018701   -0.023895
    0.000249   -0.015906   -0.026707
    0.000561   -0.013238   -0.029194
    0.000997   -0.010684   -0.031711
    0.001557   -0.008256   -0.034211
    0.002241   -0.005892   -0.036592
    0.003050   -0.003633   -0.039230
    0.003982   -0.001509   -0.042064
    0.005038    0.000455   -0.045129
    0.006218    0.002242   -0.048503
    0.007520    0.003837   -0.052174
    0.008945    0.005238   -0.056134
    0.010493    0.006508   -0.060373
    0.012162    0.007527   -0.064884
    0.013954    0.008309   -0.069657
    0.015866    0.008989   -0.074685
    0.017899    0.009517   -0.079959
    0.020052    0.009901   -0.085471
    0.022325    0.010153   -0.091212
    0.024716    0.010283   -0.097173
    0.027226    0.010280   -0.103345
    0.029854    0.010153   -0.109720
    0.032600    0.009906   -0.116287
    0.035461    0.009534   -0.123038
    0.038439    0.009030   -0.129963
    0.041531    0.008383   -0.137051
    0.044738    0.007579   -0.144292
    0.048058    0.006600   -0.151677
    0.051491    0.005427   -0.159194
    0.055036    0.004044   -0.166834
    0.058691    0.002449   -0.174584
    0.062456    0.000652   -0.182435
    0.066331   -0.001277   -0.190297
    0.070314   -0.003254   -0.198302
    0.074403   -0.005258   -0.206372
    0.078599   -0.007297   -0.214496
    0.082900   -0.009336   -0.222661
    0.087305   -0.011384   -0.230857
    0.091812   -0.013435   -0.239071
    0.096421   -0.015485   -0.247290
    0.101131   -0.017527   -0.255503
    0.105941   -0.019557   -0.263698
    0.110848   -0.021568   -0.271863
    0.115853   -0.023556   -0.279986
    0.120953   -0.025520   -0.288057
    0.126148   -0.027474   -0.296070
    0.131435   -0.029347   -0.304087
    0.136815   -0.031168   -0.311904
    0.142285   -0.032934   -0.319614
    0.147845   -0.034639   -0.327214
    0.153492   -0.036278   -0.334700
    0.159225   -0.037843   -0.342075
    0.165044   -0.039337   -0.349330
    0.170946   -0.040786   -0.356353
    0.176930   -0.042079   -0.363247
    0.182994   -0.043274   -0.370039
    0.189138   -0.044364   -0.376454
    0.195358   -0.045342   -0.382757
    0.201655   -0.046204   -0.388917
    0.208026   -0.046941   -0.394674
    0.214470   -0.047548   -0.400317
    0.220986   -0.048019   -0.405659
    0.227570   -0.048346   -0.410806
    0.234223   -0.048524   -0.415690
    0.240941   -0.048549   -0.420230
    0.247725   -0.048415   -0.424598
    0.254571   -0.048121   -0.428504
    0.261478   -0.047664   -0.432297
    0.268445   -0.047041   -0.435549
    0.275470   -0.046146   -0.438712
    0.282550   -0.045091   -0.441298
    0.289685   -0.043951   -0.443778
    0.296872   -0.042506   -0.445687
    0.304110   -0.040909   -0.447439
    0.311396   -0.039075   -0.448662
    0.318730   -0.037034   -0.449650
    0.326109   -0.034727   -0.450170
    0.333531   -0.032292   -0.450365
    0.340994   -0.029507   -0.450159
    0.348497   -0.026590   -0.449546
    0.356038   -0.023437   -0.448584
    0.363615   -0.020045   -0.447155
    0.371226   -0.016409   -0.445400
    0.378869   -0.012527   -0.443161
    0.386542   -0.008399   -0.440575
    0.394243   -0.004024   -0.437540
    0.401971    0.000598   -0.434088
    0.409723    0.005465   -0.430277
    0.417498    0.010561   -0.425934
    0.425293    0.015825   -0.421373
    0.433107    0.021475   -0.416000
    0.440937    0.027375   -0.410425
    0.448783    0.033521   -0.404471
    0.456641    0.039910   -0.397937
    0.464509    0.046530   -0.391083
    0.472387    0.053340   -0.383866
    0.480272    0.060512   -0.376059
    0.488161    0.067937   -0.367859
    0.496053    0.075600   -0.359298
    0.503947    0.083485   -0.350423
    0.511839    0.091551   -0.340951
    0.519729    0.099984   -0.331072
    0.527613    0.108659   -0.320798
    0.535491    0.117563   -0.310127
    0.543360    0.126677   -0.299058
    0.551217    0.135958   -0.287595
    0.559063    0.145599   -0.275740
    0.566893    0.155467   -0.263500
    0.574707    0.165549   -0.250881
    0.582502    0.175822   -0.237890
    0.590277    0.186235   -0.224534
    0.598029    0.197005   -0.210821
    0.605757    0.207978   -0.196760
    0.613458    0.219146   -0.182359
    0.621131    0.230475   -0.167626
    0.628774    0.241927   -0.152539
    0.636385    0.253693   -0.136948
    0.643962    0.265654   -0.121233
    0.651503    0.277783   -0.105223
    0.659006    0.290076   -0.088928
    0.666469    0.302503   -0.072357
    0.673891    0.315016   -0.055496
    0.681270    0.327801   -0.038191
    0.688604    0.340740   -0.020815
    0.695890    0.353810   -0.003206
    0.703128    0.367004    0.014624
    0.710315    0.380315    0.032664
    0.717450    0.393724    0.050947
    0.724530    0.407164    0.069559
    0.731555    0.420824    0.088195
    0.738522    0.434571    0.106992
    0.745429    0.448397    0.125939
    0.752275    0.462294    0.145021
    0.759059    0.476252    0.164268
    0.765777    0.490248    0.183749
    0.772430    0.504229    0.203193
    0.779015    0.518345    0.222719
    0.785530    0.532498    0.242314
    0.791974    0.546668    0.261965
    0.798345    0.560848    0.281660
    0.804642    0.575028    0.301427
    0.810863    0.589198    0.321296
    0.817006    0.603333    0.341053
    0.823070    0.617399    0.360795
    0.829054    0.631490    0.380508
    0.834956    0.645552    0.400178
    0.840775    0.659559    0.419789
    0.846508    0.673500    0.439336
    0.852155    0.687366    0.458825
    0.857715    0.701147    0.478280
    0.863185    0.714834    0.497531
    0.868565    0.728419    0.516653
    0.873852    0.741874    0.535630
    0.879047    0.755182    0.554449
    0.884147    0.768401    0.573096
    0.889152    0.781481    0.591556
    0.894059    0.794413    0.609816
    0.898869    0.807191    0.627873
    0.903579    0.819799    0.645702
    0.908188    0.832229    0.663307
    0.912695    0.844472    0.680685
    0.917100    0.856519    0.697745
    0.921401    0.868361    0.714523
    0.925597    0.879990    0.731006
    0.929686    0.891397    0.747183
    0.933669    0.902574    0.763039
    0.937544    0.913514    0.778565
    0.941309    0.924206    0.793747
    0.944965    0.934645    0.808573
    0.948509    0.944821    0.823032
    0.951942    0.954728    0.837114
    0.955262    0.964358    0.850809
    0.958469    0.973704    0.864104
    0.961561    0.982758    0.876987
    0.964539    0.991514    0.889450
    0.967400    0.999966    0.901482
    0.970146    1.008105    0.913074
    0.972774    1.015928    0.924217
    0.975284    1.023428    0.934902
    0.977675    1.030559    0.945121
    0.979948    1.036956    0.954865
    0.982101    1.042395    0.964127
    0.984134    1.047073    0.972900
    0.986046    1.051113    0.981177
    0.987838    1.054597    0.988950
    0.989507    1.057563    0.996215
    0.991055    1.060043    1.002960
    0.992480    1.062053    1.009190
    0.993782    1.063606    1.014896
    0.994962    1.064707    1.020071
    0.996018    1.065359    1.024736
    0.996950    1.065675    1.029014
    0.997759    1.065459    1.033272
    0.998443    1.064648    1.037402
    0.999003    1.063531    1.041379
    0.999439    1.061980    1.045145
    0.999751    1.059995    1.048741
    0.999938    1.057500    1.052182
    1.000000    1.055871    1.055871
  BLADE PROFILES IN CARTESIAN COORDINATES (3D) 
  VARIABLES = "X", "YSS", "YPS" "R" 
  BLADE           1  SECTION           1
  -24.931515   35.448841   35.448841  648.569885
  -22.062952   30.796021   30.796021  648.564941
  -19.505333   26.647541   26.647541  648.559631
  -17.224949   22.948746   22.948746  648.554199
  -15.191756   19.650888   19.650888  648.548706
  -13.378958   16.710518   16.710518  648.543274
  -11.762656   14.088883   14.088883  648.538086
  -10.321565   11.751435   11.751435  648.533081
   -9.036680    9.667373    9.667373  648.528381
   -7.891078    7.809220    7.809220  648.523926
   -6.869653    6.152498    6.152498  648.519775
   -5.958946    4.675364    4.675364  648.515808
   -5.146961    3.358353    3.358353  648.512390
   -4.422988    2.184107    2.184107  648.509094
   -3.777496    1.137152    1.137152  648.506104
   -3.201972    0.203686    0.203686  648.503418
   -2.688835   -0.628591   -0.628591  648.500977
   -2.231319   -1.370649   -1.370649  648.498657
   -1.823395   -2.032269   -2.032269  648.496643
   -1.459692   -2.622170   -2.622170  648.494812
   -1.135411   -3.148127   -3.148127  648.493164
   -0.846280   -3.617069   -3.617069  648.491699
   -0.588494   -4.035179   -4.035179  648.490295
   -0.358647   -4.407966   -4.407966  648.489197
   -0.153719   -4.740345   -4.740345  648.487976
    0.029000   -5.036694   -5.036694  648.487000
    0.211713   -4.189846   -6.132317  648.485352
    0.402751   -3.890598   -6.680344  648.483582
    0.602882   -3.722946   -7.229948  648.481750
    0.812881   -3.634137   -7.787449  648.479675
    1.033507   -3.585532   -8.356122  648.477661
    1.265528   -3.566916   -8.938030  648.475403
    1.509719   -3.572776   -9.534559  648.473022
    1.766839   -3.599644  -10.146614  648.470642
    2.037661   -3.647510  -10.774741  648.467896
    2.322955   -3.718903  -11.419154  648.465088
    2.623479   -3.818200  -12.079760  648.461975
    2.940005   -3.949394  -12.756177  648.458862
    3.273305   -4.110449  -13.445197  648.455444
    3.624139   -4.284492  -14.148648  648.451904
    3.993103   -4.463835  -14.865643  648.447998
    4.380292   -4.645262  -15.592198  648.443848
    4.786598   -4.828590  -16.326750  648.439697
    5.213044   -5.012657  -17.067545  648.435120
    5.660747   -5.196175  -17.812656  648.430176
    6.130943   -5.378423  -18.559933  648.425171
    6.624982   -5.557013  -19.311913  648.419739
    7.144045   -5.727856  -20.052574  648.413940
    7.689137   -5.890293  -20.785898  648.407715
    8.262074   -6.042086  -21.511820  648.401245
    8.864895   -6.181126  -22.217842  648.394226
    9.499890   -6.299199  -22.902922  648.386780
   10.169538   -6.395279  -23.563412  648.378784
   10.876548   -6.464224  -24.181749  648.370361
   11.629488   -6.500052  -24.765709  648.361450
   12.439229   -6.494743  -25.301996  648.351685
   13.306647   -6.439688  -25.766890  648.340942
   14.231074   -6.315259  -26.144682  648.329407
   15.210297   -6.120961  -26.415766  648.317078
   16.240519   -5.834045  -26.548479  648.304199
   17.316420   -5.449289  -26.531336  648.290527
   18.420532   -4.965587  -26.347906  648.276367
   19.535236   -4.379353  -25.991949  648.262024
   20.654518   -3.693267  -25.463902  648.247559
   21.773483   -2.913529  -24.758144  648.233215
   22.888332   -2.032011  -23.888329  648.218750
   23.996431   -1.063521  -22.858246  648.204468
   25.096182    0.000000  -21.673532  648.190369
   26.195034    1.156342  -20.318386  648.176147
   27.297951    2.416166  -18.797377  648.162109
   28.404049    3.781298  -17.109686  648.148254
   29.511854    5.242735  -15.256688  648.134155
   30.619375    6.814620  -13.242729  648.120605
   31.724043    8.473797  -11.063708  648.107300
   32.822773   10.233461   -8.742167  648.093994
   33.905746   12.057060   -6.294092  648.080933
   34.966896   13.947772   -3.747126  648.068665
   36.003330   15.879502   -1.115345  648.056763
   37.012684   17.850256    1.584262  648.045288
   37.993206   19.847765    4.332685  648.034607
   38.943661   21.856327    7.121568  648.024292
   39.863396   23.878811    9.926398  648.014709
   40.755749   25.907715   12.762542  648.005615
   41.621643   27.938133   15.606227  647.996765
   42.461060   29.971893   18.456957  647.988647
   43.273998   31.997993   21.310837  647.981079
   44.060444   34.008274   24.148285  647.973633
   44.820423   36.004566   26.966721  647.966980
   45.553925   37.978493   29.762262  647.960571
   46.260937   39.924473   32.519714  647.954712
   46.941483   41.837952   35.234829  647.949219
   47.595547   43.714378   37.901073  647.943970
   48.223122   45.549328   40.512047  647.939209
   48.824230   47.337112   43.060680  647.934814
   49.398853   48.667515   45.540688  647.930725
   49.946995   48.624813   48.623886  647.926880
   50.495159   50.682713   50.682251  647.925415
   51.074635   52.858593   52.858593  647.923462
   51.687183   55.158703   55.158703  647.921143
   52.334732   57.590160   57.590160  647.918396
   53.019245   60.160419   60.160419  647.915039
   53.742855   62.877422   62.877422  647.911194
   54.507786   65.749535   65.749535  647.906433
   55.316410   68.785591   68.785591  647.900879
   56.171188   71.994926   71.994926  647.894226
   57.074791   75.387375   75.387375  647.886047
   58.029999   78.973404   78.973404  647.876221
   59.039738   82.764053   82.764053  647.864868
   60.107147   86.770973   86.770973  647.851746
   61.235493   91.006485   91.006485  647.836609
   62.428272   95.483582   95.483582  647.819214
  BLADE PROFILES IN CARTESIAN COORDINATES (2D) BEFORE   PROJECTION, SCALING, MESHING AND STACKING 
  VARIABLES = "X", "YSS", "YPS" 
  BLADE           1  SECTION           2
    0.000000   -0.019896   -0.019896
    0.000062   -0.018675   -0.023848
    0.000249   -0.015873   -0.026640
    0.000561   -0.013205   -0.029137
    0.000997   -0.010641   -0.031660
    0.001557   -0.008216   -0.034152
    0.002241   -0.005855   -0.036535
    0.003050   -0.003598   -0.039172
    0.003982   -0.001478   -0.042002
    0.005038    0.000483   -0.045062
    0.006218    0.002266   -0.048431
    0.007520    0.003858   -0.052097
    0.008945    0.005255   -0.056051
    0.010493    0.006518   -0.060284
    0.012162    0.007534   -0.064788
    0.013954    0.008315   -0.069554
    0.015866    0.008991   -0.074574
    0.017899    0.009516   -0.079841
    0.020052    0.009897   -0.085344
    0.022325    0.010147   -0.091077
    0.024716    0.010274   -0.097030
    0.027226    0.010272   -0.103193
    0.029854    0.010143   -0.109559
    0.032600    0.009893   -0.116117
    0.035461    0.009518   -0.122858
    0.038439    0.009012   -0.129772
    0.041531    0.008363   -0.136850
    0.044738    0.007555   -0.144082
    0.048058    0.006573   -0.151456
    0.051491    0.005397   -0.158963
    0.055036    0.004013   -0.166592
    0.058691    0.002409   -0.174332
    0.062456    0.000610   -0.182171
    0.066331   -0.001319   -0.190091
    0.070314   -0.003296   -0.198018
    0.074403   -0.005298   -0.206077
    0.078599   -0.007322   -0.214190
    0.082900   -0.009378   -0.222345
    0.087305   -0.011425   -0.230530
    0.091812   -0.013477   -0.238733
    0.096421   -0.015526   -0.246943
    0.101131   -0.017569   -0.255146
    0.105941   -0.019599   -0.263331
    0.110848   -0.021611   -0.271486
    0.115853   -0.023599   -0.279599
    0.120953   -0.025557   -0.287660
    0.126148   -0.027483   -0.295664
    0.131435   -0.029393   -0.303668
    0.136815   -0.031217   -0.311479
    0.142285   -0.032985   -0.319181
    0.147845   -0.034691   -0.326773
    0.153492   -0.036332   -0.334252
    0.159225   -0.037899   -0.341620
    0.165044   -0.039397   -0.348866
    0.170946   -0.040847   -0.355884
    0.176930   -0.042148   -0.362772
    0.182994   -0.043346   -0.369557
    0.189138   -0.044439   -0.375968
    0.195358   -0.045422   -0.382267
    0.201655   -0.046288   -0.388423
    0.208026   -0.047030   -0.394177
    0.214470   -0.047642   -0.399817
    0.220986   -0.048118   -0.405158
    0.227570   -0.048451   -0.410301
    0.234223   -0.048637   -0.415188
    0.240941   -0.048669   -0.419725
    0.247725   -0.048544   -0.424098
    0.254571   -0.048259   -0.428000
    0.261478   -0.047812   -0.431801
    0.268445   -0.047110   -0.435050
    0.275470   -0.046312   -0.438223
    0.282550   -0.045266   -0.440804
    0.289685   -0.044052   -0.443299
    0.296872   -0.042705   -0.445203
    0.304110   -0.041110   -0.446973
    0.311396   -0.039271   -0.448189
    0.318730   -0.037245   -0.449198
    0.326109   -0.034956   -0.449710
    0.333531   -0.032547   -0.449930
    0.340994   -0.029767   -0.449717
    0.348497   -0.026864   -0.449131
    0.356038   -0.023726   -0.448162
    0.363615   -0.020349   -0.446764
    0.371226   -0.016730   -0.445004
    0.378869   -0.012866   -0.442798
    0.386542   -0.008755   -0.440209
    0.394243   -0.004399   -0.437208
    0.401971    0.000203   -0.433757
    0.409723    0.005050   -0.429982
    0.417498    0.010129   -0.425643
    0.425293    0.015377   -0.421103
    0.433107    0.021003   -0.415748
    0.440937    0.026881   -0.410188
    0.448783    0.033004   -0.404273
    0.456641    0.039370   -0.397746
    0.464509    0.045967   -0.390914
    0.472387    0.052756   -0.383737
    0.480272    0.059903   -0.375942
    0.488161    0.067302   -0.367764
    0.496053    0.074939   -0.359232
    0.503947    0.082798   -0.350396
    0.511839    0.090840   -0.340945
    0.519729    0.099245   -0.331093
    0.527613    0.107892   -0.320847
    0.535491    0.116767   -0.310206
    0.543360    0.125853   -0.299168
    0.551217    0.135107   -0.287736
    0.559063    0.144718   -0.275915
    0.566893    0.154555   -0.263709
    0.574707    0.164606   -0.251125
    0.582502    0.174849   -0.238169
    0.590277    0.185231   -0.224849
    0.598029    0.195969   -0.211173
    0.605757    0.206910   -0.197150
    0.613458    0.218045   -0.182786
    0.621131    0.229341   -0.168092
    0.628774    0.240760   -0.153041
    0.636385    0.252491   -0.137492
    0.643962    0.264418   -0.121818
    0.651503    0.276513   -0.105849
    0.659006    0.288771   -0.089595
    0.666469    0.301163   -0.073066
    0.673891    0.313641   -0.056246
    0.681270    0.326390   -0.038986
    0.688604    0.339293   -0.021653
    0.695890    0.352326   -0.004089
    0.703128    0.365484    0.013697
    0.710315    0.378758    0.031693
    0.717450    0.392130    0.049932
    0.724530    0.405532    0.068497
    0.731555    0.419155    0.087088
    0.738522    0.432866    0.105839
    0.745429    0.446654    0.124740
    0.752275    0.460513    0.143776
    0.759059    0.474434    0.162976
    0.765777    0.488392    0.182411
    0.772430    0.502336    0.201807
    0.779015    0.516413    0.221286
    0.785530    0.530528    0.240835
    0.791974    0.544661    0.260439
    0.798345    0.558803    0.280087
    0.804642    0.572945    0.299808
    0.810863    0.587079    0.319629
    0.817006    0.601176    0.339339
    0.823070    0.615205    0.359035
    0.829054    0.629259    0.378701
    0.834956    0.643283    0.398325
    0.840775    0.657254    0.417890
    0.846508    0.671159    0.437391
    0.852155    0.684989    0.456835
    0.857715    0.698734    0.476244
    0.863185    0.712386    0.495450
    0.868565    0.725935    0.514528
    0.873852    0.739356    0.533461
    0.879047    0.752629    0.552236
    0.884147    0.765814    0.570839
    0.889152    0.778860    0.589257
    0.894059    0.791759    0.607475
    0.898869    0.804503    0.625490
    0.903579    0.817079    0.643278
    0.908188    0.829477    0.660841
    0.912695    0.841689    0.678180
    0.917100    0.853705    0.695200
    0.921401    0.865517    0.711940
    0.925597    0.877116    0.728385
    0.929686    0.888494    0.744524
    0.933669    0.899643    0.760345
    0.937544    0.910554    0.775835
    0.941309    0.921220    0.790982
    0.944965    0.931632    0.805774
    0.948509    0.941782    0.820200
    0.951942    0.951664    0.834250
    0.955262    0.961269    0.847914
    0.958469    0.970592    0.861178
    0.961561    0.979623    0.874032
    0.964539    0.988357    0.886466
    0.967400    0.996787    0.898471
    0.970146    1.004906    0.910037
    0.972774    1.012709    0.921154
    0.975284    1.020190    0.931815
    0.977675    1.027303    0.942011
    0.979948    1.033682    0.951733
    0.982101    1.039105    0.960974
    0.984134    1.043769    0.969727
    0.986046    1.047796    0.977985
    0.987838    1.051269    0.985740
    0.989507    1.054225    0.992988
    0.991055    1.056698    0.999719
    0.992480    1.058700    1.005935
    0.993782    1.060246    1.011627
    0.994962    1.061343    1.016791
    0.996018    1.061991    1.021446
    0.996950    1.062303    1.025714
    0.997759    1.062087    1.029962
    0.998443    1.061275    1.034083
    0.999003    1.060159    1.038050
    0.999439    1.058609    1.041808
    0.999751    1.056627    1.045397
    0.999938    1.054136    1.048830
    1.000000    1.052516    1.052516
  BLADE PROFILES IN CARTESIAN COORDINATES (3D) 
  VARIABLES = "X", "YSS", "YPS" "R" 
  BLADE           1  SECTION           2
  -25.011274   35.488873   35.488873  649.438049
  -22.138123   30.835022   30.835022  649.438049
  -19.576414   26.685638   26.685638  649.438049
  -17.292381   22.986032   22.986032  649.438049
  -15.255933   19.687450   19.687450  649.438049
  -13.440226   16.746422   16.746422  649.438110
  -11.821338   14.124195   14.124195  649.438049
  -10.377930   11.786208   11.786208  649.438049
   -9.090981    9.701648    9.701648  649.438110
   -7.943537    7.843050    7.843050  649.438049
   -6.920469    6.185917    6.185917  649.438049
   -6.008297    4.708411    4.708411  649.438049
   -5.195004    3.391060    3.391060  649.438049
   -4.469868    2.216507    2.216507  649.438049
   -3.823336    1.169272    1.169272  649.437988
   -3.246885    0.235552    0.235552  649.438110
   -2.732918   -0.596954   -0.596954  649.438171
   -2.274666   -1.339221   -1.339221  649.438171
   -1.866083   -2.001028   -2.001028  649.438049
   -1.501791   -2.591096   -2.591096  649.438110
   -1.176987   -3.117206   -3.117206  649.438049
   -0.887390   -3.586285   -3.586285  649.438049
   -0.629186   -4.004518   -4.004518  649.437988
   -0.398971   -4.377415   -4.377415  649.437988
   -0.193707   -4.709892   -4.709892  649.437988
   -0.010695   -5.006329   -5.006329  649.437988
    0.172317   -4.158714   -6.102894  649.438110
    0.363671   -3.859589   -6.650970  649.438171
    0.564136   -3.692337   -7.200652  649.438110
    0.774477   -3.603660   -7.758237  649.438171
    0.995469   -3.555308   -8.327001  649.438049
    1.227874   -3.536920   -8.909010  649.438049
    1.472470   -3.542869   -9.505644  649.438110
    1.730014   -3.570015  -10.117813  649.438110
    2.001286   -3.618208  -10.746062  649.438049
    2.287049   -3.690024  -11.390607  649.438171
    2.588071   -3.789771  -12.051360  649.438110
    2.905122   -3.921603  -12.727934  649.438049
    3.238972   -4.083105  -13.419583  649.438171
    3.590393   -4.257428  -14.120629  649.438110
    3.959966   -4.436351  -14.838070  649.438110
    4.347795   -4.618823  -15.564865  649.438171
    4.754777   -4.802473  -16.299685  649.438110
    5.181932   -4.986883  -17.040779  649.438110
    5.630379   -5.170777  -17.786226  649.438110
    6.101353   -5.352688  -18.533875  649.437988
    6.596210   -5.532508  -19.286055  649.438171
    7.116145   -5.703851  -20.027262  649.437988
    7.662138   -5.866765  -20.761122  649.437988
    8.236033   -6.019165  -21.487436  649.438049
    8.839868   -6.158949  -22.194120  649.437988
    9.475915   -6.277638  -22.879820  649.438110
   10.146674   -6.374387  -23.541000  649.438171
   10.854868   -6.444078  -24.160097  649.438049
   11.609076   -6.480785  -24.744993  649.438049
   12.420164   -6.476525  -25.282322  649.438110
   13.289029   -6.419527  -25.748178  649.438049
   14.214998   -6.298080  -26.127148  649.437988
   15.195860   -6.106028  -26.399927  649.437927
   16.227818   -5.819989  -26.533363  649.437866
   17.305506   -5.436968  -26.518135  649.437988
   18.411489   -4.954854  -26.335897  649.438171
   19.528070   -4.370381  -25.981852  649.438049
   20.649212   -3.686105  -25.455795  649.438171
   21.770050   -2.908005  -24.751177  649.437866
   22.886770   -2.028393  -23.883049  649.438293
   23.996710   -1.061633  -22.854937  649.438049
   25.098310    0.000000  -21.672401  649.438049
   26.199034    1.154504  -20.318636  649.438049
   27.303783    2.412438  -18.799410  649.438171
   28.411722    3.775613  -17.113653  649.438171
   29.521366    5.235112  -15.262667  649.438110
   30.630735    6.804980  -13.250740  649.438171
   31.737268    8.462162  -11.073633  649.437988
   32.837822   10.219793   -8.754210  649.437988
   33.922596   12.041384   -6.308128  649.438110
   34.985504   13.930091   -3.763235  649.438049
   36.023655   15.859835   -1.133461  649.437866
   37.034706   17.828663    1.564149  649.438110
   38.016876   19.824291    4.310621  649.438049
   38.968899   21.830978    7.097581  649.437927
   39.890141   23.851646    9.900537  649.437988
   40.783985   25.878775   12.734826  649.438049
   41.651295   27.907438   15.576696  649.438049
   42.492107   29.939499   18.425659  649.437927
   43.306374   31.963938   21.277800  649.438049
   44.094124   33.972595   24.113539  649.438049
   44.855354   35.967270   26.930305  649.438049
   45.590050   37.939636   29.724215  649.437988
   46.298237   39.884113   32.480095  649.437988
   46.979889   41.796116   35.193672  649.437927
   47.635017   43.671101   37.858421  649.438049
   48.263618   45.504677   40.467918  649.438049
   48.865700   47.291073   43.015114  649.438049
   49.441261   48.619930   45.493771  649.437988
   49.990295   48.576427   48.575500  649.438049
   50.539345   50.632851   50.632389  649.438049
   51.119724   52.807209   52.807209  649.438049
   51.733261   55.105751   55.105751  649.438049
   52.381851   57.535561   57.535561  649.438049
   53.067467   60.104149   60.104149  649.438110
   53.792244   62.819435   62.819435  649.438049
   54.558418   65.689804   65.689804  649.437988
   55.368362   68.724075   68.724075  649.438110
   56.224556   71.931671   71.931671  649.437988
   57.129627   75.322433   75.322433  649.437988
   58.086418   78.906868   78.906868  649.438110
   59.097843   82.696014   82.696014  649.438049
   60.167015   86.701561   86.701561  649.438049
   61.297276   90.935875   90.935875  649.437988
   62.492069   95.412025   95.412025  649.438049
  BLADE PROFILES IN CARTESIAN COORDINATES (2D) BEFORE   PROJECTION, SCALING, MESHING AND STACKING 
  VARIABLES = "X", "YSS", "YPS" 
  BLADE           1  SECTION           3
    0.000000   -0.019883   -0.019883
    0.000062   -0.018648   -0.023802
    0.000249   -0.015841   -0.026573
    0.000561   -0.013172   -0.029080
    0.000997   -0.010598   -0.031609
    0.001557   -0.008176   -0.034094
    0.002241   -0.005817   -0.036479
    0.003050   -0.003564   -0.039114
    0.003982   -0.001446   -0.041940
    0.005038    0.000511   -0.044996
    0.006218    0.002291   -0.048359
    0.007520    0.003878   -0.052020
    0.008945    0.005271   -0.055968
    0.010493    0.006528   -0.060195
    0.012162    0.007540   -0.064692
    0.013954    0.008320   -0.069451
    0.015866    0.008993   -0.074464
    0.017899    0.009515   -0.079723
    0.020052    0.009893   -0.085219
    0.022325    0.010140   -0.090943
    0.024716    0.010265   -0.096887
    0.027226    0.010264   -0.103042
    0.029854    0.010132   -0.109398
    0.032600    0.009881   -0.115947
    0.035461    0.009504   -0.122678
    0.038439    0.008995   -0.129583
    0.041531    0.008342   -0.136651
    0.044738    0.007532   -0.143872
    0.048058    0.006546   -0.151236
    0.051491    0.005366   -0.158733
    0.055036    0.003978   -0.166351
    0.058691    0.002370   -0.174080
    0.062456    0.000569   -0.181909
    0.066331   -0.001360   -0.189820
    0.070314   -0.003337   -0.197736
    0.074403   -0.005339   -0.205784
    0.078599   -0.007363   -0.213887
    0.082900   -0.009418   -0.222031
    0.087305   -0.011466   -0.230205
    0.091812   -0.013517   -0.238398
    0.096421   -0.015567   -0.246597
    0.101131   -0.017610   -0.254790
    0.105941   -0.019640   -0.262965
    0.110848   -0.021652   -0.271110
    0.115853   -0.023640   -0.279214
    0.120953   -0.025599   -0.287279
    0.126148   -0.027527   -0.295363
    0.131435   -0.029441   -0.303260
    0.136815   -0.031265   -0.311056
    0.142285   -0.033034   -0.318750
    0.147845   -0.034743   -0.326335
    0.153492   -0.036385   -0.333838
    0.159225   -0.037954   -0.341288
    0.165044   -0.039445   -0.348431
    0.170946   -0.040855   -0.355418
    0.176930   -0.042213   -0.362300
    0.182994   -0.043417   -0.369078
    0.189138   -0.044514   -0.375485
    0.195358   -0.045500   -0.381779
    0.201655   -0.046370   -0.387931
    0.208026   -0.047117   -0.393683
    0.214470   -0.047734   -0.399318
    0.220986   -0.048216   -0.404660
    0.227570   -0.048555   -0.409799
    0.234223   -0.048748   -0.414688
    0.240941   -0.048788   -0.419222
    0.247725   -0.048671   -0.423599
    0.254571   -0.048395   -0.427499
    0.261478   -0.047959   -0.431308
    0.268445   -0.047261   -0.434553
    0.275470   -0.046475   -0.437737
    0.282550   -0.045438   -0.440314
    0.289685   -0.044236   -0.442823
    0.296872   -0.042901   -0.444721
    0.304110   -0.041308   -0.446509
    0.311396   -0.039465   -0.447718
    0.318730   -0.037455   -0.448748
    0.326109   -0.035182   -0.449253
    0.333531   -0.032784   -0.449498
    0.340994   -0.030025   -0.449277
    0.348497   -0.027135   -0.448719
    0.356038   -0.024012   -0.447743
    0.363615   -0.020651   -0.446376
    0.371226   -0.017048   -0.444610
    0.378869   -0.013200   -0.442437
    0.386542   -0.009108   -0.439845
    0.394243   -0.004771   -0.436879
    0.401971   -0.000188   -0.433428
    0.409723    0.004640   -0.429689
    0.417498    0.009700   -0.425353
    0.425293    0.014933   -0.420814
    0.433107    0.020535   -0.415498
    0.440937    0.026391   -0.409953
    0.448783    0.032491   -0.404076
    0.456641    0.038803   -0.397557
    0.464509    0.045295   -0.390746
    0.472387    0.052163   -0.383608
    0.480272    0.059298   -0.375827
    0.488161    0.066672   -0.367670
    0.496053    0.074284   -0.359165
    0.503947    0.082117   -0.350370
    0.511839    0.090135   -0.340938
    0.519729    0.098512   -0.331113
    0.527613    0.107131   -0.320895
    0.535491    0.115978   -0.310283
    0.543360    0.125036   -0.299276
    0.551217    0.134263   -0.287877
    0.559063    0.143843   -0.276088
    0.566893    0.153650   -0.263915
    0.574707    0.163671   -0.251366
    0.582502    0.173883   -0.238445
    0.590277    0.184235   -0.225162
    0.598029    0.194941   -0.211523
    0.605757    0.205849   -0.197536
    0.613458    0.216952   -0.183211
    0.621131    0.228215   -0.168555
    0.628774    0.239601   -0.153539
    0.636385    0.251299   -0.138032
    0.643962    0.263192   -0.122398
    0.651503    0.275252   -0.106470
    0.659006    0.287476   -0.090258
    0.666469    0.299833   -0.073771
    0.673891    0.312276   -0.056991
    0.681270    0.324989   -0.039775
    0.688604    0.337855   -0.022486
    0.695890    0.350853   -0.004965
    0.703128    0.363974    0.012777
    0.710315    0.377213    0.030728
    0.717450    0.390547    0.048923
    0.724530    0.403913    0.067443
    0.731555    0.417499    0.085988
    0.738522    0.431172    0.104694
    0.745429    0.444923    0.123548
    0.752275    0.458745    0.142538
    0.759059    0.472628    0.161692
    0.765777    0.486549    0.181080
    0.772430    0.500455    0.200430
    0.779015    0.514495    0.219863
    0.785530    0.528572    0.239365
    0.791974    0.542668    0.258922
    0.798345    0.556772    0.278523
    0.804642    0.570877    0.298197
    0.810863    0.584973    0.317972
    0.817006    0.599033    0.337635
    0.823070    0.613025    0.357284
    0.829054    0.627042    0.376904
    0.834956    0.641029    0.396482
    0.840775    0.654964    0.416002
    0.846508    0.668832    0.435457
    0.852155    0.682626    0.454854
    0.857715    0.696336    0.474219
    0.863185    0.709952    0.493380
    0.868565    0.723466    0.512413
    0.873852    0.736851    0.531302
    0.879047    0.750090    0.550034
    0.884147    0.763242    0.568594
    0.889152    0.776254    0.586969
    0.894059    0.789120    0.605145
    0.898869    0.801831    0.623118
    0.903579    0.814375    0.640864
    0.908188    0.826741    0.658388
    0.912695    0.838921    0.675687
    0.917100    0.850906    0.692667
    0.921401    0.862688    0.709369
    0.925597    0.874258    0.725776
    0.929686    0.885607    0.741879
    0.933669    0.896727    0.757663
    0.937544    0.907611    0.773117
    0.941309    0.918249    0.788229
    0.944965    0.928634    0.802988
    0.948509    0.938759    0.817381
    0.951942    0.948616    0.831398
    0.955262    0.958197    0.845031
    0.958469    0.967495    0.858265
    0.961561    0.976504    0.871090
    0.964539    0.985216    0.883496
    0.967400    0.993624    0.895474
    0.970146    1.001723    0.907013
    0.972774    1.009506    0.918105
    0.975284    1.016969    0.928742
    0.977675    1.024062    0.938914
    0.979948    1.030423    0.948614
    0.982101    1.035831    0.957835
    0.984134    1.040481    0.966567
    0.986046    1.044497    0.974806
    0.987838    1.047959    0.982544
    0.989507    1.050906    0.989776
    0.991055    1.053370    0.996491
    0.992480    1.055366    1.002693
    0.993782    1.056906    1.008373
    0.994962    1.057998    1.013524
    0.996018    1.058642    1.018168
    0.996950    1.058951    1.022427
    0.997759    1.058735    1.026664
    0.998443    1.057922    1.030774
    0.999003    1.056806    1.034732
    0.999439    1.055259    1.038478
    0.999751    1.053280    1.042065
    0.999938    1.050796    1.045492
    1.000000    1.049181    1.049181
  BLADE PROFILES IN CARTESIAN COORDINATES (3D) 
  VARIABLES = "X", "YSS", "YPS" "R" 
  BLADE           1  SECTION           3
  -25.094828   35.533733   35.533733  650.305969
  -22.216673   30.878202   30.878202  650.310791
  -19.650497   26.727318   26.727318  650.316101
  -17.362488   23.026375   23.026375  650.321655
  -15.322493   19.726599   19.726599  650.327148
  -13.503631   16.784492   16.784492  650.332520
  -11.881926   14.161294   14.161294  650.337769
  -10.436013   11.822432   11.822432  650.342773
   -9.146833    9.737080    9.737080  650.347412
   -7.997395    7.877763    7.877763  650.351929
   -6.972551    6.219980    6.219980  650.356140
   -6.058802    4.741889    4.741889  650.359863
   -5.244098    3.424012    3.424012  650.363525
   -4.517708    2.248981    2.248981  650.366760
   -3.870055    1.201315    1.201315  650.369690
   -3.292608    0.267209    0.267209  650.372498
   -2.777754   -0.565647   -0.565647  650.374939
   -2.318707   -1.308227   -1.308227  650.377197
   -1.909419   -1.970317   -1.970317  650.379150
   -1.544499   -2.560639   -2.560639  650.381104
   -1.219133   -3.086974   -3.086974  650.382751
   -0.929034   -3.556258   -3.556258  650.384277
   -0.670384   -3.974674   -3.974674  650.385559
   -0.439770   -4.347734   -4.347734  650.386841
   -0.234156   -4.680358   -4.680358  650.388062
   -0.050826   -4.976927   -4.976927  650.388916
    0.132498   -4.128415   -6.074597  650.390564
    0.324173   -3.829370   -6.622803  650.392456
    0.524978   -3.662491   -7.172644  650.394287
    0.735673   -3.573930   -7.730395  650.396240
    0.957042   -3.525818   -8.299331  650.398193
    1.189841   -3.507650   -8.881522  650.400452
    1.434844   -3.513689   -9.478351  650.402771
    1.692829   -3.541111  -10.090727  650.405334
    1.964556   -3.589635  -10.719190  650.407837
    2.250798   -3.661882  -11.363966  650.410767
    2.552329   -3.762162  -12.024960  650.413635
    2.869919   -3.894602  -12.701789  650.416809
    3.204331   -4.056542  -13.393799  650.420227
    3.556339   -4.231145  -14.095136  650.423828
    3.926542   -4.410398  -14.812901  650.427612
    4.315021   -4.593228  -15.540047  650.431763
    4.722690   -4.777227  -16.275240  650.435791
    5.150561   -4.962005  -17.016743  650.440491
    5.599764   -5.146283  -17.762598  650.445312
    6.071530   -5.328605  -18.512684  650.450378
    6.567223   -5.509076  -19.263464  650.455688
    7.088024   -5.680834  -20.005096  650.461609
    7.634938   -5.844244  -20.741152  650.467773
    8.209787   -5.996746  -21.467884  650.474243
    8.814631   -6.137681  -22.173853  650.481018
    9.451745   -6.257117  -22.860275  650.488525
   10.123624   -6.354550  -23.522230  650.496338
   10.833012   -6.425001  -24.142185  650.504944
   11.588476   -6.462580  -24.728088  650.513855
   12.400922   -6.459373  -25.266550  650.523621
   13.271246   -6.403433  -25.733435  650.534180
   14.198769   -6.283182  -26.113636  650.545593
   15.181258   -6.092064  -26.388161  650.557922
   16.214930   -5.806917  -26.522356  650.570679
   17.294415   -5.425561  -26.509031  650.584351
   18.402237   -4.944912  -26.327961  650.598450
   19.520678   -4.362101  -25.975773  650.612671
   20.643703   -3.679522  -25.451672  650.627197
   21.766417   -2.902936  -24.748098  650.641602
   22.885002   -2.027467  -23.881451  650.655884
   23.996782   -1.059910  -22.855145  650.670166
   25.100227    0.000000  -21.674604  650.684204
   26.202768    1.152845  -20.322006  650.698486
   27.309380    2.409081  -18.804325  650.712402
   28.419151    3.770513  -17.120243  650.726318
   29.530651    5.228306  -15.270972  650.740051
   30.641861    6.796404  -13.260779  650.753967
   31.750261    8.451830  -11.085254  650.767456
   32.852642   10.207707   -8.767593  650.780762
   33.939259   12.027555   -6.323133  650.793579
   35.003960   13.914557   -3.779926  650.806091
   36.043842   15.842617   -1.151761  650.817932
   37.056583   17.809799    1.544246  650.829224
   38.040394   19.803825    4.289162  650.840088
   38.994022   21.808945    7.074637  650.850403
   39.916828   23.828096    9.876106  650.860168
   40.812183   25.853733   12.708964  650.869385
   41.680958   27.880953   15.549441  650.878235
   42.523182   29.911606   18.397026  650.886414
   43.338844   31.934683   21.247877  650.894043
   44.127930   33.941986   24.082312  650.901428
   44.890446   35.935349   26.897821  650.908203
   45.626404   37.906445   29.690521  650.914673
   46.335777   39.849682   32.445202  650.920837
   47.018589   41.760475   35.157600  650.926331
   47.674843   43.634304   37.821239  650.931519
   48.304527   45.466732   40.429668  650.936279
   48.907639   47.252033   42.975822  650.940979
   49.484184   48.579617   45.453468  650.945129
   50.034164   48.535389   48.534462  650.948853
   50.584160   50.590649   50.590187  650.950745
   51.165565   52.763798   52.763798  650.952820
   51.780182   55.061100   55.061100  650.955200
   52.429886   57.489632   57.489632  650.958191
   53.116699   60.056900   60.056900  650.961548
   53.842720   62.770844   62.770844  650.965637
   54.610207   65.639862   65.639862  650.970337
   55.421539   68.672829   68.672829  650.976135
   56.279179   71.879120   71.879120  650.982727
   57.185802   75.268677   75.268677  650.991089
   58.144215   78.852013   78.852013  651.000732
   59.157326   82.640167   82.640167  651.011963
   60.228298   86.644867   86.644867  651.025024
   61.360420   90.878532   90.878532  651.039978
   62.557190   95.354332   95.354332  651.057007
  BLADE PROFILES IN CARTESIAN COORDINATES (2D) BEFORE   PROJECTION, SCALING, MESHING AND STACKING 
  VARIABLES = "X", "YSS", "YPS" 
  BLADE           2  SECTION           1
    0.000000    0.026822    0.026822
    0.000062    0.028385    0.023709
    0.000249    0.031327    0.020781
    0.000561    0.033373    0.017863
    0.000997    0.035667    0.014994
    0.001557    0.038079    0.012182
    0.002241    0.040618    0.009438
    0.003050    0.043464    0.006810
    0.003982    0.046562    0.004279
    0.005038    0.049939    0.001860
    0.006218    0.053616   -0.000420
    0.007520    0.057597   -0.002523
    0.008945    0.061858   -0.004439
    0.010493    0.066342   -0.006144
    0.012162    0.071073   -0.007628
    0.013954    0.076040   -0.008899
    0.015866    0.081234   -0.009945
    0.017899    0.086645   -0.010785
    0.020052    0.092265   -0.011441
    0.022325    0.098082   -0.011921
    0.024716    0.104089   -0.012253
    0.027226    0.110276   -0.012421
    0.029854    0.116633   -0.012450
    0.032600    0.123152   -0.012328
    0.035461    0.129821   -0.012063
    0.038439    0.136631   -0.011647
    0.041531    0.143560   -0.011061
    0.044738    0.150569   -0.010293
    0.048058    0.157742   -0.009324
    0.051491    0.165016   -0.008118
    0.055036    0.172381   -0.006649
    0.058691    0.179827   -0.004895
    0.062456    0.187342   -0.002847
    0.066331    0.194915   -0.000555
    0.070314    0.202538    0.001868
    0.074403    0.210197    0.004353
    0.078599    0.217883    0.006887
    0.082900    0.225584    0.009465
    0.087305    0.233289    0.012079
    0.091812    0.240988    0.014724
    0.096421    0.248668    0.017392
    0.101131    0.256320    0.020077
    0.105941    0.263933    0.022773
    0.110848    0.271495    0.025472
    0.115853    0.279015    0.028168
    0.120953    0.286539    0.030852
    0.126148    0.293879    0.033519
    0.131435    0.301106    0.036161
    0.136815    0.308228    0.038770
    0.142285    0.315238    0.041340
    0.147845    0.322165    0.043862
    0.153492    0.329028    0.046331
    0.159225    0.335607    0.048737
    0.165044    0.342015    0.051075
    0.170946    0.348320    0.053336
    0.176930    0.354541    0.055513
    0.182994    0.360375    0.057598
    0.189138    0.366097    0.059585
    0.195358    0.371712    0.061465
    0.201655    0.376901    0.063233
    0.208026    0.381953    0.064880
    0.214470    0.386880    0.066400
    0.220986    0.391325    0.067788
    0.227570    0.395661    0.069037
    0.234223    0.399692    0.070142
    0.240941    0.403494    0.071083
    0.247725    0.407034    0.071783
    0.254571    0.410202    0.072406
    0.261478    0.413204    0.072865
    0.268445    0.415713    0.073057
    0.275470    0.418133    0.073077
    0.282550    0.419962    0.072929
    0.289685    0.421755    0.072633
    0.296872    0.422892    0.072055
    0.304110    0.423992    0.071301
    0.311396    0.424452    0.070257
    0.318730    0.424822    0.069030
    0.326109    0.424491    0.067592
    0.333531    0.424048    0.065871
    0.340994    0.423103    0.064010
    0.348497    0.421962    0.061756
    0.356038    0.420304    0.059358
    0.363615    0.418362    0.056705
    0.371226    0.415997    0.053791
    0.378869    0.413229    0.050611
    0.386542    0.410167    0.047163
    0.394243    0.406554    0.043444
    0.401971    0.402716    0.039454
    0.409723    0.398207    0.035192
    0.417498    0.393439    0.030660
    0.425293    0.388414    0.025886
    0.433107    0.382700    0.020917
    0.440937    0.376738    0.015555
    0.448783    0.370513    0.009887
    0.456641    0.363612    0.003946
    0.464509    0.356358   -0.002266
    0.472387    0.348798   -0.008707
    0.480272    0.340949   -0.015358
    0.488161    0.332516   -0.022398
    0.496053    0.323672   -0.029752
    0.503947    0.314454   -0.037372
    0.511839    0.304858   -0.045255
    0.519729    0.294881   -0.053369
    0.527613    0.284525   -0.061667
    0.535491    0.273792   -0.070384
    0.543360    0.262686   -0.079377
    0.551217    0.251211   -0.088622
    0.559063    0.239373   -0.098118
    0.566893    0.227178   -0.107837
    0.574707    0.214631   -0.117710
    0.582502    0.201740   -0.128006
    0.590277    0.188511   -0.138538
    0.598029    0.174952   -0.149303
    0.605757    0.161070   -0.160295
    0.613458    0.146828   -0.171487
    0.621131    0.132124   -0.182813
    0.628774    0.117286   -0.194511
    0.636385    0.102158   -0.206427
    0.643962    0.086747   -0.218545
    0.651503    0.071064   -0.230859
    0.659006    0.055117   -0.243327
    0.666469    0.038874   -0.255925
    0.673891    0.022238   -0.268793
    0.681270    0.005523   -0.281876
    0.688604   -0.011417   -0.295123
    0.695890   -0.028569   -0.308526
    0.703128   -0.045925   -0.322078
    0.710315   -0.063473   -0.335769
    0.717450   -0.081245   -0.349565
    0.724530   -0.099311   -0.363427
    0.731555   -0.117396   -0.377495
    0.738522   -0.135626   -0.391701
    0.745429   -0.153991   -0.406007
    0.752275   -0.172476   -0.420402
    0.759059   -0.191071   -0.434877
    0.765777   -0.209768   -0.449424
    0.772430   -0.228589   -0.464032
    0.779015   -0.247573   -0.478666
    0.785530   -0.266500   -0.493297
    0.791974   -0.285471   -0.508037
    0.798345   -0.304474   -0.522801
    0.804642   -0.323496   -0.537597
    0.810863   -0.342524   -0.552395
    0.817006   -0.361543   -0.567186
    0.823070   -0.380542   -0.581958
    0.829054   -0.399522   -0.596703
    0.834956   -0.418473   -0.611410
    0.840775   -0.437423   -0.626068
    0.846508   -0.456212   -0.640668
    0.852155   -0.474911   -0.655177
    0.857715   -0.493507   -0.669578
    0.863185   -0.511985   -0.683941
    0.868565   -0.530335   -0.698205
    0.873852   -0.548540   -0.712359
    0.879047   -0.566589   -0.726392
    0.884147   -0.584467   -0.740299
    0.889152   -0.602162   -0.754066
    0.894059   -0.619668   -0.767681
    0.898869   -0.636965   -0.781133
    0.903579   -0.654039   -0.794414
    0.908188   -0.670877   -0.807512
    0.912695   -0.687468   -0.820418
    0.917100   -0.703816   -0.833123
    0.921401   -0.719907   -0.845616
    0.925597   -0.735675   -0.857889
    0.929686   -0.751146   -0.869933
    0.933669   -0.766309   -0.881737
    0.937544   -0.781152   -0.893293
    0.941309   -0.795663   -0.904593
    0.944965   -0.809832   -0.915626
    0.948509   -0.823648   -0.926386
    0.951942   -0.837100   -0.936863
    0.955262   -0.850178   -0.947050
    0.958469   -0.862872   -0.956938
    0.961561   -0.875173   -0.966520
    0.964539   -0.887070   -0.975789
    0.967400   -0.898554   -0.984739
    0.970146   -0.909618   -0.993362
    0.972774   -0.920252   -1.001649
    0.975284   -0.930447   -1.009596
    0.977675   -0.940186   -1.017204
    0.979948   -0.949479   -1.024275
    0.982101   -0.958315   -1.030213
    0.984134   -0.966685   -1.035286
    0.986046   -0.974579   -1.039646
    0.987838   -0.981994   -1.043373
    0.989507   -0.988922   -1.046535
    0.991055   -0.995357   -1.049167
    0.992480   -1.001292   -1.051296
    0.993782   -1.006733   -1.052942
    0.994962   -1.011667   -1.054116
    0.996018   -1.016176   -1.054834
    0.996950   -1.020342   -1.055195
    0.997759   -1.024468   -1.055029
    0.998443   -1.028547   -1.054326
    0.999003   -1.032447   -1.053301
    0.999439   -1.036139   -1.051865
    0.999751   -1.039597   -1.050024
    0.999938   -1.042849   -1.047733
    1.000000   -1.045458   -1.045458
  BLADE PROFILES IN CARTESIAN COORDINATES (3D) 
  VARIABLES = "X", "YSS", "YPS" "R" 
  BLADE           2  SECTION           1
   52.397663  -29.189360  -29.189360  647.918152
   53.568806  -27.276459  -27.276459  647.912109
   54.618809  -25.561411  -25.561411  647.905640
   55.560169  -24.023746  -24.023746  647.899109
   56.404156  -22.645128  -22.645128  647.892151
   57.160828  -21.409103  -21.409103  647.885071
   57.839226  -20.300928  -20.300928  647.878235
   58.447437  -19.307384  -19.307384  647.871582
   58.992741  -18.416616  -18.416616  647.865417
   59.481617  -17.617990  -17.617990  647.859619
   59.919922  -16.901981  -16.901981  647.854126
   60.312904  -16.260038  -16.260038  647.849121
   60.665211  -15.684501  -15.684501  647.844360
   60.981087  -15.168502  -15.168502  647.840149
   61.264275  -14.705879  -14.705879  647.836182
   61.518181  -14.291112  -14.291112  647.832703
   61.745811  -13.919251  -13.919251  647.829346
   61.949902  -13.585856  -13.585856  647.826355
   62.132874  -13.286952  -13.286952  647.823730
   62.296932  -13.018969  -13.018969  647.821228
   62.444000  -12.778704  -12.778704  647.818970
   62.591061  -11.878072  -13.501925  647.816406
   62.744835  -11.396237  -13.806349  647.813660
   62.905914  -10.925983  -13.991182  647.810669
   63.074947  -10.459824  -14.103352  647.807617
   63.252518   -9.991509  -14.167259  647.804321
   63.439274   -9.518160  -14.199330  647.800659
   63.635811   -9.037937  -14.207105  647.797058
   63.842758   -8.549669  -14.194275  647.792969
   64.060753   -8.052836  -14.161668  647.788635
   64.290359   -7.549427  -14.106716  647.783997
   64.532257   -7.034142  -14.025180  647.778931
   64.787010   -6.510095  -13.910777  647.773682
   65.055260   -5.977638  -13.760987  647.768005
   65.337631   -5.437532  -13.589490  647.761902
   65.634575   -4.891050  -13.409801  647.755249
   65.946205   -4.340361  -13.223984  647.748291
   66.273209   -3.786667  -13.032952  647.740723
   66.616425   -3.231270  -12.837723  647.732788
   66.976723   -2.675517  -12.639429  647.724121
   67.355148   -2.116638  -12.439350  647.714966
   67.752739   -1.567548  -12.238948  647.705078
   68.170471   -1.024737  -12.040015  647.694458
   68.609146   -0.484969  -11.844692  647.683105
   69.070244    0.033844  -11.655151  647.670959
   69.555359    0.545271  -11.473927  647.657837
   70.066360    1.028457  -11.304001  647.643982
   70.605255    1.488804  -11.148858  647.628601
   71.174217    1.921203  -11.012551  647.612244
   71.780128    2.313112  -10.898836  647.594727
   72.431725    2.668714  -10.817874  647.575317
   73.129745    2.965967  -10.772019  647.554077
   73.873634    3.191831  -10.777987  647.530884
   74.661598    3.332696  -10.841186  647.505920
   75.490593    3.356032  -10.979024  647.479126
   76.356308    3.265636  -11.197638  647.450562
   77.244743    3.047642  -11.501119  647.420898
   78.141693    2.698673  -11.892420  647.390381
   79.042297    2.211530  -12.372904  647.359375
   79.942657    1.597052  -12.933949  647.327881
   80.839699    0.858054  -13.589304  647.296387
   81.731277    0.000000  -14.319947  647.264832
   82.616142   -0.985523  -15.139352  647.233215
   83.500305   -2.090001  -16.038889  647.201355
   84.387718   -3.319945  -17.033838  647.169495
   85.277695   -4.675656  -18.118103  647.137268
   86.169014   -6.155346  -19.293594  647.105225
   87.060127   -7.757253  -20.560139  647.072998
   87.948944   -9.484440  -21.910336  647.041016
   88.832993  -11.313933  -23.346420  647.009399
   89.704353  -13.243330  -24.844893  646.978455
   90.558167  -15.238077  -26.404295  646.948242
   91.392082  -17.297421  -28.003885  646.919006
   92.204231  -19.405149  -29.640425  646.890686
   92.993195  -21.544579  -31.306137  646.863770
   93.757942  -23.715406  -32.987518  646.837708
   94.497963  -25.894423  -34.677639  646.812927
   95.215996  -28.087231  -36.382858  646.789246
   95.912743  -30.290529  -38.094624  646.766479
   96.588158  -32.499710  -39.807549  646.744934
   97.242287  -34.700531  -41.515377  646.724182
   97.875122  -36.890663  -43.218044  646.704590
   98.486656  -39.064610  -44.908779  646.686035
   99.076881  -41.216270  -46.582268  646.668396
   99.645790  -43.341606  -48.234169  646.651733
  100.193443  -45.430668  -49.860329  646.635803
  100.719742  -47.480686  -51.456612  646.621094
  101.224754  -49.486675  -53.019066  646.606995
  101.708458  -51.443363  -54.544697  646.593811
  102.170883  -53.346939  -55.707867  646.581543
  102.611984  -55.699059  -55.699741  646.569946
  103.053215  -57.351498  -57.351837  646.563477
  103.529549  -59.135010  -59.135010  646.556641
  104.043762  -61.060402  -61.060402  646.549377
  104.598915  -63.138962  -63.138962  646.541687
  105.198189  -65.382866  -65.382866  646.533569
  105.845177  -67.805260  -67.805260  646.525085
  106.543617  -70.420357  -70.420357  646.516235
  107.297646  -73.243492  -73.243492  646.507141
  108.111664  -76.291222  -76.291222  646.497559
  108.990433  -79.581383  -79.581383  646.487671
  109.939110  -83.133301  -83.133301  646.477478
  110.963257  -86.967781  -86.967781  646.467041
  112.068924  -91.107338  -91.107338  646.456360
  113.262505  -95.576225  -95.576225  646.445679
  114.551079 -100.400642 -100.400642  646.434875
  115.942177 -105.608940 -105.608940  646.424255
  117.443954 -111.231636 -111.231636  646.413879
  119.065193 -117.301720 -117.301720  646.403809
  120.815453 -123.854874 -123.854874  646.394165
  122.704910 -130.929474 -130.929474  646.385315
  BLADE PROFILES IN CARTESIAN COORDINATES (2D) BEFORE   PROJECTION, SCALING, MESHING AND STACKING 
  VARIABLES = "X", "YSS", "YPS" 
  BLADE           2  SECTION           2
    0.000000    0.026736    0.026736
    0.000062    0.028476    0.023959
    0.000249    0.031359    0.020902
    0.000561    0.033447    0.017974
    0.000997    0.035703    0.015106
    0.001557    0.038129    0.012298
    0.002241    0.040648    0.009579
    0.003050    0.043484    0.006973
    0.003982    0.046583    0.004434
    0.005038    0.049952    0.002005
    0.006218    0.053620   -0.000291
    0.007520    0.057594   -0.002422
    0.008945    0.061841   -0.004361
    0.010493    0.066313   -0.006099
    0.012162    0.071031   -0.007623
    0.013954    0.075983   -0.008959
    0.015866    0.081161   -0.010052
    0.017899    0.086555   -0.010923
    0.020052    0.092155   -0.011631
    0.022325    0.097953   -0.012175
    0.024716    0.103939   -0.012553
    0.027226    0.110103   -0.012774
    0.029854    0.116436   -0.012858
    0.032600    0.122929   -0.012796
    0.035461    0.129560   -0.012589
    0.038439    0.136289   -0.012238
    0.041531    0.143200   -0.011720
    0.044738    0.150231   -0.011021
    0.048058    0.157372   -0.010128
    0.051491    0.164613   -0.009007
    0.055036    0.171943   -0.007626
    0.058691    0.179353   -0.005956
    0.062456    0.186830   -0.003996
    0.066331    0.194366   -0.001782
    0.070314    0.201948    0.000577
    0.074403    0.209567    0.003001
    0.078599    0.217210    0.005473
    0.082900    0.224868    0.007988
    0.087305    0.232529    0.010538
    0.091812    0.240182    0.013118
    0.096421    0.247816    0.015721
    0.101131    0.255420    0.018340
    0.105941    0.262983    0.020968
    0.110848    0.270496    0.023599
    0.115853    0.277965    0.026226
    0.120953    0.285440    0.028841
    0.126148    0.292721    0.031438
    0.131435    0.299894    0.034010
    0.136815    0.306962    0.036548
    0.142285    0.313919    0.039046
    0.147845    0.320788    0.041497
    0.153492    0.327606    0.043894
    0.159225    0.334108    0.046228
    0.165044    0.340463    0.048492
    0.170946    0.346709    0.050680
    0.176930    0.352859    0.052783
    0.182994    0.358636    0.054794
    0.189138    0.364300    0.056707
    0.195358    0.369860    0.058513
    0.201655    0.374974    0.060205
    0.208026    0.379976    0.061778
    0.214470    0.384791    0.063223
    0.220986    0.389285    0.064535
    0.227570    0.393667    0.065709
    0.234223    0.397487    0.066740
    0.240941    0.401209    0.067610
    0.247725    0.404618    0.068236
    0.254571    0.407776    0.068788
    0.261478    0.410640    0.069165
    0.268445    0.413146    0.069297
    0.275470    0.415424    0.069249
    0.282550    0.417257    0.069038
    0.289685    0.418909    0.068589
    0.296872    0.420049    0.068008
    0.304110    0.421044    0.067161
    0.311396    0.421471    0.066091
    0.318730    0.421783    0.064791
    0.326109    0.421478    0.063269
    0.333531    0.421089    0.061466
    0.340994    0.420029    0.059529
    0.348497    0.418891    0.057199
    0.356038    0.416987    0.054733
    0.363615    0.414964    0.052011
    0.371226    0.412456    0.049028
    0.378869    0.409682    0.045780
    0.386542    0.406482    0.042264
    0.394243    0.402856    0.038478
    0.401971    0.398981    0.034421
    0.409723    0.394378    0.030094
    0.417498    0.389563    0.025496
    0.425293    0.384416    0.020662
    0.433107    0.378688    0.015625
    0.440937    0.372669    0.010209
    0.448783    0.366349    0.004479
    0.456641    0.359407   -0.001523
    0.464509    0.352105   -0.007795
    0.472387    0.344479   -0.014335
    0.480272    0.336590   -0.021123
    0.488161    0.328065   -0.028101
    0.496053    0.319169   -0.035505
    0.503947    0.309896   -0.043179
    0.511839    0.300244   -0.051117
    0.519729    0.290211   -0.059282
    0.527613    0.279798   -0.067634
    0.535491    0.269008   -0.076397
    0.543360    0.257846   -0.085439
    0.551217    0.246315   -0.094734
    0.559063    0.234421   -0.104277
    0.566893    0.222170   -0.114042
    0.574707    0.209569   -0.123963
    0.582502    0.196623   -0.134298
    0.590277    0.183341   -0.144874
    0.598029    0.169730   -0.155681
    0.605757    0.155796   -0.166716
    0.613458    0.141513   -0.177946
    0.621131    0.126754   -0.189315
    0.628774    0.111866   -0.201046
    0.636385    0.096688   -0.212999
    0.643962    0.081230   -0.225153
    0.651503    0.065498   -0.237503
    0.659006    0.049504   -0.250042
    0.666469    0.033223   -0.262744
    0.673891    0.016538   -0.275538
    0.681270   -0.000222   -0.288647
    0.688604   -0.017205   -0.301925
    0.695890   -0.034401   -0.315357
    0.703128   -0.051799   -0.328937
    0.710315   -0.069388   -0.342656
    0.717450   -0.087194   -0.356477
    0.724530   -0.105303   -0.370366
    0.731555   -0.123427   -0.384458
    0.738522   -0.141696   -0.398683
    0.745429   -0.160097   -0.413012
    0.752275   -0.178620   -0.427429
    0.759059   -0.197251   -0.441926
    0.765777   -0.215979   -0.456492
    0.772430   -0.234833   -0.471119
    0.779015   -0.253852   -0.485770
    0.785530   -0.272812   -0.500421
    0.791974   -0.291816   -0.515177
    0.798345   -0.310850   -0.529956
    0.804642   -0.329903   -0.544765
    0.810863   -0.348960   -0.559578
    0.817006   -0.368008   -0.574382
    0.823070   -0.387035   -0.589167
    0.829054   -0.406041   -0.603924
    0.834956   -0.424999   -0.618643
    0.840775   -0.443921   -0.633312
    0.846508   -0.462809   -0.647922
    0.852155   -0.481533   -0.662439
    0.857715   -0.500153   -0.676851
    0.863185   -0.518655   -0.691223
    0.868565   -0.537027   -0.705495
    0.873852   -0.555254   -0.719656
    0.879047   -0.573324   -0.733695
    0.884147   -0.591223   -0.747607
    0.889152   -0.608939   -0.761380
    0.894059   -0.626463   -0.775000
    0.898869   -0.643779   -0.788457
    0.903579   -0.660871   -0.801741
    0.908188   -0.677726   -0.814844
    0.912695   -0.694333   -0.827754
    0.917100   -0.710698   -0.840462
    0.921401   -0.726805   -0.852959
    0.925597   -0.742589   -0.865234
    0.929686   -0.758075   -0.877280
    0.933669   -0.773251   -0.889086
    0.937544   -0.788108   -0.900644
    0.941309   -0.802632   -0.911945
    0.944965   -0.816814   -0.922980
    0.948509   -0.830642   -0.933740
    0.951942   -0.844105   -0.944218
    0.955262   -0.857194   -0.954405
    0.958469   -0.869900   -0.964294
    0.961561   -0.882210   -0.973877
    0.964539   -0.894117   -0.983146
    0.967400   -0.905611   -0.992096
    0.970146   -0.916683   -1.000719
    0.972774   -0.927325   -1.009006
    0.975284   -0.937529   -1.016952
    0.977675   -0.947274   -1.024561
    0.979948   -0.956574   -1.031612
    0.982101   -0.965418   -1.037536
    0.984134   -0.973793   -1.042596
    0.986046   -0.981694   -1.046944
    0.987838   -0.989113   -1.050659
    0.989507   -0.996046   -1.053810
    0.991055   -1.002487   -1.056432
    0.992480   -1.008426   -1.058550
    0.993782   -1.013871   -1.060186
    0.994962   -1.018808   -1.061350
    0.996018   -1.023319   -1.062058
    0.996950   -1.027479   -1.062413
    0.997759   -1.031612   -1.062238
    0.998443   -1.035691   -1.061520
    0.999003   -1.039589   -1.060485
    0.999439   -1.043280   -1.059038
    0.999751   -1.046733   -1.057186
    0.999938   -1.049963   -1.054868
    1.000000   -1.052665   -1.052665
  BLADE PROFILES IN CARTESIAN COORDINATES (3D) 
  VARIABLES = "X", "YSS", "YPS" "R" 
  BLADE           2  SECTION           2
   52.515724  -28.743385  -28.743385  649.438110
   53.681656  -26.854837  -26.854837  649.438110
   54.726997  -25.161652  -25.161652  649.438049
   55.664188  -23.643616  -23.643616  649.438049
   56.504425  -22.282604  -22.282604  649.438049
   57.257763  -21.062387  -21.062387  649.437988
   57.933155  -19.968393  -19.968393  649.437988
   58.538689  -18.987564  -18.987564  649.438110
   59.081596  -18.108196  -18.108196  649.437988
   59.568325  -17.319794  -17.319794  649.438110
   60.004723  -16.612947  -16.612947  649.437988
   60.395966  -15.979219  -15.979219  649.438110
   60.746742  -15.411046  -15.411046  649.438049
   61.061230  -14.901648  -14.901648  649.438049
   61.343185  -14.444941  -14.444941  649.437988
   61.595974  -14.035478  -14.035478  649.437988
   61.822617  -13.668372  -13.668372  649.438049
   62.025810  -13.339242  -13.339242  649.438049
   62.208000  -13.044161  -13.044161  649.438110
   62.371326  -12.779598  -12.779598  649.438049
   62.517761  -12.542405  -12.542405  649.438049
   62.664188  -11.650270  -13.261267  649.438049
   62.817299  -11.171556  -13.566717  649.437927
   62.977703  -10.704791  -13.753975  649.438110
   63.146004  -10.242159  -13.870673  649.437988
   63.322834   -9.777520  -13.937921  649.438110
   63.508785   -9.307989  -13.974268  649.438049
   63.704506   -8.831754  -13.986165  649.437988
   63.910564   -8.347885  -13.977811  649.437988
   64.127640   -7.857705  -13.950090  649.438049
   64.356285   -7.356077  -13.900459  649.437927
   64.597145   -6.845626  -13.825157  649.437988
   64.850838   -6.326460  -13.717389  649.438049
   65.117966   -5.799074  -13.574307  649.438110
   65.399132   -5.264236  -13.408216  649.437988
   65.694862   -4.723210  -13.233744  649.437927
   66.005188   -4.178168  -13.053331  649.438049
   66.330833   -3.630293  -12.867868  649.437927
   66.672600   -3.080885  -12.678370  649.438049
   67.031418   -2.531295  -12.485966  649.437927
   67.408272   -1.978734  -12.291936  649.437988
   67.804245   -1.436322  -12.097742  649.437927
   68.220261   -0.900064  -11.905162  649.438049
   68.657143   -0.366746  -11.716331  649.437988
   69.116325    0.144599  -11.533427  649.438049
   69.599480    0.648445  -11.358982  649.437866
   70.108414    1.124775  -11.195977  649.437744
   70.645126    1.577630  -11.047899  649.437866
   71.211784    2.002533  -10.918768  649.437988
   71.815239    2.390126  -10.812354  649.437927
   72.464233    2.733191  -10.738670  649.437927
   73.159454    3.023428  -10.700245  649.437744
   73.900368    3.241272  -10.713899  649.437744
   74.685204    3.373376  -10.784897  649.437622
   75.510918    3.393803  -10.928673  649.437683
   76.373230    3.302342  -11.155317  649.437622
   77.258163    3.068190  -11.465361  649.437683
   78.151588    2.712742  -11.862714  649.437622
   79.048660    2.221855  -12.348630  649.437439
   79.945496    1.603115  -12.914345  649.437500
   80.839043    0.860026  -13.573442  649.437439
   81.727150    0.000000  -14.312242  649.437439
   82.608582   -0.988667  -15.129282  649.437439
   83.489311   -2.094556  -16.030853  649.437439
   84.373283   -3.325500  -17.026955  649.437317
   85.259781   -4.681638  -18.111914  649.437439
   86.147659   -6.161136  -19.287373  649.437378
   87.035324   -7.761802  -20.553335  649.437195
   87.920700   -9.487652  -21.902275  649.437195
   88.801308  -11.315098  -23.337564  649.437256
   89.669289  -13.241598  -24.832487  649.437256
   90.519783  -15.233148  -26.389198  649.437134
   91.350418  -17.288568  -27.985468  649.437256
   92.159424  -19.392237  -29.618149  649.437134
   92.945290  -21.527161  -31.279776  649.437134
   93.707039  -23.693020  -32.956688  649.436951
   94.444168  -25.866924  -34.642143  649.437134
   95.159378  -28.054367  -36.342316  649.437195
   95.853363  -30.251526  -38.048878  649.437073
   96.526115  -32.455467  -39.756397  649.437073
   97.177650  -34.650185  -41.458736  649.437012
   97.807968  -36.834209  -43.155666  649.437073
   98.417053  -39.001911  -44.840599  649.437012
   99.004913  -41.147308  -46.508224  649.436951
   99.571564  -43.266331  -48.154236  649.437012
  100.116974  -45.349087  -49.774471  649.437073
  100.641174  -47.392803  -51.364841  649.437012
  101.144150  -49.392559  -52.921444  649.437012
  101.625908  -51.343037  -54.441277  649.437073
  102.086433  -53.240498  -55.597111  649.437012
  102.525757  -55.586418  -55.587101  649.437012
  102.965073  -57.232571  -57.232914  649.437012
  103.439308  -59.009300  -59.009300  649.437073
  103.951294  -60.927383  -60.927383  649.437073
  104.504013  -62.998051  -62.998051  649.437073
  105.100685  -65.233421  -65.233421  649.437195
  105.744843  -67.646652  -67.646652  649.437134
  106.440239  -70.251839  -70.251839  649.437195
  107.190941  -73.064278  -73.064278  649.437317
  108.001358  -76.100433  -76.100433  649.437317
  108.876274  -79.378151  -79.378151  649.437378
  109.820786  -82.916603  -82.916603  649.437439
  110.840439  -86.736549  -86.736549  649.437439
  111.941177  -90.860367  -90.860367  649.437561
  113.129494  -95.312271  -95.312271  649.437561
  114.412338 -100.118294 -100.118294  649.437622
  115.797249 -105.306671 -105.306671  649.437744
  117.292336 -110.907791 -110.907791  649.437866
  118.906357 -116.954491 -116.954491  649.437927
  120.648766 -123.482201 -123.482201  649.438049
  122.529785 -130.529205 -130.529205  649.438049
  BLADE PROFILES IN CARTESIAN COORDINATES (2D) BEFORE   PROJECTION, SCALING, MESHING AND STACKING 
  VARIABLES = "X", "YSS", "YPS" 
  BLADE           2  SECTION           3
    0.000000    0.026651    0.026651
    0.000062    0.028553    0.024146
    0.000249    0.031312    0.021010
    0.000561    0.033504    0.018076
    0.000997    0.035742    0.015212
    0.001557    0.038182    0.012409
    0.002241    0.040680    0.009740
    0.003050    0.043506    0.007126
    0.003982    0.046600    0.004582
    0.005038    0.049967    0.002141
    0.006218    0.053627   -0.000168
    0.007520    0.057566   -0.002320
    0.008945    0.061793   -0.004291
    0.010493    0.066287   -0.006059
    0.012162    0.070992   -0.007621
    0.013954    0.075929   -0.009019
    0.015866    0.081091   -0.010158
    0.017899    0.086468   -0.011061
    0.020052    0.092050   -0.011829
    0.022325    0.097827   -0.012422
    0.024716    0.103792   -0.012850
    0.027226    0.109933   -0.013133
    0.029854    0.116242   -0.013271
    0.032600    0.122698   -0.013267
    0.035461    0.129262   -0.013123
    0.038439    0.136015   -0.012826
    0.041531    0.142897   -0.012379
    0.044738    0.149897   -0.011755
    0.048058    0.157006   -0.010931
    0.051491    0.164214   -0.009892
    0.055036    0.171510   -0.008598
    0.058691    0.178884   -0.007020
    0.062456    0.186324   -0.005144
    0.066331    0.193822   -0.003008
    0.070314    0.201364   -0.000713
    0.074403    0.208942    0.001651
    0.078599    0.216544    0.004061
    0.082900    0.224158    0.006513
    0.087305    0.231775    0.008999
    0.091812    0.239382    0.011514
    0.096421    0.246969    0.014052
    0.101131    0.254526    0.016604
    0.105941    0.262041    0.019166
    0.110848    0.269504    0.021729
    0.115853    0.276921    0.024287
    0.120953    0.284347    0.026834
    0.126148    0.291570    0.029361
    0.131435    0.298690    0.031862
    0.136815    0.305705    0.034330
    0.142285    0.312609    0.036757
    0.147845    0.319420    0.039136
    0.153492    0.326170    0.041460
    0.159225    0.332618    0.043722
    0.165044    0.338921    0.045914
    0.170946    0.345110    0.048028
    0.176930    0.351171    0.050057
    0.182994    0.356909    0.051995
    0.189138    0.362518    0.053833
    0.195358    0.367977    0.055564
    0.201655    0.373062    0.057182
    0.208026    0.378017    0.058679
    0.214470    0.382718    0.060049
    0.220986    0.387182    0.061287
    0.227570    0.391467    0.062386
    0.234223    0.395332    0.063343
    0.240941    0.399099    0.064140
    0.247725    0.402289    0.064693
    0.254571    0.405376    0.065173
    0.261478    0.408102    0.065398
    0.268445    0.410608    0.065543
    0.275470    0.412743    0.065427
    0.282550    0.414581    0.065156
    0.289685    0.416086    0.064656
    0.296872    0.417236    0.063947
    0.304110    0.418081    0.063007
    0.311396    0.418522    0.061859
    0.318730    0.418682    0.060516
    0.326109    0.418391    0.058923
    0.333531    0.417850    0.057065
    0.340994    0.416802    0.055029
    0.348497    0.415552    0.052646
    0.356038    0.413723    0.050112
    0.363615    0.411765    0.047322
    0.371226    0.409028    0.044270
    0.378869    0.406160    0.040954
    0.386542    0.402822    0.037370
    0.394243    0.399181    0.033516
    0.401971    0.395174    0.029392
    0.409723    0.390571    0.024999
    0.417498    0.385705    0.020336
    0.425293    0.380437    0.015404
    0.433107    0.374693    0.010223
    0.440937    0.368614    0.004865
    0.448783    0.362186   -0.000926
    0.456641    0.355216   -0.006989
    0.464509    0.347866   -0.013321
    0.472387    0.340173   -0.019920
    0.480272    0.332191   -0.026764
    0.488161    0.323626   -0.033793
    0.496053    0.314676   -0.041255
    0.503947    0.305348   -0.048986
    0.511839    0.295640   -0.056978
    0.519729    0.285550   -0.065194
    0.527613    0.275080   -0.073601
    0.535491    0.264233   -0.082409
    0.543360    0.253014   -0.091501
    0.551217    0.241426   -0.100845
    0.559063    0.229476   -0.110437
    0.566893    0.217169   -0.120247
    0.574707    0.204513   -0.130217
    0.582502    0.191514   -0.140591
    0.590277    0.178178   -0.151211
    0.598029    0.164513   -0.162061
    0.605757    0.150527   -0.173138
    0.613458    0.136213   -0.184407
    0.621131    0.121537   -0.195818
    0.628774    0.106451   -0.207582
    0.636385    0.091224   -0.219573
    0.643962    0.075716   -0.231764
    0.651503    0.059936   -0.244150
    0.659006    0.043895   -0.256724
    0.666469    0.027575   -0.269458
    0.673891    0.010842   -0.282287
    0.681270   -0.005963   -0.295422
    0.688604   -0.022991   -0.308730
    0.695890   -0.040230   -0.322193
    0.703128   -0.057671   -0.335801
    0.710315   -0.075302   -0.349548
    0.717450   -0.093132   -0.363394
    0.724530   -0.111176   -0.377311
    0.731555   -0.129459   -0.391428
    0.738522   -0.147766   -0.405672
    0.745429   -0.166206   -0.420025
    0.752275   -0.184765   -0.434464
    0.759059   -0.203432   -0.448981
    0.765777   -0.222195   -0.463568
    0.772430   -0.241065   -0.478215
    0.779015   -0.260034   -0.492913
    0.785530   -0.279128   -0.507632
    0.791974   -0.298164   -0.522327
    0.798345   -0.317231   -0.537121
    0.804642   -0.336314   -0.551942
    0.810863   -0.355401   -0.566770
    0.817006   -0.374479   -0.581588
    0.823070   -0.393534   -0.596387
    0.829054   -0.412566   -0.611156
    0.834956   -0.431552   -0.625887
    0.840775   -0.450499   -0.640567
    0.846508   -0.469414   -0.655187
    0.852155   -0.488163   -0.669738
    0.857715   -0.506807   -0.684188
    0.863185   -0.525333   -0.698516
    0.868565   -0.543728   -0.712796
    0.873852   -0.561978   -0.726965
    0.879047   -0.580069   -0.741011
    0.884147   -0.597989   -0.754928
    0.889152   -0.615725   -0.768706
    0.894059   -0.633268   -0.782332
    0.898869   -0.650602   -0.795794
    0.903579   -0.667713   -0.809084
    0.908188   -0.684587   -0.822190
    0.912695   -0.701211   -0.835104
    0.917100   -0.717574   -0.847816
    0.921401   -0.733682   -0.860316
    0.925597   -0.749515   -0.872594
    0.929686   -0.765016   -0.884642
    0.933669   -0.780207   -0.896450
    0.937544   -0.795078   -0.908010
    0.941309   -0.809616   -0.919313
    0.944965   -0.823810   -0.930349
    0.948509   -0.837651   -0.941111
    0.951942   -0.851126   -0.951590
    0.955262   -0.864226   -0.961778
    0.958469   -0.876942   -0.971667
    0.961561   -0.889263   -0.981250
    0.964539   -0.901180   -0.990520
    0.967400   -0.912683   -0.999471
    0.970146   -0.923764   -1.008093
    0.972774   -0.934415   -1.016381
    0.975284   -0.944626   -1.024327
    0.977675   -0.954380   -1.031935
    0.979948   -0.963687   -1.038967
    0.982101   -0.972537   -1.044877
    0.984134   -0.980919   -1.049925
    0.986046   -0.988825   -1.054260
    0.987838   -0.996251   -1.057964
    0.989507   -1.003189   -1.061104
    0.991055   -1.009633   -1.063715
    0.992480   -1.015577   -1.065823
    0.993782   -1.021026   -1.067448
    0.994962   -1.025967   -1.068602
    0.996018   -1.030479   -1.069299
    0.996950   -1.034635   -1.069649
    0.997759   -1.038774   -1.069465
    0.998443   -1.042852   -1.068732
    0.999003   -1.046749   -1.067687
    0.999439   -1.050441   -1.066230
    0.999751   -1.053893   -1.064364
    0.999938   -1.057096   -1.062023
    1.000000   -1.059889   -1.059889
  BLADE PROFILES IN CARTESIAN COORDINATES (3D) 
  VARIABLES = "X", "YSS", "YPS" "R" 
  BLADE           2  SECTION           3
   52.625126  -28.326212  -28.326212  650.959045
   53.786922  -26.460062  -26.460062  650.965271
   54.828522  -24.786982  -24.786982  650.971802
   55.762375  -23.286982  -23.286982  650.978638
   56.599621  -21.942169  -21.942169  650.985596
   57.350243  -20.736481  -20.736481  650.992676
   58.023232  -19.655519  -19.655519  650.999390
   58.626587  -18.686378  -18.686378  651.005920
   59.167530  -17.817492  -17.817492  651.012085
   59.652508  -17.038479  -17.038479  651.017883
   60.087318  -16.340052  -16.340052  651.023193
   60.477158  -15.713874  -15.713874  651.028198
   60.826664  -15.152469  -15.152469  651.032776
   61.140003  -14.649135  -14.649135  651.036865
   61.420944  -14.197867  -14.197867  651.040771
   61.672813  -13.793282  -13.793282  651.044250
   61.898632  -13.430543  -13.430543  651.047485
   62.101089  -13.105329  -13.105329  651.050415
   62.282608  -12.813757  -12.813757  651.053040
   62.445339  -12.552343  -12.552343  651.055542
   62.591248  -12.317972  -12.317972  651.057678
   62.737129  -11.433529  -13.033554  651.060242
   62.889671  -10.958343  -13.339883  651.062927
   63.049480  -10.493466  -13.529859  651.065796
   63.217155  -10.033991  -13.651044  651.069092
   63.393311   -9.572556  -13.721952  651.072327
   63.578568   -9.106380  -13.762175  651.075684
   63.773552   -8.633638  -13.778505  651.079529
   63.978851   -8.155295  -13.774624  651.083618
   64.195084   -7.666959  -13.751391  651.087830
   64.422859   -7.169461  -13.707216  651.092529
   64.662811   -6.663183  -13.637691  651.097534
   64.915535   -6.148367  -13.536651  651.102722
   65.181648   -5.625521  -13.399944  651.108398
   65.461761   -5.095407  -13.239065  651.114563
   65.756340   -4.559291  -13.069598  651.121094
   66.065475   -4.019337  -12.894363  651.128052
   66.389870   -3.476721  -12.714241  651.135437
   66.730339   -2.932738  -12.530245  651.143433
   67.087776   -2.388749  -12.343498  651.151978
   67.463165   -1.841924  -12.155278  651.161133
   67.857582   -1.305629  -11.967044  651.170959
   68.271980   -0.775336  -11.780581  651.181580
   68.707153   -0.248805  -11.598007  651.192932
   69.164566    0.256546  -11.421513  651.205017
   69.645813    0.752704  -11.253629  651.217957
   70.152733    1.223274  -11.097338  651.232117
   70.687309    1.669466  -10.956124  651.247070
   71.251732    2.086217  -10.833997  651.263245
   71.852798    2.469070  -10.734711  651.281006
   72.499199    2.804300  -10.668120  651.300293
   73.191643    3.085836  -10.638176  651.321472
   73.929581    3.295957  -10.656864  651.344543
   74.711243    3.417785  -10.737905  651.369263
   75.533600    3.433310  -10.888159  651.396301
   76.392403    3.333371  -11.122053  651.424622
   77.273743    3.099186  -11.438603  651.454346
   78.163528    2.731949  -11.842346  651.484619
   79.056915    2.236745  -12.334018  651.515625
   79.950111    1.612882  -12.908333  651.546875
   80.839958    0.864968  -13.568444  651.578430
   81.724411    0.000000  -14.311166  651.610046
   82.602219   -0.990668  -15.131454  651.641663
   83.479332   -2.099024  -16.035872  651.673401
   84.359634   -3.332126  -17.034050  651.705261
   85.242470   -4.689970  -18.120726  651.737427
   86.126701   -6.170673  -19.297235  651.769470
   87.010689   -7.771392  -20.563807  651.801575
   87.892410   -9.497907  -21.912758  651.833618
   88.769379  -11.324851  -23.347675  651.865234
   89.633774  -13.250280  -24.841621  651.896179
   90.480766  -15.240529  -26.396908  651.926453
   91.308022  -17.291250  -27.991379  651.955688
   92.113655  -19.395594  -29.621761  651.983887
   92.896309  -21.528055  -31.280876  652.010864
   93.654945  -23.687183  -32.956348  652.036987
   94.389076  -25.861849  -34.637341  652.061646
   95.101372  -28.046013  -36.334068  652.085449
   95.792519  -30.239555  -38.037075  652.108154
   96.462563  -32.439789  -39.741360  652.129822
   97.111465  -34.630619  -41.439163  652.150513
   97.739235  -36.810646  -43.132122  652.170105
   98.345863  -38.974148  -44.812843  652.188782
   98.931374  -41.115387  -46.476219  652.206482
   99.495743  -43.230133  -48.117916  652.223145
  100.039001  -45.308517  -49.733776  652.239014
  100.561119  -47.347904  -51.319778  652.253906
  101.062088  -49.343292  -52.872013  652.267883
  101.541946  -51.289463  -54.387489  652.281250
  102.000648  -53.182621  -55.537121  652.293457
  102.438248  -55.524529  -55.525215  652.304504
  102.875946  -57.165966  -57.166309  652.311218
  103.348473  -58.937611  -58.937611  652.317932
  103.858582  -60.850193  -60.850193  652.325256
  104.409279  -62.914936  -62.914936  652.332886
  105.003792  -65.143951  -65.143951  652.341003
  105.645599  -67.550270  -67.550270  652.349487
  106.338455  -70.148033  -70.148033  652.358215
  107.086464  -72.952461  -72.952461  652.367493
  107.893951  -75.979988  -75.979988  652.377136
  108.765724  -79.248352  -79.248352  652.386963
  109.706825  -82.776703  -82.776703  652.397217
  110.722794  -86.585739  -86.585739  652.407654
  111.819626  -90.697769  -90.697769  652.418274
  113.003685  -95.136894  -95.136894  652.428955
  114.281967  -99.929123  -99.929123  652.439758
  115.661949 -105.102531 -105.102531  652.450500
  117.151733 -110.687393 -110.687393  652.460999
  118.760033 -116.716438 -116.716438  652.471130
  120.496277 -123.224976 -123.224976  652.480713
  122.370667 -130.251099 -130.251099  652.489685
