 DATA SET FOR "multall" . GENERATED BY "stagen" .                       
    CP   and   GAMMA 
  -10.0000    1.0000
287.0491            1.4492              
       ITIMST 
         3
     CFL,    DAMP,    MACHLIM,    F_PDOWN 
  0.400000 10.000000  2.000000  0.000000
  IF_RESTART 
         0
  NSTEPS_MAX, CONLIM 
     10000  0.000150
   SFX,      SFT,      FAC_4TH,     NCHANGE 
  0.005000  0.005000  0.800000      1000
       NUMBER OF BLADE ROWS 
         2
        IM        KM 
        37        37
  FP(I),I=1,IMM1 
  1.000000  1.250000  1.562500  1.953125  2.441406  3.051758  3.814697  4.768372
  5.960464  7.450581  9.313226 11.641532 14.551915 18.189894 20.000000 20.000000
 20.000000 20.000000 20.000000 20.000000 20.000000 20.000000 18.189894 14.551915
 11.641532  9.313226  7.450581  5.960464  4.768372  3.814697  3.051758  2.441406
  1.953125  1.562500  1.250000  1.000000
  FR(K),K=1,KMM1 
  1.000000  1.250000  1.562500  1.953125  2.441406  3.051758  3.814697  4.768372
  5.960464  7.450581  9.313226 11.641532 14.551915 18.189894 20.000000 20.000000
 20.000000 20.000000 20.000000 20.000000 20.000000 20.000000 18.189894 14.551915
 11.641532  9.313226  7.450581  5.960464  4.768372  3.814697  3.051758  2.441406
  1.953125  1.562500  1.250000  1.000000
        IR        JR        KR        IRBB      JRBB      KRBB 
         3         3         3         9         9         9
   FBLK1,     FBLK2,     FBLK3  
  0.400000  0.200000  0.100000
       IFMIX 
         1
   RFMIX,    FEXTRAP,   FSMTHB,    FANGLE 
  0.025000  0.800000  1.000000  0.800000
      IFCOOL    IFBLEED    IF_ROUGH 
         0         0         0
       NSECS_IN 
         3
       IN_PRESS  IN_VTAN   IN_VR    IN_FLOW  IF_REPEAT  RFIN 
         0         0         1         0         0   0.50000
  IPOUT  SFEXIT  NSFEXIT 
    1  0.000000    0
  PLATE_LOSS  THROTTLE_EXIT 
  0.000000  0.000000
        ILOS      NLOS      IBOUND 
       100         5         0
   REYNO,     RF_VIS,   FTRANS, TURBVIS_LIM, PRANDTL, YPLUSWALL
       0.0     0.500     0.000  3000.000       1.0     0.000
   YPLAM      YPTURB 
  5.000000 25.000000
      ISHIFT    NEXTRAP_LE  NEXTRAP_TE 
         2        10        10
  (NSTG(N),N=1,NROWS) 
         1         1
  5  TIME STEPS FOR PRINTOUT 
 10010 10010 10010 10010 10010
  MARKER FOR VARIABLES TO BE SENT TO THE OUTPUT FILE.
 0 0 0 0 0 0 0 0 0 0 0 0 0 0 0 0 0 0 0 0
  STREAM SURFACES ON WHICH RESULTS ARE TO BE SENT TO   THE OUTPUT FILE 
 0 0 0 0 0 0 0 0 0 0 0 0 0 0 0 0 0 0 0 0 0 0 0 0 0 0 0 0 0 0 0 0 0 0 0 0 0
 ***************************************************************
 ************STARTING THE INPUT FOR EACH BLADE ROW**************
  BLADE ROW NUMBER =        1                                           
    NUMBER OF BLADES IN ROW 
        58
        JM        JLE       JTE 
       111        26        96
      KTIPSTART  KTIPEND 
         0         0
       BOUNDARY LAYER TRANSITION POINTS 
         0         0         0         0
  SET NEWGRID= 1 TO GENERATE A NEW GRID WITH DIFFERENT "J" POINTS AND SPACINGS.
         0
   RPMROW,    RPMHUB 
       0.0       0.0
       JROTHS    JROTHE    JROTTS    JROTTE 
         1         1         1         1
   PUPROW    PLEROW   PTEROW    PDROW 
 3155831.0 3155831.0 1446699.4 1446699.4
      NSECS_ROW   INSURF  
         3         0
  IF_CUSP_OUT   IFANGLES 
         1         0
         0         3         0
 ***************************************************************
  ROW NUMBER           1  SECTION NUMBER            1
           0           0           0  IF_DESIGN etc 
   1.00000   0.00000    0
 -0.024932 -0.022063 -0.019505 -0.017225 -0.015192 -0.013379 -0.011763 -0.010322
 -0.009037 -0.007891 -0.006870 -0.005959 -0.005147 -0.004423 -0.003777 -0.003202
 -0.002689 -0.002231 -0.001823 -0.001460 -0.001135 -0.000846 -0.000588 -0.000359
 -0.000154  0.000029  0.000212  0.000403  0.000603  0.000813  0.001034  0.001266
  0.001510  0.001767  0.002038  0.002323  0.002623  0.002940  0.003273  0.003624
  0.003993  0.004380  0.004787  0.005213  0.005661  0.006131  0.006625  0.007144
  0.007689  0.008262  0.008865  0.009500  0.010170  0.010877  0.011629  0.012439
  0.013307  0.014231  0.015210  0.016241  0.017316  0.018421  0.019535  0.020655
  0.021773  0.022888  0.023996  0.025096  0.026195  0.027298  0.028404  0.029512
  0.030619  0.031724  0.032823  0.033906  0.034967  0.036003  0.037013  0.037993
  0.038944  0.039863  0.040756  0.041622  0.042461  0.043274  0.044060  0.044820
  0.045554  0.046261  0.046941  0.047596  0.048223  0.048824  0.049399  0.049947
  0.050495  0.051075  0.051687  0.052335  0.053019  0.053743  0.054508  0.055316
  0.056171  0.057075  0.058030  0.059040  0.060107  0.061235  0.062428
  1.000000  0.000000
  0.035449  0.030796  0.026648  0.022949  0.019651  0.016711  0.014089  0.011751
  0.009667  0.007809  0.006152  0.004675  0.003358  0.002184  0.001137  0.000204
 -0.000629 -0.001371 -0.002032 -0.002622 -0.003148 -0.003617 -0.004035 -0.004408
 -0.004740 -0.005037 -0.004190 -0.003891 -0.003723 -0.003634 -0.003586 -0.003567
 -0.003573 -0.003600 -0.003648 -0.003719 -0.003818 -0.003949 -0.004110 -0.004284
 -0.004464 -0.004645 -0.004829 -0.005013 -0.005196 -0.005378 -0.005557 -0.005728
 -0.005890 -0.006042 -0.006181 -0.006299 -0.006395 -0.006464 -0.006500 -0.006495
 -0.006440 -0.006315 -0.006121 -0.005834 -0.005449 -0.004966 -0.004379 -0.003693
 -0.002914 -0.002032 -0.001064  0.000000  0.001156  0.002416  0.003781  0.005243
  0.006815  0.008474  0.010233  0.012057  0.013948  0.015880  0.017850  0.019848
  0.021856  0.023879  0.025908  0.027938  0.029972  0.031998  0.034008  0.036005
  0.037978  0.039924  0.041838  0.043714  0.045549  0.047337  0.048668  0.048625
  0.050683  0.052859  0.055159  0.057590  0.060160  0.062877  0.065750  0.068786
  0.071995  0.075387  0.078973  0.082764  0.086771  0.091006  0.095484
  1.000000
  0.000000  0.000000  0.000000  0.000000  0.000000  0.000000  0.000000  0.000000
  0.000000  0.000000  0.000000  0.000000  0.000000  0.000000  0.000000  0.000000
  0.000000  0.000000  0.000000  0.000000  0.000000  0.000000  0.000000  0.000000
  0.000000  0.000000  0.001942  0.002790  0.003507  0.004153  0.004771  0.005371
  0.005962  0.006547  0.007127  0.007700  0.008262  0.008807  0.009335  0.009864
  0.010402  0.010947  0.011498  0.012055  0.012616  0.013182  0.013755  0.014325
  0.014896  0.015470  0.016037  0.016604  0.017168  0.017718  0.018266  0.018807
  0.019327  0.019829  0.020295  0.020714  0.021082  0.021382  0.021613  0.021771
  0.021845  0.021856  0.021795  0.021674  0.021475  0.021214  0.020891  0.020499
  0.020057  0.019538  0.018976  0.018351  0.017695  0.016995  0.016266  0.015515
  0.014735  0.013952  0.013145  0.012332  0.011515  0.010687  0.009860  0.009038
  0.008216  0.007405  0.006603  0.005813  0.005037  0.004276  0.003127  0.000001
  0.000000  0.000000  0.000000  0.000000  0.000000  0.000000  0.000000  0.000000
  0.000000  0.000000  0.000000  0.000000  0.000000  0.000000  0.000000
  1.000000  0.000000
  0.648570  0.648565  0.648560  0.648554  0.648549  0.648543  0.648538  0.648533
  0.648528  0.648524  0.648520  0.648516  0.648512  0.648509  0.648506  0.648503
  0.648501  0.648499  0.648497  0.648495  0.648493  0.648492  0.648490  0.648489
  0.648488  0.648487  0.648485  0.648484  0.648482  0.648480  0.648478  0.648475
  0.648473  0.648471  0.648468  0.648465  0.648462  0.648459  0.648455  0.648452
  0.648448  0.648444  0.648440  0.648435  0.648430  0.648425  0.648420  0.648414
  0.648408  0.648401  0.648394  0.648387  0.648379  0.648370  0.648361  0.648352
  0.648341  0.648329  0.648317  0.648304  0.648291  0.648276  0.648262  0.648248
  0.648233  0.648219  0.648204  0.648190  0.648176  0.648162  0.648148  0.648134
  0.648121  0.648107  0.648094  0.648081  0.648069  0.648057  0.648045  0.648035
  0.648024  0.648015  0.648006  0.647997  0.647989  0.647981  0.647974  0.647967
  0.647961  0.647955  0.647949  0.647944  0.647939  0.647935  0.647931  0.647927
  0.647925  0.647923  0.647921  0.647918  0.647915  0.647911  0.647906  0.647901
  0.647894  0.647886  0.647876  0.647865  0.647852  0.647837  0.647819
 ***************************************************************
  ROW NUMBER           1  SECTION NUMBER            2
           0           0           0  IF_DESIGN etc 
   1.00000   0.00000    0
 -0.025011 -0.022138 -0.019576 -0.017292 -0.015256 -0.013440 -0.011821 -0.010378
 -0.009091 -0.007944 -0.006920 -0.006008 -0.005195 -0.004470 -0.003823 -0.003247
 -0.002733 -0.002275 -0.001866 -0.001502 -0.001177 -0.000887 -0.000629 -0.000399
 -0.000194 -0.000011  0.000172  0.000364  0.000564  0.000774  0.000995  0.001228
  0.001472  0.001730  0.002001  0.002287  0.002588  0.002905  0.003239  0.003590
  0.003960  0.004348  0.004755  0.005182  0.005630  0.006101  0.006596  0.007116
  0.007662  0.008236  0.008840  0.009476  0.010147  0.010855  0.011609  0.012420
  0.013289  0.014215  0.015196  0.016228  0.017306  0.018411  0.019528  0.020649
  0.021770  0.022887  0.023997  0.025098  0.026199  0.027304  0.028412  0.029521
  0.030631  0.031737  0.032838  0.033923  0.034986  0.036024  0.037035  0.038017
  0.038969  0.039890  0.040784  0.041651  0.042492  0.043306  0.044094  0.044855
  0.045590  0.046298  0.046980  0.047635  0.048264  0.048866  0.049441  0.049990
  0.050539  0.051120  0.051733  0.052382  0.053067  0.053792  0.054558  0.055368
  0.056225  0.057130  0.058086  0.059098  0.060167  0.061297  0.062492
  1.000000  0.000000
  0.035489  0.030835  0.026686  0.022986  0.019687  0.016746  0.014124  0.011786
  0.009702  0.007843  0.006186  0.004708  0.003391  0.002217  0.001169  0.000236
 -0.000597 -0.001339 -0.002001 -0.002591 -0.003117 -0.003586 -0.004005 -0.004377
 -0.004710 -0.005006 -0.004159 -0.003860 -0.003692 -0.003604 -0.003555 -0.003537
 -0.003543 -0.003570 -0.003618 -0.003690 -0.003790 -0.003922 -0.004083 -0.004257
 -0.004436 -0.004619 -0.004802 -0.004987 -0.005171 -0.005353 -0.005533 -0.005704
 -0.005867 -0.006019 -0.006159 -0.006278 -0.006374 -0.006444 -0.006481 -0.006477
 -0.006420 -0.006298 -0.006106 -0.005820 -0.005437 -0.004955 -0.004370 -0.003686
 -0.002908 -0.002028 -0.001062  0.000000  0.001155  0.002412  0.003776  0.005235
  0.006805  0.008462  0.010220  0.012041  0.013930  0.015860  0.017829  0.019824
  0.021831  0.023852  0.025879  0.027907  0.029939  0.031964  0.033973  0.035967
  0.037940  0.039884  0.041796  0.043671  0.045505  0.047291  0.048620  0.048576
  0.050633  0.052807  0.055106  0.057536  0.060104  0.062819  0.065690  0.068724
  0.071932  0.075322  0.078907  0.082696  0.086702  0.090936  0.095412
  1.000000
  0.000000  0.000000  0.000000  0.000000  0.000000  0.000000  0.000000  0.000000
  0.000000  0.000000  0.000000  0.000000  0.000000  0.000000  0.000000  0.000000
  0.000000  0.000000  0.000000  0.000000  0.000000  0.000000  0.000000  0.000000
  0.000000  0.000000  0.001944  0.002791  0.003508  0.004155  0.004772  0.005372
  0.005963  0.006548  0.007128  0.007701  0.008262  0.008806  0.009336  0.009863
  0.010402  0.010946  0.011497  0.012054  0.012615  0.013181  0.013754  0.014323
  0.014894  0.015468  0.016035  0.016602  0.017167  0.017716  0.018264  0.018806
  0.019329  0.019829  0.020294  0.020713  0.021081  0.021381  0.021611  0.021770
  0.021843  0.021855  0.021793  0.021672  0.021473  0.021212  0.020889  0.020498
  0.020056  0.019536  0.018974  0.018350  0.017693  0.016993  0.016265  0.015514
  0.014733  0.013951  0.013144  0.012331  0.011514  0.010686  0.009859  0.009037
  0.008215  0.007404  0.006602  0.005813  0.005037  0.004276  0.003126  0.000001
  0.000000  0.000000  0.000000  0.000000  0.000000  0.000000  0.000000  0.000000
  0.000000  0.000000  0.000000  0.000000  0.000000  0.000000  0.000000
  1.000000  0.000000
  0.649438  0.649438  0.649438  0.649438  0.649438  0.649438  0.649438  0.649438
  0.649438  0.649438  0.649438  0.649438  0.649438  0.649438  0.649438  0.649438
  0.649438  0.649438  0.649438  0.649438  0.649438  0.649438  0.649438  0.649438
  0.649438  0.649438  0.649438  0.649438  0.649438  0.649438  0.649438  0.649438
  0.649438  0.649438  0.649438  0.649438  0.649438  0.649438  0.649438  0.649438
  0.649438  0.649438  0.649438  0.649438  0.649438  0.649438  0.649438  0.649438
  0.649438  0.649438  0.649438  0.649438  0.649438  0.649438  0.649438  0.649438
  0.649438  0.649438  0.649438  0.649438  0.649438  0.649438  0.649438  0.649438
  0.649438  0.649438  0.649438  0.649438  0.649438  0.649438  0.649438  0.649438
  0.649438  0.649438  0.649438  0.649438  0.649438  0.649438  0.649438  0.649438
  0.649438  0.649438  0.649438  0.649438  0.649438  0.649438  0.649438  0.649438
  0.649438  0.649438  0.649438  0.649438  0.649438  0.649438  0.649438  0.649438
  0.649438  0.649438  0.649438  0.649438  0.649438  0.649438  0.649438  0.649438
  0.649438  0.649438  0.649438  0.649438  0.649438  0.649438  0.649438
 ***************************************************************
  ROW NUMBER           1  SECTION NUMBER            3
           0           0           0  IF_DESIGN etc 
   1.00000   0.00000    0
 -0.025095 -0.022217 -0.019650 -0.017362 -0.015322 -0.013504 -0.011882 -0.010436
 -0.009147 -0.007997 -0.006973 -0.006059 -0.005244 -0.004518 -0.003870 -0.003293
 -0.002778 -0.002319 -0.001909 -0.001544 -0.001219 -0.000929 -0.000670 -0.000440
 -0.000234 -0.000051  0.000132  0.000324  0.000525  0.000736  0.000957  0.001190
  0.001435  0.001693  0.001965  0.002251  0.002552  0.002870  0.003204  0.003556
  0.003927  0.004315  0.004723  0.005151  0.005600  0.006072  0.006567  0.007088
  0.007635  0.008210  0.008815  0.009452  0.010124  0.010833  0.011588  0.012401
  0.013271  0.014199  0.015181  0.016215  0.017294  0.018402  0.019521  0.020644
  0.021766  0.022885  0.023997  0.025100  0.026203  0.027309  0.028419  0.029531
  0.030642  0.031750  0.032853  0.033939  0.035004  0.036044  0.037057  0.038040
  0.038994  0.039917  0.040812  0.041681  0.042523  0.043339  0.044128  0.044890
  0.045626  0.046336  0.047019  0.047675  0.048305  0.048908  0.049484  0.050034
  0.050584  0.051166  0.051780  0.052430  0.053117  0.053843  0.054610  0.055422
  0.056279  0.057186  0.058144  0.059157  0.060228  0.061360  0.062557
  1.000000  0.000000
  0.035534  0.030878  0.026727  0.023026  0.019727  0.016784  0.014161  0.011822
  0.009737  0.007878  0.006220  0.004742  0.003424  0.002249  0.001201  0.000267
 -0.000566 -0.001308 -0.001970 -0.002561 -0.003087 -0.003556 -0.003975 -0.004348
 -0.004680 -0.004977 -0.004128 -0.003829 -0.003662 -0.003574 -0.003526 -0.003508
 -0.003514 -0.003541 -0.003590 -0.003662 -0.003762 -0.003895 -0.004057 -0.004231
 -0.004410 -0.004593 -0.004777 -0.004962 -0.005146 -0.005329 -0.005509 -0.005681
 -0.005844 -0.005997 -0.006138 -0.006257 -0.006355 -0.006425 -0.006463 -0.006459
 -0.006403 -0.006283 -0.006092 -0.005807 -0.005426 -0.004945 -0.004362 -0.003680
 -0.002903 -0.002027 -0.001060  0.000000  0.001153  0.002409  0.003771  0.005228
  0.006796  0.008452  0.010208  0.012028  0.013915  0.015843  0.017810  0.019804
  0.021809  0.023828  0.025854  0.027881  0.029912  0.031935  0.033942  0.035935
  0.037906  0.039850  0.041760  0.043634  0.045467  0.047252  0.048580  0.048535
  0.050591  0.052764  0.055061  0.057490  0.060057  0.062771  0.065640  0.068673
  0.071879  0.075269  0.078852  0.082640  0.086645  0.090879  0.095354
  1.000000
  0.000000  0.000000  0.000000  0.000000  0.000000  0.000000  0.000000  0.000000
  0.000000  0.000000  0.000000  0.000000  0.000000  0.000000  0.000000  0.000000
  0.000000  0.000000  0.000000  0.000000  0.000000  0.000000  0.000000  0.000000
  0.000000  0.000000  0.001946  0.002793  0.003510  0.004156  0.004774  0.005374
  0.005965  0.006550  0.007130  0.007702  0.008263  0.008807  0.009337  0.009864
  0.010403  0.010947  0.011498  0.012055  0.012616  0.013184  0.013754  0.014324
  0.014897  0.015471  0.016036  0.016603  0.017168  0.017717  0.018266  0.018807
  0.019330  0.019830  0.020296  0.020715  0.021083  0.021383  0.021614  0.021772
  0.021845  0.021854  0.021795  0.021675  0.021475  0.021213  0.020891  0.020499
  0.020057  0.019537  0.018975  0.018351  0.017694  0.016994  0.016266  0.015515
  0.014734  0.013952  0.013145  0.012332  0.011515  0.010687  0.009860  0.009038
  0.008216  0.007404  0.006603  0.005813  0.005037  0.004276  0.003126  0.000001
  0.000000  0.000000  0.000000  0.000000  0.000000  0.000000  0.000000  0.000000
  0.000000  0.000000  0.000000  0.000000  0.000000  0.000000  0.000000
  1.000000  0.000000
  0.650306  0.650311  0.650316  0.650322  0.650327  0.650333  0.650338  0.650343
  0.650347  0.650352  0.650356  0.650360  0.650364  0.650367  0.650370  0.650373
  0.650375  0.650377  0.650379  0.650381  0.650383  0.650384  0.650386  0.650387
  0.650388  0.650389  0.650391  0.650392  0.650394  0.650396  0.650398  0.650400
  0.650403  0.650405  0.650408  0.650411  0.650414  0.650417  0.650420  0.650424
  0.650428  0.650432  0.650436  0.650441  0.650445  0.650450  0.650456  0.650462
  0.650468  0.650474  0.650481  0.650488  0.650496  0.650505  0.650514  0.650524
  0.650534  0.650546  0.650558  0.650571  0.650584  0.650598  0.650613  0.650627
  0.650642  0.650656  0.650670  0.650684  0.650698  0.650712  0.650726  0.650740
  0.650754  0.650767  0.650781  0.650794  0.650806  0.650818  0.650829  0.650840
  0.650850  0.650860  0.650869  0.650878  0.650886  0.650894  0.650901  0.650908
  0.650915  0.650921  0.650926  0.650932  0.650936  0.650941  0.650945  0.650949
  0.650951  0.650953  0.650955  0.650958  0.650962  0.650966  0.650970  0.650976
  0.650983  0.650991  0.651001  0.651012  0.651025  0.651040  0.651057
 ***************************************************************
 ************STARTING THE INPUT FOR EACH BLADE ROW**************
  BLADE ROW NUMBER =        2                                           
    NUMBER OF BLADES IN ROW 
        73
        JM        JLE       JTE 
       111        21        91
      KTIPSTART  KTIPEND 
         0         0
       BOUNDARY LAYER TRANSITION POINTS 
         0         0         0         0
  SET NEWGRID= 1 TO GENERATE A NEW GRID WITH DIFFERENT "J" POINTS AND SPACINGS.
         0
   RPMROW,    RPMHUB 
    3000.0    3000.0
       JROTHS    JROTHE    JROTTS    JROTTE 
         1         1         1         1
   PUPROW    PLEROW   PTEROW    PDROW 
 1446699.4 1446699.4  567226.1  567226.1
      NSECS_ROW   INSURF  
         3         0
  IF_CUSP_OUT   IFANGLES 
         1         0
         0         3         0
 ***************************************************************
  ROW NUMBER           2  SECTION NUMBER            1
           0           0           0  IF_DESIGN etc 
   1.00000   0.00000    0
  0.052398  0.053569  0.054619  0.055560  0.056404  0.057161  0.057839  0.058447
  0.058993  0.059482  0.059920  0.060313  0.060665  0.060981  0.061264  0.061518
  0.061746  0.061950  0.062133  0.062297  0.062444  0.062591  0.062745  0.062906
  0.063075  0.063253  0.063439  0.063636  0.063843  0.064061  0.064290  0.064532
  0.064787  0.065055  0.065338  0.065635  0.065946  0.066273  0.066616  0.066977
  0.067355  0.067753  0.068170  0.068609  0.069070  0.069555  0.070066  0.070605
  0.071174  0.071780  0.072432  0.073130  0.073874  0.074662  0.075491  0.076356
  0.077245  0.078142  0.079042  0.079943  0.080840  0.081731  0.082616  0.083500
  0.084388  0.085278  0.086169  0.087060  0.087949  0.088833  0.089704  0.090558
  0.091392  0.092204  0.092993  0.093758  0.094498  0.095216  0.095913  0.096588
  0.097242  0.097875  0.098487  0.099077  0.099646  0.100193  0.100720  0.101225
  0.101708  0.102171  0.102612  0.103053  0.103530  0.104044  0.104599  0.105198
  0.105845  0.106544  0.107298  0.108112  0.108990  0.109939  0.110963  0.112069
  0.113263  0.114551  0.115942  0.117444  0.119065  0.120815  0.122705
  1.000000  0.000000
 -0.029189 -0.027276 -0.025561 -0.024024 -0.022645 -0.021409 -0.020301 -0.019307
 -0.018417 -0.017618 -0.016902 -0.016260 -0.015685 -0.015169 -0.014706 -0.014291
 -0.013919 -0.013586 -0.013287 -0.013019 -0.012779 -0.011878 -0.011396 -0.010926
 -0.010460 -0.009992 -0.009518 -0.009038 -0.008550 -0.008053 -0.007549 -0.007034
 -0.006510 -0.005978 -0.005438 -0.004891 -0.004340 -0.003787 -0.003231 -0.002676
 -0.002117 -0.001568 -0.001025 -0.000485  0.000034  0.000545  0.001028  0.001489
  0.001921  0.002313  0.002669  0.002966  0.003192  0.003333  0.003356  0.003266
  0.003048  0.002699  0.002212  0.001597  0.000858  0.000000 -0.000986 -0.002090
 -0.003320 -0.004676 -0.006155 -0.007757 -0.009484 -0.011314 -0.013243 -0.015238
 -0.017297 -0.019405 -0.021545 -0.023715 -0.025894 -0.028087 -0.030291 -0.032500
 -0.034701 -0.036891 -0.039065 -0.041216 -0.043342 -0.045431 -0.047481 -0.049487
 -0.051443 -0.053347 -0.055699 -0.057351 -0.059135 -0.061060 -0.063139 -0.065383
 -0.067805 -0.070420 -0.073243 -0.076291 -0.079581 -0.083133 -0.086968 -0.091107
 -0.095576 -0.100401 -0.105609 -0.111232 -0.117302 -0.123855 -0.130929
  1.000000
  0.000000  0.000000  0.000000  0.000000  0.000000  0.000000  0.000000  0.000000
  0.000000  0.000000  0.000000  0.000000  0.000000  0.000000  0.000000  0.000000
  0.000000  0.000000  0.000000  0.000000  0.000000  0.001624  0.002410  0.003065
  0.003644  0.004176  0.004681  0.005169  0.005645  0.006109  0.006557  0.006991
  0.007401  0.007783  0.008152  0.008519  0.008884  0.009246  0.009606  0.009964
  0.010323  0.010671  0.011015  0.011360  0.011689  0.012019  0.012332  0.012638
  0.012934  0.013212  0.013487  0.013738  0.013970  0.014174  0.014335  0.014463
  0.014549  0.014591  0.014584  0.014531  0.014447  0.014320  0.014154  0.013949
  0.013714  0.013442  0.013138  0.012803  0.012426  0.012032  0.011602  0.011166
  0.010706  0.010235  0.009762  0.009272  0.008783  0.008296  0.007804  0.007308
  0.006815  0.006327  0.005844  0.005366  0.004893  0.004430  0.003976  0.003532
  0.003101  0.002361  0.000001  0.000000  0.000000  0.000000  0.000000  0.000000
  0.000000  0.000000  0.000000  0.000000  0.000000  0.000000  0.000000  0.000000
  0.000000  0.000000  0.000000  0.000000  0.000000  0.000000  0.000000
  1.000000  0.000000
  0.647918  0.647912  0.647906  0.647899  0.647892  0.647885  0.647878  0.647872
  0.647865  0.647860  0.647854  0.647849  0.647844  0.647840  0.647836  0.647833
  0.647829  0.647826  0.647824  0.647821  0.647819  0.647816  0.647814  0.647811
  0.647808  0.647804  0.647801  0.647797  0.647793  0.647789  0.647784  0.647779
  0.647774  0.647768  0.647762  0.647755  0.647748  0.647741  0.647733  0.647724
  0.647715  0.647705  0.647694  0.647683  0.647671  0.647658  0.647644  0.647629
  0.647612  0.647595  0.647575  0.647554  0.647531  0.647506  0.647479  0.647451
  0.647421  0.647390  0.647359  0.647328  0.647296  0.647265  0.647233  0.647201
  0.647169  0.647137  0.647105  0.647073  0.647041  0.647009  0.646978  0.646948
  0.646919  0.646891  0.646864  0.646838  0.646813  0.646789  0.646766  0.646745
  0.646724  0.646705  0.646686  0.646668  0.646652  0.646636  0.646621  0.646607
  0.646594  0.646582  0.646570  0.646563  0.646557  0.646549  0.646542  0.646534
  0.646525  0.646516  0.646507  0.646498  0.646488  0.646477  0.646467  0.646456
  0.646446  0.646435  0.646424  0.646414  0.646404  0.646394  0.646385
 ***************************************************************
  ROW NUMBER           2  SECTION NUMBER            2
           0           0           0  IF_DESIGN etc 
   1.00000   0.00000    0
  0.052516  0.053682  0.054727  0.055664  0.056504  0.057258  0.057933  0.058539
  0.059082  0.059568  0.060005  0.060396  0.060747  0.061061  0.061343  0.061596
  0.061823  0.062026  0.062208  0.062371  0.062518  0.062664  0.062817  0.062978
  0.063146  0.063323  0.063509  0.063705  0.063911  0.064128  0.064356  0.064597
  0.064851  0.065118  0.065399  0.065695  0.066005  0.066331  0.066673  0.067031
  0.067408  0.067804  0.068220  0.068657  0.069116  0.069599  0.070108  0.070645
  0.071212  0.071815  0.072464  0.073159  0.073900  0.074685  0.075511  0.076373
  0.077258  0.078152  0.079049  0.079945  0.080839  0.081727  0.082609  0.083489
  0.084373  0.085260  0.086148  0.087035  0.087921  0.088801  0.089669  0.090520
  0.091350  0.092159  0.092945  0.093707  0.094444  0.095159  0.095853  0.096526
  0.097178  0.097808  0.098417  0.099005  0.099572  0.100117  0.100641  0.101144
  0.101626  0.102086  0.102526  0.102965  0.103439  0.103951  0.104504  0.105101
  0.105745  0.106440  0.107191  0.108001  0.108876  0.109821  0.110840  0.111941
  0.113129  0.114412  0.115797  0.117292  0.118906  0.120649  0.122530
  1.000000  0.000000
 -0.028743 -0.026855 -0.025162 -0.023644 -0.022283 -0.021062 -0.019968 -0.018988
 -0.018108 -0.017320 -0.016613 -0.015979 -0.015411 -0.014902 -0.014445 -0.014035
 -0.013668 -0.013339 -0.013044 -0.012780 -0.012542 -0.011650 -0.011172 -0.010705
 -0.010242 -0.009778 -0.009308 -0.008832 -0.008348 -0.007858 -0.007356 -0.006846
 -0.006326 -0.005799 -0.005264 -0.004723 -0.004178 -0.003630 -0.003081 -0.002531
 -0.001979 -0.001436 -0.000900 -0.000367  0.000145  0.000648  0.001125  0.001578
  0.002003  0.002390  0.002733  0.003023  0.003241  0.003373  0.003394  0.003302
  0.003068  0.002713  0.002222  0.001603  0.000860  0.000000 -0.000989 -0.002095
 -0.003326 -0.004682 -0.006161 -0.007762 -0.009488 -0.011315 -0.013242 -0.015233
 -0.017289 -0.019392 -0.021527 -0.023693 -0.025867 -0.028054 -0.030252 -0.032455
 -0.034650 -0.036834 -0.039002 -0.041147 -0.043266 -0.045349 -0.047393 -0.049393
 -0.051343 -0.053240 -0.055586 -0.057233 -0.059009 -0.060927 -0.062998 -0.065233
 -0.067647 -0.070252 -0.073064 -0.076100 -0.079378 -0.082917 -0.086737 -0.090860
 -0.095312 -0.100118 -0.105307 -0.110908 -0.116954 -0.123482 -0.130529
  1.000000
  0.000000  0.000000  0.000000  0.000000  0.000000  0.000000  0.000000  0.000000
  0.000000  0.000000  0.000000  0.000000  0.000000  0.000000  0.000000  0.000000
  0.000000  0.000000  0.000000  0.000000  0.000000  0.001611  0.002395  0.003049
  0.003629  0.004160  0.004666  0.005154  0.005630  0.006092  0.006544  0.006980
  0.007391  0.007775  0.008144  0.008511  0.008875  0.009238  0.009597  0.009955
  0.010313  0.010661  0.011005  0.011350  0.011678  0.012007  0.012321  0.012626
  0.012921  0.013202  0.013472  0.013724  0.013955  0.014158  0.014322  0.014458
  0.014534  0.014575  0.014570  0.014517  0.014433  0.014312  0.014141  0.013936
  0.013701  0.013430  0.013126  0.012792  0.012415  0.012022  0.011591  0.011156
  0.010697  0.010226  0.009753  0.009264  0.008775  0.008288  0.007797  0.007301
  0.006809  0.006321  0.005839  0.005361  0.004888  0.004425  0.003972  0.003529
  0.003098  0.002357  0.000001  0.000000  0.000000  0.000000  0.000000  0.000000
  0.000000  0.000000  0.000000  0.000000  0.000000  0.000000  0.000000  0.000000
  0.000000  0.000000  0.000000  0.000000  0.000000  0.000000  0.000000
  1.000000  0.000000
  0.649438  0.649438  0.649438  0.649438  0.649438  0.649438  0.649438  0.649438
  0.649438  0.649438  0.649438  0.649438  0.649438  0.649438  0.649438  0.649438
  0.649438  0.649438  0.649438  0.649438  0.649438  0.649438  0.649438  0.649438
  0.649438  0.649438  0.649438  0.649438  0.649438  0.649438  0.649438  0.649438
  0.649438  0.649438  0.649438  0.649438  0.649438  0.649438  0.649438  0.649438
  0.649438  0.649438  0.649438  0.649438  0.649438  0.649438  0.649438  0.649438
  0.649438  0.649438  0.649438  0.649438  0.649438  0.649438  0.649438  0.649438
  0.649438  0.649438  0.649437  0.649437  0.649437  0.649437  0.649437  0.649437
  0.649437  0.649437  0.649437  0.649437  0.649437  0.649437  0.649437  0.649437
  0.649437  0.649437  0.649437  0.649437  0.649437  0.649437  0.649437  0.649437
  0.649437  0.649437  0.649437  0.649437  0.649437  0.649437  0.649437  0.649437
  0.649437  0.649437  0.649437  0.649437  0.649437  0.649437  0.649437  0.649437
  0.649437  0.649437  0.649437  0.649437  0.649437  0.649437  0.649437  0.649438
  0.649438  0.649438  0.649438  0.649438  0.649438  0.649438  0.649438
 ***************************************************************
  ROW NUMBER           2  SECTION NUMBER            3
           0           0           0  IF_DESIGN etc 
   1.00000   0.00000    0
  0.052625  0.053787  0.054829  0.055762  0.056600  0.057350  0.058023  0.058627
  0.059168  0.059653  0.060087  0.060477  0.060827  0.061140  0.061421  0.061673
  0.061899  0.062101  0.062283  0.062445  0.062591  0.062737  0.062890  0.063049
  0.063217  0.063393  0.063579  0.063774  0.063979  0.064195  0.064423  0.064663
  0.064916  0.065182  0.065462  0.065756  0.066065  0.066390  0.066730  0.067088
  0.067463  0.067858  0.068272  0.068707  0.069165  0.069646  0.070153  0.070687
  0.071252  0.071853  0.072499  0.073192  0.073930  0.074711  0.075534  0.076392
  0.077274  0.078164  0.079057  0.079950  0.080840  0.081724  0.082602  0.083479
  0.084360  0.085242  0.086127  0.087011  0.087892  0.088769  0.089634  0.090481
  0.091308  0.092114  0.092896  0.093655  0.094389  0.095101  0.095793  0.096463
  0.097111  0.097739  0.098346  0.098931  0.099496  0.100039  0.100561  0.101062
  0.101542  0.102001  0.102438  0.102876  0.103348  0.103859  0.104409  0.105004
  0.105646  0.106338  0.107086  0.107894  0.108766  0.109707  0.110723  0.111820
  0.113004  0.114282  0.115662  0.117152  0.118760  0.120496  0.122371
  1.000000  0.000000
 -0.028326 -0.026460 -0.024787 -0.023287 -0.021942 -0.020736 -0.019656 -0.018686
 -0.017817 -0.017038 -0.016340 -0.015714 -0.015152 -0.014649 -0.014198 -0.013793
 -0.013431 -0.013105 -0.012814 -0.012552 -0.012318 -0.011434 -0.010958 -0.010493
 -0.010034 -0.009573 -0.009106 -0.008634 -0.008155 -0.007667 -0.007169 -0.006663
 -0.006148 -0.005626 -0.005095 -0.004559 -0.004019 -0.003477 -0.002933 -0.002389
 -0.001842 -0.001306 -0.000775 -0.000249  0.000257  0.000753  0.001223  0.001669
  0.002086  0.002469  0.002804  0.003086  0.003296  0.003418  0.003433  0.003333
  0.003099  0.002732  0.002237  0.001613  0.000865  0.000000 -0.000991 -0.002099
 -0.003332 -0.004690 -0.006171 -0.007771 -0.009498 -0.011325 -0.013250 -0.015241
 -0.017291 -0.019396 -0.021528 -0.023687 -0.025862 -0.028046 -0.030240 -0.032440
 -0.034631 -0.036811 -0.038974 -0.041115 -0.043230 -0.045309 -0.047348 -0.049343
 -0.051289 -0.053183 -0.055525 -0.057166 -0.058938 -0.060850 -0.062915 -0.065144
 -0.067550 -0.070148 -0.072952 -0.075980 -0.079248 -0.082777 -0.086586 -0.090698
 -0.095137 -0.099929 -0.105103 -0.110687 -0.116716 -0.123225 -0.130251
  1.000000
  0.000000  0.000000  0.000000  0.000000  0.000000  0.000000  0.000000  0.000000
  0.000000  0.000000  0.000000  0.000000  0.000000  0.000000  0.000000  0.000000
  0.000000  0.000000  0.000000  0.000000  0.000000  0.001600  0.002382  0.003036
  0.003617  0.004149  0.004656  0.005145  0.005619  0.006084  0.006538  0.006975
  0.007388  0.007774  0.008144  0.008510  0.008875  0.009238  0.009598  0.009955
  0.010313  0.010661  0.011005  0.011349  0.011678  0.012006  0.012321  0.012626
  0.012920  0.013204  0.013472  0.013724  0.013953  0.014156  0.014321  0.014455
  0.014538  0.014574  0.014571  0.014521  0.014433  0.014311  0.014141  0.013937
  0.013702  0.013431  0.013127  0.012792  0.012415  0.012023  0.011591  0.011156
  0.010700  0.010226  0.009753  0.009269  0.008775  0.008288  0.007798  0.007302
  0.006809  0.006321  0.005839  0.005361  0.004888  0.004425  0.003972  0.003529
  0.003098  0.002355  0.000001  0.000000  0.000000  0.000000  0.000000  0.000000
  0.000000  0.000000  0.000000  0.000000  0.000000  0.000000  0.000000  0.000000
  0.000000  0.000000  0.000000  0.000000  0.000000  0.000000  0.000000
  1.000000  0.000000
  0.650959  0.650965  0.650972  0.650979  0.650986  0.650993  0.650999  0.651006
  0.651012  0.651018  0.651023  0.651028  0.651033  0.651037  0.651041  0.651044
  0.651047  0.651050  0.651053  0.651056  0.651058  0.651060  0.651063  0.651066
  0.651069  0.651072  0.651076  0.651080  0.651084  0.651088  0.651093  0.651098
  0.651103  0.651108  0.651115  0.651121  0.651128  0.651135  0.651143  0.651152
  0.651161  0.651171  0.651182  0.651193  0.651205  0.651218  0.651232  0.651247
  0.651263  0.651281  0.651300  0.651321  0.651345  0.651369  0.651396  0.651425
  0.651454  0.651485  0.651516  0.651547  0.651578  0.651610  0.651642  0.651673
  0.651705  0.651737  0.651769  0.651802  0.651834  0.651865  0.651896  0.651926
  0.651956  0.651984  0.652011  0.652037  0.652062  0.652085  0.652108  0.652130
  0.652151  0.652170  0.652189  0.652206  0.652223  0.652239  0.652254  0.652268
  0.652281  0.652293  0.652305  0.652311  0.652318  0.652325  0.652333  0.652341
  0.652349  0.652358  0.652367  0.652377  0.652387  0.652397  0.652408  0.652418
  0.652429  0.652440  0.652451  0.652461  0.652471  0.652481  0.652490
  STARTING INLET BOUNDARY CONDITION DATA .
  NUMBER OF POINTS FOR INLET BOUNDARY CONDITIONS 
        37
  SPACING OF INLET BOUNDARY CONDITION POINTS 
  1.000000  1.250000  1.562500  1.953125  2.441406  3.051758  3.814697  4.768372
  5.960464  7.450581  9.313226 11.641532 14.551915 18.189894 20.000000 20.000000
 20.000000 20.000000 20.000000 20.000000 20.000000 20.000000 18.189894 14.551915
 11.641532  9.313226  7.450581  5.960464  4.768372  3.814697  3.051758  2.441406
  1.953125  1.562500  1.250000  1.000000
   INLET STAGNATION PRESSURES 
 3786000.0 3786000.0 3786000.0 3786000.0 3786000.0 3785999.8 3786000.0 3786000.2
 3785999.8 3786000.0 3786000.2 3786000.0 3786000.2 3786000.0 3786000.0 3786000.0
 3786000.0 3786000.0 3786000.0 3786000.0 3786000.0 3786000.0 3786000.0 3786000.0
 3786000.0 3786000.0 3786000.0 3786000.0 3786000.0 3786000.0 3786000.0 3786000.0
 3786000.0 3786000.0 3786000.0 3786000.0 3786000.0
   INLET STAGNATION TEMPERATURES 
  332.8109  332.8109  332.8109  332.8109  332.8109  332.8109  332.8109  332.8109
  332.8109  332.8109  332.8109  332.8109  332.8109  332.8109  332.8109  332.8109
  332.8109  332.8109  332.8109  332.8109  332.8109  332.8109  332.8109  332.8109
  332.8109  332.8109  332.8109  332.8109  332.8109  332.8109  332.8109  332.8109
  332.8109  332.8109  332.8109  332.8109  332.8109
   INLET ABSOLUTE TANGENTIAL VELOCITY 
    0.0000    0.0000    0.0000    0.0000    0.0000    0.0000    0.0000    0.0000
    0.0000    0.0000    0.0000    0.0000    0.0000    0.0000    0.0000    0.0000
    0.0000    0.0000    0.0000    0.0000    0.0000    0.0000    0.0000    0.0000
    0.0000    0.0000    0.0000    0.0000    0.0000    0.0000    0.0000    0.0000
    0.0000    0.0000    0.0000    0.0000    0.0000
   INLET MERIDIONAL VELOCITY 
  102.0134  102.0134  102.0134  102.0134  102.0134  102.0134  102.0134  102.0134
  102.0134  102.0134  102.0134  102.0134  102.0134  102.0134  102.0134  102.0134
  102.0134  102.0134  102.0134  102.0134  102.0134  102.0134  102.0134  102.0134
  102.0134  102.0134  102.0134  102.0134  102.0134  102.0134  102.0134  102.0134
  102.0134  102.0134  102.0134  102.0134  102.0134
   INLET MERIDIONAL YAW ANGLE  
  -56.3100  -56.3100  -56.3100  -56.3100  -56.3100  -56.3100  -56.3100  -56.3100
  -56.3100  -56.3100  -56.3100  -56.3100  -56.3100  -56.3100  -56.3100  -56.3100
  -56.3100  -56.3100  -56.3100  -56.3100  -56.3100  -56.3100  -56.3100  -56.3100
  -56.3100  -56.3100  -56.3100  -56.3100  -56.3100  -56.3100  -56.3100  -56.3100
  -56.3100  -56.3100  -56.3100  -56.3100  -56.3100
   INLET PITCH ANGLE 
   -0.0210   -0.0209   -0.0207   -0.0205   -0.0203   -0.0200   -0.0196   -0.0191
   -0.0185   -0.0178   -0.0168   -0.0157   -0.0142   -0.0124   -0.0101   -0.0075
   -0.0050   -0.0025    0.0000    0.0025    0.0051    0.0076    0.0101    0.0124
    0.0142    0.0157    0.0169    0.0178    0.0185    0.0192    0.0196    0.0200
    0.0203    0.0206    0.0208    0.0209    0.0210
   PDOWN_HUB   PDOWN_TIP 
  567226.1  567226.1
 MIXING LENGTH LIMITS ON ALL BLADE ROWS
  0.020000  0.030000  0.040000  0.050000  1.000000  0.500000
  0.020000  0.030000  0.040000  0.050000  1.000000  0.500000
  FACTOR TO INCREASE THE TURBULENT VISCOSITY OVER THE FIRST NMIXUP STEPS 
   2.00000 1000
