  BLADE PROFILES IN CARTESIAN COORDINATES (2D) BEFORE   PROJECTION, SCALING, MESHING AND STACKING 
  VARIABLES = "X", "YSS", "YPS" 
  BLADE           1  SECTION           1
    0.000000   -0.000432   -0.000432
    0.000062    0.002653   -0.002077
    0.000249    0.005171   -0.004189
    0.000561    0.007818   -0.006214
    0.000997    0.010604   -0.008414
    0.001557    0.013401   -0.010637
    0.002241    0.016162   -0.012889
    0.003050    0.018925   -0.015195
    0.003982    0.021682   -0.017576
    0.005038    0.024411   -0.020018
    0.006218    0.027060   -0.022493
    0.007520    0.029594   -0.024968
    0.008945    0.031987   -0.027424
    0.010493    0.034218   -0.029844
    0.012162    0.036282   -0.032191
    0.013954    0.038206   -0.034433
    0.015866    0.040059   -0.036544
    0.017899    0.041944   -0.038508
    0.020052    0.043901   -0.040326
    0.022325    0.045933   -0.042026
    0.024716    0.048037   -0.043673
    0.027226    0.050212   -0.045338
    0.029854    0.052454   -0.047034
    0.032600    0.054761   -0.048758
    0.035461    0.057118   -0.050508
    0.038439    0.059552   -0.052300
    0.041531    0.062048   -0.054086
    0.044738    0.064603   -0.055883
    0.048058    0.067215   -0.057689
    0.051491    0.069883   -0.059502
    0.055036    0.072605   -0.061317
    0.058691    0.075380   -0.063130
    0.062456    0.078205   -0.064939
    0.066331    0.081081   -0.066740
    0.070314    0.084004   -0.068528
    0.074403    0.086975   -0.070301
    0.078599    0.089989   -0.072055
    0.082900    0.093031   -0.073786
    0.087305    0.096131   -0.075491
    0.091812    0.099272   -0.077170
    0.096421    0.102453   -0.078844
    0.101131    0.105672   -0.080445
    0.105941    0.108930   -0.082003
    0.110848    0.112223   -0.083517
    0.115853    0.115552   -0.084983
    0.120953    0.118914   -0.086398
    0.126148    0.122292   -0.087759
    0.131435    0.125717   -0.089063
    0.136815    0.129172   -0.090305
    0.142285    0.132657   -0.091484
    0.147845    0.136171   -0.092599
    0.153492    0.139712   -0.093678
    0.159225    0.143280   -0.094635
    0.165044    0.146871   -0.095514
    0.170946    0.150474   -0.096313
    0.176930    0.154113   -0.097028
    0.182994    0.157775   -0.097658
    0.189138    0.161459   -0.098199
    0.195358    0.165164   -0.098648
    0.201655    0.168889   -0.099011
    0.208026    0.172633   -0.099313
    0.214470    0.176382   -0.099465
    0.220986    0.180161   -0.099507
    0.227570    0.183956   -0.099445
    0.234223    0.187768   -0.099276
    0.240941    0.191595   -0.098997
    0.247725    0.195437   -0.098607
    0.254571    0.199293   -0.098102
    0.261478    0.203158   -0.097494
    0.268445    0.207029   -0.096801
    0.275470    0.210921   -0.095944
    0.282550    0.214824   -0.094950
    0.289685    0.218737   -0.093833
    0.296872    0.222660   -0.092592
    0.304110    0.226592   -0.091224
    0.311396    0.230532   -0.089728
    0.318730    0.234471   -0.088103
    0.326109    0.238425   -0.086348
    0.333531    0.242386   -0.084474
    0.340994    0.246354   -0.082503
    0.348497    0.250327   -0.080351
    0.356038    0.254304   -0.078057
    0.363615    0.258286   -0.075623
    0.371226    0.262272   -0.073054
    0.378869    0.266260   -0.070349
    0.386542    0.270249   -0.067508
    0.394243    0.274235   -0.064532
    0.401971    0.278229   -0.061418
    0.409723    0.282224   -0.058169
    0.417498    0.286218   -0.054783
    0.425293    0.290213   -0.051262
    0.433107    0.294206   -0.047617
    0.440937    0.298198   -0.043876
    0.448783    0.302188   -0.039949
    0.456641    0.306176   -0.035889
    0.464509    0.310160   -0.031688
    0.472387    0.314140   -0.027355
    0.480272    0.318116   -0.022892
    0.488161    0.322087   -0.018299
    0.496053    0.326053   -0.013578
    0.503947    0.330012   -0.008731
    0.511839    0.333962   -0.003759
    0.519729    0.337908    0.001337
    0.527613    0.341846    0.006554
    0.535491    0.345776    0.011890
    0.543360    0.349697    0.017344
    0.551217    0.353608    0.022914
    0.559063    0.357509    0.028596
    0.566893    0.361399    0.034390
    0.574707    0.365278    0.040291
    0.582502    0.369144    0.046299
    0.590277    0.372998    0.052409
    0.598029    0.376839    0.058620
    0.605757    0.380665    0.064928
    0.613458    0.384477    0.071330
    0.621131    0.388274    0.077824
    0.628774    0.392054    0.084406
    0.636385    0.395818    0.091072
    0.643962    0.399565    0.097820
    0.651503    0.403294    0.104646
    0.659006    0.407004    0.111546
    0.666469    0.410694    0.118517
    0.673891    0.414364    0.125555
    0.681270    0.418014    0.132656
    0.688604    0.421642    0.139817
    0.695890    0.425247    0.147033
    0.703128    0.428830    0.154301
    0.710315    0.432388    0.161616
    0.717450    0.435923    0.168975
    0.724530    0.439432    0.176372
    0.731555    0.442915    0.183805
    0.738522    0.446372    0.191268
    0.745429    0.449800    0.198758
    0.752275    0.453201    0.206274
    0.759059    0.456573    0.213807
    0.765777    0.459915    0.221354
    0.772430    0.463226    0.228909
    0.779015    0.466506    0.236468
    0.785530    0.469754    0.244027
    0.791974    0.472969    0.251597
    0.798345    0.476150    0.259163
    0.804642    0.479297    0.266693
    0.810863    0.482408    0.274203
    0.817006    0.485484    0.281691
    0.823070    0.488522    0.289150
    0.829054    0.491522    0.296577
    0.834956    0.494485    0.303967
    0.840775    0.497408    0.311315
    0.846508    0.500292    0.318618
    0.852155    0.503135    0.325872
    0.857715    0.505936    0.333071
    0.863185    0.508695    0.340209
    0.868565    0.511411    0.347283
    0.873852    0.514083    0.354288
    0.879047    0.516711    0.361218
    0.884147    0.519293    0.368084
    0.889152    0.521830    0.374863
    0.894059    0.524320    0.381546
    0.898869    0.526762    0.388137
    0.903579    0.529156    0.394632
    0.908188    0.531501    0.401028
    0.912695    0.533797    0.407322
    0.917100    0.536042    0.413509
    0.921401    0.538236    0.419583
    0.925597    0.540378    0.425542
    0.929686    0.542469    0.431380
    0.933669    0.544506    0.437095
    0.937544    0.546490    0.442682
    0.941309    0.548420    0.448139
    0.944965    0.550295    0.453460
    0.948509    0.552115    0.458643
    0.951942    0.553878    0.463684
    0.955262    0.555585    0.468580
    0.958469    0.557235    0.473328
    0.961561    0.558827    0.477924
    0.964539    0.560361    0.482366
    0.967400    0.561837    0.486650
    0.970146    0.562986    0.490774
    0.972774    0.563579    0.494734
    0.975284    0.563806    0.498529
    0.977675    0.563775    0.502155
    0.979948    0.563545    0.505611
    0.982101    0.563152    0.508893
    0.984134    0.562620    0.511999
    0.986046    0.561962    0.514928
    0.987838    0.561189    0.517676
    0.989507    0.560306    0.520244
    0.991055    0.559320    0.522629
    0.992480    0.558260    0.524829
    0.993782    0.557073    0.526842
    0.994962    0.555784    0.528668
    0.996018    0.554426    0.530304
    0.996950    0.552967    0.531751
    0.997759    0.551435    0.533060
    0.998443    0.549841    0.534246
    0.999003    0.548200    0.535620
    0.999439    0.546530    0.536959
    0.999751    0.544875    0.538473
    0.999938    0.543283    0.540238
    1.000000    0.540995    0.540995
  BLADE PROFILES IN CARTESIAN COORDINATES (3D) 
  VARIABLES = "X", "YSS", "YPS" "R" 
  BLADE           1  SECTION           1
  -24.976614  -17.708414  -17.708414  853.826050
  -22.104958  -17.490372  -17.490372  853.825195
  -19.544575  -17.295963  -17.295963  853.824158
  -17.261723  -17.122627  -17.122627  853.823242
  -15.226331  -16.968075  -16.968075  853.822266
  -13.411567  -16.830278  -16.830278  853.821594
  -11.793515  -16.707413  -16.707413  853.820496
  -10.350858  -16.597866  -16.597866  853.819641
   -9.064577  -16.500193  -16.500193  853.818848
   -7.917726  -16.413103  -16.413103  853.818176
   -6.895190  -16.335461  -16.335461  853.817383
   -5.983492  -16.266230  -16.266230  853.816833
   -5.170619  -16.204502  -16.204502  853.816223
   -4.445861  -16.149467  -16.149467  853.815674
   -3.799661  -16.100395  -16.100395  853.815125
   -3.223511  -16.056646  -16.056646  853.814575
   -2.709809  -16.017635  -16.017635  853.814331
   -2.251796  -15.982855  -15.982855  853.813904
   -1.843426  -15.951844  -15.951844  853.813538
   -1.479324  -15.924198  -15.924198  853.813232
   -1.154687  -15.899543  -15.899543  853.812988
   -0.865240  -15.877562  -15.877562  853.812683
   -0.607171  -15.857966  -15.857966  853.812500
   -0.377074  -15.840493  -15.840493  853.812317
   -0.171919  -15.824914  -15.824914  853.812073
    0.011000  -15.811023  -15.811023  853.811951
    0.193919  -14.856724  -16.733578  853.811584
    0.385171  -14.418884  -17.139671  853.811401
    0.585532  -14.120992  -17.458395  853.810974
    0.795765  -13.900567  -17.712708  853.810791
    1.016640  -13.697701  -17.912954  853.810486
    1.248927  -13.491817  -18.079239  853.810120
    1.493392  -13.281569  -18.239262  853.809814
    1.750806  -13.066909  -18.399343  853.809448
    2.021935  -12.845904  -18.560863  853.808960
    2.307549  -12.618303  -18.720953  853.808411
    2.608413  -12.383781  -18.880966  853.807922
    2.925302  -12.141900  -19.040573  853.807373
    3.258978  -11.892268  -19.199375  853.806946
    3.610216  -11.634533  -19.356861  853.806213
    3.979597  -11.368726  -19.512348  853.805664
    4.367225  -11.095428  -19.664873  853.804932
    4.773995  -10.812972  -19.815180  853.804260
    5.200926  -10.521560  -19.959509  853.803589
    5.649138  -10.220694  -20.097849  853.802673
    6.119877   -9.910085  -20.229723  853.801819
    6.614471   -9.589472  -20.353970  853.800964
    7.134132   -9.257288  -20.469193  853.799988
    7.679846   -8.913792  -20.575960  853.799133
    8.253433   -8.558274  -20.667215  853.798035
    8.856957   -8.190529  -20.744135  853.796692
    9.492671   -7.808116  -20.804527  853.795654
   10.163088   -7.410579  -20.846739  853.794434
   10.870912   -6.997637  -20.866997  853.792908
   11.624720   -6.563268  -20.858829  853.791504
   12.435391   -6.102598  -20.819542  853.789917
   13.303809   -5.616412  -20.745161  853.788025
   14.229301   -5.105016  -20.625013  853.786255
   15.209649   -4.570218  -20.453356  853.784302
   16.241058   -4.015245  -20.226225  853.782043
   17.318209   -3.442103  -19.942144  853.779907
   18.423601   -2.860450  -19.593224  853.777649
   19.539587   -2.279477  -19.187458  853.775330
   20.660173   -1.701314  -18.726892  853.772888
   21.780416   -1.127833  -18.215219  853.770569
   22.896559   -0.560469  -17.653866  853.768311
   24.005920    0.000000  -17.042374  853.766296
   25.106937    0.553316  -16.385952  853.763794
   26.207088    1.103678  -15.681198  853.761719
   27.311266    1.654207  -14.925098  853.759216
   28.418631    2.204695  -14.118138  853.756958
   29.527702    2.754787  -13.261415  853.755005
   30.636505    3.303841  -12.356708  853.752502
   31.742447    3.850930  -11.406633  853.750366
   32.842419    4.394825  -10.414755  853.748108
   33.926651    4.930969   -9.391587  853.746216
   34.989010    5.456579   -8.345496  853.744263
   36.026619    5.970471   -7.282401  853.742554
   37.037128    6.471635   -6.207987  853.740601
   38.018764    6.959325   -5.127058  853.738831
   38.970314    7.433001   -4.044743  853.737122
   39.891087    7.892379   -2.963474  853.735596
   40.784466    8.339160   -1.886188  853.734131
   41.651329    8.773726   -0.812710  853.733032
   42.491684    9.196216    0.254546  853.731567
   43.305538    9.606525    1.313213  853.730469
   44.092876   10.004623    2.360798  853.729309
   44.853691   10.390466    3.394934  853.728027
   45.588032   10.763983    4.412291  853.727112
   46.295837   11.125049    5.411787  853.726135
   46.977127   11.473674    6.391009  853.725281
   47.631935   11.809792    7.347977  853.724609
   48.260204   12.133907    8.280804  853.723938
   48.861980   12.280348    9.187755  853.723206
   49.437233   12.120313   10.066873  853.722534
   49.985985   11.141850   11.141319  853.721985
   50.534748   11.710108   11.709842  853.721680
   51.114841   12.311100   12.311100  853.721313
   51.728065   12.946412   12.946412  853.720764
   52.376312   13.618008   13.618008  853.720398
   53.061565   14.327961   14.327961  853.719971
   53.785980   15.078460   15.078460  853.719482
   54.551754   15.871818   15.871818  853.718628
   55.361263   16.710484   16.710484  853.717896
   56.217007   17.597046   17.597046  853.717041
   57.121624   18.534239   18.534239  853.715942
   58.077900   19.524952   19.524952  853.714783
   59.088802   20.572245   20.572245  853.713379
   60.157440   21.679346   21.679346  853.711853
   61.287098   22.849669   22.849669  853.710022
   62.481277   24.086823   24.086823  853.708069
  BLADE PROFILES IN CARTESIAN COORDINATES (2D) BEFORE   PROJECTION, SCALING, MESHING AND STACKING 
  VARIABLES = "X", "YSS", "YPS" 
  BLADE           1  SECTION           2
    0.000000   -0.000431   -0.000431
    0.000062    0.002652   -0.002077
    0.000249    0.005170   -0.004188
    0.000561    0.007816   -0.006214
    0.000997    0.010602   -0.008413
    0.001557    0.013399   -0.010636
    0.002241    0.016159   -0.012888
    0.003050    0.018922   -0.015194
    0.003982    0.021678   -0.017575
    0.005038    0.024407   -0.020016
    0.006218    0.027056   -0.022491
    0.007520    0.029590   -0.024966
    0.008945    0.031983   -0.027422
    0.010493    0.034213   -0.029842
    0.012162    0.036277   -0.032188
    0.013954    0.038201   -0.034429
    0.015866    0.040054   -0.036541
    0.017899    0.041939   -0.038505
    0.020052    0.043896   -0.040322
    0.022325    0.045927   -0.042021
    0.024716    0.048031   -0.043668
    0.027226    0.050205   -0.045333
    0.029854    0.052448   -0.047029
    0.032600    0.054754   -0.048753
    0.035461    0.057110   -0.050503
    0.038439    0.059545   -0.052295
    0.041531    0.062040   -0.054081
    0.044738    0.064594   -0.055878
    0.048058    0.067206   -0.057684
    0.051491    0.069873   -0.059496
    0.055036    0.072595   -0.061311
    0.058691    0.075369   -0.063125
    0.062456    0.078195   -0.064934
    0.066331    0.081070   -0.066734
    0.070314    0.083993   -0.068523
    0.074403    0.086962   -0.070296
    0.078599    0.089976   -0.072049
    0.082900    0.093018   -0.073781
    0.087305    0.096117   -0.075486
    0.091812    0.099257   -0.077165
    0.096421    0.102438   -0.078839
    0.101131    0.105657   -0.080440
    0.105941    0.108913   -0.081998
    0.110848    0.112206   -0.083512
    0.115853    0.115534   -0.084978
    0.120953    0.118895   -0.086394
    0.126148    0.122273   -0.087755
    0.131435    0.125697   -0.089058
    0.136815    0.129152   -0.090301
    0.142285    0.132636   -0.091480
    0.147845    0.136149   -0.092595
    0.153492    0.139689   -0.093675
    0.159225    0.143256   -0.094632
    0.165044    0.146846   -0.095511
    0.170946    0.150448   -0.096311
    0.176930    0.154086   -0.097027
    0.182994    0.157748   -0.097657
    0.189138    0.161431   -0.098198
    0.195358    0.165135   -0.098648
    0.201655    0.168859   -0.099012
    0.208026    0.172602   -0.099313
    0.214470    0.176350   -0.099466
    0.220986    0.180127   -0.099509
    0.227570    0.183922   -0.099448
    0.234223    0.187732   -0.099279
    0.240941    0.191559   -0.099001
    0.247725    0.195399   -0.098611
    0.254571    0.199254   -0.098108
    0.261478    0.203118   -0.097500
    0.268445    0.206988   -0.096808
    0.275470    0.210878   -0.095952
    0.282550    0.214779   -0.094960
    0.289685    0.218691   -0.093844
    0.296872    0.222613   -0.092603
    0.304110    0.226544   -0.091236
    0.311396    0.230482   -0.089741
    0.318730    0.234420   -0.088118
    0.326109    0.238373   -0.086364
    0.333531    0.242332   -0.084492
    0.340994    0.246298   -0.082522
    0.348497    0.250270   -0.080371
    0.356038    0.254246   -0.078078
    0.363615    0.258226   -0.075646
    0.371226    0.262210   -0.073078
    0.378869    0.266196   -0.070375
    0.386542    0.270184   -0.067536
    0.394243    0.274169   -0.064560
    0.401971    0.278161   -0.061449
    0.409723    0.282153   -0.058201
    0.417498    0.286146   -0.054817
    0.425293    0.290139   -0.051297
    0.433107    0.294131   -0.047654
    0.440937    0.298121   -0.043915
    0.448783    0.302109   -0.039990
    0.456641    0.306095   -0.035931
    0.464509    0.310077   -0.031733
    0.472387    0.314055   -0.027402
    0.480272    0.318029   -0.022941
    0.488161    0.321998   -0.018350
    0.496053    0.325962   -0.013632
    0.503947    0.329919   -0.008786
    0.511839    0.333869   -0.003816
    0.519729    0.337811    0.001277
    0.527613    0.341747    0.006491
    0.535491    0.345674    0.011826
    0.543360    0.349593    0.017278
    0.551217    0.353502    0.022845
    0.559063    0.357401    0.028525
    0.566893    0.361289    0.034316
    0.574707    0.365165    0.040215
    0.582502    0.369029    0.046220
    0.590277    0.372881    0.052328
    0.598029    0.376719    0.058536
    0.605757    0.380544    0.064842
    0.613458    0.384353    0.071241
    0.621131    0.388148    0.077732
    0.628774    0.391926    0.084311
    0.636385    0.395687    0.090975
    0.643962    0.399432    0.097720
    0.651503    0.403158    0.104544
    0.659006    0.406865    0.111441
    0.666469    0.410554    0.118409
    0.673891    0.414222    0.125444
    0.681270    0.417869    0.132543
    0.688604    0.421494    0.139701
    0.695890    0.425097    0.146914
    0.703128    0.428677    0.154179
    0.710315    0.432234    0.161491
    0.717450    0.435766    0.168847
    0.724530    0.439272    0.176242
    0.731555    0.442753    0.183672
    0.738522    0.446207    0.191132
    0.745429    0.449634    0.198619
    0.752275    0.453032    0.206132
    0.759059    0.456401    0.213663
    0.765777    0.459741    0.221206
    0.772430    0.463050    0.228759
    0.779015    0.466327    0.236315
    0.785530    0.469573    0.243871
    0.791974    0.472785    0.251438
    0.798345    0.475964    0.259001
    0.804642    0.479109    0.266528
    0.810863    0.482218    0.274036
    0.817006    0.485291    0.281520
    0.823070    0.488327    0.288977
    0.829054    0.491325    0.296401
    0.834956    0.494285    0.303788
    0.840775    0.497206    0.311133
    0.846508    0.500088    0.318434
    0.852155    0.502928    0.325686
    0.857715    0.505727    0.332882
    0.863185    0.508484    0.340017
    0.868565    0.511198    0.347088
    0.873852    0.513868    0.354090
    0.879047    0.516494    0.361019
    0.884147    0.519074    0.367882
    0.889152    0.521609    0.374659
    0.894059    0.524097    0.381338
    0.898869    0.526537    0.387927
    0.903579    0.528929    0.394420
    0.908188    0.531272    0.400814
    0.912695    0.533566    0.407105
    0.917100    0.535810    0.413290
    0.921401    0.538002    0.419362
    0.925597    0.540142    0.425319
    0.929686    0.542231    0.431155
    0.933669    0.544267    0.436867
    0.937544    0.546249    0.442453
    0.941309    0.548177    0.447907
    0.944965    0.550051    0.453226
    0.948509    0.551869    0.458407
    0.951942    0.553631    0.463446
    0.955262    0.555336    0.468341
    0.958469    0.556985    0.473087
    0.961561    0.558576    0.477682
    0.964539    0.560109    0.482122
    0.967400    0.561583    0.486404
    0.970146    0.562732    0.490526
    0.972774    0.563324    0.494485
    0.975284    0.563550    0.498279
    0.977675    0.563518    0.501904
    0.979948    0.563287    0.505358
    0.982101    0.562894    0.508639
    0.984134    0.562360    0.511744
    0.986046    0.561702    0.514672
    0.987838    0.560928    0.517419
    0.989507    0.560045    0.519986
    0.991055    0.559059    0.522370
    0.992480    0.557998    0.524569
    0.993782    0.556810    0.526581
    0.994962    0.555521    0.528407
    0.996018    0.554162    0.530043
    0.996950    0.552703    0.531489
    0.997759    0.551171    0.532797
    0.998443    0.549577    0.533983
    0.999003    0.547936    0.535357
    0.999439    0.546266    0.536695
    0.999751    0.544611    0.538209
    0.999938    0.543017    0.539974
    1.000000    0.540730    0.540730
  BLADE PROFILES IN CARTESIAN COORDINATES (3D) 
  VARIABLES = "X", "YSS", "YPS" "R" 
  BLADE           1  SECTION           2
  -25.001072  -17.711687  -17.711687  854.131958
  -22.127981  -17.493629  -17.493629  854.131897
  -19.566322  -17.299210  -17.299210  854.131897
  -17.282337  -17.125864  -17.125864  854.131653
  -15.245927  -16.971304  -16.971304  854.131592
  -13.430258  -16.833500  -16.833500  854.131592
  -11.811401  -16.710638  -16.710638  854.131470
  -10.368024  -16.601088  -16.601088  854.131470
   -9.081103  -16.503414  -16.503414  854.131409
   -7.933677  -16.416330  -16.416330  854.131348
   -6.910629  -16.338682  -16.338682  854.131348
   -5.998477  -16.269455  -16.269455  854.131165
   -5.185201  -16.207731  -16.207731  854.131165
   -4.460077  -16.152695  -16.152695  854.131104
   -3.813557  -16.103624  -16.103624  854.131226
   -3.237121  -16.059875  -16.059875  854.131226
   -2.723165  -16.020866  -16.020866  854.131104
   -2.264917  -15.986089  -15.986089  854.131104
   -1.856346  -15.955077  -15.955077  854.131104
   -1.492061  -15.927428  -15.927428  854.131042
   -1.167264  -15.902780  -15.902780  854.130981
   -0.877675  -15.880801  -15.880801  854.130981
   -0.619471  -15.861204  -15.861204  854.131042
   -0.389259  -15.843732  -15.843732  854.130981
   -0.184003  -15.828153  -15.828153  854.131042
   -0.000995  -15.814263  -15.814263  854.130981
    0.182014  -14.859623  -16.737164  854.130981
    0.373363  -14.421612  -17.143431  854.131042
    0.573825  -14.123587  -17.462280  854.130920
    0.784163  -13.903069  -17.716688  854.130920
    1.005151  -13.700136  -17.917011  854.130920
    1.237553  -13.494182  -18.083364  854.131042
    1.482140  -13.283864  -18.243462  854.130981
    1.739680  -13.069139  -18.403627  854.130981
    2.010946  -12.848063  -18.565222  854.130981
    2.296701  -12.620391  -18.725391  854.130981
    2.597720  -12.385794  -18.885481  854.131042
    2.914764  -12.143838  -19.045170  854.130981
    3.248610  -11.894135  -19.204060  854.131042
    3.600021  -11.636325  -19.361628  854.130981
    3.969589  -11.370436  -19.517199  854.130981
    4.357411  -11.097063  -19.669809  854.130981
    4.764386  -10.814528  -19.820202  854.130920
    5.191528  -10.523038  -19.964630  854.131104
    5.639967  -10.222091  -20.103052  854.130920
    6.110933   -9.911398  -20.235020  854.130859
    6.605783   -9.590705  -20.359356  854.130981
    7.125702   -9.258439  -20.474667  854.130981
    7.671690   -8.914859  -20.581533  854.131104
    8.245567   -8.559259  -20.672880  854.130981
    8.849392   -8.191432  -20.749886  854.131226
    9.485427   -7.808940  -20.810368  854.131165
   10.156174   -7.411320  -20.852667  854.131104
   10.864353   -6.998299  -20.873024  854.130981
   11.618540   -6.563854  -20.864937  854.130920
   12.429621   -6.103107  -20.825733  854.131104
   13.298467   -5.616837  -20.751429  854.130981
   14.224429   -5.105369  -20.631369  854.131165
   15.205272   -4.570501  -20.459778  854.131042
   16.237192   -4.015461  -20.232700  854.131226
   17.314871   -3.442263  -19.948669  854.131042
   18.420830   -2.860561  -19.599808  854.131165
   19.537378   -2.279544  -19.194063  854.131409
   20.658516   -1.701352  -18.733505  854.131165
   21.779314   -1.127852  -18.221842  854.131348
   22.896025   -0.560474  -17.660469  854.131348
   24.005934    0.000000  -17.048967  854.131470
   25.107533    0.553327  -16.392513  854.131409
   26.208197    1.103650  -15.687710  854.131775
   27.312954    1.654165  -14.931552  854.131409
   28.420870    2.204619  -14.124530  854.131470
   29.530491    2.754673  -13.267724  854.131714
   30.639824    3.303679  -12.362924  854.131653
   31.746340    3.850716  -11.412747  854.131653
   32.846878    4.394545  -10.420766  854.131714
   33.931633    4.930620   -9.397479  854.131531
   34.994534    5.456157   -8.351258  854.131531
   36.032646    5.969970   -7.288033  854.131775
   37.043682    6.471050   -6.213478  854.131592
   38.025799    6.958646   -5.132410  854.131775
   38.977825    7.432230   -4.049952  854.131775
   39.899048    7.891510   -2.968538  854.131836
   40.792870    8.338198   -1.891102  854.131836
   41.660183    8.772666   -0.817487  854.131775
   42.500954    9.195053    0.249923  854.132019
   43.315212    9.605260    1.308735  854.132080
   44.102943   10.003263    2.356477  854.131897
   44.864155   10.389000    3.390755  854.131714
   45.598839   10.762411    4.408253  854.132080
   46.306999   11.123376    5.407902  854.131836
   46.988644   11.471900    6.387259  854.131836
   47.643761   11.807904    7.344362  854.132080
   48.272362   12.131937    8.277339  854.131958
   48.874432   12.278263    9.184407  854.132019
   49.449978   12.117957   10.063659  854.132019
   49.999001   11.138797   11.138265  854.131958
   50.548027   11.707067   11.706801  854.132019
   51.128399   12.308065   12.308065  854.132141
   51.741936   12.943393   12.943393  854.131958
   52.390499   13.615006   13.615006  854.132080
   53.076115   14.324975   14.324975  854.132019
   53.800877   15.075493   15.075493  854.132019
   54.567036   15.868873   15.868873  854.132019
   55.376945   16.707565   16.707565  854.132080
   56.233120   17.594152   17.594152  854.132080
   57.138191   18.531380   18.531380  854.131958
   58.094944   19.522133   19.522133  854.132019
   59.106342   20.569468   20.569468  854.132019
   60.175514   21.676622   21.676622  854.132019
   61.305740   22.847004   22.847004  854.132080
   62.500523   24.084229   24.084229  854.131897
  BLADE PROFILES IN CARTESIAN COORDINATES (2D) BEFORE   PROJECTION, SCALING, MESHING AND STACKING 
  VARIABLES = "X", "YSS", "YPS" 
  BLADE           1  SECTION           3
    0.000000   -0.000430   -0.000430
    0.000062    0.002651   -0.002076
    0.000249    0.005171   -0.004187
    0.000561    0.007818   -0.006213
    0.000997    0.010600   -0.008413
    0.001557    0.013396   -0.010627
    0.002241    0.016156   -0.012881
    0.003050    0.018918   -0.015193
    0.003982    0.021674   -0.017573
    0.005038    0.024403   -0.020015
    0.006218    0.027051   -0.022489
    0.007520    0.029585   -0.024964
    0.008945    0.031978   -0.027420
    0.010493    0.034208   -0.029839
    0.012162    0.036273   -0.032185
    0.013954    0.038196   -0.034426
    0.015866    0.040049   -0.036537
    0.017899    0.041933   -0.038501
    0.020052    0.043890   -0.040318
    0.022325    0.045921   -0.042017
    0.024716    0.048025   -0.043664
    0.027226    0.050199   -0.045328
    0.029854    0.052441   -0.047025
    0.032600    0.054747   -0.048748
    0.035461    0.057103   -0.050498
    0.038439    0.059537   -0.052290
    0.041531    0.062032   -0.054076
    0.044738    0.064586   -0.055873
    0.048058    0.067197   -0.057679
    0.051491    0.069864   -0.059491
    0.055036    0.072585   -0.061306
    0.058691    0.075359   -0.063120
    0.062456    0.078184   -0.064928
    0.066331    0.081058   -0.066729
    0.070314    0.083981   -0.068517
    0.074403    0.086950   -0.070290
    0.078599    0.089964   -0.072044
    0.082900    0.093004   -0.073775
    0.087305    0.096103   -0.075480
    0.091812    0.099243   -0.077160
    0.096421    0.102423   -0.078834
    0.101131    0.105641   -0.080435
    0.105941    0.108897   -0.081993
    0.110848    0.112189   -0.083507
    0.115853    0.115517   -0.084973
    0.120953    0.118877   -0.086389
    0.126148    0.122254   -0.087750
    0.131435    0.125677   -0.089054
    0.136815    0.129131   -0.090297
    0.142285    0.132615   -0.091476
    0.147845    0.136126   -0.092592
    0.153492    0.139666   -0.093672
    0.159225    0.143232   -0.094629
    0.165044    0.146822   -0.095509
    0.170946    0.150423   -0.096309
    0.176930    0.154060   -0.097025
    0.182994    0.157720   -0.097656
    0.189138    0.161402   -0.098197
    0.195358    0.165105   -0.098648
    0.201655    0.168829   -0.099012
    0.208026    0.172570   -0.099314
    0.214470    0.176317   -0.099468
    0.220986    0.180094   -0.099512
    0.227570    0.183887   -0.099451
    0.234223    0.187697   -0.099283
    0.240941    0.191522   -0.099006
    0.247725    0.195361   -0.098617
    0.254571    0.199215   -0.098114
    0.261478    0.203078   -0.097507
    0.268445    0.206946   -0.096816
    0.275470    0.210835   -0.095961
    0.282550    0.214735   -0.094970
    0.289685    0.218646   -0.093855
    0.296872    0.222566   -0.092615
    0.304110    0.226496   -0.091249
    0.311396    0.230433   -0.089756
    0.318730    0.234368   -0.088133
    0.326109    0.238320   -0.086380
    0.333531    0.242278   -0.084509
    0.340994    0.246243   -0.082541
    0.348497    0.250212   -0.080391
    0.356038    0.254187   -0.078100
    0.363615    0.258165   -0.075669
    0.371226    0.262148   -0.073103
    0.378869    0.266133   -0.070401
    0.386542    0.270118   -0.067564
    0.394243    0.274102   -0.064590
    0.401971    0.278092   -0.061480
    0.409723    0.282083   -0.058234
    0.417498    0.286074   -0.054852
    0.425293    0.290065   -0.051333
    0.433107    0.294055   -0.047692
    0.440937    0.298043   -0.043955
    0.448783    0.302029   -0.040032
    0.456641    0.306013   -0.035975
    0.464509    0.309993   -0.031779
    0.472387    0.313970   -0.027450
    0.480272    0.317942   -0.022991
    0.488161    0.321909   -0.018402
    0.496053    0.325870   -0.013686
    0.503947    0.329825   -0.008843
    0.511839    0.333774   -0.003875
    0.519729    0.337713    0.001216
    0.527613    0.341647    0.006429
    0.535491    0.345572    0.011761
    0.543360    0.349489    0.017210
    0.551217    0.353396    0.022775
    0.559063    0.357292    0.028453
    0.566893    0.361178    0.034241
    0.574707    0.365052    0.040138
    0.582502    0.368914    0.046140
    0.590277    0.372764    0.052246
    0.598029    0.376600    0.058451
    0.605757    0.380422    0.064754
    0.613458    0.384229    0.071152
    0.621131    0.388021    0.077640
    0.628774    0.391797    0.084216
    0.636385    0.395556    0.090877
    0.643962    0.399298    0.097620
    0.651503    0.403022    0.104440
    0.659006    0.406727    0.111335
    0.666469    0.410413    0.118300
    0.673891    0.414078    0.125333
    0.681270    0.417723    0.132429
    0.688604    0.421346    0.139584
    0.695890    0.424947    0.146794
    0.703128    0.428524    0.154056
    0.710315    0.432079    0.161366
    0.717450    0.435608    0.168719
    0.724530    0.439112    0.176111
    0.731555    0.442591    0.183538
    0.738522    0.446042    0.190995
    0.745429    0.449466    0.198480
    0.752275    0.452862    0.205989
    0.759059    0.456229    0.213517
    0.765777    0.459566    0.221058
    0.772430    0.462873    0.228607
    0.779015    0.466148    0.236161
    0.785530    0.469391    0.243714
    0.791974    0.472602    0.251278
    0.798345    0.475778    0.258839
    0.804642    0.478920    0.266362
    0.810863    0.482027    0.273868
    0.817006    0.485098    0.281349
    0.823070    0.488131    0.288803
    0.829054    0.491127    0.296224
    0.834956    0.494085    0.303609
    0.840775    0.497004    0.310951
    0.846508    0.499883    0.318249
    0.852155    0.502722    0.325498
    0.857715    0.505519    0.332691
    0.863185    0.508273    0.339824
    0.868565    0.510985    0.346893
    0.873852    0.513653    0.353892
    0.879047    0.516277    0.360818
    0.884147    0.518855    0.367679
    0.889152    0.521388    0.374453
    0.894059    0.523874    0.381130
    0.898869    0.526312    0.387716
    0.903579    0.528702    0.394207
    0.908188    0.531043    0.400599
    0.912695    0.533335    0.406887
    0.917100    0.535577    0.413070
    0.921401    0.537768    0.419140
    0.925597    0.539906    0.425094
    0.929686    0.541993    0.430928
    0.933669    0.544027    0.436639
    0.937544    0.546008    0.442222
    0.941309    0.547934    0.447674
    0.944965    0.549807    0.452992
    0.948509    0.551623    0.458171
    0.951942    0.553384    0.463208
    0.955262    0.555088    0.468101
    0.958469    0.556735    0.472845
    0.961561    0.558325    0.477438
    0.964539    0.559856    0.481877
    0.967400    0.561329    0.486158
    0.970146    0.562477    0.490278
    0.972774    0.563069    0.494236
    0.975284    0.563295    0.498028
    0.977675    0.563262    0.501652
    0.979948    0.563030    0.505104
    0.982101    0.562636    0.508384
    0.984134    0.562102    0.511488
    0.986046    0.561443    0.514415
    0.987838    0.560669    0.517161
    0.989507    0.559786    0.519727
    0.991055    0.558798    0.522110
    0.992480    0.557737    0.524309
    0.993782    0.556549    0.526320
    0.994962    0.555259    0.528144
    0.996018    0.553900    0.529780
    0.996950    0.552441    0.531226
    0.997759    0.550909    0.532534
    0.998443    0.549314    0.533719
    0.999003    0.547673    0.535093
    0.999439    0.546002    0.536432
    0.999751    0.544348    0.537945
    0.999938    0.542753    0.539710
    1.000000    0.540466    0.540466
  BLADE PROFILES IN CARTESIAN COORDINATES (3D) 
  VARIABLES = "X", "YSS", "YPS" "R" 
  BLADE           1  SECTION           3
  -25.025640  -17.715010  -17.715010  854.437927
  -22.151106  -17.496935  -17.496935  854.438782
  -19.588158  -17.302500  -17.302500  854.439636
  -17.303030  -17.129147  -17.129147  854.440491
  -15.265598  -16.974583  -16.974583  854.441284
  -13.449016  -16.836779  -16.836779  854.442200
  -11.829347  -16.713907  -16.713907  854.442993
  -10.385243  -16.604361  -16.604361  854.443848
   -9.097676  -16.506689  -16.506689  854.444519
   -7.949677  -16.419605  -16.419605  854.445190
   -6.926120  -16.341961  -16.341961  854.445862
   -6.013510  -16.272732  -16.272732  854.446472
   -5.199824  -16.211004  -16.211004  854.447083
   -4.474339  -16.155973  -16.155973  854.447632
   -3.827496  -16.106907  -16.106907  854.447998
   -3.250764  -16.063160  -16.063160  854.448364
   -2.736552  -16.024153  -16.024153  854.448853
   -2.278077  -15.989374  -15.989374  854.449219
   -1.869300  -15.958368  -15.958368  854.449402
   -1.504833  -15.930719  -15.930719  854.449768
   -1.179873  -15.906070  -15.906070  854.450012
   -0.890138  -15.884094  -15.884094  854.450256
   -0.631808  -15.864499  -15.864499  854.450439
   -0.401481  -15.847026  -15.847026  854.450684
   -0.196121  -15.831449  -15.831449  854.450867
   -0.013019  -15.817562  -15.817562  854.451050
    0.170082  -14.862555  -16.740805  854.451355
    0.361525  -14.424368  -17.147228  854.451599
    0.562087  -14.126215  -17.466211  854.451904
    0.772532  -13.905602  -17.720718  854.452148
    0.993628  -13.702598  -17.921112  854.452515
    1.226148  -13.496575  -18.087538  854.452881
    1.470859  -13.286189  -18.247715  854.453308
    1.728529  -13.071395  -18.407953  854.453674
    1.999927  -12.850246  -18.569630  854.454163
    2.285828  -12.622502  -18.729877  854.454529
    2.586994  -12.387833  -18.890049  854.455017
    2.904198  -12.145802  -19.049820  854.455444
    3.238208  -11.896025  -19.208790  854.456055
    3.589797  -11.638137  -19.366444  854.456604
    3.959550  -11.372167  -19.522099  854.457275
    4.347563  -11.098715  -19.674795  854.457886
    4.754742  -10.816101  -19.825279  854.458679
    5.182101  -10.524532  -19.969803  854.459290
    5.630762  -10.223501  -20.108313  854.460144
    6.101968   -9.912724  -20.240368  854.461060
    6.597064   -9.591953  -20.364796  854.461792
    7.117243   -9.259604  -20.480196  854.462769
    7.663499   -8.915944  -20.587172  854.463806
    8.237667   -8.560252  -20.678600  854.464905
    8.841792   -8.192349  -20.755701  854.466064
    9.478145   -7.809776  -20.816267  854.467285
   10.149225   -7.412075  -20.858660  854.468445
   10.857759   -6.998972  -20.879112  854.469788
   11.612322   -6.564445  -20.871109  854.471191
   12.423810   -6.103617  -20.831980  854.472961
   13.293087   -5.617268  -20.757761  854.474670
   14.219515   -5.105728  -20.637793  854.476379
   15.200846   -4.570789  -20.466269  854.478394
   16.233288   -4.015683  -20.239246  854.480591
   17.311495   -3.442425  -19.955263  854.482544
   18.417999   -2.860672  -19.606459  854.484924
   19.535116   -2.279614  -19.200741  854.487183
   20.656805   -1.701391  -18.740196  854.489685
   21.778170   -1.127868  -18.228539  854.492004
   22.895452   -0.560478  -17.667145  854.494324
   24.005917    0.000000  -17.055639  854.496704
   25.108032    0.553323  -16.399145  854.498901
   26.209272    1.103627  -15.694300  854.501160
   27.314558    1.654124  -14.938079  854.503418
   28.423033    2.204552  -14.130988  854.505493
   29.533222    2.754566  -13.274098  854.507996
   30.643120    3.303526  -12.369208  854.510376
   31.750164    3.850508  -11.418935  854.512207
   32.851280    4.394279  -10.426838  854.514343
   33.936569    4.930289   -9.403430  854.516479
   34.999989    5.455753   -8.357079  854.518555
   36.038635    5.969487   -7.293725  854.520386
   37.050167    6.470488   -6.219028  854.522461
   38.032780    6.957993   -5.137817  854.523987
   38.985260    7.431483   -4.055214  854.525635
   39.906963    7.890673   -2.973655  854.527039
   40.801250    8.337264   -1.896069  854.528625
   41.668972    8.771637   -0.822297  854.529968
   42.510174    9.193925    0.245265  854.531250
   43.324844    9.604036    1.304228  854.532288
   44.112957   10.001934    2.352118  854.533508
   44.874557   10.387569    3.386544  854.534729
   45.609612   10.760884    4.404195  854.535767
   46.318130   11.121746    5.403986  854.536560
   47.000103   11.470163    6.383488  854.537354
   47.655560   11.806076    7.340738  854.538208
   48.284462   12.130005    8.273853  854.539185
   48.886841   12.276262    9.181046  854.539856
   49.462677   12.115716   10.060430  854.540344
   50.011974   11.135857   11.135324  854.541016
   50.561279   11.704135   11.703869  854.541321
   51.141949   12.305153   12.305153  854.541748
   51.755787   12.940496   12.940496  854.542053
   52.404682   13.612126   13.612126  854.542603
   53.090630   14.322110   14.322110  854.543152
   53.815754   15.072650   15.072650  854.543640
   54.582298   15.866055   15.866055  854.544250
   55.392624   16.704777   16.704777  854.545105
   56.249218   17.591400   17.591400  854.545959
   57.154747   18.528660   18.528660  854.547058
   58.111980   19.519459   19.519459  854.548279
   59.123890   20.566841   20.566841  854.549683
   60.193592   21.674049   21.674049  854.551208
   61.324379   22.844498   22.844498  854.552979
   62.519753   24.081799   24.081799  854.554932
  BLADE PROFILES IN CARTESIAN COORDINATES (2D) BEFORE   PROJECTION, SCALING, MESHING AND STACKING 
  VARIABLES = "X", "YSS", "YPS" 
  BLADE           2  SECTION           1
    0.000000    0.002313    0.002313
    0.000062    0.003984   -0.001081
    0.000249    0.006093   -0.004015
    0.000561    0.008114   -0.007310
    0.000997    0.010276   -0.010910
    0.001557    0.012478   -0.014289
    0.002241    0.014735   -0.017531
    0.003050    0.017102   -0.020759
    0.003982    0.019630   -0.023960
    0.005038    0.022285   -0.027093
    0.006218    0.025011   -0.030150
    0.007520    0.027766   -0.032998
    0.008945    0.030513   -0.035649
    0.010493    0.033213   -0.038084
    0.012162    0.035816   -0.040307
    0.013954    0.038280   -0.042354
    0.015866    0.040609   -0.044316
    0.017899    0.042754   -0.046305
    0.020052    0.044708   -0.048347
    0.022325    0.046501   -0.050434
    0.024716    0.048223   -0.052544
    0.027226    0.049902   -0.054727
    0.029854    0.051586   -0.056951
    0.032600    0.053273   -0.059216
    0.035461    0.054958   -0.061520
    0.038439    0.056635   -0.063860
    0.041531    0.058303   -0.066235
    0.044738    0.059959   -0.068644
    0.048058    0.061600   -0.071085
    0.051491    0.063222   -0.073557
    0.055036    0.064822   -0.076058
    0.058691    0.066397   -0.078587
    0.062456    0.067943   -0.081144
    0.066331    0.069457   -0.083727
    0.070314    0.070938   -0.086334
    0.074403    0.072380   -0.088965
    0.078599    0.073782   -0.091615
    0.082900    0.075140   -0.094272
    0.087305    0.076451   -0.096970
    0.091812    0.077719   -0.099689
    0.096421    0.078962   -0.102429
    0.101131    0.080116   -0.105188
    0.105941    0.081206   -0.107968
    0.110848    0.082234   -0.110766
    0.115853    0.083199   -0.113583
    0.120953    0.084096   -0.116418
    0.126148    0.084925   -0.119269
    0.131435    0.085682   -0.122121
    0.136815    0.086364   -0.125007
    0.142285    0.086970   -0.127910
    0.147845    0.087497   -0.130829
    0.153492    0.087942   -0.133766
    0.159225    0.088311   -0.136719
    0.165044    0.088625   -0.139688
    0.170946    0.088811   -0.142674
    0.176930    0.088899   -0.145675
    0.182994    0.088894   -0.148690
    0.189138    0.088794   -0.151712
    0.195358    0.088597   -0.154761
    0.201655    0.088302   -0.157826
    0.208026    0.087906   -0.160907
    0.214470    0.087408   -0.164004
    0.220986    0.086806   -0.167118
    0.227570    0.086098   -0.170248
    0.234223    0.085292   -0.173394
    0.240941    0.084409   -0.176556
    0.247725    0.083376   -0.179733
    0.254571    0.082224   -0.182923
    0.261478    0.080956   -0.186135
    0.268445    0.079575   -0.189364
    0.275470    0.078079   -0.192610
    0.282550    0.076466   -0.195873
    0.289685    0.074737   -0.199153
    0.296872    0.072889   -0.202451
    0.304110    0.070923   -0.205765
    0.311396    0.068838   -0.209098
    0.318730    0.066632   -0.212447
    0.326109    0.064318   -0.215814
    0.333531    0.061913   -0.219199
    0.340994    0.059345   -0.222601
    0.348497    0.056655   -0.226022
    0.356038    0.053841   -0.229461
    0.363615    0.050901   -0.232918
    0.371226    0.047839   -0.236392
    0.378869    0.044656   -0.239884
    0.386542    0.041352   -0.243394
    0.394243    0.037927   -0.246922
    0.401971    0.034381   -0.250467
    0.409723    0.030716   -0.254030
    0.417498    0.026931   -0.257611
    0.425293    0.023028   -0.261208
    0.433107    0.019006   -0.264823
    0.440937    0.014868   -0.268455
    0.448783    0.010614   -0.272104
    0.456641    0.006245   -0.275770
    0.464509    0.001762   -0.279451
    0.472387   -0.002834   -0.283149
    0.480272   -0.007540   -0.286863
    0.488161   -0.012356   -0.290592
    0.496053   -0.017266   -0.294335
    0.503947   -0.022258   -0.298096
    0.511839   -0.027393   -0.301874
    0.519729   -0.032631   -0.305660
    0.527613   -0.037970   -0.309460
    0.535491   -0.043408   -0.313273
    0.543360   -0.048943   -0.317097
    0.551217   -0.054572   -0.320933
    0.559063   -0.060294   -0.324781
    0.566893   -0.066105   -0.328638
    0.574707   -0.072004   -0.332505
    0.582502   -0.077988   -0.336381
    0.590277   -0.084054   -0.340265
    0.598029   -0.090200   -0.344157
    0.605757   -0.096423   -0.348052
    0.613458   -0.102720   -0.351950
    0.621131   -0.109088   -0.355859
    0.628774   -0.115524   -0.359772
    0.636385   -0.122026   -0.363688
    0.643962   -0.128589   -0.367607
    0.651503   -0.135211   -0.371526
    0.659006   -0.141903   -0.375446
    0.666469   -0.148662   -0.379366
    0.673891   -0.155440   -0.383283
    0.681270   -0.162264   -0.387198
    0.688604   -0.169130   -0.391109
    0.695890   -0.176034   -0.395014
    0.703128   -0.182973   -0.398913
    0.710315   -0.189944   -0.402805
    0.717450   -0.196942   -0.406688
    0.724530   -0.203965   -0.410562
    0.731555   -0.211007   -0.414425
    0.738522   -0.218066   -0.418276
    0.745429   -0.225138   -0.422113
    0.752275   -0.232219   -0.425935
    0.759059   -0.239304   -0.429741
    0.765777   -0.246391   -0.433529
    0.772430   -0.253475   -0.437298
    0.779015   -0.260553   -0.441047
    0.785530   -0.267622   -0.444774
    0.791974   -0.274677   -0.448479
    0.798345   -0.281713   -0.452159
    0.804642   -0.288727   -0.455813
    0.810863   -0.295715   -0.459439
    0.817006   -0.302672   -0.463033
    0.823070   -0.309594   -0.466597
    0.829054   -0.316478   -0.470134
    0.834956   -0.323320   -0.473638
    0.840775   -0.330115   -0.477107
    0.846508   -0.336873   -0.480540
    0.852155   -0.343574   -0.483936
    0.857715   -0.350206   -0.487293
    0.863185   -0.356775   -0.490610
    0.868565   -0.363279   -0.493886
    0.873852   -0.369714   -0.497119
    0.879047   -0.376075   -0.500307
    0.884147   -0.382359   -0.503449
    0.889152   -0.388562   -0.506544
    0.894059   -0.394682   -0.509590
    0.898869   -0.400713   -0.512586
    0.903579   -0.406652   -0.515531
    0.908188   -0.412496   -0.518423
    0.912695   -0.418241   -0.521261
    0.917100   -0.423882   -0.524043
    0.921401   -0.429418   -0.526769
    0.925597   -0.434845   -0.529437
    0.929686   -0.440159   -0.532045
    0.933669   -0.445357   -0.534592
    0.937544   -0.450436   -0.537078
    0.941309   -0.455393   -0.539500
    0.944965   -0.460225   -0.541859
    0.948509   -0.464928   -0.544152
    0.951942   -0.469501   -0.546378
    0.955262   -0.473939   -0.548537
    0.958469   -0.478241   -0.550628
    0.961561   -0.482404   -0.552650
    0.964539   -0.486425   -0.554599
    0.967400   -0.490302   -0.556477
    0.970146   -0.494032   -0.558246
    0.972774   -0.497613   -0.559559
    0.975284   -0.501042   -0.560283
    0.977675   -0.504319   -0.560617
    0.979948   -0.507438   -0.560666
    0.982101   -0.510400   -0.560491
    0.984134   -0.513204   -0.560135
    0.986046   -0.515848   -0.559626
    0.987838   -0.518328   -0.558976
    0.989507   -0.520643   -0.558198
    0.991055   -0.522793   -0.557302
    0.992480   -0.524776   -0.556299
    0.993782   -0.526591   -0.555222
    0.994962   -0.528237   -0.554039
    0.996018   -0.529712   -0.552714
    0.996950   -0.531015   -0.551357
    0.997759   -0.532252   -0.549936
    0.998443   -0.533455   -0.548465
    0.999003   -0.534755   -0.546970
    0.999439   -0.536226   -0.545408
    0.999751   -0.537687   -0.543766
    0.999938   -0.539071   -0.542034
    1.000000   -0.541251   -0.541251
  BLADE PROFILES IN CARTESIAN COORDINATES (3D) 
  VARIABLES = "X", "YSS", "YPS" "R" 
  BLADE           2  SECTION           1
   52.476170    0.987450    0.987450  853.720398
   53.642902    0.900116    0.900116  853.719482
   54.688938    0.821816    0.821816  853.718506
   55.626766    0.751615    0.751615  853.717712
   56.467590    0.688676    0.688676  853.716736
   57.221432    0.632248    0.632248  853.715759
   57.897282    0.581657    0.581657  853.715088
   58.503231    0.536299    0.536299  853.714172
   59.046497    0.495633    0.495633  853.713440
   59.533566    0.459174    0.459174  853.712769
   59.970253    0.426486    0.426486  853.712158
   60.361771    0.397180    0.397180  853.711487
   60.712776    0.370905    0.370905  853.710999
   61.027481    0.347349    0.347349  853.710510
   61.309628    0.326229    0.326229  853.709961
   61.562588    0.307293    0.307293  853.709595
   61.789387    0.290317    0.290317  853.709229
   61.992714    0.275096    0.275096  853.708923
   62.175022    0.261451    0.261451  853.708557
   62.338451    0.249216    0.249216  853.708313
   62.484997    0.238247    0.238247  853.708008
   62.631527    1.050641   -0.618300  853.707642
   62.784748    1.407773   -1.019586  853.707336
   62.945248    1.692658   -1.281077  853.707092
   63.113682    1.917178   -1.468886  853.706726
   63.290619    2.091106   -1.639391  853.706360
   63.476704    2.230953   -1.806698  853.705811
   63.672550    2.359285   -1.974800  853.705505
   63.878746    2.484075   -2.143442  853.705078
   64.095978    2.605457   -2.313428  853.704529
   64.324783    2.723718   -2.485376  853.704041
   64.565804    2.838846   -2.659793  853.703430
   64.819664    2.950685   -2.837100  853.702881
   65.086960    3.058959   -3.017659  853.702271
   65.368332    3.163299   -3.201781  853.701599
   65.664253    3.263198   -3.389258  853.700745
   65.974785    3.357961   -3.580058  853.700012
   66.300644    3.448370   -3.775573  853.699219
   66.642662    3.531384   -3.975521  853.698364
   67.001717    3.606688   -4.180322  853.697510
   67.378830    3.674151   -4.390423  853.696228
   67.775070    3.732844   -4.605432  853.695312
   68.191360    3.781689   -4.827354  853.694031
   68.628525    3.819469   -5.055767  853.692688
   69.088036    3.846692   -5.291371  853.691589
   69.571518    3.857888   -5.534926  853.689941
   70.080795    3.853073   -5.786674  853.688477
   70.617874    3.830597   -6.048709  853.686829
   71.184883    3.788135   -6.321547  853.685059
   71.788788    3.722616   -6.608489  853.683044
   72.438202    3.630961   -6.913505  853.681091
   73.133896    3.504498   -7.236970  853.678650
   73.875298    3.341471   -7.579169  853.676025
   74.660667    3.137958   -7.939435  853.673462
   75.486938    2.890833   -8.316913  853.670593
   76.349823    2.598620   -8.710369  853.667542
   77.235367    2.259373   -9.114335  853.664246
   78.129379    1.879514   -9.523140  853.661011
   79.027069    1.461349   -9.935376  853.657654
   79.924522    1.007166  -10.349965  853.654175
   80.818657    0.519310  -10.766157  853.650879
   81.707375    0.000000  -11.183453  853.647461
   82.589386   -0.547053  -11.601735  853.644043
   83.470703   -1.128015  -12.024415  853.640564
   84.355263   -1.744022  -12.453377  853.637146
   85.242371   -2.394207  -12.888957  853.633789
   86.130875   -3.077565  -13.330989  853.630127
   87.019119   -3.792578  -13.778658  853.626770
   87.905098   -4.537141  -14.231930  853.623352
   88.786293   -5.308848  -14.689425  853.619934
   89.654846   -6.100221  -15.147110  853.616638
   90.505928   -6.902703  -15.602311  853.613403
   91.337143   -7.713425  -16.053560  853.610352
   92.146652   -8.528379  -16.499594  853.607361
   92.933052   -9.343887  -16.939186  853.604431
   93.695335  -10.156681  -17.371359  853.601501
   94.432953  -10.964259  -17.795372  853.598938
   95.148636  -11.767225  -18.212202  853.596313
   95.843094  -12.564542  -18.621944  853.593994
   96.516312  -13.355304  -19.024446  853.591675
   97.168266  -14.136251  -19.419096  853.589600
   97.799004  -14.906479  -19.805504  853.587463
   98.408524  -15.664740  -20.183275  853.585449
   98.996773  -16.409447  -20.551991  853.583557
   99.563805  -17.139147  -20.911263  853.581787
  100.109581  -17.852503  -21.260695  853.580139
  100.634148  -18.548239  -21.599886  853.578491
  101.137459  -19.225130  -21.928642  853.577026
  101.619545  -19.882004  -22.144545  853.575439
  102.080391  -20.517591  -22.058081  853.574341
  102.519997  -21.369402  -21.369818  853.572998
  102.959587  -21.824465  -21.824673  853.572327
  103.434189  -22.315502  -22.315502  853.571655
  103.946518  -22.845604  -22.845604  853.570862
  104.499596  -23.417877  -23.417877  853.570068
  105.096664  -24.035671  -24.035671  853.569031
  105.741272  -24.702621  -24.702621  853.568237
  106.437141  -25.422623  -25.422623  853.567139
  107.188354  -26.199900  -26.199900  853.566284
  107.999344  -27.039015  -27.039015  853.565186
  108.874809  -27.944883  -27.944883  853.564270
  109.819977  -28.922812  -28.922812  853.563049
  110.840324  -29.978539  -29.978539  853.561890
  111.941818  -31.118250  -31.118250  853.560730
  113.130959  -32.348621  -32.348621  853.559570
  114.414665  -33.676880  -33.676880  853.558411
  115.800514  -35.110806  -35.110806  853.557312
  117.296616  -36.658806  -36.658806  853.556030
  118.911728  -38.329956  -38.329956  853.554993
  120.655342  -40.134060  -40.134060  853.553955
  122.537643  -42.081680  -42.081680  853.552979
  BLADE PROFILES IN CARTESIAN COORDINATES (2D) BEFORE   PROJECTION, SCALING, MESHING AND STACKING 
  VARIABLES = "X", "YSS", "YPS" 
  BLADE           2  SECTION           2
    0.000000    0.002365    0.002365
    0.000062    0.004014   -0.001105
    0.000249    0.006116   -0.004041
    0.000561    0.008130   -0.007347
    0.000997    0.010291   -0.010973
    0.001557    0.012492   -0.014354
    0.002241    0.014747   -0.017597
    0.003050    0.017108   -0.020828
    0.003982    0.019629   -0.024030
    0.005038    0.022280   -0.027163
    0.006218    0.025002   -0.030168
    0.007520    0.027755   -0.033049
    0.008945    0.030502   -0.035696
    0.010493    0.033202   -0.038127
    0.012162    0.035817   -0.040346
    0.013954    0.038308   -0.042393
    0.015866    0.040640   -0.044356
    0.017899    0.042787   -0.046348
    0.020052    0.044743   -0.048393
    0.022325    0.046532   -0.050482
    0.024716    0.048221   -0.052596
    0.027226    0.049898   -0.054782
    0.029854    0.051581   -0.057010
    0.032600    0.053265   -0.059278
    0.035461    0.054946   -0.061585
    0.038439    0.056621   -0.063929
    0.041531    0.058287   -0.066309
    0.044738    0.059940   -0.068721
    0.048058    0.061578   -0.071166
    0.051491    0.063197   -0.073642
    0.055036    0.064794   -0.076148
    0.058691    0.066366   -0.078682
    0.062456    0.067909   -0.081243
    0.066331    0.069421   -0.083831
    0.070314    0.070897   -0.086444
    0.074403    0.072336   -0.089077
    0.078599    0.073734   -0.091714
    0.082900    0.075089   -0.094395
    0.087305    0.076396   -0.097099
    0.091812    0.077659   -0.099823
    0.096421    0.078900   -0.102568
    0.101131    0.080049   -0.105334
    0.105941    0.081134   -0.108118
    0.110848    0.082158   -0.110923
    0.115853    0.083118   -0.113745
    0.120953    0.084011   -0.116586
    0.126148    0.084835   -0.119442
    0.131435    0.085588   -0.122301
    0.136815    0.086266   -0.125193
    0.142285    0.086867   -0.128102
    0.147845    0.087389   -0.131028
    0.153492    0.087829   -0.133971
    0.159225    0.088191   -0.136930
    0.165044    0.088501   -0.139906
    0.170946    0.088680   -0.142898
    0.176930    0.088763   -0.145906
    0.182994    0.088752   -0.148927
    0.189138    0.088647   -0.151956
    0.195358    0.088445   -0.155011
    0.201655    0.088144   -0.158083
    0.208026    0.087742   -0.161171
    0.214470    0.087238   -0.164275
    0.220986    0.086630   -0.167396
    0.227570    0.085916   -0.170533
    0.234223    0.085103   -0.173686
    0.240941    0.084215   -0.176855
    0.247725    0.083176   -0.180039
    0.254571    0.082016   -0.183236
    0.261478    0.080742   -0.186455
    0.268445    0.079354   -0.189691
    0.275470    0.077851   -0.192945
    0.282550    0.076232   -0.196215
    0.289685    0.074496   -0.199502
    0.296872    0.072642   -0.202807
    0.304110    0.070669   -0.206129
    0.311396    0.068577   -0.209469
    0.318730    0.066365   -0.212825
    0.326109    0.064043   -0.216200
    0.333531    0.061632   -0.219591
    0.340994    0.059057   -0.223002
    0.348497    0.056360   -0.226430
    0.356038    0.053538   -0.229876
    0.363615    0.050590   -0.233340
    0.371226    0.047521   -0.236822
    0.378869    0.044331   -0.240321
    0.386542    0.041020   -0.243839
    0.394243    0.037587   -0.247374
    0.401971    0.034034   -0.250926
    0.409723    0.030362   -0.254497
    0.417498    0.026569   -0.258084
    0.425293    0.022658   -0.261689
    0.433107    0.018630   -0.265311
    0.440937    0.014484   -0.268951
    0.448783    0.010222   -0.272607
    0.456641    0.005845   -0.276280
    0.464509    0.001355   -0.279969
    0.472387   -0.003248   -0.283674
    0.480272   -0.007962   -0.287394
    0.488161   -0.012785   -0.291130
    0.496053   -0.017703   -0.294881
    0.503947   -0.022702   -0.298649
    0.511839   -0.027845   -0.302434
    0.519729   -0.033091   -0.306227
    0.527613   -0.038437   -0.310034
    0.535491   -0.043883   -0.313853
    0.543360   -0.049425   -0.317685
    0.551217   -0.055062   -0.321528
    0.559063   -0.060791   -0.325382
    0.566893   -0.066610   -0.329246
    0.574707   -0.072517   -0.333120
    0.582502   -0.078508   -0.337002
    0.590277   -0.084582   -0.340893
    0.598029   -0.090735   -0.344791
    0.605757   -0.096966   -0.348693
    0.613458   -0.103270   -0.352597
    0.621131   -0.109645   -0.356512
    0.628774   -0.116089   -0.360432
    0.636385   -0.122598   -0.364354
    0.643962   -0.129168   -0.368279
    0.651503   -0.135798   -0.372205
    0.659006   -0.142497   -0.376131
    0.666469   -0.149263   -0.380057
    0.673891   -0.156049   -0.383980
    0.681270   -0.162880   -0.387901
    0.688604   -0.169752   -0.391817
    0.695890   -0.176664   -0.395729
    0.703128   -0.183610   -0.399634
    0.710315   -0.190587   -0.403531
    0.717450   -0.197593   -0.407420
    0.724530   -0.204622   -0.411300
    0.731555   -0.211671   -0.415168
    0.738522   -0.218737   -0.419024
    0.745429   -0.225815   -0.422867
    0.752275   -0.232903   -0.426694
    0.759059   -0.239995   -0.430505
    0.765777   -0.247088   -0.434298
    0.772430   -0.254179   -0.438073
    0.779015   -0.261262   -0.441827
    0.785530   -0.268338   -0.445559
    0.791974   -0.275399   -0.449268
    0.798345   -0.282442   -0.452953
    0.804642   -0.289462   -0.456611
    0.810863   -0.296455   -0.460243
    0.817006   -0.303418   -0.463841
    0.823070   -0.310346   -0.467410
    0.829054   -0.317236   -0.470951
    0.834956   -0.324083   -0.474459
    0.840775   -0.330884   -0.477932
    0.846508   -0.337648   -0.481370
    0.852155   -0.344354   -0.484770
    0.857715   -0.350991   -0.488131
    0.863185   -0.357566   -0.491452
    0.868565   -0.364075   -0.494732
    0.873852   -0.370515   -0.497968
    0.879047   -0.376881   -0.501160
    0.884147   -0.383169   -0.504306
    0.889152   -0.389377   -0.507404
    0.894059   -0.395502   -0.510454
    0.898869   -0.401538   -0.513454
    0.903579   -0.407482   -0.516402
    0.908188   -0.413330   -0.519297
    0.912695   -0.419078   -0.522138
    0.917100   -0.424725   -0.524924
    0.921401   -0.430265   -0.527652
    0.925597   -0.435695   -0.530323
    0.929686   -0.441013   -0.532934
    0.933669   -0.446215   -0.535484
    0.937544   -0.451298   -0.537972
    0.941309   -0.456258   -0.540398
    0.944965   -0.461093   -0.542758
    0.948509   -0.465800   -0.545054
    0.951942   -0.470376   -0.547282
    0.955262   -0.474818   -0.549443
    0.958469   -0.479123   -0.551536
    0.961561   -0.483289   -0.553561
    0.964539   -0.487313   -0.555512
    0.967400   -0.491192   -0.557392
    0.970146   -0.494925   -0.559162
    0.972774   -0.498508   -0.560474
    0.975284   -0.501940   -0.561199
    0.977675   -0.505219   -0.561533
    0.979948   -0.508340   -0.561583
    0.982101   -0.511304   -0.561407
    0.984134   -0.514111   -0.561052
    0.986046   -0.516756   -0.560543
    0.987838   -0.519237   -0.559895
    0.989507   -0.521554   -0.559117
    0.991055   -0.523706   -0.558222
    0.992480   -0.525690   -0.557218
    0.993782   -0.527507   -0.556142
    0.994962   -0.529154   -0.554959
    0.996018   -0.530630   -0.553635
    0.996950   -0.531933   -0.552278
    0.997759   -0.533171   -0.550856
    0.998443   -0.534374   -0.549386
    0.999003   -0.535674   -0.547891
    0.999439   -0.537145   -0.546329
    0.999751   -0.538606   -0.544688
    0.999938   -0.539992   -0.542957
    1.000000   -0.542176   -0.542176
  BLADE PROFILES IN CARTESIAN COORDINATES (3D) 
  VARIABLES = "X", "YSS", "YPS" "R" 
  BLADE           2  SECTION           2
   52.501385    1.012113    1.012113  854.132019
   53.667091    0.923641    0.923641  854.132019
   54.712215    0.844321    0.844321  854.132080
   55.649200    0.773206    0.773206  854.132019
   56.489285    0.709447    0.709447  854.132019
   57.242474    0.652284    0.652284  854.131958
   57.917725    0.601034    0.601034  854.132080
   58.523140    0.555086    0.555086  854.132019
   59.065926    0.513890    0.513890  854.131958
   59.552578    0.476956    0.476956  854.132080
   59.988873    0.443843    0.443843  854.132019
   60.380043    0.414155    0.414155  854.132019
   60.730747    0.387538    0.387538  854.132080
   61.045170    0.363674    0.363674  854.131958
   61.327072    0.342279    0.342279  854.132019
   61.579811    0.323097    0.323097  854.132019
   61.806400    0.305899    0.305899  854.132080
   62.009567    0.290481    0.290481  854.132080
   62.191704    0.276657    0.276657  854.131958
   62.355003    0.264263    0.264263  854.132019
   62.501408    0.253151    0.253151  854.131958
   62.647820    1.066434   -0.603886  854.132080
   62.800884    1.422801   -1.004008  854.132019
   62.961273    1.707636   -1.264905  854.132019
   63.129536    1.933393   -1.452523  854.132019
   63.306332    2.107355   -1.623104  854.132080
   63.492252    2.245586   -1.790508  854.132019
   63.687912    2.373660   -1.958714  854.132141
   63.893959    2.498131   -2.127470  854.132019
   64.110954    2.619221   -2.297581  854.132019
   64.339561    2.737194   -2.469665  854.132019
   64.580383    2.852029   -2.644227  854.131897
   64.834007    2.963561   -2.821693  854.132019
   65.101089    3.071522   -3.002419  854.131958
   65.382217    3.175541   -3.186724  854.131958
   65.677872    3.275106   -3.373675  854.132019
   65.988129    3.369529   -3.565363  854.131836
   66.313713    3.459578   -3.761083  854.131958
   66.655426    3.542184   -3.961256  854.131897
   67.014183    3.617104   -4.166293  854.132080
   67.390938    3.684184   -4.376633  854.132080
   67.786819    3.742486   -4.591891  854.131836
   68.202766    3.790930   -4.814086  854.131958
   68.639557    3.828299   -5.042784  854.131836
   69.098640    3.855099   -5.278686  854.131897
   69.581718    3.865787   -5.522549  854.131897
   70.090538    3.860529   -5.774618  854.131836
   70.627159    3.837600   -6.036996  854.131958
   71.193687    3.794673   -6.310192  854.131897
   71.797035    3.728648   -6.597513  854.131836
   72.445892    3.636506   -6.902920  854.131775
   73.140984    3.509462   -7.226816  854.131897
   73.881752    3.345908   -7.569462  854.131775
   74.666405    3.141858   -7.930195  854.131714
   75.491943    2.894165   -8.308146  854.131714
   76.354118    2.601444   -8.702099  854.131531
   77.238853    2.261606   -9.106558  854.131531
   78.132103    1.881246   -9.515851  854.131653
   79.029015    1.462610   -9.928568  854.131531
   79.925667    1.007978  -10.343620  854.131470
   80.819038    0.519701  -10.760274  854.131409
   81.706947    0.000000  -11.178006  854.131592
   82.588219   -0.547422  -11.596715  854.131531
   83.468758   -1.128718  -12.019807  854.131348
   84.352554   -1.745042  -12.449168  854.131348
   85.238899   -2.395517  -12.885140  854.131470
   86.126602   -3.079140  -13.327550  854.131409
   87.014069   -3.794395  -13.775587  854.131348
   87.899277   -4.539175  -14.229216  854.131042
   88.779694   -5.311063  -14.687044  854.131165
   89.647507   -6.102609  -15.145057  854.131165
   90.497810   -6.905230  -15.600562  854.131104
   91.328331   -7.716070  -16.052101  854.131104
   92.137138   -8.531112  -16.498394  854.131104
   92.922844   -9.346694  -16.938240  854.131104
   93.684448  -10.159539  -17.370651  854.130981
   94.421440  -10.967140  -17.794882  854.130920
   95.136505  -11.770122  -18.211906  854.131042
   95.830330  -12.567435  -18.621838  854.130981
   96.502960  -13.358178  -19.024509  854.130981
   97.154358  -14.139102  -19.419323  854.131104
   97.784554  -14.909297  -19.805878  854.131042
   98.393509  -15.667498  -20.183781  854.131042
   98.981277  -16.412153  -20.552624  854.130981
   99.547806  -17.141785  -20.912014  854.130859
  100.093102  -17.855068  -21.261547  854.130981
  100.617226  -18.550726  -21.600828  854.131042
  101.120087  -19.227535  -21.929676  854.130859
  101.601746  -19.884323  -22.145535  854.130920
  102.062180  -20.519823  -22.059280  854.130920
  102.501404  -21.371454  -21.371872  854.130920
  102.940613  -21.826487  -21.826696  854.131042
  103.414787  -22.317497  -22.317497  854.130981
  103.926651  -22.847567  -22.847567  854.131042
  104.479271  -23.419806  -23.419806  854.131042
  105.075821  -24.037565  -24.037565  854.131104
  105.719841  -24.704464  -24.704464  854.131104
  106.415108  -25.424425  -25.424425  854.131226
  107.165672  -26.201662  -26.201662  854.131287
  107.975937  -27.040714  -27.040714  854.131348
  108.850639  -27.946526  -27.946526  854.131409
  109.794968  -28.924395  -28.924395  854.131409
  110.814407  -29.980059  -29.980059  854.131409
  111.914955  -31.119698  -31.119698  854.131470
  113.103043  -32.349998  -32.349998  854.131653
  114.385612  -33.678169  -33.678169  854.131592
  115.770241  -35.111996  -35.111996  854.131714
  117.265015  -36.659893  -36.659893  854.131836
  118.878716  -38.330921  -38.330921  854.131836
  120.620804  -40.134892  -40.134892  854.131958
  122.501427  -42.082359  -42.082359  854.132019
  BLADE PROFILES IN CARTESIAN COORDINATES (2D) BEFORE   PROJECTION, SCALING, MESHING AND STACKING 
  VARIABLES = "X", "YSS", "YPS" 
  BLADE           2  SECTION           3
    0.000000    0.002417    0.002417
    0.000062    0.004044   -0.001132
    0.000249    0.006140   -0.004071
    0.000561    0.008147   -0.007385
    0.000997    0.010307   -0.011039
    0.001557    0.012507   -0.014421
    0.002241    0.014760   -0.017665
    0.003050    0.017114   -0.020898
    0.003982    0.019628   -0.024101
    0.005038    0.022275   -0.027221
    0.006218    0.024995   -0.030224
    0.007520    0.027746   -0.033101
    0.008945    0.030491   -0.035744
    0.010493    0.033191   -0.038171
    0.012162    0.035807   -0.040386
    0.013954    0.038299   -0.042431
    0.015866    0.040634   -0.044396
    0.017899    0.042784   -0.046391
    0.020052    0.044742   -0.048434
    0.022325    0.046532   -0.050504
    0.024716    0.048219   -0.052648
    0.027226    0.049894   -0.054837
    0.029854    0.051575   -0.057068
    0.032600    0.053257   -0.059340
    0.035461    0.054934   -0.061651
    0.038439    0.056607   -0.063999
    0.041531    0.058270   -0.066382
    0.044738    0.059921   -0.068799
    0.048058    0.061556   -0.071248
    0.051491    0.063173   -0.073728
    0.055036    0.064767   -0.076238
    0.058691    0.066335   -0.078777
    0.062456    0.067876   -0.081343
    0.066331    0.069384   -0.083935
    0.070314    0.070857   -0.086553
    0.074403    0.072293   -0.089190
    0.078599    0.073687   -0.091833
    0.082900    0.075038   -0.094519
    0.087305    0.076342   -0.097227
    0.091812    0.077601   -0.099957
    0.096421    0.078838   -0.102708
    0.101131    0.079982   -0.105479
    0.105941    0.081063   -0.108269
    0.110848    0.082082   -0.111079
    0.115853    0.083038   -0.113908
    0.120953    0.083927   -0.116755
    0.126148    0.084746   -0.119616
    0.131435    0.085494   -0.122481
    0.136815    0.086167   -0.125379
    0.142285    0.086763   -0.128294
    0.147845    0.087280   -0.131226
    0.153492    0.087725   -0.134176
    0.159225    0.088112   -0.137141
    0.165044    0.088378   -0.140124
    0.170946    0.088550   -0.143122
    0.176930    0.088627   -0.146136
    0.182994    0.088611   -0.149164
    0.189138    0.088500   -0.152200
    0.195358    0.088293   -0.155262
    0.201655    0.087986   -0.158341
    0.208026    0.087579   -0.161435
    0.214470    0.087069   -0.164547
    0.220986    0.086455   -0.167674
    0.227570    0.085735   -0.170818
    0.234223    0.084915   -0.173978
    0.240941    0.084022   -0.177154
    0.247725    0.082975   -0.180345
    0.254571    0.081808   -0.183549
    0.261478    0.080528   -0.186776
    0.268445    0.079134   -0.190019
    0.275470    0.077625   -0.193279
    0.282550    0.075999   -0.196557
    0.289685    0.074256   -0.199852
    0.296872    0.072396   -0.203163
    0.304110    0.070416   -0.206493
    0.311396    0.068317   -0.209840
    0.318730    0.066098   -0.213204
    0.326109    0.063769   -0.216585
    0.333531    0.061351   -0.219984
    0.340994    0.058769   -0.223402
    0.348497    0.056065   -0.226838
    0.356038    0.053234   -0.230291
    0.363615    0.050280   -0.233762
    0.371226    0.047204   -0.237251
    0.378869    0.044006   -0.240758
    0.386542    0.040688   -0.244283
    0.394243    0.037248   -0.247825
    0.401971    0.033688   -0.251385
    0.409723    0.030008   -0.254963
    0.417498    0.026208   -0.258558
    0.425293    0.022290   -0.262170
    0.433107    0.018254   -0.265799
    0.440937    0.014100   -0.269446
    0.448783    0.009831   -0.273109
    0.456641    0.005447   -0.276789
    0.464509    0.000949   -0.280486
    0.472387   -0.003661   -0.284198
    0.480272   -0.008383   -0.287926
    0.488161   -0.013200   -0.291669
    0.496053   -0.018100   -0.295428
    0.503947   -0.023146   -0.299206
    0.511839   -0.028296   -0.302993
    0.519729   -0.033550   -0.306794
    0.527613   -0.038904   -0.310607
    0.535491   -0.044357   -0.314434
    0.543360   -0.049907   -0.318272
    0.551217   -0.055551   -0.322122
    0.559063   -0.061288   -0.325982
    0.566893   -0.067114   -0.329853
    0.574707   -0.073028   -0.333734
    0.582502   -0.079027   -0.337623
    0.590277   -0.085109   -0.341520
    0.598029   -0.091270   -0.345425
    0.605757   -0.097507   -0.349337
    0.613458   -0.103819   -0.353251
    0.621131   -0.110202   -0.357166
    0.628774   -0.116653   -0.361092
    0.636385   -0.123169   -0.365021
    0.643962   -0.129747   -0.368951
    0.651503   -0.136384   -0.372884
    0.659006   -0.143076   -0.376816
    0.666469   -0.149835   -0.380747
    0.673891   -0.156656   -0.384677
    0.681270   -0.163494   -0.388604
    0.688604   -0.170374   -0.392526
    0.695890   -0.177293   -0.396443
    0.703128   -0.184246   -0.400354
    0.710315   -0.191230   -0.404257
    0.717450   -0.198242   -0.408152
    0.724530   -0.205278   -0.412037
    0.731555   -0.212334   -0.415911
    0.738522   -0.219407   -0.419772
    0.745429   -0.226492   -0.423620
    0.752275   -0.233586   -0.427452
    0.759059   -0.240685   -0.431269
    0.765777   -0.247784   -0.435067
    0.772430   -0.254881   -0.438847
    0.779015   -0.261971   -0.442606
    0.785530   -0.269053   -0.446343
    0.791974   -0.276120   -0.450057
    0.798345   -0.283169   -0.453746
    0.804642   -0.290195   -0.457410
    0.810863   -0.297194   -0.461046
    0.817006   -0.304163   -0.464649
    0.823070   -0.311097   -0.468222
    0.829054   -0.317993   -0.471767
    0.834956   -0.324846   -0.475280
    0.840775   -0.331652   -0.478758
    0.846508   -0.338422   -0.482199
    0.852155   -0.345133   -0.485604
    0.857715   -0.351775   -0.488969
    0.863185   -0.358356   -0.492294
    0.868565   -0.364870   -0.495577
    0.873852   -0.371315   -0.498817
    0.879047   -0.377686   -0.502013
    0.884147   -0.383979   -0.505162
    0.889152   -0.390192   -0.508265
    0.894059   -0.396321   -0.511318
    0.898869   -0.402362   -0.514321
    0.903579   -0.408310   -0.517272
    0.908188   -0.414163   -0.520171
    0.912695   -0.419916   -0.523015
    0.917100   -0.425566   -0.525804
    0.921401   -0.431110   -0.528535
    0.925597   -0.436545   -0.531209
    0.929686   -0.441867   -0.533822
    0.933669   -0.447072   -0.536375
    0.937544   -0.452159   -0.538866
    0.941309   -0.457123   -0.541294
    0.944965   -0.461962   -0.543658
    0.948509   -0.466672   -0.545955
    0.951942   -0.471251   -0.548186
    0.955262   -0.475696   -0.550350
    0.958469   -0.480004   -0.552445
    0.961561   -0.484173   -0.554471
    0.964539   -0.488200   -0.556425
    0.967400   -0.492082   -0.558306
    0.970146   -0.495817   -0.560078
    0.972774   -0.499403   -0.561390
    0.975284   -0.502837   -0.562115
    0.977675   -0.506118   -0.562449
    0.979948   -0.509241   -0.562500
    0.982101   -0.512208   -0.562324
    0.984134   -0.515016   -0.561970
    0.986046   -0.517663   -0.561461
    0.987838   -0.520146   -0.560814
    0.989507   -0.522465   -0.560037
    0.991055   -0.524618   -0.559142
    0.992480   -0.526604   -0.558139
    0.993782   -0.528422   -0.557062
    0.994962   -0.530070   -0.555879
    0.996018   -0.531547   -0.554556
    0.996950   -0.532852   -0.553198
    0.997759   -0.534090   -0.551777
    0.998443   -0.535293   -0.550306
    0.999003   -0.536594   -0.548811
    0.999439   -0.538065   -0.547251
    0.999751   -0.539526   -0.545609
    0.999938   -0.540914   -0.543879
    1.000000   -0.543100   -0.543100
  BLADE PROFILES IN CARTESIAN COORDINATES (3D) 
  VARIABLES = "X", "YSS", "YPS" "R" 
  BLADE           2  SECTION           3
   52.525711    1.036730    1.036730  854.542664
   53.690418    0.947121    0.947121  854.543579
   54.734657    0.866782    0.866782  854.544495
   55.670872    0.794753    0.794753  854.545349
   56.510239    0.730175    0.730175  854.546265
   57.262775    0.672277    0.672277  854.547180
   57.937477    0.620369    0.620369  854.548157
   58.542374    0.573830    0.573830  854.548828
   59.084709    0.532105    0.532105  854.549500
   59.570930    0.494697    0.494697  854.550354
   60.006874    0.461158    0.461158  854.551025
   60.397705    0.431088    0.431088  854.551636
   60.748108    0.404129    0.404129  854.552063
   61.062267    0.379959    0.379959  854.552490
   61.343929    0.358289    0.358289  854.553040
   61.596470    0.338860    0.338860  854.553528
   61.822865    0.321442    0.321442  854.553772
   62.025845    0.305825    0.305825  854.554260
   62.207829    0.291823    0.291823  854.554443
   62.370995    0.279270    0.279270  854.554688
   62.517277    0.268016    0.268016  854.554993
   62.663563    1.082230   -0.589603  854.555237
   62.816502    1.437841   -0.988618  854.555664
   62.976757    1.722409   -1.248845  854.555969
   63.144871    1.948159   -1.436271  854.556335
   63.321510    2.122178   -1.606737  854.556763
   63.507275    2.260262   -1.774449  854.557007
   63.702778    2.388076   -1.942754  854.557617
   63.908646    2.512226   -2.111630  854.557983
   64.125473    2.633034   -2.281871  854.558533
   64.353867    2.750727   -2.454097  854.559021
   64.594482    2.865270   -2.628811  854.559448
   64.847916    2.976504   -2.806438  854.560120
   65.114754    3.084156   -2.987339  854.560852
   65.395645    3.187855   -3.171807  854.561584
   65.691048    3.287093   -3.358945  854.562134
   66.001053    3.381179   -3.550839  854.563049
   66.326355    3.470877   -3.746779  854.563782
   66.667770    3.553055   -3.947182  854.564758
   67.026222    3.627613   -4.152458  854.565674
   67.402679    3.694315   -4.363046  854.566589
   67.798210    3.752230   -4.578559  854.567749
   68.213791    3.800273   -4.801032  854.568970
   68.650230    3.837594   -5.030022  854.570251
   69.108932    3.863646   -5.266232  854.571472
   69.591583    3.873798   -5.510400  854.572998
   70.099991    3.868099   -5.762805  854.574463
   70.636116    3.844715   -6.025537  854.576294
   71.202187    3.801322   -6.299099  854.578003
   71.805016    3.734789   -6.586808  854.579895
   72.453339    3.642125   -6.892614  854.581909
   73.147820    3.514534   -7.216953  854.584167
   73.887947    3.350448   -7.560057  854.586853
   74.671951    3.145857   -7.921263  854.589539
   75.496796    2.897590   -8.299706  854.592529
   76.358223    2.604350   -8.694164  854.595520
   77.242218    2.263913   -9.099128  854.598816
   78.134689    1.883042   -9.508923  854.601929
   79.030853    1.463918   -9.922132  854.605347
   79.926712    1.008824  -10.337668  854.608765
   80.819328    0.520113  -10.754786  854.612122
   81.706505    0.000000  -11.172972  854.615479
   82.587006   -0.547435  -11.592312  854.619080
   83.466812   -1.129455  -12.015634  854.622498
   84.349869   -1.746113  -12.445411  854.625732
   85.235435   -2.396900  -12.881787  854.629333
   86.122375   -3.080813  -13.324594  854.632751
   87.009109   -3.796336  -13.773272  854.636108
   87.893539   -4.541358  -14.227013  854.639526
   88.773232   -5.313067  -14.685199  854.643127
   89.640305   -6.105257  -15.143547  854.646423
   90.489891   -6.907990  -15.599375  854.649597
   91.319695   -7.718971  -16.051212  854.652771
   92.127831   -8.534140  -16.497793  854.655762
   92.912842   -9.349813  -16.937897  854.658630
   93.673828  -10.162734  -17.370558  854.661438
   94.410156  -10.970391  -17.795021  854.663940
   95.124649  -11.773418  -18.212267  854.666504
   95.817871  -12.570762  -18.622395  854.668945
   96.489937  -13.361519  -19.025257  854.671387
   97.140793  -14.142446  -19.420244  854.673645
   97.770416  -14.912633  -19.806969  854.675598
   98.378891  -15.670810  -20.185020  854.677612
   98.966125  -16.415432  -20.553997  854.679443
   99.532181  -17.145027  -20.913511  854.681396
  100.077026  -17.858267  -21.263163  854.682922
  100.600670  -18.553871  -21.602558  854.684570
  101.103142  -19.230627  -21.931505  854.686096
  101.584366  -19.887344  -22.147322  854.687378
  102.044426  -20.522781  -22.061308  854.688782
  102.483276  -21.374296  -21.374714  854.690002
  102.922119  -21.829321  -21.829529  854.690735
  103.395889  -22.320316  -22.320316  854.691406
  103.907326  -22.850374  -22.850374  854.692261
  104.459465  -23.422596  -23.422596  854.693054
  105.055511  -24.040340  -24.040340  854.693970
  105.699005  -24.707224  -24.707224  854.694885
  106.393669  -25.427168  -25.427168  854.695801
  107.143578  -26.204380  -26.204380  854.696716
  107.953186  -27.043421  -27.043421  854.697754
  108.827171  -27.949209  -27.949209  854.698853
  109.770676  -28.927050  -28.927050  854.699829
  110.789261  -29.982687  -29.982687  854.701111
  111.888855  -31.122292  -31.122292  854.702148
  113.075951  -32.352562  -32.352562  854.703308
  114.357460  -33.680687  -33.680687  854.704529
  115.740929  -35.114475  -35.114475  854.705688
  117.234436  -36.662319  -36.662319  854.706848
  118.846764  -38.333294  -38.333294  854.707886
  120.587379  -40.137196  -40.137196  854.709045
  122.466431  -42.084587  -42.084587  854.710022
