 DATA SET FOR "multall" . GENERATED BY "stagen" .                       
    CP   and   GAMMA 
  -10.0000    1.0000
287.0491            1.4492              
       ITIMST 
         3
     CFL,    DAMP,    MACHLIM,    F_PDOWN 
  0.400000 10.000000  2.000000  0.000000
  IF_RESTART 
         0
  NSTEPS_MAX, CONLIM 
     10000  0.000150
   SFX,      SFT,      FAC_4TH,     NCHANGE 
  0.005000  0.005000  0.800000      1000
       NUMBER OF BLADE ROWS 
         2
        IM        KM 
        37        37
  FP(I),I=1,IMM1 
  1.000000  1.250000  1.562500  1.953125  2.441406  3.051758  3.814697  4.768372
  5.960464  7.450581  9.313226 11.641532 14.551915 18.189894 20.000000 20.000000
 20.000000 20.000000 20.000000 20.000000 20.000000 20.000000 18.189894 14.551915
 11.641532  9.313226  7.450581  5.960464  4.768372  3.814697  3.051758  2.441406
  1.953125  1.562500  1.250000  1.000000
  FR(K),K=1,KMM1 
  1.000000  1.250000  1.562500  1.953125  2.441406  3.051758  3.814697  4.768372
  5.960464  7.450581  9.313226 11.641532 14.551915 18.189894 20.000000 20.000000
 20.000000 20.000000 20.000000 20.000000 20.000000 20.000000 18.189894 14.551915
 11.641532  9.313226  7.450581  5.960464  4.768372  3.814697  3.051758  2.441406
  1.953125  1.562500  1.250000  1.000000
        IR        JR        KR        IRBB      JRBB      KRBB 
         3         3         3         9         9         9
   FBLK1,     FBLK2,     FBLK3  
  0.400000  0.200000  0.100000
       IFMIX 
         1
   RFMIX,    FEXTRAP,   FSMTHB,    FANGLE 
  0.025000  0.800000  1.000000  0.800000
      IFCOOL    IFBLEED    IF_ROUGH 
         0         0         0
       NSECS_IN 
         3
       IN_PRESS  IN_VTAN   IN_VR    IN_FLOW  IF_REPEAT  RFIN 
         0         0         1         0         0   0.50000
  IPOUT  SFEXIT  NSFEXIT 
    1  0.000000    0
  PLATE_LOSS  THROTTLE_EXIT 
  0.000000  0.000000
        ILOS      NLOS      IBOUND 
       100         5         0
   REYNO,     RF_VIS,   FTRANS, TURBVIS_LIM, PRANDTL, YPLUSWALL
       0.0     0.500     0.000  3000.000       1.0     0.000
   YPLAM      YPTURB 
  5.000000 25.000000
      ISHIFT    NEXTRAP_LE  NEXTRAP_TE 
         2        10        10
  (NSTG(N),N=1,NROWS) 
         1         1
  5  TIME STEPS FOR PRINTOUT 
 10010 10010 10010 10010 10010
  MARKER FOR VARIABLES TO BE SENT TO THE OUTPUT FILE.
 0 0 0 0 0 0 0 0 0 0 0 0 0 0 0 0 0 0 0 0
  STREAM SURFACES ON WHICH RESULTS ARE TO BE SENT TO   THE OUTPUT FILE 
 0 0 0 0 0 0 0 0 0 0 0 0 0 0 0 0 0 0 0 0 0 0 0 0 0 0 0 0 0 0 0 0 0 0 0 0 0
 ***************************************************************
 ************STARTING THE INPUT FOR EACH BLADE ROW**************
  BLADE ROW NUMBER =        1                                           
    NUMBER OF BLADES IN ROW 
        90
        JM        JLE       JTE 
       111        26        96
      KTIPSTART  KTIPEND 
         0         0
       BOUNDARY LAYER TRANSITION POINTS 
         0         0         0         0
  SET NEWGRID= 1 TO GENERATE A NEW GRID WITH DIFFERENT "J" POINTS AND SPACINGS.
         0
   RPMROW,    RPMHUB 
       0.0       0.0
       JROTHS    JROTHE    JROTTS    JROTTE 
         1         1         1         1
   PUPROW    PLEROW   PTEROW    PDROW 
 2735946.8 2735946.8 1802396.4 1802396.4
      NSECS_ROW   INSURF  
         3         0
  IF_CUSP_OUT   IFANGLES 
         1         0
         0         3         0
 ***************************************************************
  ROW NUMBER           1  SECTION NUMBER            1
           0           0           0  IF_DESIGN etc 
   1.00000   0.00000    0
 -0.024977 -0.022105 -0.019545 -0.017262 -0.015226 -0.013412 -0.011794 -0.010351
 -0.009065 -0.007918 -0.006895 -0.005983 -0.005171 -0.004446 -0.003800 -0.003224
 -0.002710 -0.002252 -0.001843 -0.001479 -0.001155 -0.000865 -0.000607 -0.000377
 -0.000172  0.000011  0.000194  0.000385  0.000586  0.000796  0.001017  0.001249
  0.001493  0.001751  0.002022  0.002308  0.002608  0.002925  0.003259  0.003610
  0.003980  0.004367  0.004774  0.005201  0.005649  0.006120  0.006614  0.007134
  0.007680  0.008253  0.008857  0.009493  0.010163  0.010871  0.011625  0.012435
  0.013304  0.014229  0.015210  0.016241  0.017318  0.018424  0.019540  0.020660
  0.021780  0.022897  0.024006  0.025107  0.026207  0.027311  0.028419  0.029528
  0.030637  0.031742  0.032842  0.033927  0.034989  0.036027  0.037037  0.038019
  0.038970  0.039891  0.040784  0.041651  0.042492  0.043306  0.044093  0.044854
  0.045588  0.046296  0.046977  0.047632  0.048260  0.048862  0.049437  0.049986
  0.050535  0.051115  0.051728  0.052376  0.053062  0.053786  0.054552  0.055361
  0.056217  0.057122  0.058078  0.059089  0.060157  0.061287  0.062481
  1.000000  0.000000
 -0.017708 -0.017490 -0.017296 -0.017123 -0.016968 -0.016830 -0.016707 -0.016598
 -0.016500 -0.016413 -0.016335 -0.016266 -0.016205 -0.016149 -0.016100 -0.016057
 -0.016018 -0.015983 -0.015952 -0.015924 -0.015900 -0.015878 -0.015858 -0.015840
 -0.015825 -0.015811 -0.014857 -0.014419 -0.014121 -0.013901 -0.013698 -0.013492
 -0.013282 -0.013067 -0.012846 -0.012618 -0.012384 -0.012142 -0.011892 -0.011635
 -0.011369 -0.011095 -0.010813 -0.010522 -0.010221 -0.009910 -0.009589 -0.009257
 -0.008914 -0.008558 -0.008191 -0.007808 -0.007411 -0.006998 -0.006563 -0.006103
 -0.005616 -0.005105 -0.004570 -0.004015 -0.003442 -0.002860 -0.002279 -0.001701
 -0.001128 -0.000560  0.000000  0.000553  0.001104  0.001654  0.002205  0.002755
  0.003304  0.003851  0.004395  0.004931  0.005457  0.005970  0.006472  0.006959
  0.007433  0.007892  0.008339  0.008774  0.009196  0.009607  0.010005  0.010390
  0.010764  0.011125  0.011474  0.011810  0.012134  0.012280  0.012120  0.011142
  0.011710  0.012311  0.012946  0.013618  0.014328  0.015078  0.015872  0.016710
  0.017597  0.018534  0.019525  0.020572  0.021679  0.022850  0.024087
  1.000000
  0.000000  0.000000  0.000000  0.000000  0.000000  0.000000  0.000000  0.000000
  0.000000  0.000000  0.000000  0.000000  0.000000  0.000000  0.000000  0.000000
  0.000000  0.000000  0.000000  0.000000  0.000000  0.000000  0.000000  0.000000
  0.000000  0.000000  0.001877  0.002721  0.003337  0.003812  0.004215  0.004587
  0.004958  0.005332  0.005715  0.006103  0.006497  0.006899  0.007307  0.007722
  0.008144  0.008569  0.009002  0.009438  0.009877  0.010320  0.010764  0.011212
  0.011662  0.012109  0.012554  0.012996  0.013436  0.013869  0.014296  0.014717
  0.015129  0.015520  0.015883  0.016211  0.016500  0.016733  0.016908  0.017026
  0.017087  0.017093  0.017042  0.016939  0.016785  0.016579  0.016323  0.016016
  0.015661  0.015258  0.014810  0.014323  0.013802  0.013253  0.012680  0.012086
  0.011478  0.010856  0.010225  0.009586  0.008942  0.008293  0.007644  0.006996
  0.006352  0.005713  0.005083  0.004462  0.003853  0.003093  0.002053  0.000001
  0.000000  0.000000  0.000000  0.000000  0.000000  0.000000  0.000000  0.000000
  0.000000  0.000000  0.000000  0.000000  0.000000  0.000000  0.000000
  1.000000  0.000000
  0.853826  0.853825  0.853824  0.853823  0.853822  0.853822  0.853821  0.853820
  0.853819  0.853818  0.853817  0.853817  0.853816  0.853816  0.853815  0.853815
  0.853814  0.853814  0.853814  0.853813  0.853813  0.853813  0.853813  0.853812
  0.853812  0.853812  0.853812  0.853811  0.853811  0.853811  0.853810  0.853810
  0.853810  0.853809  0.853809  0.853808  0.853808  0.853807  0.853807  0.853806
  0.853806  0.853805  0.853804  0.853804  0.853803  0.853802  0.853801  0.853800
  0.853799  0.853798  0.853797  0.853796  0.853794  0.853793  0.853791  0.853790
  0.853788  0.853786  0.853784  0.853782  0.853780  0.853778  0.853775  0.853773
  0.853771  0.853768  0.853766  0.853764  0.853762  0.853759  0.853757  0.853755
  0.853752  0.853750  0.853748  0.853746  0.853744  0.853743  0.853741  0.853739
  0.853737  0.853736  0.853734  0.853733  0.853732  0.853730  0.853729  0.853728
  0.853727  0.853726  0.853725  0.853725  0.853724  0.853723  0.853723  0.853722
  0.853722  0.853721  0.853721  0.853720  0.853720  0.853719  0.853719  0.853718
  0.853717  0.853716  0.853715  0.853713  0.853712  0.853710  0.853708
 ***************************************************************
  ROW NUMBER           1  SECTION NUMBER            2
           0           0           0  IF_DESIGN etc 
   1.00000   0.00000    0
 -0.025001 -0.022128 -0.019566 -0.017282 -0.015246 -0.013430 -0.011811 -0.010368
 -0.009081 -0.007934 -0.006911 -0.005998 -0.005185 -0.004460 -0.003814 -0.003237
 -0.002723 -0.002265 -0.001856 -0.001492 -0.001167 -0.000878 -0.000619 -0.000389
 -0.000184 -0.000001  0.000182  0.000373  0.000574  0.000784  0.001005  0.001238
  0.001482  0.001740  0.002011  0.002297  0.002598  0.002915  0.003249  0.003600
  0.003970  0.004357  0.004764  0.005192  0.005640  0.006111  0.006606  0.007126
  0.007672  0.008246  0.008849  0.009485  0.010156  0.010864  0.011619  0.012430
  0.013298  0.014224  0.015205  0.016237  0.017315  0.018421  0.019537  0.020659
  0.021779  0.022896  0.024006  0.025108  0.026208  0.027313  0.028421  0.029530
  0.030640  0.031746  0.032847  0.033932  0.034995  0.036033  0.037044  0.038026
  0.038978  0.039899  0.040793  0.041660  0.042501  0.043315  0.044103  0.044864
  0.045599  0.046307  0.046989  0.047644  0.048272  0.048874  0.049450  0.049999
  0.050548  0.051128  0.051742  0.052391  0.053076  0.053801  0.054567  0.055377
  0.056233  0.057138  0.058095  0.059106  0.060176  0.061306  0.062501
  1.000000  0.000000
 -0.017712 -0.017494 -0.017299 -0.017126 -0.016971 -0.016833 -0.016711 -0.016601
 -0.016503 -0.016416 -0.016339 -0.016269 -0.016208 -0.016153 -0.016104 -0.016060
 -0.016021 -0.015986 -0.015955 -0.015927 -0.015903 -0.015881 -0.015861 -0.015844
 -0.015828 -0.015814 -0.014860 -0.014422 -0.014124 -0.013903 -0.013700 -0.013494
 -0.013284 -0.013069 -0.012848 -0.012620 -0.012386 -0.012144 -0.011894 -0.011636
 -0.011370 -0.011097 -0.010815 -0.010523 -0.010222 -0.009911 -0.009591 -0.009258
 -0.008915 -0.008559 -0.008191 -0.007809 -0.007411 -0.006998 -0.006564 -0.006103
 -0.005617 -0.005105 -0.004571 -0.004015 -0.003442 -0.002861 -0.002280 -0.001701
 -0.001128 -0.000560  0.000000  0.000553  0.001104  0.001654  0.002205  0.002755
  0.003304  0.003851  0.004395  0.004931  0.005456  0.005970  0.006471  0.006959
  0.007432  0.007892  0.008338  0.008773  0.009195  0.009605  0.010003  0.010389
  0.010762  0.011123  0.011472  0.011808  0.012132  0.012278  0.012118  0.011139
  0.011707  0.012308  0.012943  0.013615  0.014325  0.015075  0.015869  0.016708
  0.017594  0.018531  0.019522  0.020569  0.021677  0.022847  0.024084
  1.000000
  0.000000  0.000000  0.000000  0.000000  0.000000  0.000000  0.000000  0.000000
  0.000000  0.000000  0.000000  0.000000  0.000000  0.000000  0.000000  0.000000
  0.000000  0.000000  0.000000  0.000000  0.000000  0.000000  0.000000  0.000000
  0.000000  0.000000  0.001878  0.002722  0.003339  0.003814  0.004217  0.004589
  0.004960  0.005334  0.005717  0.006105  0.006500  0.006901  0.007310  0.007725
  0.008147  0.008573  0.009006  0.009442  0.009881  0.010324  0.010769  0.011216
  0.011667  0.012114  0.012558  0.013001  0.013441  0.013875  0.014301  0.014723
  0.015135  0.015526  0.015889  0.016217  0.016506  0.016739  0.016915  0.017032
  0.017094  0.017100  0.017049  0.016946  0.016791  0.016586  0.016329  0.016022
  0.015667  0.015263  0.014815  0.014328  0.013807  0.013258  0.012685  0.012091
  0.011482  0.010860  0.010229  0.009590  0.008945  0.008297  0.007647  0.006998
  0.006354  0.005715  0.005085  0.004464  0.003855  0.003094  0.002054  0.000001
  0.000000  0.000000  0.000000  0.000000  0.000000  0.000000  0.000000  0.000000
  0.000000  0.000000  0.000000  0.000000  0.000000  0.000000  0.000000
  1.000000  0.000000
  0.854132  0.854132  0.854132  0.854132  0.854132  0.854132  0.854131  0.854131
  0.854131  0.854131  0.854131  0.854131  0.854131  0.854131  0.854131  0.854131
  0.854131  0.854131  0.854131  0.854131  0.854131  0.854131  0.854131  0.854131
  0.854131  0.854131  0.854131  0.854131  0.854131  0.854131  0.854131  0.854131
  0.854131  0.854131  0.854131  0.854131  0.854131  0.854131  0.854131  0.854131
  0.854131  0.854131  0.854131  0.854131  0.854131  0.854131  0.854131  0.854131
  0.854131  0.854131  0.854131  0.854131  0.854131  0.854131  0.854131  0.854131
  0.854131  0.854131  0.854131  0.854131  0.854131  0.854131  0.854131  0.854131
  0.854131  0.854131  0.854131  0.854131  0.854132  0.854131  0.854131  0.854132
  0.854132  0.854132  0.854132  0.854132  0.854132  0.854132  0.854132  0.854132
  0.854132  0.854132  0.854132  0.854132  0.854132  0.854132  0.854132  0.854132
  0.854132  0.854132  0.854132  0.854132  0.854132  0.854132  0.854132  0.854132
  0.854132  0.854132  0.854132  0.854132  0.854132  0.854132  0.854132  0.854132
  0.854132  0.854132  0.854132  0.854132  0.854132  0.854132  0.854132
 ***************************************************************
  ROW NUMBER           1  SECTION NUMBER            3
           0           0           0  IF_DESIGN etc 
   1.00000   0.00000    0
 -0.025026 -0.022151 -0.019588 -0.017303 -0.015266 -0.013449 -0.011829 -0.010385
 -0.009098 -0.007950 -0.006926 -0.006014 -0.005200 -0.004474 -0.003827 -0.003251
 -0.002737 -0.002278 -0.001869 -0.001505 -0.001180 -0.000890 -0.000632 -0.000401
 -0.000196 -0.000013  0.000170  0.000362  0.000562  0.000773  0.000994  0.001226
  0.001471  0.001729  0.002000  0.002286  0.002587  0.002904  0.003238  0.003590
  0.003960  0.004348  0.004755  0.005182  0.005631  0.006102  0.006597  0.007117
  0.007663  0.008238  0.008842  0.009478  0.010149  0.010858  0.011612  0.012424
  0.013293  0.014220  0.015201  0.016233  0.017311  0.018418  0.019535  0.020657
  0.021778  0.022895  0.024006  0.025108  0.026209  0.027315  0.028423  0.029533
  0.030643  0.031750  0.032851  0.033937  0.035000  0.036039  0.037050  0.038033
  0.038985  0.039907  0.040801  0.041669  0.042510  0.043325  0.044113  0.044875
  0.045610  0.046318  0.047000  0.047656  0.048284  0.048887  0.049463  0.050012
  0.050561  0.051142  0.051756  0.052405  0.053091  0.053816  0.054582  0.055393
  0.056249  0.057155  0.058112  0.059124  0.060194  0.061324  0.062520
  1.000000  0.000000
 -0.017715 -0.017497 -0.017303 -0.017129 -0.016975 -0.016837 -0.016714 -0.016604
 -0.016507 -0.016420 -0.016342 -0.016273 -0.016211 -0.016156 -0.016107 -0.016063
 -0.016024 -0.015989 -0.015958 -0.015931 -0.015906 -0.015884 -0.015864 -0.015847
 -0.015831 -0.015818 -0.014863 -0.014424 -0.014126 -0.013906 -0.013703 -0.013497
 -0.013286 -0.013071 -0.012850 -0.012623 -0.012388 -0.012146 -0.011896 -0.011638
 -0.011372 -0.011099 -0.010816 -0.010525 -0.010224 -0.009913 -0.009592 -0.009260
 -0.008916 -0.008560 -0.008192 -0.007810 -0.007412 -0.006999 -0.006564 -0.006104
 -0.005617 -0.005106 -0.004571 -0.004016 -0.003442 -0.002861 -0.002280 -0.001701
 -0.001128 -0.000560  0.000000  0.000553  0.001104  0.001654  0.002205  0.002755
  0.003304  0.003851  0.004394  0.004930  0.005456  0.005969  0.006470  0.006958
  0.007431  0.007891  0.008337  0.008772  0.009194  0.009604  0.010002  0.010388
  0.010761  0.011122  0.011470  0.011806  0.012130  0.012276  0.012116  0.011136
  0.011704  0.012305  0.012940  0.013612  0.014322  0.015073  0.015866  0.016705
  0.017591  0.018529  0.019519  0.020567  0.021674  0.022844  0.024082
  1.000000
  0.000000  0.000000  0.000000  0.000000  0.000000  0.000000  0.000000  0.000000
  0.000000  0.000000  0.000000  0.000000  0.000000  0.000000  0.000000  0.000000
  0.000000  0.000000  0.000000  0.000000  0.000000  0.000000  0.000000  0.000000
  0.000000  0.000000  0.001878  0.002723  0.003340  0.003815  0.004219  0.004591
  0.004962  0.005337  0.005719  0.006107  0.006502  0.006904  0.007313  0.007728
  0.008150  0.008576  0.009009  0.009445  0.009885  0.010328  0.010773  0.011221
  0.011671  0.012118  0.012563  0.013006  0.013447  0.013880  0.014307  0.014728
  0.015140  0.015532  0.015895  0.016224  0.016513  0.016746  0.016921  0.017039
  0.017101  0.017107  0.017056  0.016952  0.016798  0.016592  0.016336  0.016029
  0.015673  0.015269  0.014821  0.014334  0.013813  0.013263  0.012690  0.012096
  0.011487  0.010864  0.010233  0.009594  0.008949  0.008300  0.007650  0.007001
  0.006357  0.005718  0.005087  0.004465  0.003856  0.003095  0.002055  0.000001
  0.000000  0.000000  0.000000  0.000000  0.000000  0.000000  0.000000  0.000000
  0.000000  0.000000  0.000000  0.000000  0.000000  0.000000  0.000000
  1.000000  0.000000
  0.854438  0.854439  0.854440  0.854441  0.854441  0.854442  0.854443  0.854444
  0.854445  0.854445  0.854446  0.854446  0.854447  0.854448  0.854448  0.854448
  0.854449  0.854449  0.854449  0.854450  0.854450  0.854450  0.854450  0.854451
  0.854451  0.854451  0.854451  0.854452  0.854452  0.854452  0.854452  0.854453
  0.854453  0.854454  0.854454  0.854455  0.854455  0.854455  0.854456  0.854457
  0.854457  0.854458  0.854459  0.854459  0.854460  0.854461  0.854462  0.854463
  0.854464  0.854465  0.854466  0.854467  0.854468  0.854470  0.854471  0.854473
  0.854475  0.854476  0.854478  0.854481  0.854483  0.854485  0.854487  0.854490
  0.854492  0.854494  0.854497  0.854499  0.854501  0.854503  0.854505  0.854508
  0.854510  0.854512  0.854514  0.854517  0.854519  0.854520  0.854522  0.854524
  0.854526  0.854527  0.854529  0.854530  0.854531  0.854532  0.854533  0.854535
  0.854536  0.854537  0.854537  0.854538  0.854539  0.854540  0.854540  0.854541
  0.854541  0.854542  0.854542  0.854543  0.854543  0.854544  0.854544  0.854545
  0.854546  0.854547  0.854548  0.854550  0.854551  0.854553  0.854555
 ***************************************************************
 ************STARTING THE INPUT FOR EACH BLADE ROW**************
  BLADE ROW NUMBER =        2                                           
    NUMBER OF BLADES IN ROW 
       112
        JM        JLE       JTE 
       111        21        91
      KTIPSTART  KTIPEND 
         0         0
       BOUNDARY LAYER TRANSITION POINTS 
         0         0         0         0
  SET NEWGRID= 1 TO GENERATE A NEW GRID WITH DIFFERENT "J" POINTS AND SPACINGS.
         0
   RPMROW,    RPMHUB 
    3000.0    3000.0
       JROTHS    JROTHE    JROTTS    JROTTE 
         1         1         1         1
   PUPROW    PLEROW   PTEROW    PDROW 
 1802396.4 1802396.4 1137247.5 1137247.5
      NSECS_ROW   INSURF  
         3         0
  IF_CUSP_OUT   IFANGLES 
         1         0
         0         3         0
 ***************************************************************
  ROW NUMBER           2  SECTION NUMBER            1
           0           0           0  IF_DESIGN etc 
   1.00000   0.00000    0
  0.052476  0.053643  0.054689  0.055627  0.056468  0.057221  0.057897  0.058503
  0.059046  0.059534  0.059970  0.060362  0.060713  0.061027  0.061310  0.061563
  0.061789  0.061993  0.062175  0.062338  0.062485  0.062632  0.062785  0.062945
  0.063114  0.063291  0.063477  0.063673  0.063879  0.064096  0.064325  0.064566
  0.064820  0.065087  0.065368  0.065664  0.065975  0.066301  0.066643  0.067002
  0.067379  0.067775  0.068191  0.068629  0.069088  0.069572  0.070081  0.070618
  0.071185  0.071789  0.072438  0.073134  0.073875  0.074661  0.075487  0.076350
  0.077235  0.078129  0.079027  0.079925  0.080819  0.081707  0.082589  0.083471
  0.084355  0.085242  0.086131  0.087019  0.087905  0.088786  0.089655  0.090506
  0.091337  0.092147  0.092933  0.093695  0.094433  0.095149  0.095843  0.096516
  0.097168  0.097799  0.098409  0.098997  0.099564  0.100110  0.100634  0.101137
  0.101620  0.102080  0.102520  0.102960  0.103434  0.103947  0.104500  0.105097
  0.105741  0.106437  0.107188  0.107999  0.108875  0.109820  0.110840  0.111942
  0.113131  0.114415  0.115801  0.117297  0.118912  0.120655  0.122538
  1.000000  0.000000
  0.000987  0.000900  0.000822  0.000752  0.000689  0.000632  0.000582  0.000536
  0.000496  0.000459  0.000426  0.000397  0.000371  0.000347  0.000326  0.000307
  0.000290  0.000275  0.000261  0.000249  0.000238  0.001051  0.001408  0.001693
  0.001917  0.002091  0.002231  0.002359  0.002484  0.002605  0.002724  0.002839
  0.002951  0.003059  0.003163  0.003263  0.003358  0.003448  0.003531  0.003607
  0.003674  0.003733  0.003782  0.003819  0.003847  0.003858  0.003853  0.003831
  0.003788  0.003723  0.003631  0.003504  0.003341  0.003138  0.002891  0.002599
  0.002259  0.001880  0.001461  0.001007  0.000519  0.000000 -0.000547 -0.001128
 -0.001744 -0.002394 -0.003078 -0.003793 -0.004537 -0.005309 -0.006100 -0.006903
 -0.007713 -0.008528 -0.009344 -0.010157 -0.010964 -0.011767 -0.012565 -0.013355
 -0.014136 -0.014906 -0.015665 -0.016409 -0.017139 -0.017853 -0.018548 -0.019225
 -0.019882 -0.020518 -0.021369 -0.021824 -0.022316 -0.022846 -0.023418 -0.024036
 -0.024703 -0.025423 -0.026200 -0.027039 -0.027945 -0.028923 -0.029979 -0.031118
 -0.032349 -0.033677 -0.035111 -0.036659 -0.038330 -0.040134 -0.042082
  1.000000
  0.000000  0.000000  0.000000  0.000000  0.000000  0.000000  0.000000  0.000000
  0.000000  0.000000  0.000000  0.000000  0.000000  0.000000  0.000000  0.000000
  0.000000  0.000000  0.000000  0.000000  0.000000  0.001669  0.002427  0.002974
  0.003386  0.003730  0.004038  0.004334  0.004628  0.004919  0.005209  0.005499
  0.005788  0.006077  0.006365  0.006652  0.006938  0.007224  0.007507  0.007787
  0.008065  0.008338  0.008609  0.008875  0.009138  0.009393  0.009640  0.009879
  0.010110  0.010331  0.010544  0.010741  0.010921  0.011077  0.011208  0.011309
  0.011374  0.011403  0.011397  0.011357  0.011285  0.011183  0.011055  0.010896
  0.010709  0.010495  0.010253  0.009986  0.009695  0.009381  0.009047  0.008700
  0.008340  0.007971  0.007595  0.007215  0.006831  0.006445  0.006057  0.005669
  0.005283  0.004899  0.004519  0.004143  0.003772  0.003408  0.003052  0.002704
  0.002263  0.001540  0.000000  0.000000  0.000000  0.000000  0.000000  0.000000
  0.000000  0.000000  0.000000  0.000000  0.000000  0.000000  0.000000  0.000000
  0.000000  0.000000  0.000000  0.000000  0.000000  0.000000  0.000000
  1.000000  0.000000
  0.853720  0.853719  0.853719  0.853718  0.853717  0.853716  0.853715  0.853714
  0.853713  0.853713  0.853712  0.853711  0.853711  0.853711  0.853710  0.853710
  0.853709  0.853709  0.853709  0.853708  0.853708  0.853708  0.853707  0.853707
  0.853707  0.853706  0.853706  0.853706  0.853705  0.853705  0.853704  0.853703
  0.853703  0.853702  0.853702  0.853701  0.853700  0.853699  0.853698  0.853698
  0.853696  0.853695  0.853694  0.853693  0.853692  0.853690  0.853688  0.853687
  0.853685  0.853683  0.853681  0.853679  0.853676  0.853673  0.853671  0.853668
  0.853664  0.853661  0.853658  0.853654  0.853651  0.853647  0.853644  0.853641
  0.853637  0.853634  0.853630  0.853627  0.853623  0.853620  0.853617  0.853613
  0.853610  0.853607  0.853604  0.853602  0.853599  0.853596  0.853594  0.853592
  0.853590  0.853587  0.853585  0.853584  0.853582  0.853580  0.853579  0.853577
  0.853575  0.853574  0.853573  0.853572  0.853572  0.853571  0.853570  0.853569
  0.853568  0.853567  0.853566  0.853565  0.853564  0.853563  0.853562  0.853561
  0.853560  0.853558  0.853557  0.853556  0.853555  0.853554  0.853553
 ***************************************************************
  ROW NUMBER           2  SECTION NUMBER            2
           0           0           0  IF_DESIGN etc 
   1.00000   0.00000    0
  0.052501  0.053667  0.054712  0.055649  0.056489  0.057242  0.057918  0.058523
  0.059066  0.059553  0.059989  0.060380  0.060731  0.061045  0.061327  0.061580
  0.061806  0.062010  0.062192  0.062355  0.062501  0.062648  0.062801  0.062961
  0.063130  0.063306  0.063492  0.063688  0.063894  0.064111  0.064340  0.064580
  0.064834  0.065101  0.065382  0.065678  0.065988  0.066314  0.066655  0.067014
  0.067391  0.067787  0.068203  0.068640  0.069099  0.069582  0.070091  0.070627
  0.071194  0.071797  0.072446  0.073141  0.073882  0.074666  0.075492  0.076354
  0.077239  0.078132  0.079029  0.079926  0.080819  0.081707  0.082588  0.083469
  0.084353  0.085239  0.086127  0.087014  0.087899  0.088780  0.089648  0.090498
  0.091328  0.092137  0.092923  0.093684  0.094421  0.095137  0.095830  0.096503
  0.097154  0.097785  0.098394  0.098981  0.099548  0.100093  0.100617  0.101120
  0.101602  0.102062  0.102501  0.102941  0.103415  0.103927  0.104479  0.105076
  0.105720  0.106415  0.107166  0.107976  0.108851  0.109795  0.110814  0.111915
  0.113103  0.114386  0.115770  0.117265  0.118879  0.120621  0.122501
  1.000000  0.000000
  0.001012  0.000924  0.000844  0.000773  0.000709  0.000652  0.000601  0.000555
  0.000514  0.000477  0.000444  0.000414  0.000388  0.000364  0.000342  0.000323
  0.000306  0.000290  0.000277  0.000264  0.000253  0.001066  0.001423  0.001708
  0.001933  0.002107  0.002246  0.002374  0.002498  0.002619  0.002737  0.002852
  0.002964  0.003072  0.003176  0.003275  0.003370  0.003460  0.003542  0.003617
  0.003684  0.003742  0.003791  0.003828  0.003855  0.003866  0.003861  0.003838
  0.003795  0.003729  0.003637  0.003509  0.003346  0.003142  0.002894  0.002601
  0.002262  0.001881  0.001463  0.001008  0.000520  0.000000 -0.000547 -0.001129
 -0.001745 -0.002396 -0.003079 -0.003794 -0.004539 -0.005311 -0.006103 -0.006905
 -0.007716 -0.008531 -0.009347 -0.010160 -0.010967 -0.011770 -0.012567 -0.013358
 -0.014139 -0.014909 -0.015667 -0.016412 -0.017142 -0.017855 -0.018551 -0.019228
 -0.019884 -0.020520 -0.021371 -0.021826 -0.022317 -0.022848 -0.023420 -0.024038
 -0.024704 -0.025424 -0.026202 -0.027041 -0.027947 -0.028924 -0.029980 -0.031120
 -0.032350 -0.033678 -0.035112 -0.036660 -0.038331 -0.040135 -0.042082
  1.000000
  0.000000  0.000000  0.000000  0.000000  0.000000  0.000000  0.000000  0.000000
  0.000000  0.000000  0.000000  0.000000  0.000000  0.000000  0.000000  0.000000
  0.000000  0.000000  0.000000  0.000000  0.000000  0.001670  0.002427  0.002973
  0.003386  0.003730  0.004036  0.004332  0.004626  0.004917  0.005207  0.005496
  0.005785  0.006074  0.006362  0.006649  0.006935  0.007221  0.007503  0.007783
  0.008061  0.008334  0.008605  0.008871  0.009134  0.009388  0.009635  0.009875
  0.010105  0.010326  0.010539  0.010736  0.010915  0.011072  0.011202  0.011304
  0.011368  0.011397  0.011391  0.011352  0.011280  0.011178  0.011049  0.010891
  0.010704  0.010490  0.010248  0.009981  0.009690  0.009376  0.009042  0.008695
  0.008336  0.007967  0.007592  0.007211  0.006828  0.006442  0.006054  0.005666
  0.005280  0.004897  0.004516  0.004140  0.003770  0.003406  0.003050  0.002702
  0.002261  0.001539  0.000000  0.000000  0.000000  0.000000  0.000000  0.000000
  0.000000  0.000000  0.000000  0.000000  0.000000  0.000000  0.000000  0.000000
  0.000000  0.000000  0.000000  0.000000  0.000000  0.000000  0.000000
  1.000000  0.000000
  0.854132  0.854132  0.854132  0.854132  0.854132  0.854132  0.854132  0.854132
  0.854132  0.854132  0.854132  0.854132  0.854132  0.854132  0.854132  0.854132
  0.854132  0.854132  0.854132  0.854132  0.854132  0.854132  0.854132  0.854132
  0.854132  0.854132  0.854132  0.854132  0.854132  0.854132  0.854132  0.854132
  0.854132  0.854132  0.854132  0.854132  0.854132  0.854132  0.854132  0.854132
  0.854132  0.854132  0.854132  0.854132  0.854132  0.854132  0.854132  0.854132
  0.854132  0.854132  0.854132  0.854132  0.854132  0.854132  0.854132  0.854132
  0.854132  0.854132  0.854132  0.854131  0.854131  0.854132  0.854132  0.854131
  0.854131  0.854131  0.854131  0.854131  0.854131  0.854131  0.854131  0.854131
  0.854131  0.854131  0.854131  0.854131  0.854131  0.854131  0.854131  0.854131
  0.854131  0.854131  0.854131  0.854131  0.854131  0.854131  0.854131  0.854131
  0.854131  0.854131  0.854131  0.854131  0.854131  0.854131  0.854131  0.854131
  0.854131  0.854131  0.854131  0.854131  0.854131  0.854131  0.854131  0.854131
  0.854132  0.854132  0.854132  0.854132  0.854132  0.854132  0.854132
 ***************************************************************
  ROW NUMBER           2  SECTION NUMBER            3
           0           0           0  IF_DESIGN etc 
   1.00000   0.00000    0
  0.052526  0.053690  0.054735  0.055671  0.056510  0.057263  0.057937  0.058542
  0.059085  0.059571  0.060007  0.060398  0.060748  0.061062  0.061344  0.061596
  0.061823  0.062026  0.062208  0.062371  0.062517  0.062664  0.062817  0.062977
  0.063145  0.063322  0.063507  0.063703  0.063909  0.064125  0.064354  0.064594
  0.064848  0.065115  0.065396  0.065691  0.066001  0.066326  0.066668  0.067026
  0.067403  0.067798  0.068214  0.068650  0.069109  0.069592  0.070100  0.070636
  0.071202  0.071805  0.072453  0.073148  0.073888  0.074672  0.075497  0.076358
  0.077242  0.078135  0.079031  0.079927  0.080819  0.081707  0.082587  0.083467
  0.084350  0.085235  0.086122  0.087009  0.087894  0.088773  0.089640  0.090490
  0.091320  0.092128  0.092913  0.093674  0.094410  0.095125  0.095818  0.096490
  0.097141  0.097770  0.098379  0.098966  0.099532  0.100077  0.100601  0.101103
  0.101584  0.102044  0.102483  0.102922  0.103396  0.103907  0.104459  0.105056
  0.105699  0.106394  0.107144  0.107953  0.108827  0.109771  0.110789  0.111889
  0.113076  0.114357  0.115741  0.117234  0.118847  0.120587  0.122466
  1.000000  0.000000
  0.001037  0.000947  0.000867  0.000795  0.000730  0.000672  0.000620  0.000574
  0.000532  0.000495  0.000461  0.000431  0.000404  0.000380  0.000358  0.000339
  0.000321  0.000306  0.000292  0.000279  0.000268  0.001082  0.001438  0.001722
  0.001948  0.002122  0.002260  0.002388  0.002512  0.002633  0.002751  0.002865
  0.002977  0.003084  0.003188  0.003287  0.003381  0.003471  0.003553  0.003628
  0.003694  0.003752  0.003800  0.003838  0.003864  0.003874  0.003868  0.003845
  0.003801  0.003735  0.003642  0.003515  0.003350  0.003146  0.002898  0.002604
  0.002264  0.001883  0.001464  0.001009  0.000520  0.000000 -0.000547 -0.001129
 -0.001746 -0.002397 -0.003081 -0.003796 -0.004541 -0.005313 -0.006105 -0.006908
 -0.007719 -0.008534 -0.009350 -0.010163 -0.010970 -0.011773 -0.012571 -0.013362
 -0.014142 -0.014913 -0.015671 -0.016415 -0.017145 -0.017858 -0.018554 -0.019231
 -0.019887 -0.020523 -0.021374 -0.021829 -0.022320 -0.022850 -0.023423 -0.024040
 -0.024707 -0.025427 -0.026204 -0.027043 -0.027949 -0.028927 -0.029983 -0.031122
 -0.032353 -0.033681 -0.035114 -0.036662 -0.038333 -0.040137 -0.042085
  1.000000
  0.000000  0.000000  0.000000  0.000000  0.000000  0.000000  0.000000  0.000000
  0.000000  0.000000  0.000000  0.000000  0.000000  0.000000  0.000000  0.000000
  0.000000  0.000000  0.000000  0.000000  0.000000  0.001672  0.002426  0.002971
  0.003384  0.003729  0.004035  0.004331  0.004624  0.004915  0.005205  0.005494
  0.005783  0.006071  0.006360  0.006646  0.006932  0.007218  0.007500  0.007780
  0.008057  0.008331  0.008601  0.008868  0.009130  0.009384  0.009631  0.009870
  0.010100  0.010322  0.010535  0.010731  0.010911  0.011067  0.011197  0.011299
  0.011363  0.011392  0.011386  0.011346  0.011275  0.011173  0.011045  0.010886
  0.010699  0.010485  0.010244  0.009977  0.009686  0.009372  0.009038  0.008691
  0.008332  0.007964  0.007588  0.007208  0.006825  0.006439  0.006052  0.005664
  0.005278  0.004894  0.004514  0.004139  0.003768  0.003405  0.003049  0.002701
  0.002260  0.001539  0.000000  0.000000  0.000000  0.000000  0.000000  0.000000
  0.000000  0.000000  0.000000  0.000000  0.000000  0.000000  0.000000  0.000000
  0.000000  0.000000  0.000000  0.000000  0.000000  0.000000  0.000000
  1.000000  0.000000
  0.854543  0.854544  0.854545  0.854545  0.854546  0.854547  0.854548  0.854549
  0.854550  0.854550  0.854551  0.854552  0.854552  0.854553  0.854553  0.854554
  0.854554  0.854554  0.854554  0.854555  0.854555  0.854555  0.854556  0.854556
  0.854556  0.854557  0.854557  0.854558  0.854558  0.854559  0.854559  0.854559
  0.854560  0.854561  0.854562  0.854562  0.854563  0.854564  0.854565  0.854566
  0.854567  0.854568  0.854569  0.854570  0.854571  0.854573  0.854574  0.854576
  0.854578  0.854580  0.854582  0.854584  0.854587  0.854590  0.854593  0.854596
  0.854599  0.854602  0.854605  0.854609  0.854612  0.854615  0.854619  0.854622
  0.854626  0.854629  0.854633  0.854636  0.854640  0.854643  0.854646  0.854650
  0.854653  0.854656  0.854659  0.854661  0.854664  0.854667  0.854669  0.854671
  0.854674  0.854676  0.854678  0.854679  0.854681  0.854683  0.854685  0.854686
  0.854687  0.854689  0.854690  0.854691  0.854691  0.854692  0.854693  0.854694
  0.854695  0.854696  0.854697  0.854698  0.854699  0.854700  0.854701  0.854702
  0.854703  0.854704  0.854706  0.854707  0.854708  0.854709  0.854710
  STARTING INLET BOUNDARY CONDITION DATA .
  NUMBER OF POINTS FOR INLET BOUNDARY CONDITIONS 
        37
  SPACING OF INLET BOUNDARY CONDITION POINTS 
  1.000000  1.250000  1.562500  1.953125  2.441406  3.051758  3.814697  4.768372
  5.960464  7.450581  9.313226 11.641532 14.551915 18.189894 20.000000 20.000000
 20.000000 20.000000 20.000000 20.000000 20.000000 20.000000 18.189894 14.551915
 11.641532  9.313226  7.450581  5.960464  4.768372  3.814697  3.051758  2.441406
  1.953125  1.562500  1.250000  1.000000
   INLET STAGNATION PRESSURES 
 3786000.0 3786000.0 3786000.0 3786000.0 3786000.0 3785999.8 3786000.0 3786000.2
 3785999.8 3786000.0 3786000.2 3786000.0 3786000.2 3786000.0 3786000.0 3786000.0
 3786000.0 3786000.0 3786000.0 3786000.0 3786000.0 3786000.0 3786000.0 3786000.0
 3786000.0 3786000.0 3786000.0 3786000.0 3786000.0 3786000.0 3786000.0 3786000.0
 3786000.0 3786000.0 3786000.0 3786000.0 3786000.0
   INLET STAGNATION TEMPERATURES 
  332.8109  332.8109  332.8109  332.8109  332.8109  332.8109  332.8109  332.8109
  332.8109  332.8109  332.8109  332.8109  332.8109  332.8109  332.8109  332.8109
  332.8109  332.8109  332.8109  332.8109  332.8109  332.8109  332.8109  332.8109
  332.8109  332.8109  332.8109  332.8109  332.8109  332.8109  332.8109  332.8109
  332.8109  332.8109  332.8109  332.8109  332.8109
   INLET ABSOLUTE TANGENTIAL VELOCITY 
    0.0000    0.0000    0.0000    0.0000    0.0000    0.0000    0.0000    0.0000
    0.0000    0.0000    0.0000    0.0000    0.0000    0.0000    0.0000    0.0000
    0.0000    0.0000    0.0000    0.0000    0.0000    0.0000    0.0000    0.0000
    0.0000    0.0000    0.0000    0.0000    0.0000    0.0000    0.0000    0.0000
    0.0000    0.0000    0.0000    0.0000    0.0000
   INLET MERIDIONAL VELOCITY 
  241.4998  241.4998  241.4998  241.4998  241.4998  241.4998  241.4998  241.4998
  241.4998  241.4998  241.4998  241.4998  241.4998  241.4998  241.4998  241.4998
  241.4998  241.4998  241.4998  241.4998  241.4998  241.4998  241.4998  241.4998
  241.4998  241.4998  241.4998  241.4998  241.4998  241.4998  241.4998  241.4998
  241.4998  241.4998  241.4998  241.4998  241.4998
   INLET MERIDIONAL YAW ANGLE  
    6.3402    6.3402    6.3402    6.3402    6.3402    6.3402    6.3402    6.3402
    6.3402    6.3402    6.3402    6.3402    6.3402    6.3402    6.3402    6.3402
    6.3402    6.3402    6.3402    6.3402    6.3402    6.3402    6.3402    6.3402
    6.3402    6.3402    6.3402    6.3402    6.3402    6.3402    6.3402    6.3402
    6.3402    6.3402    6.3402    6.3402    6.3402
   INLET PITCH ANGLE 
   -0.0034   -0.0034   -0.0034   -0.0033   -0.0033   -0.0032   -0.0032   -0.0031
   -0.0030   -0.0029   -0.0027   -0.0025   -0.0023   -0.0020   -0.0016   -0.0012
   -0.0008   -0.0004    0.0000    0.0004    0.0008    0.0012    0.0016    0.0020
    0.0023    0.0025    0.0027    0.0029    0.0030    0.0031    0.0032    0.0032
    0.0033    0.0033    0.0034    0.0034    0.0034
   PDOWN_HUB   PDOWN_TIP 
 1137247.5 1137247.5
 MIXING LENGTH LIMITS ON ALL BLADE ROWS
  0.020000  0.030000  0.040000  0.050000  1.000000  0.500000
  0.020000  0.030000  0.040000  0.050000  1.000000  0.500000
  FACTOR TO INCREASE THE TURBULENT VISCOSITY OVER THE FIRST NMIXUP STEPS 
   2.00000 1000
