  BLADE PROFILES IN CARTESIAN COORDINATES (2D) BEFORE   PROJECTION, SCALING, MESHING AND STACKING 
  VARIABLES = "X", "YSS", "YPS" 
  BLADE           1  SECTION           1
    0.000000   -0.021637   -0.021637
    0.000062   -0.020674   -0.025279
    0.000249   -0.018045   -0.027348
    0.000561   -0.015773   -0.029661
    0.000997   -0.013387   -0.032027
    0.001557   -0.010924   -0.033933
    0.002241   -0.008441   -0.036036
    0.003050   -0.006054   -0.038262
    0.003982   -0.003665   -0.040679
    0.005038   -0.001286   -0.043350
    0.006218    0.001059   -0.046264
    0.007520    0.003352   -0.049420
    0.008945    0.005577   -0.052806
    0.010493    0.007708   -0.056415
    0.012162    0.009735   -0.060269
    0.013954    0.011674   -0.064319
    0.015866    0.013565   -0.068567
    0.017899    0.015331   -0.073013
    0.020052    0.016951   -0.077647
    0.022325    0.018541   -0.082462
    0.024716    0.020057   -0.087449
    0.027226    0.021506   -0.092601
    0.029854    0.022884   -0.097909
    0.032600    0.024187   -0.103364
    0.035461    0.025437   -0.108958
    0.038439    0.026629   -0.114681
    0.041531    0.027764   -0.120524
    0.044738    0.028836   -0.126477
    0.048058    0.029837   -0.132532
    0.051491    0.030754   -0.138679
    0.055036    0.031574   -0.144907
    0.058691    0.032265   -0.151208
    0.062456    0.032815   -0.157570
    0.066331    0.033201   -0.163984
    0.070314    0.033407   -0.170440
    0.074403    0.033447   -0.176928
    0.078599    0.033368   -0.183438
    0.082900    0.033284   -0.189960
    0.087305    0.033219   -0.196485
    0.091812    0.033177   -0.203013
    0.096421    0.033162   -0.209583
    0.101131    0.033178   -0.216030
    0.105941    0.033229   -0.222437
    0.110848    0.033319   -0.228798
    0.115853    0.033453   -0.235108
    0.120953    0.033635   -0.241363
    0.126148    0.033869   -0.247546
    0.131435    0.034160   -0.253603
    0.136815    0.034511   -0.259581
    0.142285    0.034929   -0.265501
    0.147845    0.035416   -0.271169
    0.153492    0.035977   -0.276768
    0.159225    0.036616   -0.282295
    0.165044    0.037337   -0.287504
    0.170946    0.038144   -0.292638
    0.176930    0.039084   -0.297632
    0.182994    0.040087   -0.302338
    0.189138    0.041185   -0.306947
    0.195358    0.042380   -0.311258
    0.201655    0.043740   -0.315469
    0.208026    0.045153   -0.319407
    0.214470    0.046736   -0.323113
    0.220986    0.048429   -0.326631
    0.227570    0.050288   -0.329800
    0.234223    0.052191   -0.332855
    0.240941    0.054328   -0.335456
    0.247725    0.056537   -0.338007
    0.254571    0.058925   -0.339936
    0.261478    0.061460   -0.341836
    0.268445    0.064166   -0.343255
    0.275470    0.067001   -0.344610
    0.282550    0.070024   -0.345430
    0.289685    0.073225   -0.346137
    0.296872    0.076537   -0.346335
    0.304110    0.080098   -0.346365
    0.311396    0.083779   -0.345924
    0.318730    0.087637   -0.345247
    0.326109    0.091678   -0.344155
    0.333531    0.095904   -0.342742
    0.340994    0.100322   -0.340997
    0.348497    0.104932   -0.338821
    0.356038    0.109738   -0.336422
    0.363615    0.114741   -0.333370
    0.371226    0.119944   -0.330141
    0.378869    0.125346   -0.326472
    0.386542    0.130949   -0.322501
    0.394243    0.136752   -0.318209
    0.401971    0.142757   -0.313298
    0.409723    0.148962   -0.308143
    0.417498    0.155366   -0.302674
    0.425293    0.161965   -0.296641
    0.433107    0.168708   -0.290326
    0.440937    0.175742   -0.283757
    0.448783    0.182984   -0.276536
    0.456641    0.190425   -0.268976
    0.464509    0.198064   -0.261063
    0.472387    0.205887   -0.252808
    0.480272    0.213846   -0.244285
    0.488161    0.222115   -0.235199
    0.496053    0.230581   -0.225741
    0.503947    0.239239   -0.215917
    0.511839    0.248086   -0.205726
    0.519729    0.257110   -0.195169
    0.527613    0.266270   -0.184249
    0.535491    0.275716   -0.172967
    0.543360    0.285350   -0.161329
    0.551217    0.295162   -0.149338
    0.559063    0.305126   -0.137001
    0.566893    0.315208   -0.124324
    0.574707    0.325572   -0.111312
    0.582502    0.336115   -0.097973
    0.590277    0.346820   -0.084313
    0.598029    0.357682   -0.070340
    0.605757    0.368680   -0.056027
    0.613458    0.379768   -0.041252
    0.621131    0.391120   -0.026350
    0.628774    0.402620   -0.011165
    0.636385    0.414256    0.004293
    0.643962    0.426023    0.020017
    0.651503    0.437897    0.035997
    0.659006    0.449839    0.052288
    0.666469    0.461997    0.068930
    0.673891    0.474280    0.085660
    0.681270    0.486667    0.102608
    0.688604    0.499153    0.119764
    0.695890    0.511731    0.137126
    0.703128    0.524383    0.154855
    0.710315    0.537055    0.172607
    0.717450    0.549909    0.190524
    0.724530    0.562830    0.208596
    0.731555    0.575811    0.226809
    0.738522    0.588845    0.245163
    0.745429    0.601926    0.263691
    0.752275    0.615033    0.282404
    0.759059    0.628123    0.301102
    0.765777    0.641319    0.319883
    0.772430    0.654542    0.338735
    0.779015    0.667774    0.357646
    0.785530    0.681009    0.376648
    0.791974    0.694238    0.395768
    0.798345    0.707455    0.414802
    0.804642    0.720638    0.433845
    0.810863    0.733753    0.452881
    0.817006    0.746891    0.471899
    0.823070    0.759998    0.490886
    0.829054    0.773051    0.509849
    0.834956    0.786044    0.528780
    0.840775    0.798968    0.547686
    0.846508    0.811815    0.566432
    0.852155    0.824578    0.585081
    0.857715    0.837235    0.603620
    0.863185    0.849767    0.622034
    0.868565    0.862231    0.640313
    0.873852    0.874578    0.658455
    0.879047    0.886810    0.676435
    0.884147    0.898909    0.694262
    0.889152    0.910866    0.711925
    0.894059    0.922675    0.729336
    0.898869    0.934328    0.746533
    0.903579    0.945817    0.763503
    0.908188    0.957134    0.780234
    0.912695    0.968273    0.796716
    0.917100    0.979212    0.812934
    0.921401    0.989951    0.828883
    0.925597    1.000510    0.844548
    0.929686    1.010860    0.859913
    0.933669    1.020994    0.874968
    0.937544    1.030907    0.889703
    0.941309    1.040591    0.904123
    0.944965    1.050039    0.918203
    0.948509    1.059245    0.931907
    0.951942    1.068202    0.945248
    0.955262    1.076904    0.958216
    0.958469    1.085345    0.970802
    0.961561    1.093520    0.982996
    0.964539    1.101421    0.994788
    0.967400    1.109044    1.006169
    0.970146    1.116391    1.017132
    0.972774    1.123445    1.027668
    0.975284    1.130193    1.037769
    0.977675    1.136302    1.047428
    0.979948    1.141426    1.056636
    0.982101    1.145797    1.065387
    0.984134    1.149553    1.073666
    0.986046    1.152772    1.081482
    0.987838    1.155509    1.088824
    0.989507    1.157794    1.095684
    0.991055    1.159645    1.102057
    0.992480    1.161077    1.107937
    0.993782    1.162094    1.113319
    0.994962    1.162701    1.118202
    0.996018    1.162980    1.122583
    0.996950    1.162783    1.126585
    0.997759    1.162106    1.130319
    0.998443    1.161115    1.133994
    0.999003    1.159742    1.137758
    0.999439    1.158001    1.141386
    0.999751    1.155922    1.144866
    0.999938    1.153561    1.148289
    1.000000    1.150481    1.150481
  BLADE PROFILES IN CARTESIAN COORDINATES (3D) 
  VARIABLES = "X", "YSS", "YPS" "R" 
  BLADE           1  SECTION           1
  -10.596903    6.775317    6.775317  177.617020
   -9.340686    5.341833    5.341833  177.585373
   -8.220856    4.063809    4.063809  177.551804
   -7.222636    2.924434    2.924434  177.517273
   -6.332835    1.908700    1.908700  177.482727
   -5.539675    1.003209    1.003209  177.448730
   -4.832666    0.196008    0.196008  177.415848
   -4.202445   -0.523567   -0.523567  177.384338
   -3.640666   -1.165026   -1.165026  177.354507
   -3.139888   -1.736851   -1.736851  177.326523
   -2.693483   -2.246604   -2.246604  177.300415
   -2.295542   -2.701025   -2.701025  177.276199
   -1.940799   -3.106123   -3.106123  177.253815
   -1.624561   -3.467257   -3.467257  177.233307
   -1.342641   -3.789199   -3.789199  177.214493
   -1.091315   -4.076207   -4.076207  177.197342
   -0.867260   -4.332073   -4.332073  177.181732
   -0.667514   -4.560178   -4.560178  177.167572
   -0.489437   -4.763537   -4.763537  177.154739
   -0.330678   -4.944837   -4.944837  177.143097
   -0.189139   -5.106470   -5.106470  177.132599
   -0.062951   -5.250572   -5.250572  177.123169
    0.049550   -5.379045   -5.379045  177.114685
    0.149851   -5.493584   -5.493584  177.107040
    0.239273   -5.595702   -5.595702  177.100159
    0.319000   -5.686747   -5.686747  177.093994
    0.398142   -5.318458   -6.092247  177.083023
    0.480883   -5.148703   -6.299214  177.071487
    0.567556   -5.024682   -6.504276  177.059296
    0.658489   -4.926927   -6.710908  177.046432
    0.754014   -4.848063   -6.920135  177.032852
    0.854464   -4.780199   -7.133158  177.018372
    0.960169   -4.720822   -7.350500  177.003082
    1.071458   -4.668487   -7.572464  176.986862
    1.188661   -4.621281   -7.799199  176.969635
    1.312111   -4.578978   -8.030709  176.951355
    1.442135   -4.542232   -8.266868  176.931885
    1.579062   -4.512697   -8.507434  176.911255
    1.723224   -4.492760   -8.752048  176.889282
    1.874949   -4.484444   -9.000240  176.865982
    2.034488   -4.485783   -9.251334  176.841217
    2.201882   -4.487986   -9.504287  176.815033
    2.377513   -4.488545   -9.759914  176.787247
    2.561817   -4.486939  -10.014047  176.757812
    2.755275   -4.482551  -10.267449  176.726608
    2.958419   -4.474689  -10.520352  176.693466
    3.171825   -4.462568  -10.770341  176.658325
    3.396003   -4.445307  -11.017913  176.621002
    3.631378   -4.421943  -11.256678  176.581467
    3.878729   -4.391398  -11.488967  176.539474
    4.138938   -4.351512  -11.712747  176.494858
    4.412981   -4.302319  -11.923018  176.447357
    4.701924   -4.240575  -12.119553  176.396790
    5.006941   -4.165068  -12.298932  176.342819
    5.331714   -4.072014  -12.458552  176.284912
    5.680923   -3.957268  -12.593369  176.221970
    6.054942   -3.816768  -12.690325  176.153915
    6.453475   -3.647089  -12.751439  176.080795
    6.875575   -3.444085  -12.765433  176.002762
    7.319588   -3.205946  -12.720502  175.920029
    7.783247   -2.928041  -12.611975  175.833145
    8.259023   -2.610976  -12.432988  175.743530
    8.739332   -2.257938  -12.187858  175.652740
    9.221604   -1.870325  -11.871016  175.561462
    9.703742   -1.451291  -11.488054  175.470093
   10.184130   -0.997188  -11.037559  175.379227
   10.661633   -0.515165  -10.528782  175.289062
   11.135597    0.000000   -9.954402  175.200027
   11.609236    0.545954   -9.318160  175.111542
   12.084709    1.129447   -8.616385  175.023300
   12.561634    1.746423   -7.849154  174.935654
   13.039419    2.402745   -7.017509  174.848740
   13.517200    3.090442   -6.118554  174.762894
   13.993895    3.814576   -5.162007  174.678421
   14.468174    4.566972   -4.148674  174.595718
   14.935814    5.344893   -3.085185  174.515594
   15.394211    6.139909   -1.986662  174.438553
   15.842097    6.946469   -0.857686  174.364853
   16.278471    7.764208    0.292777  174.294510
   16.702557    8.584817    1.463863  174.227844
   17.113815    9.410001    2.642268  174.164764
   17.511963   10.233459    3.830067  174.105240
   17.898436   11.054649    5.020447  174.049057
   18.273605   11.876286    6.214896  173.996094
   18.637487   12.693860    7.410752  173.946152
   18.990055   13.504353    8.600815  173.899323
   19.331291   14.308781    9.784804  173.855331
   19.661200   15.103875   10.959645  173.814301
   19.979755   15.887671   12.119764  173.775970
   20.286959   16.657841   13.264036  173.740265
   20.582796   17.414228   14.389653  173.707169
   20.867250   18.154478   15.493787  173.676514
   21.140306   18.876984   16.572906  173.648163
   21.401957   19.573614   17.625229  173.622009
   21.652197   20.035589   18.648174  173.597977
   21.890993   19.887438   19.887035  173.576004
   22.130426   20.718233   20.718033  173.559769
   22.383545   21.596613   21.596613  173.542740
   22.651133   22.525070   22.525070  173.524750
   22.934010   23.506460   23.506460  173.505890
   23.233055   24.543795   24.543795  173.485947
   23.549189   25.640242   25.640242  173.464920
   23.883381   26.799177   26.799177  173.442764
   24.236660   28.024126   28.024126  173.419281
   24.610121   29.318850   29.318850  173.394394
   25.004869   30.687239   30.687239  173.367691
   25.422144   32.133514   32.133514  173.339233
   25.863230   33.662079   33.662079  173.308914
   26.329489   35.277603   35.277603  173.276581
   26.822344   36.984993   36.984993  173.242004
   27.343302   38.789406   38.789406  173.205063
  BLADE PROFILES IN CARTESIAN COORDINATES (2D) BEFORE   PROJECTION, SCALING, MESHING AND STACKING 
  VARIABLES = "X", "YSS", "YPS" 
  BLADE           1  SECTION           2
    0.000000   -0.021432   -0.021432
    0.000062   -0.019685   -0.023084
    0.000249   -0.016907   -0.025822
    0.000561   -0.014335   -0.028313
    0.000997   -0.011794   -0.030377
    0.001557   -0.009416   -0.032405
    0.002241   -0.006980   -0.034486
    0.003050   -0.004540   -0.036547
    0.003982   -0.002123   -0.038843
    0.005038    0.000251   -0.041355
    0.006218    0.002564   -0.044098
    0.007520    0.004797   -0.047084
    0.008945    0.006922   -0.050280
    0.010493    0.008957   -0.053685
    0.012162    0.010896   -0.057299
    0.013954    0.012774   -0.061114
    0.015866    0.014526   -0.065121
    0.017899    0.016139   -0.069315
    0.020052    0.017712   -0.073687
    0.022325    0.019208   -0.078231
    0.024716    0.020636   -0.082937
    0.027226    0.022003   -0.087799
    0.029854    0.023307   -0.092809
    0.032600    0.024540   -0.097958
    0.035461    0.025718   -0.103239
    0.038439    0.026836   -0.108643
    0.041531    0.027886   -0.114161
    0.044738    0.028860   -0.119784
    0.048058    0.029747   -0.125505
    0.051491    0.030525   -0.131314
    0.055036    0.031173   -0.137202
    0.058691    0.031666   -0.143160
    0.062456    0.031981   -0.149179
    0.066331    0.032108   -0.155249
    0.070314    0.032080   -0.161362
    0.074403    0.031984   -0.167511
    0.078599    0.031887   -0.173738
    0.082900    0.031803   -0.179913
    0.087305    0.031734   -0.186088
    0.091812    0.031685   -0.192256
    0.096421    0.031659   -0.198409
    0.101131    0.031659   -0.204539
    0.105941    0.031689   -0.210638
    0.110848    0.031754   -0.216704
    0.115853    0.031857   -0.222751
    0.120953    0.032001   -0.228671
    0.126148    0.032213   -0.234513
    0.131435    0.032457   -0.240304
    0.136815    0.032754   -0.246056
    0.142285    0.033110   -0.251589
    0.147845    0.033527   -0.257026
    0.153492    0.034010   -0.262384
    0.159225    0.034562   -0.267615
    0.165044    0.035186   -0.272656
    0.170946    0.035885   -0.277588
    0.176930    0.036711   -0.282358
    0.182994    0.037585   -0.286913
    0.189138    0.038542   -0.291346
    0.195358    0.039640   -0.295530
    0.201655    0.040788   -0.299591
    0.208026    0.042083   -0.303458
    0.214470    0.043479   -0.306982
    0.220986    0.044979   -0.310399
    0.227570    0.046582   -0.313482
    0.234223    0.048336   -0.316453
    0.240941    0.050183   -0.319114
    0.247725    0.052164   -0.321535
    0.254571    0.054289   -0.323739
    0.261478    0.056570   -0.325582
    0.268445    0.058936   -0.327300
    0.275470    0.061479   -0.328463
    0.282550    0.064212   -0.329540
    0.289685    0.067051   -0.330199
    0.296872    0.070058   -0.330709
    0.304110    0.073165   -0.330816
    0.311396    0.076513   -0.330663
    0.318730    0.079956   -0.330203
    0.326109    0.083568   -0.329363
    0.333531    0.087431   -0.328326
    0.340994    0.091393   -0.326692
    0.348497    0.095528   -0.324907
    0.356038    0.099838   -0.322715
    0.363615    0.104326   -0.320261
    0.371226    0.108995   -0.317492
    0.378869    0.113846   -0.314194
    0.386542    0.118882   -0.310671
    0.394243    0.124102   -0.306782
    0.401971    0.129508   -0.302490
    0.409723    0.135100   -0.297901
    0.417498    0.140878   -0.292941
    0.425293    0.146842   -0.287582
    0.433107    0.152991   -0.281908
    0.440937    0.159326   -0.275936
    0.448783    0.165829   -0.269461
    0.456641    0.172458   -0.262646
    0.464509    0.179359   -0.255531
    0.472387    0.186456   -0.248166
    0.480272    0.193736   -0.240255
    0.488161    0.201195   -0.232006
    0.496053    0.208833   -0.223418
    0.503947    0.216629   -0.214490
    0.511839    0.224547   -0.205221
    0.519729    0.232733   -0.195610
    0.527613    0.241107   -0.185680
    0.535491    0.249650   -0.175543
    0.543360    0.258359   -0.164920
    0.551217    0.267233   -0.153967
    0.559063    0.276258   -0.142690
    0.566893    0.285385   -0.131076
    0.574707    0.294772   -0.119015
    0.582502    0.304316   -0.106798
    0.590277    0.314009   -0.094282
    0.598029    0.323847   -0.081471
    0.605757    0.333812   -0.068374
    0.613458    0.343857   -0.054997
    0.621131    0.354147   -0.041349
    0.628774    0.364569   -0.027436
    0.636385    0.375117   -0.013267
    0.643962    0.385787    0.001178
    0.651503    0.396552    0.016012
    0.659006    0.407385    0.030931
    0.666469    0.418405    0.046073
    0.673891    0.429547    0.061428
    0.681270    0.440786    0.076987
    0.688604    0.452115    0.092741
    0.695890    0.463531    0.108725
    0.703128    0.475009    0.124998
    0.710315    0.486517    0.141308
    0.717450    0.498171    0.157774
    0.724530    0.509902    0.174384
    0.731555    0.521688    0.191129
    0.738522    0.533524    0.208020
    0.745429    0.545404    0.225151
    0.752275    0.557301    0.242261
    0.759059    0.569197    0.259461
    0.765777    0.581170    0.276739
    0.772430    0.593180    0.294085
    0.779015    0.605202    0.311488
    0.785530    0.617226    0.328970
    0.791974    0.629247    0.346572
    0.798345    0.641257    0.364094
    0.804642    0.653231    0.381624
    0.810863    0.665157    0.399151
    0.817006    0.677093    0.416663
    0.823070    0.688995    0.434147
    0.829054    0.700861    0.451605
    0.834956    0.712672    0.469036
    0.840775    0.724421    0.486455
    0.846508    0.736101    0.503724
    0.852155    0.747705    0.520904
    0.857715    0.759225    0.537983
    0.863185    0.770641    0.554950
    0.868565    0.781941    0.571792
    0.873852    0.793168    0.588502
    0.879047    0.804283    0.605072
    0.884147    0.815283    0.621497
    0.889152    0.826159    0.637781
    0.894059    0.836900    0.653828
    0.898869    0.847498    0.669678
    0.903579    0.857948    0.685321
    0.908188    0.868242    0.700745
    0.912695    0.878374    0.715938
    0.917100    0.888336    0.730889
    0.921401    0.898123    0.745589
    0.925597    0.907715    0.760031
    0.929686    0.917115    0.774199
    0.933669    0.926335    0.788081
    0.937544    0.935354    0.801667
    0.941309    0.944164    0.814947
    0.944965    0.952760    0.827928
    0.948509    0.961136    0.840585
    0.951942    0.969286    0.852888
    0.955262    0.977204    0.864848
    0.958469    0.984885    0.876455
    0.961561    0.992323    0.887701
    0.964539    0.999512    0.898576
    0.967400    1.006457    0.909074
    0.970146    1.013138    0.919185
    0.972774    1.019553    0.928904
    0.975284    1.025669    0.938221
    0.977675    1.031128    0.947129
    0.979948    1.035698    0.955623
    0.982101    1.039581    0.963686
    0.984134    1.042903    0.971330
    0.986046    1.045744    0.978542
    0.987838    1.048142    0.985315
    0.989507    1.050129    0.991643
    0.991055    1.051719    0.997522
    0.992480    1.052925    1.002946
    0.993782    1.053755    1.007911
    0.994962    1.054209    1.012416
    0.996018    1.054388    1.016457
    0.996950    1.054109    1.020141
    0.997759    1.053360    1.023541
    0.998443    1.052353    1.026961
    0.999003    1.050993    1.030421
    0.999439    1.049293    1.033765
    0.999751    1.047264    1.036976
    0.999938    1.044865    1.040108
    1.000000    1.042518    1.042518
  BLADE PROFILES IN CARTESIAN COORDINATES (3D) 
  VARIABLES = "X", "YSS", "YPS" "R" 
  BLADE           1  SECTION           2
  -11.382267    6.784842    6.784842  188.971237
  -10.089145    5.398077    5.398077  188.969391
   -8.936193    4.161639    4.161639  188.967590
   -7.908218    3.059235    3.059235  188.965820
   -6.991673    2.076337    2.076337  188.964249
   -6.174475    1.199987    1.199987  188.962799
   -5.445861    0.418636    0.418636  188.961502
   -4.796226   -0.278014   -0.278014  188.960312
   -4.217009   -0.899145   -0.899145  188.959244
   -3.700577   -1.452946   -1.452946  188.958313
   -3.240124   -1.946714   -1.946714  188.957474
   -2.829583   -2.386957   -2.386957  188.956711
   -2.463544   -2.779479   -2.779479  188.956070
   -2.137181   -3.129451   -3.129451  188.955505
   -1.846196   -3.441487   -3.441487  188.954987
   -1.586752   -3.719698   -3.719698  188.954544
   -1.355431   -3.967752   -3.967752  188.954147
   -1.149184   -4.188917   -4.188917  188.953781
   -0.965295   -4.386109   -4.386109  188.953491
   -0.801337   -4.561926   -4.561926  188.953186
   -0.655152   -4.718684   -4.718684  188.952972
   -0.524813   -4.858450   -4.858450  188.952744
   -0.408603   -4.983065   -4.983065  188.952560
   -0.304990   -5.094172   -5.094172  188.952393
   -0.212607   -5.193238   -5.193238  188.952209
   -0.130239   -5.281563   -5.281563  188.952087
   -0.047871   -4.900644   -5.691479  188.951981
    0.038252   -4.728239   -5.892884  188.952057
    0.128475   -4.606611   -6.092181  188.952103
    0.223144   -4.511257   -6.292879  188.952209
    0.322607   -4.435309   -6.496488  188.952225
    0.427206   -4.369911   -6.703829  188.952332
    0.537290   -4.312566   -6.915421  188.952408
    0.653204   -4.262035   -7.131575  188.952499
    0.775295   -4.217037   -7.352449  188.952576
    0.903908   -4.177904   -7.578063  188.952682
    1.039390   -4.145873   -7.808324  188.952820
    1.182087   -4.123358   -8.043026  188.952972
    1.332342   -4.113015   -8.281852  188.953079
    1.490505   -4.113893   -8.524351  188.953186
    1.656841   -4.117823   -8.771400  188.953400
    1.831391   -4.120847   -9.018497  188.953598
    2.014562   -4.122505   -9.266899  188.953781
    2.206812   -4.122290   -9.516030  188.954010
    2.408646   -4.119646   -9.765844  188.954208
    2.620617   -4.113827  -10.013981  188.954468
    2.843338   -4.103848  -10.259980  188.954773
    3.077344   -4.089574  -10.502398  188.955063
    3.323081   -4.069798  -10.738966  188.955414
    3.581374   -4.043549  -10.968796  188.955795
    3.853139   -4.008698  -11.190642  188.956177
    4.139409   -3.965490  -11.400756  188.956589
    4.441300   -3.910636  -11.598043  188.957031
    4.760037   -3.842214  -11.777619  188.957535
    5.099484   -3.758474  -11.938750  188.958115
    5.464530   -3.655217  -12.077765  188.958710
    5.855586   -3.527921  -12.188050  188.959442
    6.272341   -3.372854  -12.255903  188.960083
    6.713788   -3.188531  -12.279876  188.960922
    7.178244   -2.969721  -12.251073  188.961807
    7.663280   -2.712844  -12.159266  188.962692
    8.161054   -2.421335  -12.004001  188.963593
    8.663589   -2.095934  -11.779600  188.964569
    9.168190   -1.737449  -11.490475  188.965561
    9.672647   -1.347242  -11.137340  188.966568
   10.175253   -0.928979  -10.719834  188.967514
   10.674800   -0.478229  -10.245052  188.968460
   11.170601    0.000000   -9.708045  188.969452
   11.665996    0.508139   -9.111736  188.970261
   12.163218    1.052604   -8.455956  188.971191
   12.661870    1.628362   -7.731998  188.972092
   13.161285    2.241208   -6.943999  188.972946
   13.660581    2.883922   -6.098243  188.973785
   14.158600    3.561276   -5.194612  188.974533
   14.653934    4.265604   -4.231331  188.975327
   15.142159    4.994132   -3.227644  188.975983
   15.620547    5.739268   -2.185761  188.976608
   16.087790    6.495424   -1.115195  188.977219
   16.542822    7.262751   -0.022150  188.977722
   16.984865    8.033002    1.088819  188.978119
   17.413343    8.807586    2.208292  188.978577
   17.827972    9.581132    3.337101  188.978912
   18.230270   10.352671    4.468777  188.979187
   18.620617   11.124634    5.604437  188.979385
   18.999041   11.893191    6.742037  188.979568
   19.365515   12.655591    7.874290  188.979752
   19.720062   13.411482    9.000772  188.979813
   20.062670   14.159254   10.118986  188.979797
   20.393332   14.896468   11.223275  188.979889
   20.712063   15.621257   12.312508  188.979828
   21.018860   16.332489   13.383975  188.979782
   21.313711   17.028849   14.435496  188.979660
   21.596626   17.708605   15.463027  188.979553
   21.867607   18.361280   16.465103  188.979385
   22.126652   18.784578   17.439224  188.979202
   22.373755   18.625921   18.625547  188.979050
   22.620865   19.412506   19.412319  188.978516
   22.882086   20.244217   20.244217  188.977875
   23.158215   21.123426   21.123426  188.977264
   23.450129   22.052862   22.052862  188.976669
   23.758701   23.035376   23.035376  188.976151
   24.084904   24.074020   24.074020  188.975693
   24.429735   25.171989   25.171989  188.975342
   24.794270   26.332699   26.332699  188.975098
   25.179605   27.559706   27.559706  188.975021
   25.586960   28.856842   28.856842  188.975220
   26.017580   30.228090   30.228090  188.975632
   26.472795   31.677692   31.677692  188.976318
   26.953999   33.210133   33.210133  188.977264
   27.462694   34.830143   34.830143  188.978516
   28.000441   36.542698   36.542698  188.980057
  BLADE PROFILES IN CARTESIAN COORDINATES (2D) BEFORE   PROJECTION, SCALING, MESHING AND STACKING 
  VARIABLES = "X", "YSS", "YPS" 
  BLADE           1  SECTION           3
    0.000000   -0.021284   -0.021284
    0.000062   -0.017749   -0.022321
    0.000249   -0.015366   -0.024921
    0.000561   -0.012993   -0.027271
    0.000997   -0.010519   -0.029213
    0.001557   -0.008029   -0.031259
    0.002241   -0.005550   -0.033185
    0.003050   -0.003103   -0.035211
    0.003982   -0.000727   -0.037400
    0.005038    0.001580   -0.039794
    0.006218    0.003822   -0.042391
    0.007520    0.005979   -0.045206
    0.008945    0.008040   -0.048234
    0.010493    0.009997   -0.051467
    0.012162    0.011906   -0.054897
    0.013954    0.013667   -0.058518
    0.015866    0.015281   -0.062323
    0.017899    0.016866   -0.066303
    0.020052    0.018370   -0.070482
    0.022325    0.019803   -0.074797
    0.024716    0.021174   -0.079266
    0.027226    0.022492   -0.083884
    0.029854    0.023738   -0.088642
    0.032600    0.024929   -0.093534
    0.035461    0.026060   -0.098551
    0.038439    0.027122   -0.103686
    0.041531    0.028110   -0.108930
    0.044738    0.029008   -0.114275
    0.048058    0.029794   -0.119713
    0.051491    0.030447   -0.125235
    0.055036    0.030942   -0.130833
    0.058691    0.031255   -0.136498
    0.062456    0.031379   -0.142222
    0.066331    0.031355   -0.147995
    0.070314    0.031274   -0.153808
    0.074403    0.031190   -0.159654
    0.078599    0.031115   -0.165522
    0.082900    0.031049   -0.171405
    0.087305    0.031005   -0.177294
    0.091812    0.030971   -0.183180
    0.096421    0.030958   -0.189066
    0.101131    0.030967   -0.194989
    0.105941    0.031004   -0.200790
    0.110848    0.031070   -0.206552
    0.115853    0.031170   -0.212267
    0.120953    0.031307   -0.217930
    0.126148    0.031484   -0.223545
    0.131435    0.031706   -0.229128
    0.136815    0.031975   -0.234538
    0.142285    0.032296   -0.239858
    0.147845    0.032671   -0.245110
    0.153492    0.033103   -0.250291
    0.159225    0.033634   -0.255251
    0.165044    0.034202   -0.260131
    0.170946    0.034837   -0.264953
    0.176930    0.035543   -0.269453
    0.182994    0.036367   -0.273878
    0.189138    0.037236   -0.278233
    0.195358    0.038223   -0.282216
    0.201655    0.039264   -0.286116
    0.208026    0.040434   -0.289895
    0.214470    0.041696   -0.293319
    0.220986    0.043013   -0.296635
    0.227570    0.044515   -0.299729
    0.234223    0.046071   -0.302607
    0.240941    0.047771   -0.305335
    0.247725    0.049572   -0.307617
    0.254571    0.051475   -0.309793
    0.261478    0.053547   -0.311681
    0.268445    0.055701   -0.313357
    0.275470    0.058004   -0.314800
    0.282550    0.060462   -0.315889
    0.289685    0.063018   -0.316855
    0.296872    0.065728   -0.317258
    0.304110    0.068595   -0.317544
    0.311396    0.071616   -0.317529
    0.318730    0.074726   -0.317230
    0.326109    0.078065   -0.316704
    0.333531    0.081491   -0.315666
    0.340994    0.085075   -0.314464
    0.348497    0.088894   -0.312900
    0.356038    0.092806   -0.311078
    0.363615    0.096877   -0.308989
    0.371226    0.101112   -0.306375
    0.378869    0.105512   -0.303561
    0.386542    0.110080   -0.300442
    0.394243    0.114816   -0.296897
    0.401971    0.119724   -0.293097
    0.409723    0.124803   -0.288977
    0.417498    0.130054   -0.284444
    0.425293    0.135478   -0.279635
    0.433107    0.141074   -0.274557
    0.440937    0.146842   -0.268989
    0.448783    0.152782   -0.263113
    0.456641    0.158892   -0.256956
    0.464509    0.165173   -0.250541
    0.472387    0.171623   -0.243646
    0.480272    0.178241   -0.236427
    0.488161    0.185009   -0.228894
    0.496053    0.191892   -0.221073
    0.503947    0.199014   -0.213034
    0.511839    0.206316   -0.204514
    0.519729    0.213780   -0.195661
    0.527613    0.221403   -0.186498
    0.535491    0.229183   -0.177026
    0.543360    0.237118   -0.167246
    0.551217    0.245191   -0.157161
    0.559063    0.253357   -0.146776
    0.566893    0.261770   -0.136094
    0.574707    0.270330   -0.125120
    0.582502    0.279032   -0.113860
    0.590277    0.287872   -0.102318
    0.598029    0.296846   -0.090502
    0.605757    0.305941   -0.078417
    0.613458    0.315108   -0.066070
    0.621131    0.324498   -0.053467
    0.628774    0.334010   -0.040579
    0.636385    0.343638   -0.027329
    0.643962    0.353379   -0.013981
    0.651503    0.363206   -0.000407
    0.659006    0.373101    0.013385
    0.666469    0.383157    0.027386
    0.673891    0.393334    0.041589
    0.681270    0.403599    0.055984
    0.688604    0.413948    0.070595
    0.695890    0.424377    0.085499
    0.703128    0.434860    0.100445
    0.710315    0.445380    0.115546
    0.717450    0.456017    0.130794
    0.724530    0.466736    0.146178
    0.731555    0.477509    0.161690
    0.738522    0.488327    0.177351
    0.745429    0.499186    0.193221
    0.752275    0.510080    0.209076
    0.759059    0.520987    0.225017
    0.765777    0.531883    0.241033
    0.772430    0.542848    0.257114
    0.779015    0.553841    0.273250
    0.785530    0.564837    0.289446
    0.791974    0.575829    0.305704
    0.798345    0.586813    0.322033
    0.804642    0.597780    0.338293
    0.810863    0.608709    0.354551
    0.817006    0.619588    0.370796
    0.823070    0.630470    0.387018
    0.829054    0.641314    0.403210
    0.834956    0.652118    0.419367
    0.840775    0.662866    0.435490
    0.846508    0.673552    0.451576
    0.852155    0.684168    0.467521
    0.857715    0.694707    0.483374
    0.863185    0.705164    0.499122
    0.868565    0.715520    0.514756
    0.873852    0.725764    0.530264
    0.879047    0.735935    0.545645
    0.884147    0.745996    0.560879
    0.889152    0.755942    0.575971
    0.894059    0.765771    0.590915
    0.898869    0.775471    0.605633
    0.903579    0.785034    0.620159
    0.908188    0.794456    0.634482
    0.912695    0.803729    0.648591
    0.917100    0.812846    0.662477
    0.921401    0.821804    0.676128
    0.925597    0.830594    0.689539
    0.929686    0.839211    0.702697
    0.933669    0.847649    0.715591
    0.937544    0.855893    0.728212
    0.941309    0.863946    0.740548
    0.944965    0.871815    0.752592
    0.948509    0.879482    0.764335
    0.951942    0.886942    0.775781
    0.955262    0.894190    0.786905
    0.958469    0.901229    0.797688
    0.961561    0.908044    0.808136
    0.964539    0.914624    0.818240
    0.967400    0.920974    0.827994
    0.970146    0.927086    0.837388
    0.972774    0.932961    0.846418
    0.975284    0.938531    0.855074
    0.977675    0.943426    0.863342
    0.979948    0.947510    0.871233
    0.982101    0.950968    0.878734
    0.984134    0.953916    0.885839
    0.986046    0.956424    0.892540
    0.987838    0.958526    0.898834
    0.989507    0.960252    0.904715
    0.991055    0.961612    0.910176
    0.992480    0.962621    0.915215
    0.993782    0.963283    0.919831
    0.994962    0.963601    0.924017
    0.996018    0.963653    0.927773
    0.996950    0.963310    0.931188
    0.997759    0.962516    0.934299
    0.998443    0.961489    0.937508
    0.999003    0.960139    0.940706
    0.999439    0.958476    0.943800
    0.999751    0.956502    0.946761
    0.999938    0.954126    0.949513
    1.000000    0.952320    0.952320
  BLADE PROFILES IN CARTESIAN COORDINATES (3D) 
  VARIABLES = "X", "YSS", "YPS" "R" 
  BLADE           1  SECTION           3
  -12.413028    6.903805    6.903805  200.295929
  -11.050487    5.526146    5.526146  200.323807
   -9.835805    4.297795    4.297795  200.354462
   -8.752974    3.202523    3.202523  200.386642
   -7.787697    2.225878    2.225878  200.419403
   -6.927222    1.354991    1.354991  200.451950
   -6.160174    0.578397    0.578397  200.483719
   -5.476405   -0.114119   -0.114119  200.514328
   -4.866869   -0.731663   -0.731663  200.543411
   -4.323504   -1.282351   -1.282351  200.570908
   -3.839120   -1.773419   -1.773419  200.596558
   -3.407312   -2.211321   -2.211321  200.620407
   -3.022366   -2.601809   -2.601809  200.642456
   -2.679196   -2.950015   -2.950015  200.662766
   -2.373261   -3.260514   -3.260514  200.681396
   -2.100522   -3.537388   -3.537388  200.698410
   -1.857371   -3.784274   -3.784274  200.713882
   -1.640597   -4.004421   -4.004421  200.727982
   -1.447339   -4.200722   -4.200722  200.740738
   -1.275042   -4.375758   -4.375758  200.752289
   -1.121433   -4.531833   -4.531833  200.762711
   -0.984483   -4.670999   -4.670999  200.772110
   -0.862385   -4.795087   -4.795087  200.780548
   -0.753528   -4.905731   -4.905731  200.788177
   -0.656475   -5.004386   -5.004386  200.795059
   -0.569946   -5.092352   -5.092352  200.801224
   -0.483944   -4.688323   -5.521751  200.807343
   -0.394031   -4.512418   -5.723022  200.817383
   -0.299844   -4.388330   -5.922429  200.829224
   -0.201028   -4.294284   -6.123406  200.841690
   -0.097219   -4.217145   -6.327982  200.854950
    0.011941   -4.151355   -6.535698  200.868988
    0.126811   -4.093654   -6.747718  200.883926
    0.247750   -4.042698   -6.964379  200.899734
    0.375119   -3.998040   -7.185828  200.916611
    0.509275   -3.960426   -7.412093  200.934540
    0.650576   -3.932064   -7.643072  200.953568
    0.799382   -3.915724   -7.878561  200.973831
    0.956049   -3.912748   -8.118242  200.995453
    1.120934   -3.916426   -8.361697  201.018341
    1.294318   -3.920165   -8.608289  201.042740
    1.476233   -3.922921   -8.857000  201.068604
    1.667105   -3.924573   -9.107420  201.096085
    1.867401   -3.924539   -9.360241  201.125229
    2.077652   -3.922280   -9.610457  201.156128
    2.298421   -3.917192   -9.860297  201.189026
    2.530353   -3.908592  -10.110211  201.223969
    2.773987   -3.895730  -10.353959  201.261078
    3.029794   -3.877797  -10.595616  201.300537
    3.298620   -3.852762  -10.828303  201.342453
    3.581421   -3.821299  -11.053738  201.387070
    3.879254   -3.780173  -11.270718  201.434677
    4.193289   -3.728904  -11.470736  201.485397
    4.524790   -3.665210  -11.655827  201.539581
    4.877758   -3.586223  -11.823992  201.597870
    5.257288   -3.488257  -11.969131  201.661316
    5.663786   -3.368100  -12.086063  201.729965
    6.096926   -3.221769  -12.167697  201.803848
    6.555669   -3.046431  -12.201138  201.882889
    7.038232   -2.837939  -12.185429  201.966827
    7.542131   -2.594382  -12.104954  202.055084
    8.059209   -2.316400  -11.963517  202.146240
    8.581199   -2.006419  -11.755056  202.238647
    9.105317   -1.664318  -11.482303  202.331848
    9.629281   -1.291075  -11.146949  202.425110
   10.151334   -0.888031  -10.746699  202.517990
   10.670228   -0.456622  -10.287824  202.610245
   11.185279    0.000000   -9.774051  202.701462
   11.699964    0.490258   -9.196568  202.792252
   12.216607    1.012982   -8.556456  202.882706
   12.734834    1.567057   -7.854465  202.972748
   13.253964    2.156498   -7.091116  203.062073
   13.773076    2.775389   -6.267911  203.150360
   14.290989    3.427985   -5.383311  203.237289
   14.806259    4.107020   -4.446595  203.322479
   15.314297    4.809585   -3.466778  203.405014
   15.812259    5.528649   -2.446939  203.484375
   16.298794    6.258496   -1.401835  203.560379
   16.772799    6.999642   -0.332473  203.632812
   17.233427    7.744916    0.754566  203.701630
   17.680113    8.492209    1.850487  203.766678
   18.112530    9.240067    2.955810  203.828079
   18.532253    9.986325    4.064505  203.886063
   18.939686   10.732444    5.176923  203.940765
   19.334833   11.475932    6.292224  203.992218
   19.717682   12.214136    7.402102  204.040573
   20.088203   12.944903    8.506229  204.085892
   20.446413   13.668338    9.603018  204.128250
   20.792286   14.381816   10.685980  204.167831
   21.125816   15.083577   11.754229  204.204590
   21.446981   15.771756   12.805286  204.238739
   21.755785   16.445654   13.836603  204.270325
   22.052202   17.103825   14.844888  204.299515
   22.336229   17.732454   15.827781  204.326401
   22.607843   18.129822   16.783737  204.351105
   22.867046   17.955227   17.954845  204.373764
   23.126884   18.722239   18.722046  204.392151
   23.401562   19.533331   19.533331  204.408920
   23.691916   20.390827   20.390827  204.426712
   23.998854   21.297400   21.297400  204.445663
   24.323311   22.255854   22.255854  204.465897
   24.666279   23.269184   23.269184  204.487503
   25.028822   24.340544   24.340544  204.510712
   25.412035   25.473276   25.473276  204.535645
   25.817085   26.670946   26.670946  204.562653
   26.245211   27.937328   27.937328  204.592239
   26.697733   29.276331   29.276331  204.624252
   27.176022   30.692167   30.692167  204.659012
   27.681551   32.189281   32.189281  204.696732
   28.215862   33.772388   33.772388  204.737808
   28.779776   35.447403   35.447403  204.786423
  BLADE PROFILES IN CARTESIAN COORDINATES (2D) BEFORE   PROJECTION, SCALING, MESHING AND STACKING 
  VARIABLES = "X", "YSS", "YPS" 
  BLADE           2  SECTION           1
    0.000000    0.022190    0.022190
    0.000062    0.025923    0.020488
    0.000249    0.027496    0.017354
    0.000561    0.029766    0.014430
    0.000997    0.031844    0.011595
    0.001557    0.034133    0.008842
    0.002241    0.036600    0.006189
    0.003050    0.039082    0.003659
    0.003982    0.041853    0.001283
    0.005038    0.044888   -0.000909
    0.006218    0.048184   -0.002890
    0.007520    0.051725   -0.004644
    0.008945    0.055515   -0.006158
    0.010493    0.059568   -0.007474
    0.012162    0.063847   -0.008506
    0.013954    0.068323   -0.009307
    0.015866    0.073010   -0.009941
    0.017899    0.077898   -0.010395
    0.020052    0.082980   -0.010699
    0.022325    0.088246   -0.010844
    0.024716    0.093690   -0.010852
    0.027226    0.099303   -0.010713
    0.029854    0.105076   -0.010438
    0.032600    0.111000   -0.010009
    0.035461    0.117069   -0.009423
    0.038439    0.123256   -0.008666
    0.041531    0.129544   -0.007708
    0.044738    0.135990   -0.006518
    0.048058    0.142544   -0.005075
    0.051491    0.149199   -0.003356
    0.055036    0.155944   -0.001354
    0.058691    0.162770    0.000878
    0.062456    0.169669    0.003232
    0.066331    0.176631    0.005657
    0.070314    0.183647    0.008146
    0.074403    0.190708    0.010692
    0.078599    0.197803    0.013292
    0.082900    0.204923    0.015940
    0.087305    0.212059    0.018630
    0.091812    0.219201    0.021354
    0.096421    0.226340    0.024100
    0.101131    0.233465    0.026881
    0.105941    0.240567    0.029682
    0.110848    0.247637    0.032502
    0.115853    0.254665    0.035345
    0.120953    0.261662    0.038170
    0.126148    0.268654    0.040991
    0.131435    0.275505    0.043800
    0.136815    0.282264    0.046592
    0.142285    0.288920    0.049359
    0.147845    0.295477    0.052095
    0.153492    0.301928    0.054795
    0.159225    0.308265    0.057450
    0.165044    0.314505    0.060055
    0.170946    0.320690    0.062603
    0.176930    0.326586    0.065088
    0.182994    0.332333    0.067492
    0.189138    0.337975    0.069785
    0.195358    0.343510    0.072038
    0.201655    0.348738    0.074201
    0.208026    0.353761    0.076270
    0.214470    0.358656    0.078238
    0.220986    0.363422    0.080100
    0.227570    0.367804    0.081851
    0.234223    0.372050    0.083486
    0.240941    0.376155    0.084981
    0.247725    0.379832    0.086284
    0.254571    0.383369    0.087523
    0.261478    0.386701    0.088626
    0.268445    0.389714    0.089495
    0.275470    0.392569    0.090308
    0.282550    0.394935    0.090873
    0.289685    0.397134    0.091288
    0.296872    0.399120    0.091548
    0.304110    0.400728    0.091657
    0.311396    0.402191    0.091571
    0.318730    0.403072    0.091246
    0.326109    0.403811    0.090799
    0.333531    0.404252    0.090092
    0.340994    0.404365    0.089226
    0.348497    0.404263    0.088102
    0.356038    0.403672    0.086832
    0.363615    0.402900    0.085317
    0.371226    0.401595    0.083561
    0.378869    0.400062    0.081687
    0.386542    0.398296    0.079450
    0.394243    0.395985    0.077098
    0.401971    0.393470    0.074522
    0.409723    0.390614    0.071677
    0.417498    0.387419    0.068512
    0.425293    0.383969    0.065208
    0.433107    0.379950    0.061667
    0.440937    0.375696    0.057888
    0.448783    0.371195    0.053868
    0.456641    0.366176    0.049609
    0.464509    0.360805    0.045109
    0.472387    0.355185    0.040370
    0.480272    0.349327    0.035419
    0.488161    0.342930    0.030293
    0.496053    0.336203    0.024840
    0.503947    0.329161    0.019141
    0.511839    0.321845    0.013186
    0.519729    0.314280    0.006998
    0.527613    0.306267    0.000577
    0.535491    0.297889   -0.006074
    0.543360    0.289195   -0.012953
    0.551217    0.280188   -0.020025
    0.559063    0.270871   -0.027261
    0.566893    0.261246   -0.034806
    0.574707    0.251317   -0.042608
    0.582502    0.241090   -0.050622
    0.590277    0.230568   -0.058846
    0.598029    0.219758   -0.067277
    0.605757    0.208665   -0.075869
    0.613458    0.197297   -0.084623
    0.621131    0.185658   -0.093648
    0.628774    0.173758   -0.102878
    0.636385    0.161593   -0.112316
    0.643962    0.149167   -0.121933
    0.651503    0.136467   -0.131725
    0.659006    0.123450   -0.141686
    0.666469    0.110326   -0.151776
    0.673891    0.096987   -0.161986
    0.681270    0.083439   -0.172423
    0.688604    0.069692   -0.183017
    0.695890    0.055754   -0.193772
    0.703128    0.041636   -0.204661
    0.710315    0.027326   -0.215676
    0.717450    0.012849   -0.226811
    0.724530   -0.001822   -0.238059
    0.731555   -0.016680   -0.249384
    0.738522   -0.031581   -0.260771
    0.745429   -0.046605   -0.272318
    0.752275   -0.061740   -0.283950
    0.759059   -0.076977   -0.295679
    0.765777   -0.092305   -0.307476
    0.772430   -0.107732   -0.319334
    0.779015   -0.123229   -0.331244
    0.785530   -0.138818   -0.343198
    0.791974   -0.154492   -0.355188
    0.798345   -0.170126   -0.367174
    0.804642   -0.185785   -0.379163
    0.810863   -0.201457   -0.391212
    0.817006   -0.217130   -0.403264
    0.823070   -0.232794   -0.415310
    0.829054   -0.248438   -0.427342
    0.834956   -0.264061   -0.439357
    0.840775   -0.279641   -0.451343
    0.846508   -0.295165   -0.463287
    0.852155   -0.310621   -0.475180
    0.857715   -0.326030   -0.487014
    0.863185   -0.341361   -0.498780
    0.868565   -0.356542   -0.510469
    0.873852   -0.371611   -0.522073
    0.879047   -0.386556   -0.533583
    0.884147   -0.401364   -0.544965
    0.889152   -0.416025   -0.556235
    0.894059   -0.430529   -0.567412
    0.898869   -0.444863   -0.578461
    0.903579   -0.459020   -0.589372
    0.908188   -0.472988   -0.600138
    0.912695   -0.486754   -0.610750
    0.917100   -0.500308   -0.621200
    0.921401   -0.513638   -0.631480
    0.925597   -0.526734   -0.641582
    0.929686   -0.539588   -0.651498
    0.933669   -0.552187   -0.661219
    0.937544   -0.564523   -0.670739
    0.941309   -0.576586   -0.680049
    0.944965   -0.588367   -0.689144
    0.948509   -0.599856   -0.698014
    0.951942   -0.611045   -0.706653
    0.955262   -0.621924   -0.715055
    0.958469   -0.632487   -0.723212
    0.961561   -0.642723   -0.731134
    0.964539   -0.652624   -0.738784
    0.967400   -0.662184   -0.746170
    0.970146   -0.671395   -0.753287
    0.972774   -0.680248   -0.760128
    0.975284   -0.688738   -0.766687
    0.977675   -0.696858   -0.772610
    0.979948   -0.704601   -0.777468
    0.982101   -0.711960   -0.781527
    0.984134   -0.718928   -0.784949
    0.986046   -0.725499   -0.787817
    0.987838   -0.731676   -0.790196
    0.989507   -0.737448   -0.792120
    0.991055   -0.742810   -0.793623
    0.992480   -0.747761   -0.794724
    0.993782   -0.752294   -0.795436
    0.994962   -0.756405   -0.795778
    0.996018   -0.760092   -0.795828
    0.996950   -0.763507   -0.795485
    0.997759   -0.766806   -0.794693
    0.998443   -0.769976   -0.793669
    0.999003   -0.773142   -0.792335
    0.999439   -0.776291   -0.790706
    0.999751   -0.779309   -0.788805
    0.999938   -0.782299   -0.786697
    1.000000   -0.784121   -0.784121
  BLADE PROFILES IN CARTESIAN COORDINATES (3D) 
  VARIABLES = "X", "YSS", "YPS" "R" 
  BLADE           2  SECTION           1
   19.103025  -23.757603  -23.757603  173.884583
   20.069052  -22.267509  -22.267509  173.765427
   20.936340  -20.933725  -20.933725  173.669220
   21.714949  -19.739614  -19.739614  173.592148
   22.414944  -18.671396  -18.671396  173.540588
   23.042997  -17.714378  -17.714378  173.498611
   23.606117  -16.856575  -16.856575  173.461166
   24.110998  -16.087662  -16.087662  173.427658
   24.563656  -15.398410  -15.398410  173.397507
   24.969458  -14.780525  -14.780525  173.370102
   25.333256  -14.226619  -14.226619  173.345306
   25.659422  -13.730072  -13.730072  173.322922
   25.951830  -13.284932  -13.284932  173.302780
   26.213984  -12.885874  -12.885874  173.284592
   26.449013  -12.528127  -12.528127  173.268250
   26.659721  -12.207409  -12.207409  173.253464
   26.848627  -11.919886  -11.919886  173.240173
   27.017988  -11.662121  -11.662121  173.228210
   27.169830  -11.431034  -11.431034  173.217422
   27.305956  -11.223860  -11.223860  173.207703
   27.427999  -11.038124  -11.038124  173.199005
   27.549820  -10.319813  -11.618815  173.188339
   27.677172   -9.960432  -11.840566  173.177063
   27.810556   -9.608193  -11.957905  173.165054
   27.950497   -9.257747  -12.016042  173.152161
   28.097492   -8.904969  -12.042439  173.138428
   28.252048   -8.547601  -12.046525  173.123734
   28.414679   -8.184317  -12.032795  173.107956
   28.585888   -7.814220  -12.002118  173.091003
   28.766172   -7.438201  -11.953255  173.072815
   28.956047   -7.053771  -11.881720  173.053329
   29.156013   -6.661095  -11.783283  173.032318
   29.366571   -6.260817  -11.657439  173.009750
   29.588230   -5.853240  -11.517024  172.985458
   29.821489   -5.438846  -11.369403  172.959381
   30.066730   -5.018498  -11.215310  172.931351
   30.324003   -4.593750  -11.055575  172.901260
   30.593906   -4.165385  -10.891232  172.869003
   30.877104   -3.734293  -10.722262  172.834366
   31.174309   -3.301496  -10.549077  172.797211
   31.486347   -2.866696  -10.372987  172.757263
   31.814102   -2.431915  -10.195372  172.714401
   32.158321   -2.002703  -10.017076  172.668213
   32.519684   -1.578743   -9.839595  172.618637
   32.899349   -1.160394   -9.664371  172.565384
   33.298687   -0.749721   -9.493105  172.507996
   33.719162   -0.353386   -9.329659  172.446259
   34.162403    0.028479   -9.172710  172.379578
   34.630192    0.390641   -9.026731  172.307602
   35.128162    0.729073   -8.893742  172.229187
   35.663479    1.042950   -8.780522  172.142975
   36.236649    1.322449   -8.689073  172.048431
   36.847240    1.551509   -8.629858  171.945572
   37.493736    1.723364   -8.609035  171.834152
   38.173588    1.821175   -8.635736  171.714523
   38.883278    1.841077   -8.718904  171.587051
   39.611313    1.765636   -8.861515  171.453796
   40.346035    1.595718   -9.064915  171.317078
   41.083530    1.332162   -9.329771  171.177856
   41.820587    0.976602   -9.658582  171.036682
   42.554749    0.531096  -10.047136  170.894638
   43.284279    0.000000  -10.494595  170.752106
   44.008202   -0.623483  -10.997736  170.609680
   44.731422   -1.323668  -11.566802  170.466614
   45.457237   -2.121705  -12.199039  170.322388
   46.185097   -3.007991  -12.891178  170.177490
   46.914047   -3.982053  -13.653670  170.032227
   47.642803   -5.042179  -14.474133  169.887146
   48.369736   -6.185363  -15.359632  169.742767
   49.092804   -7.412728  -16.304377  169.599762
   49.805599   -8.701565  -17.292061  169.459671
   50.504116  -10.042251  -18.324305  169.323380
   51.186481  -11.429201  -19.389488  169.191452
   51.851181  -12.854876  -20.476896  169.064133
   52.497028  -14.303097  -21.588560  168.941925
   53.123245  -15.771499  -22.715092  168.824905
   53.729362  -17.255379  -23.849335  168.713120
   54.317635  -18.746941  -24.991777  168.606232
   54.888618  -20.246790  -26.142527  168.504105
   55.442333  -21.750805  -27.296894  168.406662
   55.978752  -23.256046  -28.450521  168.313904
   56.497868  -24.752443  -29.599661  168.225769
   56.999695  -26.238852  -30.740923  168.142090
   57.484196  -27.711510  -31.873108  168.062897
   57.951385  -29.166002  -32.991890  167.988037
   58.401237  -30.598347  -34.094269  167.917435
   58.833740  -32.004894  -35.177353  167.850967
   59.248878  -33.382088  -36.238873  167.788498
   59.646645  -34.726501  -37.264790  167.729950
   60.027027  -36.034527  -37.900875  167.675140
   60.389988  -37.639839  -37.640347  167.623962
   60.755833  -38.774067  -38.774323  167.595291
   61.150833  -39.998173  -39.998173  167.564941
   61.577320  -41.319599  -41.319599  167.532944
   62.037811  -42.746063  -42.746063  167.499283
   62.535019  -44.285946  -44.285946  167.463913
   63.071884  -45.948269  -45.948269  167.426895
   63.651577  -47.742786  -47.742786  167.388229
   64.277496  -49.680031  -49.680031  167.348022
   64.953354  -51.771381  -51.771381  167.306381
   65.683144  -54.029156  -54.029156  167.263412
   66.471153  -56.466625  -56.466625  167.219376
   67.322021  -59.098164  -59.098164  167.174408
   68.240807  -61.939342  -61.939342  167.128891
   69.232887  -65.006920  -65.006920  167.083160
   70.304138  -68.319130  -68.319130  167.037643
   71.460869  -71.895622  -71.895622  166.992920
   72.709854  -75.757729  -75.757729  166.949570
   74.058441  -79.928482  -79.928482  166.908310
   75.514549  -84.432892  -84.432892  166.869965
   77.086662  -89.298050  -89.298050  166.835464
  BLADE PROFILES IN CARTESIAN COORDINATES (2D) BEFORE   PROJECTION, SCALING, MESHING AND STACKING 
  VARIABLES = "X", "YSS", "YPS" 
  BLADE           2  SECTION           2
    0.000000    0.024297    0.024297
    0.000062    0.027962    0.023097
    0.000249    0.029764    0.020177
    0.000561    0.032001    0.017537
    0.000997    0.033863    0.015000
    0.001557    0.035899    0.012348
    0.002241    0.038099    0.009660
    0.003050    0.040420    0.006969
    0.003982    0.043024    0.004367
    0.005038    0.045882    0.001751
    0.006218    0.048919   -0.000843
    0.007520    0.052149   -0.003396
    0.008945    0.055583   -0.005891
    0.010493    0.059209   -0.008305
    0.012162    0.063017   -0.010625
    0.013954    0.066999   -0.012838
    0.015866    0.071144   -0.014960
    0.017899    0.075445   -0.016951
    0.020052    0.079893   -0.018830
    0.022325    0.084481   -0.020606
    0.024716    0.089208   -0.022288
    0.027226    0.094097   -0.023870
    0.029854    0.099055   -0.025363
    0.032600    0.104120   -0.026771
    0.035461    0.109284   -0.028108
    0.038439    0.114535   -0.029357
    0.041531    0.119867   -0.030522
    0.044738    0.125272   -0.031594
    0.048058    0.130742   -0.032548
    0.051491    0.136268   -0.033370
    0.055036    0.141842   -0.034035
    0.058691    0.147455   -0.034499
    0.062456    0.153099   -0.034728
    0.066331    0.158765   -0.034689
    0.070314    0.164445   -0.034369
    0.074403    0.170132   -0.033848
    0.078599    0.175830   -0.033291
    0.082900    0.181568   -0.032720
    0.087305    0.187209   -0.032140
    0.091812    0.192809   -0.031553
    0.096421    0.198372   -0.030968
    0.101131    0.203891   -0.030395
    0.105941    0.209380   -0.029824
    0.110848    0.214864   -0.029266
    0.115853    0.220164   -0.028726
    0.120953    0.225381   -0.028208
    0.126148    0.230520   -0.027717
    0.131435    0.235587   -0.027262
    0.136815    0.240570   -0.026869
    0.142285    0.245368   -0.026497
    0.147845    0.250077   -0.026173
    0.153492    0.254715   -0.025899
    0.159225    0.259067   -0.025687
    0.165044    0.263336   -0.025573
    0.170946    0.267528   -0.025493
    0.176930    0.271375   -0.025484
    0.182994    0.275134   -0.025600
    0.189138    0.278775   -0.025753
    0.195358    0.282073   -0.026044
    0.201655    0.285262   -0.026381
    0.208026    0.288247   -0.026857
    0.214470    0.291009   -0.027439
    0.220986    0.293643   -0.028123
    0.227570    0.295817   -0.028920
    0.234223    0.297890   -0.029866
    0.240941    0.299717   -0.030928
    0.247725    0.301295   -0.032100
    0.254571    0.302695   -0.033429
    0.261478    0.303627   -0.034910
    0.268445    0.304434   -0.036528
    0.275470    0.304907   -0.038328
    0.282550    0.305171   -0.040236
    0.289685    0.305163   -0.042324
    0.296872    0.304794   -0.044594
    0.304110    0.304268   -0.046978
    0.311396    0.303176   -0.049598
    0.318730    0.301930   -0.052336
    0.326109    0.300418   -0.055342
    0.333531    0.298544   -0.058453
    0.340994    0.296461   -0.061749
    0.348497    0.293842   -0.065235
    0.356038    0.291011   -0.068929
    0.363615    0.287983   -0.072835
    0.371226    0.284378   -0.077000
    0.378869    0.280576   -0.081291
    0.386542    0.276565   -0.085785
    0.394243    0.271979   -0.090467
    0.401971    0.267117   -0.095292
    0.409723    0.261991   -0.100402
    0.417498    0.256597   -0.105719
    0.425293    0.250724   -0.111261
    0.433107    0.244532   -0.117017
    0.440937    0.238065   -0.122983
    0.448783    0.231366   -0.129161
    0.456641    0.224159   -0.135548
    0.464509    0.216619   -0.142145
    0.472387    0.208760   -0.148923
    0.480272    0.200580   -0.155861
    0.488161    0.192078   -0.163080
    0.496053    0.183253   -0.170538
    0.503947    0.174146   -0.178205
    0.511839    0.164800   -0.186075
    0.519729    0.155016   -0.194146
    0.527613    0.144918   -0.202382
    0.535491    0.134510   -0.210780
    0.543360    0.123795   -0.219443
    0.551217    0.112742   -0.228325
    0.559063    0.101311   -0.237411
    0.566893    0.089709   -0.246684
    0.574707    0.077821   -0.256141
    0.582502    0.065655   -0.265742
    0.590277    0.053215   -0.275491
    0.598029    0.040508   -0.285480
    0.605757    0.027541   -0.295656
    0.613458    0.014320   -0.306019
    0.621131    0.000852   -0.316543
    0.628774   -0.012883   -0.327225
    0.636385   -0.026884   -0.338059
    0.643962   -0.041183   -0.349012
    0.651503   -0.055589   -0.360066
    0.659006   -0.070203   -0.371329
    0.666469   -0.085017   -0.382748
    0.673891   -0.100023   -0.394301
    0.681270   -0.115214   -0.405975
    0.688604   -0.130605   -0.417763
    0.695890   -0.146196   -0.429661
    0.703128   -0.162001   -0.441631
    0.710315   -0.177855   -0.453667
    0.717450   -0.193847   -0.465855
    0.724530   -0.209965   -0.478126
    0.731555   -0.226201   -0.490497
    0.738522   -0.242549   -0.502937
    0.745429   -0.259012   -0.515439
    0.752275   -0.275560   -0.527995
    0.759059   -0.292227   -0.540599
    0.765777   -0.308981   -0.553210
    0.772430   -0.325721   -0.565841
    0.779015   -0.342504   -0.578544
    0.785530   -0.359319   -0.591264
    0.791974   -0.376156   -0.603995
    0.798345   -0.393015   -0.616731
    0.804642   -0.409879   -0.629470
    0.810863   -0.426731   -0.642194
    0.817006   -0.443592   -0.654895
    0.823070   -0.460439   -0.667565
    0.829054   -0.477183   -0.680196
    0.834956   -0.493868   -0.692780
    0.840775   -0.510486   -0.705279
    0.846508   -0.527022   -0.717713
    0.852155   -0.543467   -0.730107
    0.857715   -0.559813   -0.742421
    0.863185   -0.576050   -0.754645
    0.868565   -0.592163   -0.766774
    0.873852   -0.608138   -0.778797
    0.879047   -0.623964   -0.790708
    0.884147   -0.639631   -0.802497
    0.889152   -0.655127   -0.814157
    0.894059   -0.670442   -0.825679
    0.898869   -0.685598   -0.837057
    0.903579   -0.700536   -0.848280
    0.908188   -0.715239   -0.859343
    0.912695   -0.729718   -0.870237
    0.917100   -0.743963   -0.880954
    0.921401   -0.757963   -0.891485
    0.925597   -0.771709   -0.901824
    0.929686   -0.785192   -0.911965
    0.933669   -0.798401   -0.921898
    0.937544   -0.811327   -0.931619
    0.941309   -0.823959   -0.941117
    0.944965   -0.836287   -0.950388
    0.948509   -0.848304   -0.959424
    0.951942   -0.860000   -0.968219
    0.955262   -0.871367   -0.976766
    0.958469   -0.882396   -0.985059
    0.961561   -0.893080   -0.993091
    0.964539   -0.903411   -1.000857
    0.967400   -0.913381   -1.008367
    0.970146   -0.922981   -1.015585
    0.972774   -0.932207   -1.022521
    0.975284   -0.941047   -1.028947
    0.977675   -0.949492   -1.034128
    0.979948   -0.957552   -1.038409
    0.982101   -0.965212   -1.041997
    0.984134   -0.972464   -1.044997
    0.986046   -0.979304   -1.047480
    0.987838   -0.985723   -1.049493
    0.989507   -0.991725   -1.051070
    0.991055   -0.997301   -1.052236
    0.992480   -1.002444   -1.053009
    0.993782   -1.007152   -1.053408
    0.994962   -1.011422   -1.053540
    0.996018   -1.015253   -1.053227
    0.996950   -1.018742   -1.052496
    0.997759   -1.021889   -1.051541
    0.998443   -1.025172   -1.050295
    0.999003   -1.028375   -1.048793
    0.999439   -1.031404   -1.046937
    0.999751   -1.034269   -1.044810
    0.999938   -1.037259   -1.042407
    1.000000   -1.041349   -1.041349
  BLADE PROFILES IN CARTESIAN COORDINATES (3D) 
  VARIABLES = "X", "YSS", "YPS" "R" 
  BLADE           2  SECTION           2
   20.119678  -14.112095  -14.112095  188.979843
   21.042156  -13.122849  -13.122849  188.979782
   21.869205  -12.235919  -12.235919  188.979385
   22.610706  -11.440713  -11.440713  188.978531
   23.275501  -10.727713  -10.727713  188.977020
   23.871531  -10.088495  -10.088495  188.975998
   24.405903   -9.515416   -9.515416  188.975372
   24.884996   -9.001634   -9.001634  188.975067
   25.314533   -8.541008   -8.541008  188.975021
   25.699636   -8.128046   -8.128046  188.975327
   26.044901   -7.757809   -7.757809  188.975647
   26.354450   -7.425873   -7.425873  188.976120
   26.631981   -7.128275   -7.128275  188.976593
   26.880796   -6.861465   -6.861465  188.977127
   27.103888   -6.622257   -6.622257  188.977585
   27.303888   -6.407793   -6.407793  188.978104
   27.483204   -6.215515   -6.215515  188.978546
   27.643974   -6.043127   -6.043127  188.978989
   27.788109   -5.888572   -5.888572  188.979462
   27.917336   -5.750006   -5.750006  188.979797
   28.033195   -5.625773   -5.625773  188.980072
   28.149055   -5.019725   -6.188156  188.980240
   28.270197   -4.705235   -6.458981  188.980377
   28.397099   -4.406366   -6.661463  188.980499
   28.530258   -4.112462   -6.821546  188.980637
   28.670166   -3.819884   -6.951323  188.980804
   28.817291   -3.526225   -7.060085  188.980957
   28.972137   -3.229251   -7.152978  188.981079
   29.135187   -2.930835   -7.233953  188.981232
   29.306913   -2.629220   -7.304671  188.981369
   29.487818   -2.324192   -7.365150  188.981461
   29.678394   -2.015702   -7.412954  188.981598
   29.879107   -1.703970   -7.444297  188.981689
   30.090450   -1.389368   -7.452878  188.981796
   30.312927   -1.072428   -7.434921  188.981949
   30.546888   -0.753022   -7.403813  188.982056
   30.792412   -0.432948   -7.371352  188.982101
   31.050062   -0.116255   -7.338109  188.982178
   31.320475    0.199279   -7.305264  188.982193
   31.604376    0.514854   -7.272975  188.982208
   31.902529    0.821539   -7.242373  188.982147
   32.215813    1.124750   -7.214660  188.982147
   32.544960    1.420220   -7.191691  188.982071
   32.890617    1.708365   -7.173309  188.981949
   33.253922    1.979636   -7.162982  188.981766
   33.636189    2.238234   -7.160148  188.981598
   34.038853    2.481226   -7.169356  188.981323
   34.463493    2.699018   -7.191699  188.981064
   34.911835    2.895667   -7.231047  188.980698
   35.389278    3.058532   -7.290215  188.980194
   35.902760    3.190021   -7.374755  188.979691
   36.452824    3.274952   -7.491158  188.979004
   37.039028    3.307301   -7.644744  188.978256
   37.659969    3.277729   -7.840715  188.977386
   38.313271    3.165377   -8.087615  188.976349
   38.995518    2.972948   -8.385839  188.975281
   39.695675    2.691287   -8.741972  188.973969
   40.402546    2.322755   -9.149752  188.972610
   41.112312    1.864721   -9.605980  188.971252
   41.821877    1.322322  -10.117259  188.969788
   42.528839    0.703187  -10.678346  188.968323
   43.231506    0.000000  -11.283496  188.966873
   43.928894   -0.775595  -11.939332  188.965286
   44.625706   -1.626102  -12.645778  188.963684
   45.325100   -2.563582  -13.403471  188.962097
   46.026497   -3.587490  -14.220773  188.960480
   46.728992   -4.687165  -15.088130  188.958893
   47.431290   -5.864982  -16.012646  188.957214
   48.131802   -7.119818  -16.989103  188.955612
   48.828526   -8.448394  -18.009344  188.954025
   49.515263   -9.828657  -19.072254  188.952454
   50.188160  -11.257854  -20.163574  188.950912
   50.845383  -12.720436  -21.275389  188.949524
   51.485443  -14.208731  -22.408274  188.948135
   52.107193  -15.719127  -23.552452  188.946838
   52.709900  -17.240061  -24.700571  188.945633
   53.293110  -18.764240  -25.852818  188.944489
   53.858978  -20.295506  -27.008488  188.943436
   54.408054  -21.829773  -28.164444  188.942490
   54.940327  -23.359621  -29.315691  188.941589
   55.455811  -24.883633  -30.463442  188.940765
   55.954510  -26.397415  -31.602695  188.939987
   56.436417  -27.897388  -32.730732  188.939285
   56.901535  -29.379227  -33.844860  188.938721
   57.349861  -30.838184  -34.942326  188.938095
   57.781387  -32.272118  -36.020668  188.937653
   58.196133  -33.677299  -37.077293  188.937195
   58.594082  -35.050457  -38.109802  188.936783
   58.975250  -36.388123  -39.075237  188.936447
   59.339611  -37.688053  -39.608570  188.936157
   59.687191  -39.313881  -39.314457  188.936096
   60.034767  -40.421085  -40.421371  188.936844
   60.409992  -41.616062  -41.616062  188.937653
   60.815067  -42.906105  -42.906105  188.938522
   61.252361  -44.298786  -44.298786  188.939484
   61.724453  -45.802273  -45.802273  188.940506
   62.234112  -47.425373  -47.425373  188.941635
   62.784283  -49.177612  -49.177612  188.942902
   63.378246  -51.069256  -51.069256  188.944244
   64.019455  -53.111404  -53.111404  188.945724
   64.711670  -55.316017  -55.316017  188.947357
   65.458946  -57.696056  -57.696056  188.949097
   66.265686  -60.265438  -60.265438  188.950989
   67.136589  -63.039257  -63.039257  188.952988
   68.076775  -66.033760  -66.033760  188.955154
   69.091751  -69.266510  -69.266510  188.957458
   70.187469  -72.756462  -72.756462  188.959900
   71.370377  -76.524063  -76.524063  188.962494
   72.647362  -80.591370  -80.591370  188.965118
   74.025948  -84.982254  -84.982254  188.967773
   75.514206  -89.722397  -89.722397  188.970428
  BLADE PROFILES IN CARTESIAN COORDINATES (2D) BEFORE   PROJECTION, SCALING, MESHING AND STACKING 
  VARIABLES = "X", "YSS", "YPS" 
  BLADE           2  SECTION           3
    0.000000    0.026914    0.026914
    0.000062    0.031079    0.025614
    0.000249    0.033102    0.022267
    0.000561    0.035556    0.019343
    0.000997    0.037429    0.016328
    0.001557    0.039466    0.013148
    0.002241    0.041584    0.009893
    0.003050    0.043804    0.006733
    0.003982    0.046259    0.003458
    0.005038    0.048950    0.000112
    0.006218    0.051739   -0.003278
    0.007520    0.054711   -0.006662
    0.008945    0.057850   -0.010036
    0.010493    0.061154   -0.013421
    0.012162    0.064640   -0.016801
    0.013954    0.068195   -0.020160
    0.015866    0.071874   -0.023491
    0.017899    0.075671   -0.026828
    0.020052    0.079578   -0.030085
    0.022325    0.083586   -0.033293
    0.024716    0.087700   -0.036489
    0.027226    0.091935   -0.039670
    0.029854    0.096189   -0.042800
    0.032600    0.100501   -0.045905
    0.035461    0.104874   -0.048985
    0.038439    0.109300   -0.052061
    0.041531    0.113773   -0.055094
    0.044738    0.118294   -0.058101
    0.048058    0.122884   -0.061042
    0.051491    0.127419   -0.063916
    0.055036    0.131966   -0.066651
    0.058691    0.136522   -0.069206
    0.062456    0.141091   -0.071497
    0.066331    0.145681   -0.073475
    0.070314    0.150176   -0.075037
    0.074403    0.154644   -0.076410
    0.078599    0.159102   -0.077771
    0.082900    0.163545   -0.079159
    0.087305    0.167853   -0.080564
    0.091812    0.172137   -0.081999
    0.096421    0.176410   -0.083461
    0.101131    0.180471   -0.084955
    0.105941    0.184502   -0.086487
    0.110848    0.188497   -0.088055
    0.115853    0.192262   -0.089671
    0.120953    0.195966   -0.091327
    0.126148    0.199626   -0.093040
    0.131435    0.203000   -0.094809
    0.136815    0.206309   -0.096636
    0.142285    0.209540   -0.098523
    0.147845    0.212468   -0.100477
    0.153492    0.215320   -0.102516
    0.159225    0.218012   -0.104609
    0.165044    0.220509   -0.106796
    0.170946    0.222915   -0.109066
    0.176930    0.224910   -0.111425
    0.182994    0.226826   -0.113879
    0.189138    0.228553   -0.116413
    0.195358    0.230038   -0.119067
    0.201655    0.231405   -0.121812
    0.208026    0.232314   -0.124675
    0.214470    0.233121   -0.127650
    0.220986    0.233695   -0.130751
    0.227570    0.234008   -0.133985
    0.234223    0.234165   -0.137297
    0.240941    0.233832   -0.140800
    0.247725    0.233365   -0.144384
    0.254571    0.232649   -0.148113
    0.261478    0.231630   -0.152035
    0.268445    0.230424   -0.156052
    0.275470    0.228721   -0.160216
    0.282550    0.226833   -0.164532
    0.289685    0.224753   -0.169003
    0.296872    0.222162   -0.173633
    0.304110    0.219381   -0.178430
    0.311396    0.216386   -0.183392
    0.318730    0.212882   -0.188520
    0.326109    0.209168   -0.193818
    0.333531    0.205234   -0.199290
    0.340994    0.200791   -0.204941
    0.348497    0.196046   -0.210770
    0.356038    0.191052   -0.216779
    0.363615    0.185832   -0.222969
    0.371226    0.180092   -0.229341
    0.378869    0.174040   -0.235896
    0.386542    0.167678   -0.242635
    0.394243    0.161036   -0.249534
    0.401971    0.154151   -0.256584
    0.409723    0.146798   -0.263876
    0.417498    0.139092   -0.271369
    0.425293    0.131062   -0.279062
    0.433107    0.122708   -0.286942
    0.440937    0.114027   -0.295008
    0.448783    0.105019   -0.303260
    0.456641    0.095685   -0.311676
    0.464509    0.086025   -0.320231
    0.472387    0.076042   -0.329045
    0.480272    0.065738   -0.338068
    0.488161    0.055114   -0.347273
    0.496053    0.044176   -0.356658
    0.503947    0.032925   -0.366223
    0.511839    0.021366   -0.375942
    0.519729    0.009502   -0.385789
    0.527613   -0.002661   -0.395892
    0.535491   -0.015119   -0.406189
    0.543360   -0.027867   -0.416654
    0.551217   -0.040924   -0.427285
    0.559063   -0.054296   -0.438044
    0.566893   -0.068029   -0.448940
    0.574707   -0.081911   -0.460050
    0.582502   -0.096055   -0.471327
    0.590277   -0.110456   -0.482775
    0.598029   -0.125105   -0.494368
    0.605757   -0.139999   -0.506103
    0.613458   -0.155158   -0.517940
    0.621131   -0.170587   -0.529893
    0.628774   -0.186294   -0.542029
    0.636385   -0.202113   -0.554289
    0.643962   -0.218136   -0.566697
    0.651503   -0.234357   -0.579221
    0.659006   -0.250772   -0.591855
    0.666469   -0.267391   -0.604592
    0.673891   -0.284223   -0.617394
    0.681270   -0.301263   -0.630270
    0.688604   -0.318365   -0.643286
    0.695890   -0.335612   -0.656384
    0.703128   -0.352992   -0.669571
    0.710315   -0.370503   -0.682835
    0.717450   -0.388149   -0.696161
    0.724530   -0.405900   -0.709543
    0.731555   -0.423794   -0.722973
    0.738522   -0.441786   -0.736415
    0.745429   -0.459787   -0.749878
    0.752275   -0.477850   -0.763415
    0.759059   -0.495965   -0.776974
    0.765777   -0.514136   -0.790548
    0.772430   -0.532345   -0.804141
    0.779015   -0.550574   -0.817736
    0.785530   -0.568853   -0.831323
    0.791974   -0.587142   -0.844894
    0.798345   -0.605361   -0.858441
    0.804642   -0.623554   -0.871926
    0.810863   -0.641712   -0.885374
    0.817006   -0.659823   -0.898807
    0.823070   -0.677887   -0.912187
    0.829054   -0.695883   -0.925504
    0.834956   -0.713797   -0.938752
    0.840775   -0.731617   -0.951923
    0.846508   -0.749333   -0.965009
    0.852155   -0.766974   -0.978003
    0.857715   -0.784476   -0.990901
    0.863185   -0.801807   -1.003689
    0.868565   -0.818988   -1.016360
    0.873852   -0.836008   -1.028906
    0.879047   -0.852857   -1.041319
    0.884147   -0.869531   -1.053592
    0.889152   -0.886009   -1.065717
    0.894059   -0.902282   -1.077660
    0.898869   -0.918338   -1.089454
    0.903579   -0.934167   -1.101090
    0.908188   -0.949759   -1.112548
    0.912695   -0.965102   -1.123820
    0.917100   -0.980188   -1.134899
    0.921401   -0.995004   -1.145778
    0.925597   -1.009543   -1.156450
    0.929686   -1.023793   -1.166907
    0.933669   -1.037745   -1.177143
    0.937544   -1.051390   -1.187152
    0.941309   -1.064718   -1.196926
    0.944965   -1.077720   -1.206458
    0.948509   -1.090388   -1.215763
    0.951942   -1.102712   -1.224796
    0.955262   -1.114685   -1.233569
    0.958469   -1.126299   -1.242077
    0.961561   -1.137543   -1.250312
    0.964539   -1.148411   -1.258270
    0.967400   -1.158897   -1.265947
    0.970146   -1.168990   -1.273342
    0.972774   -1.178685   -1.280275
    0.975284   -1.187976   -1.285971
    0.977675   -1.196856   -1.290546
    0.979948   -1.205319   -1.294349
    0.982101   -1.213359   -1.297525
    0.984134   -1.220963   -1.300155
    0.986046   -1.228140   -1.302290
    0.987838   -1.234878   -1.303974
    0.989507   -1.241169   -1.305231
    0.991055   -1.247013   -1.306087
    0.992480   -1.252405   -1.306559
    0.993782   -1.257339   -1.306722
    0.994962   -1.261816   -1.306466
    0.996018   -1.265830   -1.305839
    0.996950   -1.269429   -1.304947
    0.997759   -1.272686   -1.303703
    0.998443   -1.275984   -1.302152
    0.999003   -1.279098   -1.300319
    0.999439   -1.282249   -1.298221
    0.999751   -1.285495   -1.295871
    0.999938   -1.288802   -1.293218
    1.000000   -1.290676   -1.290676
  BLADE PROFILES IN CARTESIAN COORDINATES (3D) 
  VARIABLES = "X", "YSS", "YPS" "R" 
  BLADE           2  SECTION           3
   20.958900   -6.452361   -6.452361  204.186371
   21.851748   -5.850033   -5.850033  204.279922
   22.653131   -5.309540   -5.309540  204.355164
   23.372931   -4.824467   -4.824467  204.407181
   24.019325   -4.389226   -4.389226  204.446945
   24.598829   -3.998950   -3.998950  204.483231
   25.118353   -3.649001   -3.649001  204.516495
   25.584089   -3.335213   -3.335213  204.547028
   26.001602   -3.053858   -3.053858  204.575317
   26.375866   -2.801586   -2.801586  204.601425
   26.711386   -2.575389   -2.575389  204.625229
   27.012165   -2.372573   -2.372573  204.647018
   27.281809   -2.190723   -2.190723  204.666809
   27.523544   -2.027671   -2.027671  204.684875
   27.740255   -1.881476   -1.881476  204.701218
   27.934536   -1.750395   -1.750395  204.716034
   28.108704   -1.632866   -1.632866  204.729462
   28.264853   -1.527490   -1.527490  204.741638
   28.404835   -1.433010   -1.433010  204.752594
   28.530336   -1.348299   -1.348299  204.762802
   28.642847   -1.272348   -1.272348  204.773331
   28.755138   -0.671760   -1.932077  204.784073
   28.872528   -0.387620   -2.275316  204.795380
   28.995478   -0.121591   -2.549892  204.807495
   29.124464    0.134370   -2.788308  204.820374
   29.259949    0.385384   -3.003294  204.834137
   29.402405    0.634829   -3.199751  204.848877
   29.552301    0.884350   -3.385239  204.864624
   29.710094    1.131465   -3.561622  204.881546
   29.876259    1.379000   -3.732473  204.899658
   30.051250    1.628086   -3.897399  204.919159
   30.235538    1.876667   -4.054667  204.940033
   30.429581    2.123947   -4.197961  204.962509
   30.633852    2.372580   -4.317410  204.986588
   30.848799    2.617821   -4.403101  205.012497
   31.074791    2.861705   -4.476920  205.040268
   31.311871    3.101674   -4.553162  205.070129
   31.560566    3.338830   -4.632456  205.101990
   31.821493    3.566578   -4.715541  205.136276
   32.095341    3.790563   -4.803382  205.172943
   32.382828    4.003584   -4.896956  205.212387
   32.684784    4.206272   -4.997765  205.254669
   33.001919    4.399615   -5.106750  205.300110
   33.334812    4.574105   -5.225720  205.348892
   33.684574    4.734419   -5.355619  205.401306
   34.052418    4.873668   -5.499354  205.457657
   34.439724    4.991269   -5.658440  205.518295
   34.848000    5.083634   -5.836058  205.583755
   35.278847    5.139488   -6.035206  205.654327
   35.737473    5.164647   -6.261048  205.731140
   36.230461    5.139973   -6.520628  205.815536
   36.758312    5.068264   -6.819478  205.907883
   37.320549    4.928987   -7.159971  206.008591
   37.915852    4.718214   -7.548864  206.117508
   38.541828    4.427362   -7.990370  206.234390
   39.195244    4.047279   -8.487955  206.358963
   39.865498    3.580648   -9.038335  206.489029
   40.541882    3.022273   -9.634929  206.622589
   41.220764    2.386912  -10.274280  206.758514
   41.899220    1.665751  -10.960660  206.896317
   42.574986    0.869191  -11.686886  207.035080
   43.246456    0.000000  -12.452489  207.174240
   43.912739   -0.938654  -13.258903  207.313354
   44.578339   -1.951576  -14.105214  207.453247
   45.246326   -3.043206  -15.004697  207.594223
   45.916145   -4.219776  -15.948702  207.736099
   46.586960   -5.467720  -16.944372  207.878296
   47.257591   -6.790702  -17.986200  208.020416
   47.926517   -8.190281  -19.070873  208.161987
   48.591869   -9.650454  -20.200293  208.302322
   49.247749  -11.166148  -21.357143  208.439880
   49.890499  -12.716985  -22.536818  208.573975
   50.518364  -14.296917  -23.733881  208.703888
   51.129971  -15.901746  -24.938986  208.829391
   51.724232  -17.514778  -26.149042  208.950043
   52.300407  -19.134571  -27.360474  209.065781
   52.858120  -20.755814  -28.567661  209.176437
   53.399395  -22.373608  -29.769585  209.282455
   53.924770  -23.989548  -30.968704  209.383896
   54.434235  -25.599096  -32.160305  209.480835
   54.927803  -27.197971  -33.342239  209.573334
   55.405468  -28.780453  -34.511387  209.661392
   55.867210  -30.344763  -35.664169  209.745102
   56.313015  -31.886608  -36.800373  209.824539
   56.742889  -33.402599  -37.916584  209.899750
   57.156822  -34.889465  -39.010445  209.970871
   57.554798  -36.344021  -40.080353  210.038010
   57.936790  -37.763279  -41.122837  210.101181
   58.302807  -39.144112  -42.043125  210.160599
   58.652832  -40.483555  -42.505398  210.216354
   58.986839  -42.076927  -42.077389  210.259232
   59.324047  -43.198463  -43.198692  210.287537
   59.688137  -44.409004  -44.409004  210.317535
   60.081272  -45.715889  -45.715889  210.349152
   60.505749  -47.126778  -47.126778  210.382507
   60.964085  -48.649940  -48.649940  210.417542
   61.459003  -50.294315  -50.294315  210.454285
   61.993404  -52.069500  -52.069500  210.492661
   62.570454  -53.985931  -53.985931  210.532654
   63.193554  -56.054771  -56.054771  210.574188
   63.866413  -58.288162  -58.288162  210.617096
   64.592972  -60.699112  -60.699112  210.661255
   65.377525  -63.301704  -63.301704  210.706467
   66.224754  -66.111137  -66.111137  210.752472
   67.139610  -69.143723  -69.143723  210.798904
   68.127518  -72.417130  -72.417130  210.845444
   69.194298  -75.950317  -75.950317  210.891586
   70.346222  -79.763771  -79.763771  210.936844
   71.590111  -83.879555  -83.879555  210.980530
   72.933228  -88.321434  -88.321434  211.022064
   74.383484  -93.114967  -93.114967  211.060593
