 DATA SET FOR "multall" . GENERATED BY "stagen" .                       
    CP   and   GAMMA 
  -10.0000    1.0000
287.0491            1.4492              
       ITIMST 
         3
     CFL,    DAMP,    MACHLIM,    F_PDOWN 
  0.400000 10.000000  2.000000  0.000000
  IF_RESTART 
         0
  NSTEPS_MAX, CONLIM 
     10000  0.000150
   SFX,      SFT,      FAC_4TH,     NCHANGE 
  0.005000  0.005000  0.800000      1000
       NUMBER OF BLADE ROWS 
         2
        IM        KM 
        37        37
  FP(I),I=1,IMM1 
  1.000000  1.250000  1.562500  1.953125  2.441406  3.051758  3.814697  4.768372
  5.960464  7.450581  9.313226 11.641532 14.551915 18.189894 20.000000 20.000000
 20.000000 20.000000 20.000000 20.000000 20.000000 20.000000 18.189894 14.551915
 11.641532  9.313226  7.450581  5.960464  4.768372  3.814697  3.051758  2.441406
  1.953125  1.562500  1.250000  1.000000
  FR(K),K=1,KMM1 
  1.000000  1.250000  1.562500  1.953125  2.441406  3.051758  3.814697  4.768372
  5.960464  7.450581  9.313226 11.641532 14.551915 18.189894 20.000000 20.000000
 20.000000 20.000000 20.000000 20.000000 20.000000 20.000000 18.189894 14.551915
 11.641532  9.313226  7.450581  5.960464  4.768372  3.814697  3.051758  2.441406
  1.953125  1.562500  1.250000  1.000000
        IR        JR        KR        IRBB      JRBB      KRBB 
         3         3         3         9         9         9
   FBLK1,     FBLK2,     FBLK3  
  0.400000  0.200000  0.100000
       IFMIX 
         1
   RFMIX,    FEXTRAP,   FSMTHB,    FANGLE 
  0.025000  0.800000  1.000000  0.800000
      IFCOOL    IFBLEED    IF_ROUGH 
         0         0         0
       NSECS_IN 
         3
       IN_PRESS  IN_VTAN   IN_VR    IN_FLOW  IF_REPEAT  RFIN 
         0         0         1         0         0   0.50000
  IPOUT  SFEXIT  NSFEXIT 
    1  0.000000    0
  PLATE_LOSS  THROTTLE_EXIT 
  0.000000  0.000000
        ILOS      NLOS      IBOUND 
       100         5         0
   REYNO,     RF_VIS,   FTRANS, TURBVIS_LIM, PRANDTL, YPLUSWALL
       0.0     0.500     0.000  3000.000       1.0     0.000
   YPLAM      YPTURB 
  5.000000 25.000000
      ISHIFT    NEXTRAP_LE  NEXTRAP_TE 
         2        10        10
  (NSTG(N),N=1,NROWS) 
         1         1
  5  TIME STEPS FOR PRINTOUT 
 10010 10010 10010 10010 10010
  MARKER FOR VARIABLES TO BE SENT TO THE OUTPUT FILE.
 0 0 0 0 0 0 0 0 0 0 0 0 0 0 0 0 0 0 0 0
  STREAM SURFACES ON WHICH RESULTS ARE TO BE SENT TO   THE OUTPUT FILE 
 0 0 0 0 0 0 0 0 0 0 0 0 0 0 0 0 0 0 0 0 0 0 0 0 0 0 0 0 0 0 0 0 0 0 0 0 0
 ***************************************************************
 ************STARTING THE INPUT FOR EACH BLADE ROW**************
  BLADE ROW NUMBER =        1                                           
    NUMBER OF BLADES IN ROW 
        26
        JM        JLE       JTE 
       111        26        96
      KTIPSTART  KTIPEND 
         0         0
       BOUNDARY LAYER TRANSITION POINTS 
         0         0         0         0
  SET NEWGRID= 1 TO GENERATE A NEW GRID WITH DIFFERENT "J" POINTS AND SPACINGS.
         0
   RPMROW,    RPMHUB 
       0.0       0.0
       JROTHS    JROTHE    JROTTS    JROTTE 
         1         1         1         1
   PUPROW    PLEROW   PTEROW    PDROW 
 3480630.8 3480630.8 2255212.2 2255212.2
      NSECS_ROW   INSURF  
         3         0
  IF_CUSP_OUT   IFANGLES 
         1         0
         0         3         0
 ***************************************************************
  ROW NUMBER           1  SECTION NUMBER            1
           0           0           0  IF_DESIGN etc 
   1.00000   0.00000    0
 -0.010597 -0.009341 -0.008221 -0.007223 -0.006333 -0.005540 -0.004833 -0.004202
 -0.003641 -0.003140 -0.002693 -0.002296 -0.001941 -0.001625 -0.001343 -0.001091
 -0.000867 -0.000668 -0.000489 -0.000331 -0.000189 -0.000063  0.000050  0.000150
  0.000239  0.000319  0.000398  0.000481  0.000568  0.000658  0.000754  0.000854
  0.000960  0.001071  0.001189  0.001312  0.001442  0.001579  0.001723  0.001875
  0.002034  0.002202  0.002378  0.002562  0.002755  0.002958  0.003172  0.003396
  0.003631  0.003879  0.004139  0.004413  0.004702  0.005007  0.005332  0.005681
  0.006055  0.006453  0.006876  0.007320  0.007783  0.008259  0.008739  0.009222
  0.009704  0.010184  0.010662  0.011136  0.011609  0.012085  0.012562  0.013039
  0.013517  0.013994  0.014468  0.014936  0.015394  0.015842  0.016278  0.016703
  0.017114  0.017512  0.017898  0.018274  0.018637  0.018990  0.019331  0.019661
  0.019980  0.020287  0.020583  0.020867  0.021140  0.021402  0.021652  0.021891
  0.022130  0.022384  0.022651  0.022934  0.023233  0.023549  0.023883  0.024237
  0.024610  0.025005  0.025422  0.025863  0.026329  0.026822  0.027343
  1.000000  0.000000
  0.006775  0.005342  0.004064  0.002924  0.001909  0.001003  0.000196 -0.000524
 -0.001165 -0.001737 -0.002247 -0.002701 -0.003106 -0.003467 -0.003789 -0.004076
 -0.004332 -0.004560 -0.004764 -0.004945 -0.005106 -0.005251 -0.005379 -0.005494
 -0.005596 -0.005687 -0.005318 -0.005149 -0.005025 -0.004927 -0.004848 -0.004780
 -0.004721 -0.004668 -0.004621 -0.004579 -0.004542 -0.004513 -0.004493 -0.004484
 -0.004486 -0.004488 -0.004489 -0.004487 -0.004483 -0.004475 -0.004463 -0.004445
 -0.004422 -0.004391 -0.004352 -0.004302 -0.004241 -0.004165 -0.004072 -0.003957
 -0.003817 -0.003647 -0.003444 -0.003206 -0.002928 -0.002611 -0.002258 -0.001870
 -0.001451 -0.000997 -0.000515  0.000000  0.000546  0.001129  0.001746  0.002403
  0.003090  0.003815  0.004567  0.005345  0.006140  0.006946  0.007764  0.008585
  0.009410  0.010233  0.011055  0.011876  0.012694  0.013504  0.014309  0.015104
  0.015888  0.016658  0.017414  0.018154  0.018877  0.019574  0.020036  0.019887
  0.020718  0.021597  0.022525  0.023506  0.024544  0.025640  0.026799  0.028024
  0.029319  0.030687  0.032134  0.033662  0.035278  0.036985  0.038789
  1.000000
  0.000000  0.000000  0.000000  0.000000  0.000000  0.000000  0.000000  0.000000
  0.000000  0.000000  0.000000  0.000000  0.000000  0.000000  0.000000  0.000000
  0.000000  0.000000  0.000000  0.000000  0.000000  0.000000  0.000000  0.000000
  0.000000  0.000000  0.000774  0.001151  0.001480  0.001784  0.002072  0.002353
  0.002630  0.002904  0.003178  0.003452  0.003725  0.003995  0.004259  0.004516
  0.004766  0.005016  0.005271  0.005527  0.005785  0.006046  0.006308  0.006573
  0.006835  0.007098  0.007361  0.007621  0.007879  0.008134  0.008387  0.008636
  0.008874  0.009104  0.009321  0.009515  0.009684  0.009822  0.009930  0.010001
  0.010037  0.010040  0.010014  0.009954  0.009864  0.009746  0.009596  0.009420
  0.009209  0.008977  0.008716  0.008430  0.008127  0.007804  0.007471  0.007121
  0.006768  0.006403  0.006034  0.005661  0.005283  0.004904  0.004524  0.004144
  0.003768  0.003394  0.003025  0.002661  0.002304  0.001948  0.001387  0.000000
  0.000000  0.000000  0.000000  0.000000  0.000000  0.000000  0.000000  0.000000
  0.000000  0.000000  0.000000  0.000000  0.000000  0.000000  0.000000
  1.000000  0.000000
  0.177617  0.177585  0.177552  0.177517  0.177483  0.177449  0.177416  0.177384
  0.177355  0.177327  0.177300  0.177276  0.177254  0.177233  0.177214  0.177197
  0.177182  0.177168  0.177155  0.177143  0.177133  0.177123  0.177115  0.177107
  0.177100  0.177094  0.177083  0.177071  0.177059  0.177046  0.177033  0.177018
  0.177003  0.176987  0.176970  0.176951  0.176932  0.176911  0.176889  0.176866
  0.176841  0.176815  0.176787  0.176758  0.176727  0.176693  0.176658  0.176621
  0.176581  0.176539  0.176495  0.176447  0.176397  0.176343  0.176285  0.176222
  0.176154  0.176081  0.176003  0.175920  0.175833  0.175744  0.175653  0.175561
  0.175470  0.175379  0.175289  0.175200  0.175112  0.175023  0.174936  0.174849
  0.174763  0.174678  0.174596  0.174516  0.174439  0.174365  0.174295  0.174228
  0.174165  0.174105  0.174049  0.173996  0.173946  0.173899  0.173855  0.173814
  0.173776  0.173740  0.173707  0.173677  0.173648  0.173622  0.173598  0.173576
  0.173560  0.173543  0.173525  0.173506  0.173486  0.173465  0.173443  0.173419
  0.173394  0.173368  0.173339  0.173309  0.173277  0.173242  0.173205
 ***************************************************************
  ROW NUMBER           1  SECTION NUMBER            2
           0           0           0  IF_DESIGN etc 
   1.00000   0.00000    0
 -0.011382 -0.010089 -0.008936 -0.007908 -0.006992 -0.006174 -0.005446 -0.004796
 -0.004217 -0.003701 -0.003240 -0.002830 -0.002464 -0.002137 -0.001846 -0.001587
 -0.001355 -0.001149 -0.000965 -0.000801 -0.000655 -0.000525 -0.000409 -0.000305
 -0.000213 -0.000130 -0.000048  0.000038  0.000128  0.000223  0.000323  0.000427
  0.000537  0.000653  0.000775  0.000904  0.001039  0.001182  0.001332  0.001491
  0.001657  0.001831  0.002015  0.002207  0.002409  0.002621  0.002843  0.003077
  0.003323  0.003581  0.003853  0.004139  0.004441  0.004760  0.005099  0.005465
  0.005856  0.006272  0.006714  0.007178  0.007663  0.008161  0.008664  0.009168
  0.009673  0.010175  0.010675  0.011171  0.011666  0.012163  0.012662  0.013161
  0.013661  0.014159  0.014654  0.015142  0.015621  0.016088  0.016543  0.016985
  0.017413  0.017828  0.018230  0.018621  0.018999  0.019366  0.019720  0.020063
  0.020393  0.020712  0.021019  0.021314  0.021597  0.021868  0.022127  0.022374
  0.022621  0.022882  0.023158  0.023450  0.023759  0.024085  0.024430  0.024794
  0.025180  0.025587  0.026018  0.026473  0.026954  0.027463  0.028000
  1.000000  0.000000
  0.006785  0.005398  0.004162  0.003059  0.002076  0.001200  0.000419 -0.000278
 -0.000899 -0.001453 -0.001947 -0.002387 -0.002779 -0.003129 -0.003441 -0.003720
 -0.003968 -0.004189 -0.004386 -0.004562 -0.004719 -0.004858 -0.004983 -0.005094
 -0.005193 -0.005282 -0.004901 -0.004728 -0.004607 -0.004511 -0.004435 -0.004370
 -0.004313 -0.004262 -0.004217 -0.004178 -0.004146 -0.004123 -0.004113 -0.004114
 -0.004118 -0.004121 -0.004123 -0.004122 -0.004120 -0.004114 -0.004104 -0.004090
 -0.004070 -0.004044 -0.004009 -0.003965 -0.003911 -0.003842 -0.003758 -0.003655
 -0.003528 -0.003373 -0.003189 -0.002970 -0.002713 -0.002421 -0.002096 -0.001737
 -0.001347 -0.000929 -0.000478  0.000000  0.000508  0.001053  0.001628  0.002241
  0.002884  0.003561  0.004266  0.004994  0.005739  0.006495  0.007263  0.008033
  0.008808  0.009581  0.010353  0.011125  0.011893  0.012656  0.013411  0.014159
  0.014896  0.015621  0.016332  0.017029  0.017709  0.018361  0.018785  0.018626
  0.019413  0.020244  0.021123  0.022053  0.023035  0.024074  0.025172  0.026333
  0.027560  0.028857  0.030228  0.031678  0.033210  0.034830  0.036543
  1.000000
  0.000000  0.000000  0.000000  0.000000  0.000000  0.000000  0.000000  0.000000
  0.000000  0.000000  0.000000  0.000000  0.000000  0.000000  0.000000  0.000000
  0.000000  0.000000  0.000000  0.000000  0.000000  0.000000  0.000000  0.000000
  0.000000  0.000000  0.000791  0.001165  0.001486  0.001782  0.002061  0.002334
  0.002603  0.002870  0.003135  0.003400  0.003662  0.003920  0.004169  0.004410
  0.004654  0.004898  0.005144  0.005394  0.005646  0.005900  0.006156  0.006413
  0.006669  0.006925  0.007182  0.007435  0.007687  0.007935  0.008180  0.008423
  0.008660  0.008883  0.009091  0.009281  0.009446  0.009583  0.009684  0.009753
  0.009790  0.009791  0.009767  0.009708  0.009620  0.009509  0.009360  0.009185
  0.008982  0.008756  0.008497  0.008222  0.007925  0.007611  0.007285  0.006944
  0.006599  0.006244  0.005884  0.005520  0.005151  0.004781  0.004411  0.004040
  0.003673  0.003309  0.002949  0.002593  0.002246  0.001896  0.001345  0.000000
  0.000000  0.000000  0.000000  0.000000  0.000000  0.000000  0.000000  0.000000
  0.000000  0.000000  0.000000  0.000000  0.000000  0.000000  0.000000
  1.000000  0.000000
  0.188971  0.188969  0.188968  0.188966  0.188964  0.188963  0.188962  0.188960
  0.188959  0.188958  0.188957  0.188957  0.188956  0.188956  0.188955  0.188955
  0.188954  0.188954  0.188953  0.188953  0.188953  0.188953  0.188953  0.188952
  0.188952  0.188952  0.188952  0.188952  0.188952  0.188952  0.188952  0.188952
  0.188952  0.188953  0.188953  0.188953  0.188953  0.188953  0.188953  0.188953
  0.188953  0.188954  0.188954  0.188954  0.188954  0.188954  0.188955  0.188955
  0.188955  0.188956  0.188956  0.188957  0.188957  0.188958  0.188958  0.188959
  0.188959  0.188960  0.188961  0.188962  0.188963  0.188964  0.188965  0.188966
  0.188967  0.188968  0.188968  0.188969  0.188970  0.188971  0.188972  0.188973
  0.188974  0.188975  0.188975  0.188976  0.188977  0.188977  0.188978  0.188978
  0.188979  0.188979  0.188979  0.188979  0.188980  0.188980  0.188980  0.188980
  0.188980  0.188980  0.188980  0.188980  0.188980  0.188979  0.188979  0.188979
  0.188979  0.188978  0.188977  0.188977  0.188976  0.188976  0.188975  0.188975
  0.188975  0.188975  0.188976  0.188976  0.188977  0.188979  0.188980
 ***************************************************************
  ROW NUMBER           1  SECTION NUMBER            3
           0           0           0  IF_DESIGN etc 
   1.00000   0.00000    0
 -0.012413 -0.011050 -0.009836 -0.008753 -0.007788 -0.006927 -0.006160 -0.005476
 -0.004867 -0.004324 -0.003839 -0.003407 -0.003022 -0.002679 -0.002373 -0.002101
 -0.001857 -0.001641 -0.001447 -0.001275 -0.001121 -0.000984 -0.000862 -0.000754
 -0.000656 -0.000570 -0.000484 -0.000394 -0.000300 -0.000201 -0.000097  0.000012
  0.000127  0.000248  0.000375  0.000509  0.000651  0.000799  0.000956  0.001121
  0.001294  0.001476  0.001667  0.001867  0.002078  0.002298  0.002530  0.002774
  0.003030  0.003299  0.003581  0.003879  0.004193  0.004525  0.004878  0.005257
  0.005664  0.006097  0.006556  0.007038  0.007542  0.008059  0.008581  0.009105
  0.009629  0.010151  0.010670  0.011185  0.011700  0.012217  0.012735  0.013254
  0.013773  0.014291  0.014806  0.015314  0.015812  0.016299  0.016773  0.017233
  0.017680  0.018113  0.018532  0.018940  0.019335  0.019718  0.020088  0.020446
  0.020792  0.021126  0.021447  0.021756  0.022052  0.022336  0.022608  0.022867
  0.023127  0.023402  0.023692  0.023999  0.024323  0.024666  0.025029  0.025412
  0.025817  0.026245  0.026698  0.027176  0.027682  0.028216  0.028780
  1.000000  0.000000
  0.006904  0.005526  0.004298  0.003203  0.002226  0.001355  0.000578 -0.000114
 -0.000732 -0.001282 -0.001773 -0.002211 -0.002602 -0.002950 -0.003261 -0.003537
 -0.003784 -0.004004 -0.004201 -0.004376 -0.004532 -0.004671 -0.004795 -0.004906
 -0.005004 -0.005092 -0.004688 -0.004512 -0.004388 -0.004294 -0.004217 -0.004151
 -0.004094 -0.004043 -0.003998 -0.003960 -0.003932 -0.003916 -0.003913 -0.003916
 -0.003920 -0.003923 -0.003925 -0.003925 -0.003922 -0.003917 -0.003909 -0.003896
 -0.003878 -0.003853 -0.003821 -0.003780 -0.003729 -0.003665 -0.003586 -0.003488
 -0.003368 -0.003222 -0.003046 -0.002838 -0.002594 -0.002316 -0.002006 -0.001664
 -0.001291 -0.000888 -0.000457  0.000000  0.000490  0.001013  0.001567  0.002156
  0.002775  0.003428  0.004107  0.004810  0.005529  0.006258  0.007000  0.007745
  0.008492  0.009240  0.009986  0.010732  0.011476  0.012214  0.012945  0.013668
  0.014382  0.015084  0.015772  0.016446  0.017104  0.017732  0.018130  0.017955
  0.018722  0.019533  0.020391  0.021297  0.022256  0.023269  0.024341  0.025473
  0.026671  0.027937  0.029276  0.030692  0.032189  0.033772  0.035447
  1.000000
  0.000000  0.000000  0.000000  0.000000  0.000000  0.000000  0.000000  0.000000
  0.000000  0.000000  0.000000  0.000000  0.000000  0.000000  0.000000  0.000000
  0.000000  0.000000  0.000000  0.000000  0.000000  0.000000  0.000000  0.000000
  0.000000  0.000000  0.000833  0.001211  0.001534  0.001829  0.002111  0.002384
  0.002654  0.002922  0.003188  0.003452  0.003711  0.003963  0.004205  0.004445
  0.004688  0.004934  0.005183  0.005436  0.005688  0.005943  0.006202  0.006458
  0.006718  0.006976  0.007232  0.007491  0.007742  0.007991  0.008238  0.008481
  0.008718  0.008946  0.009155  0.009347  0.009511  0.009647  0.009749  0.009818
  0.009856  0.009859  0.009831  0.009774  0.009687  0.009569  0.009422  0.009248
  0.009043  0.008811  0.008554  0.008276  0.007976  0.007660  0.007332  0.006990
  0.006642  0.006284  0.005922  0.005556  0.005184  0.004812  0.004439  0.004065
  0.003696  0.003329  0.002966  0.002609  0.002259  0.001905  0.001346  0.000000
  0.000000  0.000000  0.000000  0.000000  0.000000  0.000000  0.000000  0.000000
  0.000000  0.000000  0.000000  0.000000  0.000000  0.000000  0.000000
  1.000000  0.000000
  0.200296  0.200324  0.200354  0.200387  0.200419  0.200452  0.200484  0.200514
  0.200543  0.200571  0.200597  0.200620  0.200642  0.200663  0.200681  0.200698
  0.200714  0.200728  0.200741  0.200752  0.200763  0.200772  0.200781  0.200788
  0.200795  0.200801  0.200807  0.200817  0.200829  0.200842  0.200855  0.200869
  0.200884  0.200900  0.200917  0.200935  0.200954  0.200974  0.200995  0.201018
  0.201043  0.201069  0.201096  0.201125  0.201156  0.201189  0.201224  0.201261
  0.201301  0.201342  0.201387  0.201435  0.201485  0.201540  0.201598  0.201661
  0.201730  0.201804  0.201883  0.201967  0.202055  0.202146  0.202239  0.202332
  0.202425  0.202518  0.202610  0.202701  0.202792  0.202883  0.202973  0.203062
  0.203150  0.203237  0.203322  0.203405  0.203484  0.203560  0.203633  0.203702
  0.203767  0.203828  0.203886  0.203941  0.203992  0.204041  0.204086  0.204128
  0.204168  0.204205  0.204239  0.204270  0.204300  0.204326  0.204351  0.204374
  0.204392  0.204409  0.204427  0.204446  0.204466  0.204488  0.204511  0.204536
  0.204563  0.204592  0.204624  0.204659  0.204697  0.204738  0.204786
 ***************************************************************
 ************STARTING THE INPUT FOR EACH BLADE ROW**************
  BLADE ROW NUMBER =        2                                           
    NUMBER OF BLADES IN ROW 
        18
        JM        JLE       JTE 
       111        21        91
      KTIPSTART  KTIPEND 
         0         0
       BOUNDARY LAYER TRANSITION POINTS 
         0         0         0         0
  SET NEWGRID= 1 TO GENERATE A NEW GRID WITH DIFFERENT "J" POINTS AND SPACINGS.
         0
   RPMROW,    RPMHUB 
    9000.0    9000.0
       JROTHS    JROTHE    JROTTS    JROTTE 
         1         1         1         1
   PUPROW    PLEROW   PTEROW    PDROW 
 2255212.2 2255212.2 1396468.2 1396468.2
      NSECS_ROW   INSURF  
         3         0
  IF_CUSP_OUT   IFANGLES 
         1         0
         0         3         0
 ***************************************************************
  ROW NUMBER           2  SECTION NUMBER            1
           0           0           0  IF_DESIGN etc 
   1.00000   0.00000    0
  0.019103  0.020069  0.020936  0.021715  0.022415  0.023043  0.023606  0.024111
  0.024564  0.024969  0.025333  0.025659  0.025952  0.026214  0.026449  0.026660
  0.026849  0.027018  0.027170  0.027306  0.027428  0.027550  0.027677  0.027811
  0.027950  0.028097  0.028252  0.028415  0.028586  0.028766  0.028956  0.029156
  0.029367  0.029588  0.029821  0.030067  0.030324  0.030594  0.030877  0.031174
  0.031486  0.031814  0.032158  0.032520  0.032899  0.033299  0.033719  0.034162
  0.034630  0.035128  0.035663  0.036237  0.036847  0.037494  0.038174  0.038883
  0.039611  0.040346  0.041084  0.041821  0.042555  0.043284  0.044008  0.044731
  0.045457  0.046185  0.046914  0.047643  0.048370  0.049093  0.049806  0.050504
  0.051186  0.051851  0.052497  0.053123  0.053729  0.054318  0.054889  0.055442
  0.055979  0.056498  0.057000  0.057484  0.057951  0.058401  0.058834  0.059249
  0.059647  0.060027  0.060390  0.060756  0.061151  0.061577  0.062038  0.062535
  0.063072  0.063652  0.064277  0.064953  0.065683  0.066471  0.067322  0.068241
  0.069233  0.070304  0.071461  0.072710  0.074058  0.075515  0.077087
  1.000000  0.000000
 -0.023758 -0.022268 -0.020934 -0.019740 -0.018671 -0.017714 -0.016857 -0.016088
 -0.015398 -0.014781 -0.014227 -0.013730 -0.013285 -0.012886 -0.012528 -0.012207
 -0.011920 -0.011662 -0.011431 -0.011224 -0.011038 -0.010320 -0.009960 -0.009608
 -0.009258 -0.008905 -0.008548 -0.008184 -0.007814 -0.007438 -0.007054 -0.006661
 -0.006261 -0.005853 -0.005439 -0.005018 -0.004594 -0.004165 -0.003734 -0.003301
 -0.002867 -0.002432 -0.002003 -0.001579 -0.001160 -0.000750 -0.000353  0.000028
  0.000391  0.000729  0.001043  0.001322  0.001552  0.001723  0.001821  0.001841
  0.001766  0.001596  0.001332  0.000977  0.000531  0.000000 -0.000623 -0.001324
 -0.002122 -0.003008 -0.003982 -0.005042 -0.006185 -0.007413 -0.008702 -0.010042
 -0.011429 -0.012855 -0.014303 -0.015771 -0.017255 -0.018747 -0.020247 -0.021751
 -0.023256 -0.024752 -0.026239 -0.027712 -0.029166 -0.030598 -0.032005 -0.033382
 -0.034727 -0.036035 -0.037640 -0.038774 -0.039998 -0.041320 -0.042746 -0.044286
 -0.045948 -0.047743 -0.049680 -0.051771 -0.054029 -0.056467 -0.059098 -0.061939
 -0.065007 -0.068319 -0.071896 -0.075758 -0.079928 -0.084433 -0.089298
  1.000000
  0.000000  0.000000  0.000000  0.000000  0.000000  0.000000  0.000000  0.000000
  0.000000  0.000000  0.000000  0.000000  0.000000  0.000000  0.000000  0.000000
  0.000000  0.000000  0.000000  0.000000  0.000000  0.001299  0.001880  0.002350
  0.002758  0.003137  0.003499  0.003848  0.004188  0.004515  0.004828  0.005122
  0.005397  0.005664  0.005931  0.006197  0.006462  0.006726  0.006988  0.007248
  0.007506  0.007763  0.008014  0.008261  0.008504  0.008743  0.008976  0.009201
  0.009417  0.009623  0.009823  0.010012  0.010181  0.010332  0.010457  0.010560
  0.010627  0.010661  0.010662  0.010635  0.010578  0.010495  0.010374  0.010243
  0.010077  0.009883  0.009672  0.009432  0.009174  0.008892  0.008590  0.008282
  0.007960  0.007622  0.007285  0.006944  0.006594  0.006245  0.005896  0.005546
  0.005194  0.004847  0.004502  0.004162  0.003826  0.003496  0.003172  0.002857
  0.002538  0.001866  0.000001  0.000000  0.000000  0.000000  0.000000  0.000000
  0.000000  0.000000  0.000000  0.000000  0.000000  0.000000  0.000000  0.000000
  0.000000  0.000000  0.000000  0.000000  0.000000  0.000000  0.000000
  1.000000  0.000000
  0.173885  0.173765  0.173669  0.173592  0.173541  0.173499  0.173461  0.173428
  0.173398  0.173370  0.173345  0.173323  0.173303  0.173285  0.173268  0.173253
  0.173240  0.173228  0.173217  0.173208  0.173199  0.173188  0.173177  0.173165
  0.173152  0.173138  0.173124  0.173108  0.173091  0.173073  0.173053  0.173032
  0.173010  0.172985  0.172959  0.172931  0.172901  0.172869  0.172834  0.172797
  0.172757  0.172714  0.172668  0.172619  0.172565  0.172508  0.172446  0.172380
  0.172308  0.172229  0.172143  0.172048  0.171946  0.171834  0.171715  0.171587
  0.171454  0.171317  0.171178  0.171037  0.170895  0.170752  0.170610  0.170467
  0.170322  0.170177  0.170032  0.169887  0.169743  0.169600  0.169460  0.169323
  0.169191  0.169064  0.168942  0.168825  0.168713  0.168606  0.168504  0.168407
  0.168314  0.168226  0.168142  0.168063  0.167988  0.167917  0.167851  0.167788
  0.167730  0.167675  0.167624  0.167595  0.167565  0.167533  0.167499  0.167464
  0.167427  0.167388  0.167348  0.167306  0.167263  0.167219  0.167174  0.167129
  0.167083  0.167038  0.166993  0.166950  0.166908  0.166870  0.166835
 ***************************************************************
  ROW NUMBER           2  SECTION NUMBER            2
           0           0           0  IF_DESIGN etc 
   1.00000   0.00000    0
  0.020120  0.021042  0.021869  0.022611  0.023276  0.023872  0.024406  0.024885
  0.025315  0.025700  0.026045  0.026354  0.026632  0.026881  0.027104  0.027304
  0.027483  0.027644  0.027788  0.027917  0.028033  0.028149  0.028270  0.028397
  0.028530  0.028670  0.028817  0.028972  0.029135  0.029307  0.029488  0.029678
  0.029879  0.030090  0.030313  0.030547  0.030792  0.031050  0.031320  0.031604
  0.031903  0.032216  0.032545  0.032891  0.033254  0.033636  0.034039  0.034463
  0.034912  0.035389  0.035903  0.036453  0.037039  0.037660  0.038313  0.038996
  0.039696  0.040403  0.041112  0.041822  0.042529  0.043232  0.043929  0.044626
  0.045325  0.046026  0.046729  0.047431  0.048132  0.048829  0.049515  0.050188
  0.050845  0.051485  0.052107  0.052710  0.053293  0.053859  0.054408  0.054940
  0.055456  0.055955  0.056436  0.056902  0.057350  0.057781  0.058196  0.058594
  0.058975  0.059340  0.059687  0.060035  0.060410  0.060815  0.061252  0.061724
  0.062234  0.062784  0.063378  0.064019  0.064712  0.065459  0.066266  0.067137
  0.068077  0.069092  0.070187  0.071370  0.072647  0.074026  0.075514
  1.000000  0.000000
 -0.014112 -0.013123 -0.012236 -0.011441 -0.010728 -0.010088 -0.009515 -0.009002
 -0.008541 -0.008128 -0.007758 -0.007426 -0.007128 -0.006861 -0.006622 -0.006408
 -0.006216 -0.006043 -0.005889 -0.005750 -0.005626 -0.005020 -0.004705 -0.004406
 -0.004112 -0.003820 -0.003526 -0.003229 -0.002931 -0.002629 -0.002324 -0.002016
 -0.001704 -0.001389 -0.001072 -0.000753 -0.000433 -0.000116  0.000199  0.000515
  0.000822  0.001125  0.001420  0.001708  0.001980  0.002238  0.002481  0.002699
  0.002896  0.003059  0.003190  0.003275  0.003307  0.003278  0.003165  0.002973
  0.002691  0.002323  0.001865  0.001322  0.000703  0.000000 -0.000776 -0.001626
 -0.002564 -0.003587 -0.004687 -0.005865 -0.007120 -0.008448 -0.009829 -0.011258
 -0.012720 -0.014209 -0.015719 -0.017240 -0.018764 -0.020296 -0.021830 -0.023360
 -0.024884 -0.026397 -0.027897 -0.029379 -0.030838 -0.032272 -0.033677 -0.035050
 -0.036388 -0.037688 -0.039314 -0.040421 -0.041616 -0.042906 -0.044299 -0.045802
 -0.047425 -0.049178 -0.051069 -0.053111 -0.055316 -0.057696 -0.060265 -0.063039
 -0.066034 -0.069267 -0.072756 -0.076524 -0.080591 -0.084982 -0.089722
  1.000000
  0.000000  0.000000  0.000000  0.000000  0.000000  0.000000  0.000000  0.000000
  0.000000  0.000000  0.000000  0.000000  0.000000  0.000000  0.000000  0.000000
  0.000000  0.000000  0.000000  0.000000  0.000000  0.001168  0.001754  0.002255
  0.002709  0.003131  0.003534  0.003924  0.004303  0.004675  0.005041  0.005397
  0.005740  0.006064  0.006362  0.006651  0.006938  0.007222  0.007505  0.007788
  0.008064  0.008339  0.008612  0.008882  0.009143  0.009398  0.009651  0.009891
  0.010127  0.010349  0.010565  0.010766  0.010952  0.011118  0.011253  0.011359
  0.011433  0.011473  0.011471  0.011440  0.011382  0.011283  0.011164  0.011020
  0.010840  0.010633  0.010401  0.010148  0.009869  0.009561  0.009244  0.008906
  0.008555  0.008200  0.007833  0.007461  0.007089  0.006713  0.006335  0.005956
  0.005580  0.005205  0.004833  0.004466  0.004104  0.003749  0.003400  0.003059
  0.002687  0.001921  0.000001  0.000000  0.000000  0.000000  0.000000  0.000000
  0.000000  0.000000  0.000000  0.000000  0.000000  0.000000  0.000000  0.000000
  0.000000  0.000000  0.000000  0.000000  0.000000  0.000000  0.000000
  1.000000  0.000000
  0.188980  0.188980  0.188979  0.188979  0.188977  0.188976  0.188975  0.188975
  0.188975  0.188975  0.188976  0.188976  0.188977  0.188977  0.188978  0.188978
  0.188979  0.188979  0.188979  0.188980  0.188980  0.188980  0.188980  0.188981
  0.188981  0.188981  0.188981  0.188981  0.188981  0.188981  0.188981  0.188982
  0.188982  0.188982  0.188982  0.188982  0.188982  0.188982  0.188982  0.188982
  0.188982  0.188982  0.188982  0.188982  0.188982  0.188982  0.188981  0.188981
  0.188981  0.188980  0.188980  0.188979  0.188978  0.188977  0.188976  0.188975
  0.188974  0.188973  0.188971  0.188970  0.188968  0.188967  0.188965  0.188964
  0.188962  0.188960  0.188959  0.188957  0.188956  0.188954  0.188952  0.188951
  0.188950  0.188948  0.188947  0.188946  0.188944  0.188943  0.188942  0.188942
  0.188941  0.188940  0.188939  0.188939  0.188938  0.188938  0.188937  0.188937
  0.188936  0.188936  0.188936  0.188937  0.188938  0.188939  0.188939  0.188941
  0.188942  0.188943  0.188944  0.188946  0.188947  0.188949  0.188951  0.188953
  0.188955  0.188957  0.188960  0.188962  0.188965  0.188968  0.188970
 ***************************************************************
  ROW NUMBER           2  SECTION NUMBER            3
           0           0           0  IF_DESIGN etc 
   1.00000   0.00000    0
  0.020959  0.021852  0.022653  0.023373  0.024019  0.024599  0.025118  0.025584
  0.026002  0.026376  0.026711  0.027012  0.027282  0.027524  0.027740  0.027935
  0.028109  0.028265  0.028405  0.028530  0.028643  0.028755  0.028873  0.028995
  0.029124  0.029260  0.029402  0.029552  0.029710  0.029876  0.030051  0.030236
  0.030430  0.030634  0.030849  0.031075  0.031312  0.031561  0.031821  0.032095
  0.032383  0.032685  0.033002  0.033335  0.033685  0.034052  0.034440  0.034848
  0.035279  0.035737  0.036230  0.036758  0.037321  0.037916  0.038542  0.039195
  0.039865  0.040542  0.041221  0.041899  0.042575  0.043246  0.043913  0.044578
  0.045246  0.045916  0.046587  0.047258  0.047927  0.048592  0.049248  0.049890
  0.050518  0.051130  0.051724  0.052300  0.052858  0.053399  0.053925  0.054434
  0.054928  0.055405  0.055867  0.056313  0.056743  0.057157  0.057555  0.057937
  0.058303  0.058653  0.058987  0.059324  0.059688  0.060081  0.060506  0.060964
  0.061459  0.061993  0.062570  0.063194  0.063866  0.064593  0.065378  0.066225
  0.067140  0.068128  0.069194  0.070346  0.071590  0.072933  0.074383
  1.000000  0.000000
 -0.006452 -0.005850 -0.005310 -0.004824 -0.004389 -0.003999 -0.003649 -0.003335
 -0.003054 -0.002802 -0.002575 -0.002373 -0.002191 -0.002028 -0.001881 -0.001750
 -0.001633 -0.001527 -0.001433 -0.001348 -0.001272 -0.000672 -0.000388 -0.000122
  0.000134  0.000385  0.000635  0.000884  0.001131  0.001379  0.001628  0.001877
  0.002124  0.002373  0.002618  0.002862  0.003102  0.003339  0.003567  0.003791
  0.004004  0.004206  0.004400  0.004574  0.004734  0.004874  0.004991  0.005084
  0.005139  0.005165  0.005140  0.005068  0.004929  0.004718  0.004427  0.004047
  0.003581  0.003022  0.002387  0.001666  0.000869  0.000000 -0.000939 -0.001952
 -0.003043 -0.004220 -0.005468 -0.006791 -0.008190 -0.009650 -0.011166 -0.012717
 -0.014297 -0.015902 -0.017515 -0.019135 -0.020756 -0.022374 -0.023990 -0.025599
 -0.027198 -0.028780 -0.030345 -0.031887 -0.033403 -0.034889 -0.036344 -0.037763
 -0.039144 -0.040484 -0.042077 -0.043198 -0.044409 -0.045716 -0.047127 -0.048650
 -0.050294 -0.052070 -0.053986 -0.056055 -0.058288 -0.060699 -0.063302 -0.066111
 -0.069144 -0.072417 -0.075950 -0.079764 -0.083880 -0.088321 -0.093115
  1.000000
  0.000000  0.000000  0.000000  0.000000  0.000000  0.000000  0.000000  0.000000
  0.000000  0.000000  0.000000  0.000000  0.000000  0.000000  0.000000  0.000000
  0.000000  0.000000  0.000000  0.000000  0.000000  0.001260  0.001888  0.002428
  0.002923  0.003389  0.003835  0.004270  0.004693  0.005111  0.005525  0.005931
  0.006322  0.006690  0.007021  0.007339  0.007655  0.007971  0.008282  0.008594
  0.008901  0.009204  0.009506  0.009800  0.010090  0.010373  0.010650  0.010920
  0.011175  0.011426  0.011661  0.011888  0.012089  0.012267  0.012418  0.012535
  0.012619  0.012657  0.012661  0.012626  0.012556  0.012452  0.012320  0.012154
  0.011961  0.011729  0.011477  0.011195  0.010881  0.010550  0.010191  0.009820
  0.009437  0.009037  0.008634  0.008226  0.007812  0.007396  0.006979  0.006561
  0.006144  0.005731  0.005319  0.004914  0.004514  0.004121  0.003736  0.003360
  0.002899  0.002022  0.000000  0.000000  0.000000  0.000000  0.000000  0.000000
  0.000000  0.000000  0.000000  0.000000  0.000000  0.000000  0.000000  0.000000
  0.000000  0.000000  0.000000  0.000000  0.000000  0.000000  0.000000
  1.000000  0.000000
  0.204186  0.204280  0.204355  0.204407  0.204447  0.204483  0.204517  0.204547
  0.204575  0.204601  0.204625  0.204647  0.204667  0.204685  0.204701  0.204716
  0.204729  0.204742  0.204753  0.204763  0.204773  0.204784  0.204795  0.204807
  0.204820  0.204834  0.204849  0.204865  0.204882  0.204900  0.204919  0.204940
  0.204963  0.204987  0.205013  0.205040  0.205070  0.205102  0.205136  0.205173
  0.205212  0.205255  0.205300  0.205349  0.205401  0.205458  0.205518  0.205584
  0.205654  0.205731  0.205816  0.205908  0.206009  0.206118  0.206234  0.206359
  0.206489  0.206623  0.206759  0.206896  0.207035  0.207174  0.207313  0.207453
  0.207594  0.207736  0.207878  0.208020  0.208162  0.208302  0.208440  0.208574
  0.208704  0.208829  0.208950  0.209066  0.209176  0.209282  0.209384  0.209481
  0.209573  0.209661  0.209745  0.209825  0.209900  0.209971  0.210038  0.210101
  0.210161  0.210216  0.210259  0.210288  0.210318  0.210349  0.210383  0.210418
  0.210454  0.210493  0.210533  0.210574  0.210617  0.210661  0.210706  0.210752
  0.210799  0.210845  0.210892  0.210937  0.210981  0.211022  0.211061
  STARTING INLET BOUNDARY CONDITION DATA .
  NUMBER OF POINTS FOR INLET BOUNDARY CONDITIONS 
        37
  SPACING OF INLET BOUNDARY CONDITION POINTS 
  1.000000  1.250000  1.562500  1.953125  2.441406  3.051758  3.814697  4.768372
  5.960464  7.450581  9.313226 11.641532 14.551915 18.189894 20.000000 20.000000
 20.000000 20.000000 20.000000 20.000000 20.000000 20.000000 18.189894 14.551915
 11.641532  9.313226  7.450581  5.960464  4.768372  3.814697  3.051758  2.441406
  1.953125  1.562500  1.250000  1.000000
   INLET STAGNATION PRESSURES 
 3786000.0 3786000.0 3786000.0 3786000.0 3786000.0 3785999.8 3786000.0 3786000.2
 3785999.8 3786000.0 3786000.2 3786000.0 3786000.2 3786000.0 3786000.0 3786000.0
 3786000.0 3786000.0 3786000.0 3786000.0 3786000.0 3786000.0 3786000.0 3786000.0
 3786000.0 3786000.0 3786000.0 3786000.0 3786000.0 3786000.0 3786000.0 3786000.0
 3786000.0 3786000.0 3786000.0 3786000.0 3786000.0
   INLET STAGNATION TEMPERATURES 
  332.8109  332.8109  332.8109  332.8109  332.8109  332.8109  332.8109  332.8109
  332.8109  332.8109  332.8109  332.8109  332.8109  332.8109  332.8109  332.8109
  332.8109  332.8109  332.8109  332.8109  332.8109  332.8109  332.8109  332.8109
  332.8109  332.8109  332.8109  332.8109  332.8109  332.8109  332.8109  332.8109
  332.8109  332.8109  332.8109  332.8109  332.8109
   INLET ABSOLUTE TANGENTIAL VELOCITY 
    0.0000    0.0000    0.0000    0.0000    0.0000    0.0000    0.0000    0.0000
    0.0000    0.0000    0.0000    0.0000    0.0000    0.0000    0.0000    0.0000
    0.0000    0.0000    0.0000    0.0000    0.0000    0.0000    0.0000    0.0000
    0.0000    0.0000    0.0000    0.0000    0.0000    0.0000    0.0000    0.0000
    0.0000    0.0000    0.0000    0.0000    0.0000
   INLET MERIDIONAL VELOCITY 
   89.0515   89.0515   89.0515   89.0515   89.0515   89.0515   89.0515   89.0515
   89.0515   89.0515   89.0515   89.0515   89.0515   89.0515   89.0515   89.0515
   89.0515   89.0515   89.0515   89.0515   89.0515   89.0515   89.0515   89.0515
   89.0515   89.0515   89.0515   89.0515   89.0515   89.0515   89.0515   89.0515
   89.0515   89.0515   89.0515   89.0515   89.0515
   INLET MERIDIONAL YAW ANGLE  
  -45.0000  -45.0000  -45.0000  -45.0000  -45.0000  -45.0000  -45.0000  -45.0000
  -45.0000  -45.0000  -45.0000  -45.0000  -45.0000  -45.0000  -45.0000  -45.0000
  -45.0000  -45.0000  -45.0000  -45.0000  -45.0000  -45.0000  -45.0000  -45.0000
  -45.0000  -45.0000  -45.0000  -45.0000  -45.0000  -45.0000  -45.0000  -45.0000
  -45.0000  -45.0000  -45.0000  -45.0000  -45.0000
   INLET PITCH ANGLE 
   -0.2974   -0.2957   -0.2935   -0.2908   -0.2874   -0.2831   -0.2778   -0.2711
   -0.2628   -0.2524   -0.2394   -0.2232   -0.2029   -0.1775   -0.1457   -0.1108
   -0.0759   -0.0411   -0.0062    0.0287    0.0636    0.0985    0.1334    0.1652
    0.1905    0.2109    0.2271    0.2401    0.2505    0.2588    0.2655    0.2708
    0.2751    0.2785    0.2812    0.2834    0.2851
   PDOWN_HUB   PDOWN_TIP 
 1396468.2 1396468.2
 MIXING LENGTH LIMITS ON ALL BLADE ROWS
  0.020000  0.030000  0.040000  0.050000  1.000000  0.500000
  0.020000  0.030000  0.040000  0.050000  1.000000  0.500000
  FACTOR TO INCREASE THE TURBULENT VISCOSITY OVER THE FIRST NMIXUP STEPS 
   2.00000 1000
