  BLADE PROFILES IN CARTESIAN COORDINATES (2D) BEFORE   PROJECTION, SCALING, MESHING AND STACKING 
  VARIABLES = "X", "YSS", "YPS" 
  BLADE           1  SECTION           1
    0.000000   -0.019503   -0.019503
    0.000062   -0.016098   -0.021713
    0.000249   -0.012786   -0.025089
    0.000561   -0.009412   -0.028085
    0.000997   -0.006020   -0.030833
    0.001557   -0.002634   -0.032911
    0.002241    0.000728   -0.035016
    0.003050    0.004046   -0.037125
    0.003982    0.007309   -0.039073
    0.005038    0.010510   -0.041097
    0.006218    0.013644   -0.043219
    0.007520    0.016780   -0.045459
    0.008945    0.019788   -0.047846
    0.010493    0.022701   -0.050385
    0.012162    0.025641   -0.053070
    0.013954    0.028564   -0.055900
    0.015866    0.031487   -0.058879
    0.017899    0.034413   -0.061952
    0.020052    0.037347   -0.065138
    0.022325    0.040290   -0.068435
    0.024716    0.043237   -0.071836
    0.027226    0.046179   -0.075335
    0.029854    0.049098   -0.078925
    0.032600    0.051976   -0.082605
    0.035461    0.054761   -0.086391
    0.038439    0.057422   -0.090200
    0.041531    0.059906   -0.094070
    0.044738    0.062125   -0.097996
    0.048058    0.064118   -0.101971
    0.051491    0.066047   -0.106000
    0.055036    0.068005   -0.110091
    0.058691    0.069998   -0.114160
    0.062456    0.072045   -0.118236
    0.066331    0.074137   -0.122325
    0.070314    0.076268   -0.126421
    0.074403    0.078453   -0.130525
    0.078599    0.080685   -0.134644
    0.082900    0.082964   -0.138686
    0.087305    0.085296   -0.142701
    0.091812    0.087680   -0.146703
    0.096421    0.090117   -0.150696
    0.101131    0.092608   -0.154559
    0.105941    0.095158   -0.158372
    0.110848    0.097763   -0.162145
    0.115853    0.100431   -0.165858
    0.120953    0.103161   -0.169435
    0.126148    0.105949   -0.172951
    0.131435    0.108806   -0.176410
    0.136815    0.111732   -0.179662
    0.142285    0.114726   -0.182850
    0.147845    0.117790   -0.185973
    0.153492    0.120927   -0.188839
    0.159225    0.124139   -0.191631
    0.165044    0.127426   -0.194340
    0.170946    0.130793   -0.196761
    0.176930    0.134240   -0.199093
    0.182994    0.137770   -0.201309
    0.189138    0.141386   -0.203230
    0.195358    0.145090   -0.205041
    0.201655    0.148884   -0.206692
    0.208026    0.152746   -0.208062
    0.214470    0.156726   -0.209294
    0.220986    0.160803   -0.210314
    0.227570    0.164949   -0.211126
    0.234223    0.169226   -0.211784
    0.240941    0.173571   -0.212044
    0.247725    0.178054   -0.212156
    0.254571    0.182608   -0.212130
    0.261478    0.187271   -0.211664
    0.268445    0.192072   -0.211053
    0.275470    0.196950   -0.210273
    0.282550    0.201935   -0.209059
    0.289685    0.207038   -0.207676
    0.296872    0.212289   -0.206116
    0.304110    0.217620   -0.204101
    0.311396    0.223065   -0.201907
    0.318730    0.228627   -0.199526
    0.326109    0.234306   -0.196685
    0.333531    0.240103   -0.193585
    0.340994    0.246021   -0.190264
    0.348497    0.252060   -0.186718
    0.356038    0.258220   -0.182739
    0.363615    0.264503   -0.178487
    0.371226    0.270909   -0.173989
    0.378869    0.277439   -0.169274
    0.386542    0.284092   -0.164104
    0.394243    0.290869   -0.158648
    0.401971    0.297770   -0.152907
    0.409723    0.304795   -0.146902
    0.417498    0.311942   -0.140695
    0.425293    0.319213   -0.134021
    0.433107    0.326606   -0.127051
    0.440937    0.334121   -0.119786
    0.448783    0.341757   -0.112226
    0.456641    0.349499   -0.104370
    0.464509    0.357332   -0.096217
    0.472387    0.365323   -0.087767
    0.480272    0.373438   -0.079022
    0.488161    0.381676   -0.070007
    0.496053    0.390028   -0.060795
    0.503947    0.398493   -0.051174
    0.511839    0.407068   -0.041266
    0.519729    0.415752   -0.031074
    0.527613    0.424528   -0.020602
    0.535491    0.433382   -0.009826
    0.543360    0.442380    0.001307
    0.551217    0.451494    0.012594
    0.559063    0.460710    0.024142
    0.566893    0.470020    0.035947
    0.574707    0.479424    0.048005
    0.582502    0.488917    0.060308
    0.590277    0.498483    0.072852
    0.598029    0.508105    0.085631
    0.605757    0.517854    0.098637
    0.613458    0.527697    0.111870
    0.621131    0.537615    0.125357
    0.628774    0.547604    0.139147
    0.636385    0.557661    0.153024
    0.643962    0.567764    0.167095
    0.651503    0.577907    0.181353
    0.659006    0.588144    0.195790
    0.666469    0.598446    0.210398
    0.673891    0.608803    0.225185
    0.681270    0.619205    0.240165
    0.688604    0.629646    0.255357
    0.695890    0.640123    0.270593
    0.703128    0.650619    0.285958
    0.710315    0.661117    0.301444
    0.717450    0.671675    0.317042
    0.724530    0.682268    0.332761
    0.731555    0.692873    0.348608
    0.738522    0.703488    0.364589
    0.745429    0.714105    0.380564
    0.752275    0.724721    0.396604
    0.759059    0.735319    0.412698
    0.765777    0.745883    0.428839
    0.772430    0.756466    0.445034
    0.779015    0.767038    0.461283
    0.785530    0.777586    0.477587
    0.791974    0.788101    0.493826
    0.798345    0.798579    0.510061
    0.804642    0.809014    0.526280
    0.810863    0.819389    0.542474
    0.817006    0.829699    0.558646
    0.823070    0.839976    0.574775
    0.829054    0.850189    0.590875
    0.834956    0.860342    0.606925
    0.840775    0.870421    0.622848
    0.846508    0.880419    0.638683
    0.852155    0.890333    0.654420
    0.857715    0.900156    0.670049
    0.863185    0.909869    0.685570
    0.868565    0.919478    0.700961
    0.873852    0.928998    0.716234
    0.879047    0.938406    0.731370
    0.884147    0.947697    0.746308
    0.889152    0.956865    0.761075
    0.894059    0.965909    0.775662
    0.898869    0.974821    0.790058
    0.903579    0.983596    0.804257
    0.908188    0.992227    0.818252
    0.912695    1.000710    0.832027
    0.917100    1.009040    0.845573
    0.921401    1.017213    0.858881
    0.925597    1.025223    0.871941
    0.929686    1.033056    0.884765
    0.933669    1.040721    0.897315
    0.937544    1.048217    0.909578
    0.941309    1.055531    0.921557
    0.944965    1.062661    0.933246
    0.948509    1.069600    0.944636
    0.951942    1.076346    0.955721
    0.955262    1.082894    0.966492
    0.958469    1.089248    0.976941
    0.961561    1.095389    0.987059
    0.964539    1.101319    0.996840
    0.967400    1.107037    1.006277
    0.970146    1.112538    1.015363
    0.972774    1.117716    1.024092
    0.975284    1.122118    1.032458
    0.977675    1.125735    1.040455
    0.979948    1.128762    1.048076
    0.982101    1.131316    1.055317
    0.984134    1.133463    1.062171
    0.986046    1.135236    1.068632
    0.987838    1.136665    1.074702
    0.989507    1.137760    1.080372
    0.991055    1.138533    1.085639
    0.992480    1.138990    1.090497
    0.993782    1.139135    1.094947
    0.994962    1.139018    1.098982
    0.996018    1.138564    1.102599
    0.996950    1.137727    1.105796
    0.997759    1.136664    1.108749
    0.998443    1.135318    1.111595
    0.999003    1.133704    1.114303
    0.999439    1.131839    1.117251
    0.999751    1.129747    1.120148
    0.999938    1.127506    1.123094
    1.000000    1.124826    1.124826
  BLADE PROFILES IN CARTESIAN COORDINATES (3D) 
  VARIABLES = "X", "YSS", "YPS" "R" 
  BLADE           1  SECTION           1
  -12.681933   -4.784321   -4.784321  212.265274
  -11.178532   -5.488589   -5.488589  212.227539
   -9.838353   -6.116236   -6.116236  212.187485
   -8.643712   -6.675585   -6.675585  212.146408
   -7.578817   -7.174064   -7.174064  212.105225
   -6.629587   -7.618298   -7.618298  212.064743
   -5.783454   -8.014194   -8.014194  212.025528
   -5.029216   -8.367016   -8.367016  211.988022
   -4.356888   -8.681456   -8.681456  211.952499
   -3.757566   -8.961699   -8.961699  211.919113
   -3.223315   -9.211472   -9.211472  211.888000
   -2.747065   -9.434087   -9.434087  211.859116
   -2.322514   -9.632507   -9.632507  211.832489
   -1.944042   -9.809366   -9.809366  211.807999
   -1.606644   -9.967010   -9.967010  211.785583
   -1.305859  -10.107532  -10.107532  211.765182
   -1.037711  -10.232787  -10.232787  211.746552
   -0.798655  -10.344445  -10.344445  211.729675
   -0.585534  -10.443978  -10.443978  211.714355
   -0.395533  -10.532710  -10.532710  211.700531
   -0.226139  -10.611809  -10.611809  211.688049
   -0.075120  -10.682323  -10.682323  211.676788
    0.059522  -10.745188  -10.745188  211.666641
    0.179562  -10.801229  -10.801229  211.657547
    0.286583  -10.851192  -10.851192  211.649338
    0.382000  -10.895735  -10.895735  211.641998
    0.476721  -10.264998  -11.433614  211.628906
    0.575751   -9.990561  -11.615182  211.615143
    0.679483   -9.786169  -11.787195  211.600601
    0.788317   -9.608840  -11.959732  211.585236
    0.902649   -9.446051  -12.132001  211.569031
    1.022873   -9.291972  -12.305758  211.551773
    1.149387   -9.145010  -12.481594  211.533569
    1.282584   -9.006613  -12.660645  211.514206
    1.422860   -8.881343  -12.840815  211.493652
    1.570611   -8.776447  -13.022976  211.471802
    1.726232   -8.685662  -13.207794  211.448608
    1.890115   -8.593663  -13.394695  211.423965
    2.062658   -8.497876  -13.581358  211.397781
    2.244252   -8.398300  -13.769156  211.369995
    2.435201   -8.294183  -13.958272  211.340424
    2.635547   -8.185520  -14.144307  211.309158
    2.845753   -8.071668  -14.330522  211.276031
    3.066342   -7.952071  -14.511885  211.240875
    3.297886   -7.826085  -14.690906  211.203674
    3.541024   -7.692862  -14.864448  211.164154
    3.796443   -7.551780  -15.033695  211.122192
    4.064755   -7.401720  -15.192955  211.077759
    4.346467   -7.241997  -15.343732  211.030518
    4.642521   -7.071416  -15.485105  210.980392
    4.953961   -6.888579  -15.609757  210.927155
    5.281955   -6.691850  -15.720058  210.870438
    5.627793   -6.479506  -15.812999  210.810089
    5.992861   -6.249617  -15.882496  210.745819
    6.381575   -5.997882  -15.929326  210.676605
    6.799540   -5.718542  -15.941225  210.601578
    7.247199   -5.409571  -15.916031  210.520401
    7.724207   -5.068542  -15.846096  210.433151
    8.229403   -4.692195  -15.723625  210.339981
    8.760845   -4.281158  -15.541820  210.241333
    9.315787   -3.833645  -15.292768  210.137619
    9.885248   -3.354321  -14.973895  210.030701
   10.460131   -2.849237  -14.592536  209.922455
   11.037355   -2.320259  -14.147262  209.813461
   11.614418   -1.769245  -13.638473  209.704498
   12.189404   -1.198451  -13.069571  209.596085
   12.760911   -0.609040  -12.444687  209.488541
   13.328202    0.000000  -11.769587  209.382324
   13.895105    0.630826  -11.032737  209.276749
   14.464189    1.285627  -10.231022  209.171555
   15.035029    1.967994   -9.372992  209.066910
   15.606876    2.674400   -8.455480  208.963318
   16.178724    3.404109   -7.480539  208.860886
   16.749277    4.157720   -6.445769  208.760147
   17.316935    4.929409   -5.363997  208.661514
   17.876656    5.716062   -4.241826  208.565918
   18.425297    6.509603   -3.086205  208.474014
   18.961359    7.305573   -1.910234  208.386063
   19.483646    8.103917   -0.712983  208.302353
   19.991220    8.898775    0.491568  208.222794
   20.483448    9.688271    1.703285  208.147568
   20.959972   10.471331    2.916160  208.076645
   21.422527   11.246991    4.128541  208.009644
   21.871557   12.016555    5.342295  207.946457
   22.307074   12.778314    6.550047  207.886978
   22.729038   13.529645    7.750520  207.831161
   23.137449   14.270438    8.942524  207.778748
   23.532299   14.999221   10.119390  207.729813
   23.913563   15.714620   11.280724  207.684158
   24.281237   16.415195   12.423571  207.641663
   24.635303   17.099508   13.545811  207.602188
   24.975746   17.767153   14.643552  207.565643
   25.302551   18.416824   15.715388  207.531891
   25.615707   18.998045   16.758863  207.500778
   25.915195   19.308470   17.771658  207.472183
   26.200993   18.975664   18.975264  207.445999
   26.487549   19.763575   19.763374  207.426743
   26.790495   20.596622   20.596622  207.406509
   27.110739   21.477171   21.477171  207.385208
   27.449291   22.407911   22.407911  207.362762
   27.807192   23.391718   23.391718  207.339111
   28.185541   24.431583   24.431583  207.314148
   28.585497   25.530701   25.530701  207.287750
   29.008305   26.692434   26.692434  207.259781
   29.455248   27.920330   27.920330  207.230103
   29.927675   29.218090   29.218090  207.198212
   30.427067   30.589701   30.589701  207.164185
   30.954948   32.039360   32.039360  207.127884
   31.512945   33.571468   33.571468  207.089172
   32.102768   35.190685   35.190685  207.047699
   32.726215   36.901920   36.901920  207.003311
  BLADE PROFILES IN CARTESIAN COORDINATES (2D) BEFORE   PROJECTION, SCALING, MESHING AND STACKING 
  VARIABLES = "X", "YSS", "YPS" 
  BLADE           1  SECTION           2
    0.000000   -0.016195   -0.016195
    0.000062   -0.013880   -0.019976
    0.000249   -0.010305   -0.023105
    0.000561   -0.006893   -0.026132
    0.000997   -0.003528   -0.028676
    0.001557   -0.000220   -0.031046
    0.002241    0.003025   -0.033224
    0.003050    0.006190   -0.035251
    0.003982    0.009269   -0.037291
    0.005038    0.012259   -0.039316
    0.006218    0.015208   -0.041305
    0.007520    0.018054   -0.043431
    0.008945    0.020838   -0.045706
    0.010493    0.023610   -0.048136
    0.012162    0.026361   -0.050682
    0.013954    0.029105   -0.053351
    0.015866    0.031862   -0.056145
    0.017899    0.034619   -0.059057
    0.020052    0.037392   -0.062082
    0.022325    0.040160   -0.065221
    0.024716    0.042926   -0.068476
    0.027226    0.045667   -0.071801
    0.029854    0.048342   -0.075203
    0.032600    0.050937   -0.078683
    0.035461    0.053385   -0.082237
    0.038439    0.055621   -0.085857
    0.041531    0.057629   -0.089538
    0.044738    0.059468   -0.093284
    0.048058    0.061260   -0.097099
    0.051491    0.063081   -0.100919
    0.055036    0.064936   -0.104759
    0.058691    0.066840   -0.108625
    0.062456    0.068785   -0.112511
    0.066331    0.070769   -0.116426
    0.070314    0.072791   -0.120371
    0.074403    0.074863   -0.124270
    0.078599    0.076978   -0.128141
    0.082900    0.079133   -0.131999
    0.087305    0.081340   -0.135856
    0.091812    0.083592   -0.139714
    0.096421    0.085892   -0.143469
    0.101131    0.088243   -0.147166
    0.105941    0.090646   -0.150820
    0.110848    0.093100   -0.154433
    0.115853    0.095610   -0.157999
    0.120953    0.098172   -0.161432
    0.126148    0.100795   -0.164812
    0.131435    0.103471   -0.168152
    0.136815    0.106214   -0.171286
    0.142285    0.109018   -0.174328
    0.147845    0.111878   -0.177295
    0.153492    0.114810   -0.180167
    0.159225    0.117811   -0.182843
    0.165044    0.120880   -0.185424
    0.170946    0.124020   -0.187910
    0.176930    0.127220   -0.190142
    0.182994    0.130503   -0.192276
    0.189138    0.133866   -0.194307
    0.195358    0.137308   -0.196042
    0.201655    0.140829   -0.197669
    0.208026    0.144413   -0.199184
    0.214470    0.148098   -0.200368
    0.220986    0.151872   -0.201435
    0.227570    0.155709   -0.202375
    0.234223    0.159659   -0.202959
    0.240941    0.163676   -0.203412
    0.247725    0.167808   -0.203728
    0.254571    0.172006   -0.203663
    0.261478    0.176332   -0.203455
    0.268445    0.180722   -0.203107
    0.275470    0.185213   -0.202343
    0.282550    0.189831   -0.201432
    0.289685    0.194520   -0.200358
    0.296872    0.199306   -0.198880
    0.304110    0.204203   -0.197172
    0.311396    0.209234   -0.195271
    0.318730    0.214337   -0.193152
    0.326109    0.219544   -0.190671
    0.333531    0.224857   -0.187984
    0.340994    0.230277   -0.185111
    0.348497    0.235805   -0.181811
    0.356038    0.241441   -0.178252
    0.363615    0.247188   -0.174484
    0.371226    0.253047   -0.170516
    0.378869    0.259016   -0.166131
    0.386542    0.265095   -0.161464
    0.394243    0.271284   -0.156536
    0.401971    0.277584   -0.151374
    0.409723    0.283994   -0.146010
    0.417498    0.290515   -0.140234
    0.425293    0.297145   -0.134166
    0.433107    0.303890   -0.127826
    0.440937    0.310744   -0.121212
    0.448783    0.317708   -0.114324
    0.456641    0.324780   -0.107193
    0.464509    0.331960   -0.099855
    0.472387    0.339247   -0.092139
    0.480272    0.346639   -0.084145
    0.488161    0.354135   -0.075863
    0.496053    0.361734   -0.067312
    0.503947    0.369434   -0.058495
    0.511839    0.377223   -0.049414
    0.519729    0.385081   -0.040072
    0.527613    0.393075   -0.030471
    0.535491    0.401176   -0.020614
    0.543360    0.409370   -0.010506
    0.551217    0.417656   -0.000150
    0.559063    0.426030    0.010450
    0.566893    0.434490    0.021289
    0.574707    0.443034    0.032365
    0.582502    0.451647    0.043681
    0.590277    0.460311    0.055223
    0.598029    0.469091    0.067013
    0.605757    0.477960    0.079085
    0.613458    0.486898    0.091266
    0.621131    0.495904    0.103649
    0.628774    0.504974    0.116227
    0.636385    0.514105    0.128993
    0.643962    0.523280    0.141941
    0.651503    0.532487    0.155064
    0.659006    0.541780    0.168364
    0.666469    0.551135    0.181857
    0.673891    0.560535    0.195578
    0.681270    0.569975    0.209347
    0.688604    0.579451    0.223255
    0.695890    0.588959    0.237292
    0.703128    0.598482    0.251451
    0.710315    0.608009    0.265723
    0.717450    0.617590    0.280115
    0.724530    0.627197    0.294634
    0.731555    0.636819    0.309295
    0.738522    0.646448    0.323956
    0.745429    0.656080    0.338687
    0.752275    0.665709    0.353480
    0.759059    0.675320    0.368325
    0.765777    0.684906    0.383221
    0.772430    0.694505    0.398163
    0.779015    0.704087    0.413158
    0.785530    0.713653    0.428198
    0.791974    0.723189    0.443183
    0.798345    0.732691    0.458165
    0.804642    0.742155    0.473135
    0.810863    0.751560    0.488082
    0.817006    0.760911    0.503010
    0.823070    0.770230    0.517898
    0.829054    0.779492    0.532761
    0.834956    0.788690    0.547580
    0.840775    0.797828    0.562281
    0.846508    0.806894    0.576902
    0.852155    0.815882    0.591434
    0.857715    0.824787    0.605865
    0.863185    0.833605    0.620197
    0.868565    0.842319    0.634412
    0.873852    0.850935    0.648497
    0.879047    0.859463    0.662467
    0.884147    0.867886    0.676295
    0.889152    0.876197    0.689935
    0.894059    0.884393    0.703409
    0.898869    0.892468    0.716708
    0.903579    0.900422    0.729823
    0.908188    0.908245    0.742751
    0.912695    0.915935    0.755477
    0.917100    0.923486    0.767992
    0.921401    0.930893    0.780287
    0.925597    0.938153    0.792354
    0.929686    0.945262    0.804184
    0.933669    0.952214    0.815788
    0.937544    0.959007    0.827130
    0.941309    0.965635    0.838200
    0.944965    0.972096    0.849001
    0.948509    0.978384    0.859526
    0.951942    0.984497    0.869769
    0.955262    0.990431    0.879723
    0.958469    0.996181    0.889379
    0.961561    1.001745    0.898729
    0.964539    1.007120    0.907769
    0.967400    1.012302    0.916491
    0.970146    1.017287    0.924888
    0.972774    1.021948    0.932956
    0.975284    1.025830    0.940688
    0.977675    1.028972    0.948079
    0.979948    1.031599    0.955123
    0.982101    1.033810    0.961816
    0.984134    1.035649    0.968150
    0.986046    1.037154    0.974122
    0.987838    1.038349    0.979733
    0.989507    1.039242    0.984974
    0.991055    1.039841    0.989843
    0.992480    1.040145    0.994333
    0.993782    1.040163    0.998446
    0.994962    1.039922    1.002176
    0.996018    1.039393    1.005519
    0.996950    1.038540    1.008474
    0.997759    1.037458    1.011200
    0.998443    1.036121    1.013800
    0.999003    1.034540    1.016319
    0.999439    1.032728    1.019060
    0.999751    1.030695    1.021744
    0.999938    1.028382    1.024480
    1.000000    1.026334    1.026334
  BLADE PROFILES IN CARTESIAN COORDINATES (3D) 
  VARIABLES = "X", "YSS", "YPS" "R" 
  BLADE           1  SECTION           2
  -13.622795   -3.815176   -3.815176  225.864273
  -12.075058   -4.497811   -4.497811  225.861984
  -10.695093   -5.106441   -5.106441  225.859695
   -9.464711   -5.649088   -5.649088  225.857529
   -8.367698   -6.132909   -6.132909  225.855499
   -7.389600   -6.564280   -6.564280  225.853714
   -6.517521   -6.948889   -6.948889  225.852005
   -5.739974   -7.291804   -7.291804  225.850555
   -5.046712   -7.597547   -7.597547  225.849167
   -4.428594   -7.870146   -7.870146  225.848007
   -3.877480   -8.113195   -8.113195  225.846924
   -3.386105   -8.329897   -8.329897  225.846024
   -2.947991   -8.523110   -8.523110  225.845184
   -2.557369   -8.695380   -8.695380  225.844452
   -2.209091   -8.848974   -8.848974  225.843781
   -1.898562   -8.985921   -8.985921  225.843246
   -1.621693   -9.108023   -9.108023  225.842728
   -1.374837   -9.216887   -9.216887  225.842285
   -1.154740   -9.313952   -9.313952  225.841888
   -0.958500   -9.400497   -9.400497  225.841537
   -0.783533   -9.477660   -9.477660  225.841202
   -0.627529   -9.546458   -9.546458  225.840958
   -0.488438   -9.607800   -9.607800  225.840683
   -0.364423   -9.662491   -9.662491  225.840469
   -0.253850   -9.711254   -9.711254  225.840286
   -0.155264   -9.754732   -9.754732  225.840134
   -0.056678   -9.110406  -10.319268  225.840027
    0.046403   -8.848530  -10.501353  225.840103
    0.154392   -8.651801  -10.670961  225.840179
    0.267700   -8.480924  -10.838896  225.840210
    0.386745   -8.323436  -11.007838  225.840302
    0.511941   -8.175116  -11.179376  225.840393
    0.643700   -8.035985  -11.351962  225.840515
    0.782438   -7.909344  -11.526551  225.840576
    0.928570   -7.802457  -11.703517  225.840698
    1.082506   -7.713306  -11.883515  225.840836
    1.244664   -7.627071  -12.065537  225.840942
    1.415456   -7.537930  -12.248244  225.841080
    1.595298   -7.445273  -12.432758  225.841278
    1.784602   -7.349083  -12.619509  225.841461
    1.983689   -7.248653  -12.804360  225.841660
    2.192608   -7.144000  -12.989136  225.841904
    2.411845   -7.034502  -13.173332  225.842178
    2.641949   -6.919644  -13.353004  225.842422
    2.883524   -6.798819  -13.531039  225.842697
    3.137234   -6.671354  -13.704067  225.843063
    3.403806   -6.536505  -13.873594  225.843338
    3.683887   -6.393249  -14.032263  225.843750
    3.978010   -6.241231  -14.185407  225.844177
    4.287158   -6.078814  -14.326219  225.844528
    4.612437   -5.905325  -14.455375  225.845108
    4.955074   -5.718694  -14.571546  225.845581
    5.316405   -5.517470  -14.667444  225.846115
    5.697897   -5.300010  -14.743044  225.846771
    6.104181   -5.062204  -14.796185  225.847488
    6.541106   -4.798727  -14.820853  225.848206
    7.009161   -4.507318  -14.808102  225.849030
    7.507971   -4.185601  -14.751561  225.849991
    8.036346   -3.832752  -14.643988  225.850891
    8.592249   -3.445565  -14.481681  225.851929
    9.172789   -3.025371  -14.257076  225.853073
    9.768569   -2.575587  -13.966277  225.854187
   10.370050   -2.101807  -13.610286  225.855392
   10.974013   -1.605923  -13.197874  225.856583
   11.577791   -1.089419  -12.720229  225.857819
   12.179358   -0.553621  -12.188422  225.859039
   12.777271    0.000000  -11.603487  225.860245
   13.370692    0.570471  -10.962987  225.861374
   13.963632    1.160083  -10.267411  225.862473
   14.558758    1.775659   -9.513492  225.863541
   15.155582    2.414941   -8.701520  225.864685
   15.753347    3.075874   -7.831592  225.865662
   16.350946    3.761168   -6.902587  225.866669
   16.947027    4.467497   -5.924318  225.867599
   17.539888    5.190949   -4.896851  225.868530
   18.124241    5.928567   -3.826587  225.869446
   18.696823    6.672636   -2.730640  225.870163
   19.256063    7.419076   -1.611105  225.870850
   19.800697    8.167732   -0.471759  225.871506
   20.329781    8.913196    0.675476  225.872086
   20.842627    9.653590    1.830024  225.872543
   21.338888   10.388081    2.985690  225.872910
   21.820400   11.115639    4.141306  225.873260
   22.287607   11.837375    5.298466  225.873581
   22.740536   12.551813    6.450116  225.873779
   23.179173   13.256925    7.594991  225.873978
   23.603529   13.951294    8.731598  225.874069
   24.013590   14.634658    9.854595  225.874100
   24.409369   15.305501   10.962466  225.874130
   24.790854   15.962439   12.052773  225.874084
   25.158054   16.604372   13.123639  225.873962
   25.510963   17.230207   14.171017  225.873825
   25.849588   17.838951   15.193789  225.873703
   26.173927   18.376766   16.189495  225.873505
   26.483973   18.652527   17.155910  225.873276
   26.779730   18.311375   18.311014  225.873016
   27.075491   19.057383   19.057201  225.872375
   27.388144   19.846186   19.846186  225.871597
   27.718653   20.680046   20.680046  225.870850
   28.068039   21.561535   21.561535  225.870132
   28.437372   22.493374   22.493374  225.869476
   28.827801   23.478445   23.478445  225.868912
   29.240534   24.519787   24.519787  225.868439
   29.676832   25.620613   25.620613  225.868149
   30.138054   26.784342   26.784342  225.867996
   30.625601   28.014566   28.014566  225.868240
   31.141010   29.315096   29.315096  225.868729
   31.685863   30.689934   30.689934  225.869537
   32.261818   32.143333   32.143333  225.870712
   32.870670   33.679798   33.679798  225.872223
   33.514297   35.304039   35.304039  225.874054
  BLADE PROFILES IN CARTESIAN COORDINATES (2D) BEFORE   PROJECTION, SCALING, MESHING AND STACKING 
  VARIABLES = "X", "YSS", "YPS" 
  BLADE           1  SECTION           3
    0.000000   -0.013080   -0.013080
    0.000062   -0.011364   -0.017822
    0.000249   -0.007985   -0.021131
    0.000561   -0.004670   -0.024281
    0.000997   -0.001418   -0.027154
    0.001557    0.001755   -0.029343
    0.002241    0.004835   -0.031548
    0.003050    0.007813   -0.033713
    0.003982    0.010698   -0.035753
    0.005038    0.013531   -0.037707
    0.006218    0.016248   -0.039708
    0.007520    0.018894   -0.041775
    0.008945    0.021538   -0.043938
    0.010493    0.024156   -0.046230
    0.012162    0.026765   -0.048655
    0.013954    0.029387   -0.051206
    0.015866    0.032010   -0.053884
    0.017899    0.034649   -0.056688
    0.020052    0.037282   -0.059580
    0.022325    0.039916   -0.062566
    0.024716    0.042524   -0.065645
    0.027226    0.045066   -0.068813
    0.029854    0.047531   -0.072064
    0.032600    0.049853   -0.075392
    0.035461    0.051972   -0.078791
    0.038439    0.053873   -0.082263
    0.041531    0.055613   -0.085816
    0.044738    0.057304   -0.089389
    0.048058    0.059022   -0.092997
    0.051491    0.060766   -0.096644
    0.055036    0.062558   -0.100323
    0.058691    0.064388   -0.104028
    0.062456    0.066257   -0.107766
    0.066331    0.068161   -0.111543
    0.070314    0.070101   -0.115282
    0.074403    0.072086   -0.119008
    0.078599    0.074112   -0.122728
    0.082900    0.076178   -0.126435
    0.087305    0.078284   -0.130136
    0.091812    0.080437   -0.133846
    0.096421    0.082633   -0.137448
    0.101131    0.084874   -0.141010
    0.105941    0.087163   -0.144551
    0.110848    0.089499   -0.148070
    0.115853    0.091884   -0.151459
    0.120953    0.094319   -0.154766
    0.126148    0.096808   -0.158033
    0.131435    0.099347   -0.161253
    0.136815    0.101944   -0.164309
    0.142285    0.104598   -0.167255
    0.147845    0.107303   -0.170138
    0.153492    0.110074   -0.172965
    0.159225    0.112897   -0.175559
    0.165044    0.115790   -0.178045
    0.170946    0.118748   -0.180440
    0.176930    0.121761   -0.182724
    0.182994    0.124848   -0.184792
    0.189138    0.128007   -0.186750
    0.195358    0.131236   -0.188610
    0.201655    0.134520   -0.190184
    0.208026    0.137895   -0.191652
    0.214470    0.141345   -0.193014
    0.220986    0.144852   -0.194060
    0.227570    0.148458   -0.194986
    0.234223    0.152122   -0.195778
    0.240941    0.155889   -0.196271
    0.247725    0.159716   -0.196556
    0.254571    0.163651   -0.196696
    0.261478    0.167644   -0.196666
    0.268445    0.171754   -0.196321
    0.275470    0.175924   -0.195813
    0.282550    0.180182   -0.195158
    0.289685    0.184560   -0.194119
    0.296872    0.189001   -0.192928
    0.304110    0.193530   -0.191562
    0.311396    0.198160   -0.189849
    0.318730    0.202911   -0.187881
    0.326109    0.207727   -0.185734
    0.333531    0.212638   -0.183418
    0.340994    0.217644   -0.180698
    0.348497    0.222746   -0.177743
    0.356038    0.227950   -0.174593
    0.363615    0.233259   -0.171262
    0.371226    0.238693   -0.167532
    0.378869    0.244194   -0.163546
    0.386542    0.249795   -0.159318
    0.394243    0.255495   -0.154867
    0.401971    0.261294   -0.150242
    0.409723    0.267194   -0.145200
    0.417498    0.273192   -0.139906
    0.425293    0.279290   -0.134359
    0.433107    0.285488   -0.128557
    0.440937    0.291784   -0.122525
    0.448783    0.298178   -0.116307
    0.456641    0.304669   -0.109721
    0.464509    0.311258   -0.102853
    0.472387    0.317932   -0.095731
    0.480272    0.324676   -0.088355
    0.488161    0.331549   -0.080726
    0.496053    0.338515   -0.072846
    0.503947    0.345574   -0.064714
    0.511839    0.352729   -0.056335
    0.519729    0.359973   -0.047709
    0.527613    0.367305   -0.038840
    0.535491    0.374723   -0.029731
    0.543360    0.382224   -0.020384
    0.551217    0.389807   -0.010805
    0.559063    0.397471   -0.000996
    0.566893    0.405199    0.009038
    0.574707    0.412982    0.019293
    0.582502    0.420873    0.029764
    0.590277    0.428837    0.040446
    0.598029    0.436880    0.051334
    0.605757    0.444988    0.062422
    0.613458    0.453160    0.073705
    0.621131    0.461392    0.085178
    0.628774    0.469683    0.096834
    0.636385    0.478014    0.108671
    0.643962    0.486381    0.120692
    0.651503    0.494827    0.132901
    0.659006    0.503323    0.145333
    0.666469    0.511871    0.157827
    0.673891    0.520458    0.170466
    0.681270    0.529081    0.183242
    0.688604    0.537736    0.196148
    0.695890    0.546420    0.209176
    0.703128    0.555118    0.222319
    0.710315    0.563818    0.235586
    0.717450    0.572567    0.248977
    0.724530    0.581337    0.262512
    0.731555    0.590122    0.276054
    0.738522    0.598912    0.289671
    0.745429    0.607705    0.303356
    0.752275    0.616496    0.317099
    0.759059    0.625267    0.330892
    0.765777    0.634018    0.344742
    0.772430    0.642779    0.358628
    0.779015    0.651521    0.372567
    0.785530    0.660249    0.386543
    0.791974    0.668951    0.400472
    0.798345    0.677622    0.414400
    0.804642    0.686257    0.428316
    0.810863    0.694852    0.442213
    0.817006    0.703390    0.456095
    0.823070    0.711873    0.469939
    0.829054    0.720322    0.483760
    0.834956    0.728714    0.497541
    0.840775    0.737045    0.511215
    0.846508    0.745314    0.524813
    0.852155    0.753513    0.538329
    0.857715    0.761636    0.551753
    0.863185    0.769679    0.565083
    0.868565    0.777638    0.578306
    0.873852    0.785498    0.591410
    0.879047    0.793264    0.604406
    0.884147    0.800945    0.617272
    0.889152    0.808525    0.629964
    0.894059    0.815999    0.642500
    0.898869    0.823364    0.654875
    0.903579    0.830614    0.667079
    0.908188    0.837746    0.679107
    0.912695    0.844758    0.690949
    0.917100    0.851643    0.702596
    0.921401    0.858398    0.714038
    0.925597    0.865018    0.725268
    0.929686    0.871499    0.736278
    0.933669    0.877838    0.747061
    0.937544    0.884032    0.757627
    0.941309    0.890075    0.767939
    0.944965    0.895965    0.777992
    0.948509    0.901699    0.787789
    0.951942    0.907272    0.797322
    0.955262    0.912681    0.806587
    0.958469    0.917924    0.815575
    0.961561    0.922998    0.824280
    0.964539    0.927898    0.832695
    0.967400    0.932622    0.840814
    0.970146    0.937166    0.848631
    0.972774    0.941384    0.856142
    0.975284    0.944765    0.863340
    0.977675    0.947523    0.870221
    0.979948    0.949821    0.876779
    0.982101    0.951736    0.883008
    0.984134    0.953312    0.888903
    0.986046    0.954583    0.894466
    0.987838    0.955564    0.899690
    0.989507    0.956271    0.904570
    0.991055    0.956708    0.909103
    0.992480    0.956884    0.913284
    0.993782    0.956806    0.917113
    0.994962    0.956460    0.920586
    0.996018    0.955863    0.923698
    0.996950    0.954990    0.926451
    0.997759    0.953889    0.928984
    0.998443    0.952556    0.931373
    0.999003    0.951000    0.933748
    0.999439    0.949234    0.936298
    0.999751    0.947262    0.938795
    0.999938    0.944984    0.941302
    1.000000    0.943338    0.943338
  BLADE PROFILES IN CARTESIAN COORDINATES (3D) 
  VARIABLES = "X", "YSS", "YPS" "R" 
  BLADE           1  SECTION           3
  -14.853813   -4.185651   -4.185651  239.427139
  -13.223224   -4.864783   -4.864783  239.460312
  -11.769580   -5.470531   -5.470531  239.496902
  -10.473724   -6.010836   -6.010836  239.535309
   -9.318549   -6.492774   -6.492774  239.574341
   -8.288792   -6.922650   -6.922650  239.613205
   -7.370840   -7.306088   -7.306088  239.651077
   -6.552549   -7.648096   -7.648096  239.687561
   -5.823095   -7.953146   -7.953146  239.722321
   -5.172831   -8.225227   -8.225227  239.755051
   -4.593149   -8.467897   -8.467897  239.785690
   -4.076386   -8.684330   -8.684330  239.814148
   -3.615706   -8.877357   -8.877357  239.840469
   -3.205018   -9.049508   -9.049508  239.864670
   -2.838894   -9.203036   -9.203036  239.886932
   -2.512494   -9.339952   -9.339952  239.907166
   -2.221503   -9.462053   -9.462053  239.925705
   -1.962081   -9.570937   -9.570937  239.942459
   -1.730799   -9.668037   -9.668037  239.957657
   -1.524604   -9.754625   -9.754625  239.971466
   -1.340772   -9.831837   -9.831837  239.983902
   -1.176878   -9.900686   -9.900686  239.995087
   -1.030756   -9.962082   -9.962082  240.005188
   -0.900481  -10.016828  -10.016828  240.014282
   -0.784333  -10.065643  -10.065643  240.022461
   -0.680780  -10.109170  -10.109170  240.029800
   -0.577852   -9.438807  -10.711206  240.037140
   -0.470242   -9.181828  -10.899870  240.049133
   -0.357522   -8.986122  -11.069770  240.063263
   -0.239256   -8.815150  -11.239538  240.078186
   -0.115017   -8.657579  -11.410815  240.093948
    0.015625   -8.510237  -11.582798  240.110733
    0.153104   -8.375317  -11.756914  240.128510
    0.297846   -8.257961  -11.933434  240.147400
    0.450282   -8.162500  -12.113246  240.167496
    0.610841   -8.077273  -12.294957  240.188843
    0.779953   -7.990812  -12.478154  240.211578
    0.958045   -7.901109  -12.663394  240.235779
    1.145548   -7.808201  -12.851467  240.261459
    1.342888   -7.711920  -13.039613  240.288834
    1.550395   -7.611472  -13.227389  240.317902
    1.768116   -7.507021  -13.415239  240.348785
    1.996554   -7.397843  -13.602616  240.381485
    2.236277   -7.283574  -13.786201  240.416260
    2.487904   -7.163528  -13.968933  240.453140
    2.752132   -7.037126  -14.144836  240.492325
    3.029711   -6.903584  -14.318479  240.534012
    3.321302   -6.762005  -14.482156  240.578278
    3.627456   -6.611906  -14.641211  240.625259
    3.949198   -6.452165  -14.785906  240.675262
    4.287662   -6.281457  -14.922201  240.728500
    4.644122   -6.098149  -15.042340  240.785248
    5.019970   -5.901299  -15.146066  240.845795
    5.416719   -5.688284  -15.231621  240.910294
    5.839171   -5.456076  -15.292399  240.979858
    6.293405   -5.199150  -15.322433  241.055496
    6.779913   -4.914992  -15.320904  241.137360
    7.298326   -4.602437  -15.278179  241.225494
    7.847363   -4.259089  -15.185099  241.319687
    8.424925   -3.883286  -15.032948  241.419724
    9.028017   -3.476025  -14.821354  241.525009
    9.646881   -3.039526  -14.547972  241.633636
   10.271626   -2.580634  -14.207772  241.743942
   10.898914   -2.100926  -13.810803  241.855042
   11.526022   -1.601598  -13.351583  241.966248
   12.150827   -1.084033  -12.840114  242.077026
   12.771886   -0.550720  -12.269568  242.187057
   13.388309    0.000000  -11.647907  242.295837
   14.004309    0.571199  -10.971445  242.404037
   14.622655    1.165277  -10.236973  242.511932
   15.242889    1.781574   -9.444759  242.619339
   15.864212    2.420063   -8.595773  242.725815
   16.485497    3.081594   -7.691768  242.831085
   17.105360    3.762804   -6.735339  242.934738
   17.722055    4.461338   -5.726312  243.036270
   18.330090    5.173096   -4.681240  243.134644
   18.926069    5.891075   -3.607631  243.229355
   19.508362    6.611367   -2.508307  243.319992
   20.075661    7.333748   -1.392708  243.406387
   20.626955    8.053049   -0.267387  243.488434
   21.161556    8.767457    0.865725  243.566010
   21.679071    9.476114    1.999866  243.639206
   22.181404   10.178684    3.134387  243.708359
   22.669027   10.874502    4.270623  243.773636
   23.141937   11.563614    5.401659  243.835022
   23.600115   12.244034    6.526159  243.892654
   24.043564   12.913679    7.642735  243.946747
   24.472269   13.572857    8.746077  243.997253
   24.886200   14.219743    9.834567  244.044449
   25.285358   14.853301   10.905978  244.088303
   25.669727   15.472314   11.958236  244.129013
   26.039291   16.075745   12.987600  244.166733
   26.394037   16.662670   13.992767  244.201569
   26.733953   17.173126   14.971358  244.233673
   27.059013   17.423273   15.921140  244.263107
   27.369211   17.063578   17.063221  244.290131
   27.680172   17.790878   17.790699  244.312012
   28.008884   18.559977   18.559977  244.332016
   28.356369   19.373079   19.373079  244.353210
   28.723694   20.232712   20.232712  244.375839
   29.111982   21.141546   21.141546  244.399994
   29.522429   22.102415   22.102415  244.425797
   29.956297   23.118303   23.118303  244.453506
   30.414900   24.192394   24.192394  244.483322
   30.899639   25.328062   25.328062  244.515579
   31.411987   26.528877   26.528877  244.550919
   31.953533   27.798561   27.798561  244.589264
   32.525917   29.141104   29.141104  244.630859
   33.130901   30.560722   30.560722  244.676025
   33.770325   32.061878   32.061878  244.725174
   34.445194   33.650181   33.650181  244.783325
  BLADE PROFILES IN CARTESIAN COORDINATES (2D) BEFORE   PROJECTION, SCALING, MESHING AND STACKING 
  VARIABLES = "X", "YSS", "YPS" 
  BLADE           2  SECTION           1
    0.000000    0.020764    0.020764
    0.000062    0.024734    0.019548
    0.000249    0.026571    0.016609
    0.000561    0.028491    0.013702
    0.000997    0.030350    0.010876
    0.001557    0.032120    0.008027
    0.002241    0.034068    0.005148
    0.003050    0.036057    0.002276
    0.003982    0.038213   -0.000561
    0.005038    0.040548   -0.003337
    0.006218    0.043069   -0.006025
    0.007520    0.045744   -0.008611
    0.008945    0.048589   -0.011079
    0.010493    0.051617   -0.013417
    0.012162    0.054796   -0.015647
    0.013954    0.058093   -0.017725
    0.015866    0.061525   -0.019681
    0.017899    0.065084   -0.021550
    0.020052    0.068763   -0.023327
    0.022325    0.072548   -0.025044
    0.024716    0.076439   -0.026677
    0.027226    0.080431   -0.028255
    0.029854    0.084515   -0.029756
    0.032600    0.088686   -0.031195
    0.035461    0.092936   -0.032541
    0.038439    0.097259   -0.033800
    0.041531    0.101649   -0.034937
    0.044738    0.106097   -0.035907
    0.048058    0.110598   -0.036693
    0.051491    0.115145   -0.037220
    0.055036    0.119743   -0.037468
    0.058691    0.124407   -0.037496
    0.062456    0.129053   -0.037408
    0.066331    0.133709   -0.037286
    0.070314    0.138372   -0.037136
    0.074403    0.143040   -0.036962
    0.078599    0.147706   -0.036777
    0.082900    0.152363   -0.036577
    0.087305    0.157005   -0.036364
    0.091812    0.161640   -0.036141
    0.096421    0.166288   -0.035911
    0.101131    0.170834   -0.035679
    0.105941    0.175324   -0.035447
    0.110848    0.179766   -0.035217
    0.115853    0.184154   -0.034993
    0.120953    0.188500   -0.034779
    0.126148    0.192826   -0.034587
    0.131435    0.196981   -0.034404
    0.136815    0.201050   -0.034240
    0.142285    0.205037   -0.034099
    0.147845    0.208951   -0.034003
    0.153492    0.212804   -0.033924
    0.159225    0.216454   -0.033876
    0.165044    0.219995   -0.033871
    0.170946    0.223445   -0.033926
    0.176930    0.226805   -0.034004
    0.182994    0.229935   -0.034161
    0.189138    0.232969   -0.034344
    0.195358    0.235909   -0.034613
    0.201655    0.238581   -0.034914
    0.208026    0.241094   -0.035311
    0.214470    0.243491   -0.035741
    0.220986    0.245755   -0.036282
    0.227570    0.247743   -0.036897
    0.234223    0.249600   -0.037557
    0.240941    0.251333   -0.038330
    0.247725    0.252731   -0.039197
    0.254571    0.254003   -0.040154
    0.261478    0.255153   -0.041206
    0.268445    0.255924   -0.042356
    0.275470    0.256568   -0.043609
    0.282550    0.257078   -0.044927
    0.289685    0.257200   -0.046389
    0.296872    0.257178   -0.047976
    0.304110    0.257003   -0.049680
    0.311396    0.256451   -0.051453
    0.318730    0.255679   -0.053396
    0.326109    0.254732   -0.055470
    0.333531    0.253567   -0.057616
    0.340994    0.252081   -0.059950
    0.348497    0.250397   -0.062363
    0.356038    0.248531   -0.064901
    0.363615    0.246270   -0.067646
    0.371226    0.243787   -0.070470
    0.378869    0.241095   -0.073428
    0.386542    0.238184   -0.076524
    0.394243    0.234930   -0.079772
    0.401971    0.231427   -0.083228
    0.409723    0.227702   -0.086767
    0.417498    0.223769   -0.090451
    0.425293    0.219477   -0.094282
    0.433107    0.214929   -0.098261
    0.440937    0.210170   -0.102389
    0.448783    0.205225   -0.106666
    0.456641    0.199901   -0.111093
    0.464509    0.194307   -0.115670
    0.472387    0.188467   -0.120397
    0.480272    0.182380   -0.125274
    0.488161    0.176045   -0.130300
    0.496053    0.169489   -0.135475
    0.503947    0.162758   -0.140799
    0.511839    0.155682   -0.146269
    0.519729    0.148346   -0.151884
    0.527613    0.140765   -0.157644
    0.535491    0.132948   -0.163533
    0.543360    0.124897   -0.169517
    0.551217    0.116615   -0.175701
    0.559063    0.108106   -0.182030
    0.566893    0.099372   -0.188503
    0.574707    0.090418   -0.195110
    0.582502    0.081248   -0.201848
    0.590277    0.071866   -0.208715
    0.598029    0.062277   -0.215709
    0.605757    0.052486   -0.222826
    0.613458    0.042497   -0.230063
    0.621131    0.032317   -0.237404
    0.628774    0.021951   -0.244814
    0.636385    0.011404   -0.252399
    0.643962    0.000671   -0.260105
    0.651503   -0.010246   -0.267915
    0.659006   -0.021406   -0.275825
    0.666469   -0.032626   -0.283831
    0.673891   -0.043996   -0.291930
    0.681270   -0.055509   -0.300116
    0.688604   -0.067157   -0.308371
    0.695890   -0.078934   -0.316670
    0.703128   -0.090832   -0.325096
    0.710315   -0.102845   -0.333605
    0.717450   -0.114964   -0.342184
    0.724530   -0.127183   -0.350825
    0.731555   -0.139518   -0.359521
    0.738522   -0.152009   -0.368268
    0.745429   -0.164492   -0.377062
    0.752275   -0.177042   -0.385896
    0.759059   -0.189652   -0.394754
    0.765777   -0.202313   -0.403610
    0.772430   -0.215017   -0.412537
    0.779015   -0.227756   -0.421493
    0.785530   -0.240521   -0.430467
    0.791974   -0.253304   -0.439449
    0.798345   -0.266108   -0.448433
    0.804642   -0.278927   -0.457415
    0.810863   -0.291784   -0.466388
    0.817006   -0.304562   -0.475346
    0.823070   -0.317315   -0.484285
    0.829054   -0.330035   -0.493187
    0.834956   -0.342711   -0.502033
    0.840775   -0.355337   -0.510877
    0.846508   -0.367902   -0.519680
    0.852155   -0.380398   -0.528439
    0.857715   -0.392817   -0.537142
    0.863185   -0.405158   -0.545784
    0.868565   -0.417404   -0.554359
    0.873852   -0.429558   -0.562860
    0.879047   -0.441626   -0.571282
    0.884147   -0.453533   -0.579619
    0.889152   -0.465311   -0.587866
    0.894059   -0.476952   -0.596017
    0.898869   -0.488447   -0.604065
    0.903579   -0.499788   -0.611998
    0.908188   -0.510968   -0.619806
    0.912695   -0.521977   -0.627515
    0.917100   -0.532809   -0.635101
    0.921401   -0.543455   -0.642557
    0.925597   -0.553908   -0.649877
    0.929686   -0.564163   -0.657058
    0.933669   -0.574209   -0.664092
    0.937544   -0.584040   -0.670977
    0.941309   -0.593647   -0.677705
    0.944965   -0.603024   -0.684273
    0.948509   -0.612163   -0.690675
    0.951942   -0.621059   -0.696907
    0.955262   -0.629713   -0.702965
    0.958469   -0.638114   -0.708843
    0.961561   -0.646240   -0.714537
    0.964539   -0.654097   -0.720044
    0.967400   -0.661679   -0.725358
    0.970146   -0.668982   -0.730477
    0.972774   -0.675993   -0.735395
    0.975284   -0.682715   -0.740114
    0.977675   -0.689147   -0.744625
    0.979948   -0.695279   -0.748815
    0.982101   -0.701105   -0.752329
    0.984134   -0.706623   -0.755295
    0.986046   -0.711826   -0.757827
    0.987838   -0.716713   -0.759978
    0.989507   -0.721278   -0.761787
    0.991055   -0.725518   -0.763280
    0.992480   -0.729430   -0.764467
    0.993782   -0.733013   -0.765362
    0.994962   -0.736264   -0.765967
    0.996018   -0.739228   -0.766289
    0.996950   -0.741950   -0.766362
    0.997759   -0.744719   -0.766125
    0.998443   -0.747455   -0.765579
    0.999003   -0.750100   -0.764793
    0.999439   -0.752630   -0.763743
    0.999751   -0.755026   -0.762442
    0.999938   -0.757328   -0.760894
    1.000000   -0.758945   -0.758945
  BLADE PROFILES IN CARTESIAN COORDINATES (3D) 
  VARIABLES = "X", "YSS", "YPS" "R" 
  BLADE           2  SECTION           1
   22.878860  -14.792101  -14.792101  207.811691
   24.033407  -13.821046  -13.821046  207.670105
   25.069942  -12.951812  -12.951812  207.555832
   26.000477  -12.173555  -12.173555  207.464279
   26.837072  -11.477291  -11.477291  207.403381
   27.587656  -10.853477  -10.853477  207.353622
   28.260639  -10.294329  -10.294329  207.309204
   28.864010   -9.793119   -9.793119  207.269348
   29.404972   -9.343834   -9.343834  207.233444
   29.889923   -8.941067   -8.941067  207.200775
   30.324694   -8.580006   -8.580006  207.171173
   30.714474   -8.256330   -8.256330  207.144470
   31.063917   -7.966166   -7.966166  207.120331
   31.377207   -7.706039   -7.706039  207.098602
   31.658075   -7.472843   -7.472843  207.078995
   31.909880   -7.263782   -7.263782  207.061325
   32.135635   -7.076362   -7.076362  207.045395
   32.338028   -6.908337   -6.908337  207.031006
   32.519478   -6.757702   -6.757702  207.018112
   32.682156   -6.622655   -6.622655  207.006454
   32.827999   -6.501584   -6.501584  206.995987
   32.973579   -5.774369   -7.256995  206.983292
   33.125774   -5.446580   -7.613003  206.969803
   33.285191   -5.132133   -7.862032  206.955414
   33.452423   -4.824260   -8.050663  206.940063
   33.628090   -4.518416   -8.204515  206.923645
   33.812798   -4.212622   -8.337155  206.906128
   34.007160   -3.904910   -8.454149  206.887238
   34.211765   -3.594436   -8.557585  206.867081
   34.427227   -3.280711   -8.646540  206.845306
   34.654137   -2.963501   -8.715647  206.822052
   34.893116   -2.642766   -8.757119  206.796982
   35.144760   -2.316624   -8.766028  206.770081
   35.409660   -1.989495   -8.758953  206.741119
   35.688423   -1.660783   -8.748054  206.709991
   35.981525   -1.330537   -8.734838  206.676529
   36.289001   -1.000042   -8.719877  206.640717
   36.611553   -0.667659   -8.703578  206.602234
   36.950005   -0.339480   -8.686725  206.560974
   37.305202   -0.015051   -8.669911  206.516617
   37.678131    0.307540   -8.654046  206.469009
   38.069839    0.624351   -8.640265  206.417801
   38.481228    0.931600   -8.628968  206.362854
   38.913109    1.233465   -8.622499  206.303787
   39.366859    1.518656   -8.620783  206.240372
   39.844124    1.794544   -8.626743  206.171982
   40.346664    2.049916   -8.641854  206.098389
   40.876411    2.285884   -8.668005  206.018967
   41.435482    2.497470   -8.707559  205.933212
   42.030647    2.680016   -8.764729  205.839844
   42.670433    2.830489   -8.843940  205.737152
   43.355476    2.939859   -8.950356  205.624634
   44.085262    2.996366   -9.086995  205.502182
   44.857925    2.988918   -9.263404  205.369476
   45.670494    2.903658   -9.481270  205.227081
   46.518730    2.741203   -9.745689  205.075287
   47.388878    2.492121  -10.058198  204.916779
   48.267036    2.159182  -10.414076  204.754074
   49.148487    1.740041  -10.819491  204.588226
   50.029430    1.237409  -11.266969  204.420364
   50.906918    0.659893  -11.758171  204.251282
   51.778885    0.000000  -12.291859  204.081711
   52.644138   -0.726288  -12.866733  203.912323
   53.508564   -1.532547  -13.486393  203.741974
   54.376072   -2.419528  -14.150747  203.570435
   55.246048   -3.384932  -14.867528  203.398056
   56.117294   -4.427800  -15.632604  203.225220
   56.988358   -5.546036  -16.444332  203.052658
   57.857197   -6.736291  -17.297945  202.880920
   58.721455   -7.998705  -18.198635  202.710861
   59.573399   -9.312382  -19.132177  202.544144
   60.408295  -10.667376  -20.088280  202.382080
   61.223896  -12.056163  -21.069101  202.225113
   62.018345  -13.475991  -22.065166  202.073746
   62.790291  -14.909616  -23.070375  201.928391
   63.538761  -16.354189  -24.081181  201.789139
   64.263206  -17.803640  -25.095984  201.656250
   64.966324  -19.261879  -26.112936  201.529114
   65.648766  -20.718834  -27.128912  201.407654
   66.310577  -22.173698  -28.144165  201.291748
   66.951706  -23.622925  -29.155661  201.181458
   67.572166  -25.064640  -30.159790  201.076614
   68.171951  -26.490198  -31.154192  200.977158
   68.751030  -27.898546  -32.135361  200.882980
   69.309402  -29.286245  -33.103424  200.793961
   69.847054  -30.650274  -34.054863  200.709976
   70.363983  -31.987034  -34.987507  200.630936
   70.860161  -33.293941  -35.899235  200.556671
   71.335564  -34.566414  -36.788265  200.487015
   71.790184  -35.803356  -37.454762  200.421844
   72.223991  -37.350273  -37.350773  200.360977
   72.661209  -38.378510  -38.378761  200.326843
   73.133270  -39.488235  -39.488235  200.290741
   73.642929  -40.686184  -40.686184  200.252655
   74.193268  -41.979382  -41.979382  200.212601
   74.787483  -43.375416  -43.375416  200.170471
   75.429077  -44.882469  -44.882469  200.126434
   76.121841  -46.509399  -46.509399  200.080444
   76.869873  -48.265762  -48.265762  200.032578
   77.677567  -50.161873  -50.161873  199.983002
   78.549713  -52.208897  -52.208897  199.931900
   79.491440  -54.418896  -54.418896  199.879486
   80.508308  -56.804913  -56.804913  199.825989
   81.606300  -59.381031  -59.381031  199.771790
   82.791916  -62.162525  -62.162525  199.717392
   84.072121  -65.165886  -65.165886  199.663208
   85.454468  -68.408981  -68.408981  199.609970
   86.947060  -71.911125  -71.911125  199.558365
   88.558701  -75.693291  -75.693291  199.509247
   90.298820  -79.778114  -79.778114  199.463608
   92.177597  -84.190208  -84.190208  199.422516
  BLADE PROFILES IN CARTESIAN COORDINATES (2D) BEFORE   PROJECTION, SCALING, MESHING AND STACKING 
  VARIABLES = "X", "YSS", "YPS" 
  BLADE           2  SECTION           2
    0.000000    0.022660    0.022660
    0.000062    0.027223    0.019926
    0.000249    0.028999    0.015627
    0.000561    0.031564    0.011499
    0.000997    0.033607    0.007388
    0.001557    0.035782    0.003294
    0.002241    0.038004   -0.000758
    0.003050    0.040006   -0.004744
    0.003982    0.042132   -0.008631
    0.005038    0.044327   -0.012391
    0.006218    0.046571   -0.016020
    0.007520    0.048966   -0.019496
    0.008945    0.051499   -0.022846
    0.010493    0.054159   -0.026044
    0.012162    0.056909   -0.029197
    0.013954    0.059800   -0.032303
    0.015866    0.062780   -0.035374
    0.017899    0.065834   -0.038409
    0.020052    0.068973   -0.041445
    0.022325    0.072186   -0.044467
    0.024716    0.075452   -0.047480
    0.027226    0.078782   -0.050455
    0.029854    0.082169   -0.053393
    0.032600    0.085624   -0.056252
    0.035461    0.089140   -0.058940
    0.038439    0.092660   -0.061431
    0.041531    0.096189   -0.063629
    0.044738    0.099737   -0.065515
    0.048058    0.103304   -0.067158
    0.051491    0.106900   -0.068741
    0.055036    0.110525   -0.070355
    0.058691    0.114100   -0.071972
    0.062456    0.117643   -0.073587
    0.066331    0.121173   -0.075231
    0.070314    0.124705   -0.076884
    0.074403    0.128235   -0.078541
    0.078599    0.131672   -0.080229
    0.082900    0.135046   -0.081929
    0.087305    0.138407   -0.083644
    0.091812    0.141732   -0.085389
    0.096421    0.144953   -0.087149
    0.101131    0.148068   -0.088943
    0.105941    0.151150   -0.090759
    0.110848    0.154175   -0.092610
    0.115853    0.157060   -0.094490
    0.120953    0.159816   -0.096407
    0.126148    0.162515   -0.098361
    0.131435    0.165153   -0.100354
    0.136815    0.167578   -0.102390
    0.142285    0.169882   -0.104474
    0.147845    0.172101   -0.106601
    0.153492    0.174225   -0.108781
    0.159225    0.176115   -0.111019
    0.165044    0.177908   -0.113312
    0.170946    0.179616   -0.115653
    0.176930    0.181024   -0.118066
    0.182994    0.182338   -0.120548
    0.189138    0.183538   -0.123083
    0.195358    0.184456   -0.125697
    0.201655    0.185195   -0.128392
    0.208026    0.185802   -0.131145
    0.214470    0.186252   -0.133992
    0.220986    0.186422   -0.136927
    0.227570    0.186440   -0.139921
    0.234223    0.186318   -0.143031
    0.240941    0.185852   -0.146203
    0.247725    0.185241   -0.149468
    0.254571    0.184479   -0.152860
    0.261478    0.183370   -0.156316
    0.268445    0.182040   -0.159872
    0.275470    0.180539   -0.163572
    0.282550    0.178871   -0.167339
    0.289685    0.176831   -0.171212
    0.296872    0.174576   -0.175191
    0.304110    0.172126   -0.179285
    0.311396    0.169491   -0.183505
    0.318730    0.166488   -0.187867
    0.326109    0.163251   -0.192310
    0.333531    0.159809   -0.196872
    0.340994    0.156192   -0.201555
    0.348497    0.152178   -0.206360
    0.356038    0.147915   -0.211288
    0.363615    0.143409   -0.216342
    0.371226    0.138687   -0.221522
    0.378869    0.133770   -0.226829
    0.386542    0.128493   -0.232266
    0.394243    0.122932   -0.237831
    0.401971    0.117118   -0.243526
    0.409723    0.111049   -0.249352
    0.417498    0.104724   -0.255309
    0.425293    0.098142   -0.261396
    0.433107    0.091302   -0.267614
    0.440937    0.084225   -0.273963
    0.448783    0.076972   -0.280431
    0.456641    0.069361   -0.286992
    0.464509    0.061494   -0.293731
    0.472387    0.053365   -0.300606
    0.480272    0.044985   -0.307616
    0.488161    0.036359   -0.314753
    0.496053    0.027488   -0.322018
    0.503947    0.018374   -0.329408
    0.511839    0.009020   -0.336922
    0.519729   -0.000571   -0.344560
    0.527613   -0.010395   -0.352301
    0.535491   -0.020457   -0.360131
    0.543360   -0.030747   -0.368126
    0.551217   -0.041276   -0.376248
    0.559063   -0.052108   -0.384490
    0.566893   -0.063053   -0.392843
    0.574707   -0.074206   -0.401305
    0.582502   -0.085564   -0.409874
    0.590277   -0.097120   -0.418545
    0.598029   -0.108871   -0.427303
    0.605757   -0.120809   -0.436124
    0.613458   -0.132930   -0.445090
    0.621131   -0.145227   -0.454164
    0.628774   -0.157695   -0.463328
    0.636385   -0.170341   -0.472577
    0.643962   -0.183170   -0.481908
    0.651503   -0.196216   -0.491315
    0.659006   -0.209319   -0.500797
    0.666469   -0.222560   -0.510337
    0.673891   -0.235932   -0.519906
    0.681270   -0.249428   -0.529590
    0.688604   -0.263040   -0.539345
    0.695890   -0.276761   -0.549153
    0.703128   -0.290597   -0.559010
    0.710315   -0.304551   -0.568910
    0.717450   -0.318646   -0.578851
    0.724530   -0.332742   -0.588826
    0.731555   -0.346909   -0.598821
    0.738522   -0.361137   -0.608808
    0.745429   -0.375419   -0.618862
    0.752275   -0.389747   -0.628943
    0.759059   -0.404112   -0.639034
    0.765777   -0.418520   -0.649130
    0.772430   -0.432965   -0.659225
    0.779015   -0.447466   -0.669314
    0.785530   -0.461906   -0.679393
    0.791974   -0.476340   -0.689441
    0.798345   -0.490759   -0.699449
    0.804642   -0.505154   -0.709463
    0.810863   -0.519518   -0.719444
    0.817006   -0.533839   -0.729395
    0.823070   -0.548118   -0.739302
    0.829054   -0.562342   -0.749160
    0.834956   -0.576513   -0.758962
    0.840775   -0.590636   -0.768704
    0.846508   -0.604626   -0.778378
    0.852155   -0.618522   -0.787980
    0.857715   -0.632313   -0.797504
    0.863185   -0.645992   -0.806935
    0.868565   -0.659551   -0.816263
    0.873852   -0.672980   -0.825520
    0.879047   -0.686270   -0.834677
    0.884147   -0.699418   -0.843729
    0.889152   -0.712412   -0.852673
    0.894059   -0.725241   -0.861499
    0.898869   -0.737910   -0.870203
    0.903579   -0.750412   -0.878779
    0.908188   -0.762696   -0.887221
    0.912695   -0.774783   -0.895525
    0.917100   -0.786664   -0.903685
    0.921401   -0.798333   -0.911695
    0.925597   -0.809780   -0.919552
    0.929686   -0.820999   -0.927249
    0.933669   -0.831982   -0.934782
    0.937544   -0.842722   -0.942147
    0.941309   -0.853211   -0.949338
    0.944965   -0.863442   -0.956350
    0.948509   -0.873411   -0.963180
    0.951942   -0.883108   -0.969822
    0.955262   -0.892527   -0.976273
    0.958469   -0.901662   -0.982527
    0.961561   -0.910506   -0.988582
    0.964539   -0.919054   -0.994432
    0.967400   -0.927299   -1.000075
    0.970146   -0.935235   -1.005505
    0.972774   -0.942858   -1.010721
    0.975284   -0.950163   -1.015719
    0.977675   -0.957144   -1.020439
    0.979948   -0.963796   -1.024577
    0.982101   -0.970115   -1.028033
    0.984134   -0.976097   -1.030957
    0.986046   -0.981736   -1.033442
    0.987838   -0.987031   -1.035544
    0.989507   -0.991973   -1.037292
    0.991055   -0.996567   -1.038711
    0.992480   -1.000805   -1.039810
    0.993782   -1.004683   -1.040600
    0.994962   -1.008200   -1.041087
    0.996018   -1.011365   -1.041274
    0.996950   -1.014282   -1.041208
    0.997759   -1.017174   -1.040817
    0.998443   -1.019994   -1.040060
    0.999003   -1.022722   -1.039077
    0.999439   -1.025367   -1.037814
    0.999751   -1.027967   -1.036276
    0.999938   -1.030425   -1.034443
    1.000000   -1.033461   -1.033461
  BLADE PROFILES IN CARTESIAN COORDINATES (3D) 
  VARIABLES = "X", "YSS", "YPS" "R" 
  BLADE           2  SECTION           2
   24.120060   -5.148138   -5.148138  225.874084
   25.222551   -4.661846   -4.661846  225.873947
   26.210995   -4.225851   -4.225851  225.873459
   27.097195   -3.834949   -3.834949  225.872314
   27.891720   -3.484468   -3.484468  225.870468
   28.604053   -3.170249   -3.170249  225.869202
   29.242706   -2.888541   -2.888541  225.868454
   29.815290   -2.635978   -2.635978  225.868073
   30.328644   -2.409545   -2.409545  225.868057
   30.788897   -2.206539   -2.206539  225.868332
   31.201538   -2.024534   -2.024534  225.868820
   31.571497   -1.861357   -1.861357  225.869370
   31.903177   -1.715060   -1.715060  225.869980
   32.200562   -1.583897   -1.583897  225.870560
   32.467171   -1.466302   -1.466302  225.871155
   32.706203   -1.360872   -1.360872  225.871750
   32.920513   -1.266348   -1.266348  225.872345
   33.112652   -1.181601   -1.181601  225.872910
   33.284916   -1.105621   -1.105621  225.873413
   33.439365   -1.037501   -1.037501  225.873871
   33.577831   -0.976427   -0.976427  225.874115
   33.716297   -0.140097   -1.985477  225.874329
   33.861080    0.143160   -2.441454  225.874466
   34.012753    0.404805   -2.765234  225.874603
   34.171894    0.658599   -3.035679  225.874802
   34.339096    0.906170   -3.278603  225.875000
   34.514942    1.150207   -3.505746  225.875153
   34.699997    1.392280   -3.719066  225.875336
   34.894859    1.635532   -3.914707  225.875504
   35.100105    1.876663   -4.081157  225.875671
   35.316307    2.116013   -4.209252  225.875809
   35.544071    2.356104   -4.315948  225.875961
   35.783947    2.595886   -4.423560  225.876129
   36.036545    2.831408   -4.531682  225.876251
   36.302429    3.067073   -4.641879  225.876343
   36.582050    3.298768   -4.754366  225.876450
   36.875481    3.525203   -4.869342  225.876572
   37.183407    3.747893   -4.987886  225.876633
   37.506588    3.960998   -5.110678  225.876648
   37.845886    4.169474   -5.238540  225.876709
   38.202232    4.364670   -5.372440  225.876724
   38.576653    4.553324   -5.513482  225.876556
   38.970028    4.723695   -5.662953  225.876434
   39.383141    4.883617   -5.821737  225.876358
   39.817352    5.022169   -5.992030  225.876266
   40.274204    5.142011   -6.174774  225.875885
   40.755436    5.240141   -6.372688  225.875641
   41.262936    5.304982   -6.588420  225.875214
   41.798771    5.342907   -6.824236  225.874741
   42.369400    5.343808   -7.085454  225.874268
   42.983074    5.297540   -7.378050  225.873581
   43.640465    5.198222   -7.707378  225.872787
   44.341061    5.039714   -8.077633  225.871796
   45.083183    4.804380   -8.489976  225.870880
   45.863964    4.491677   -8.951581  225.869659
   46.679352    4.095150   -9.460772  225.868240
   47.516144    3.605767  -10.015302  225.866730
   48.360954    3.039555  -10.609064  225.865158
   49.209217    2.388279  -11.240431  225.863464
   50.057251    1.662145  -11.907576  225.861771
   50.902168    0.868217  -12.606182  225.859909
   51.741943    0.000000  -13.340176  225.858078
   52.575428   -0.933771  -14.105772  225.856216
   53.408226   -1.937719  -14.907324  225.854355
   54.244095   -3.017123  -15.747368  225.852463
   55.082378   -4.175213  -16.631741  225.850433
   55.921951   -5.401364  -17.556150  225.848495
   56.761288   -6.697456  -18.516834  225.846558
   57.598495   -8.060129  -19.518648  225.844513
   58.431183   -9.489744  -20.554270  225.842651
   59.251934  -10.960999  -21.611217  225.840775
   60.056133  -12.466706  -22.688408  225.839050
   60.841610  -14.003468  -23.776512  225.837204
   61.606571  -15.553535  -24.868441  225.835587
   62.349674  -17.113699  -25.965429  225.834000
   63.069969  -18.681385  -27.059933  225.832611
   63.767002  -20.242563  -28.146566  225.831253
   64.443306  -21.801880  -29.230463  225.829971
   65.099510  -23.358078  -30.309141  225.828827
   65.735657  -24.907675  -31.379528  225.827713
   66.351738  -26.443151  -32.438526  225.826706
   66.947746  -27.963169  -33.485615  225.825821
   67.523705  -29.465010  -34.518810  225.824982
   68.079575  -30.945215  -35.535263  225.824219
   68.615395  -32.398476  -36.532955  225.823578
   69.131134  -33.823086  -37.510002  225.822968
   69.626808  -35.216228  -38.464516  225.822418
   70.102425  -36.574902  -39.394669  225.821976
   70.557938  -37.896301  -40.297150  225.821564
   70.993423  -39.177666  -40.928360  225.821243
   71.408821  -40.801403  -40.801933  225.821198
   71.824234  -41.849968  -41.850235  225.822113
   72.272675  -42.981659  -42.981659  225.823074
   72.756813  -44.203388  -44.203388  225.824112
   73.279442  -45.522316  -45.522316  225.825241
   73.843643  -46.946178  -46.946178  225.826508
   74.452759  -48.483326  -48.483326  225.827881
   75.110298  -50.142776  -50.142776  225.829376
   75.820160  -51.934242  -51.934242  225.831024
   76.586517  -53.868259  -53.868259  225.832809
   77.413795  -55.956120  -55.956120  225.834732
   78.306900  -58.210121  -58.210121  225.836823
   79.271065  -60.643444  -60.643444  225.839066
   80.311913  -63.270382  -63.270382  225.841522
   81.435562  -66.106316  -66.106316  225.844131
   82.648621  -69.167877  -69.167877  225.846924
   83.958160  -72.473007  -72.473007  225.849869
   85.371880  -76.041084  -76.041084  225.852936
   86.898087  -79.893028  -79.893028  225.856140
   88.545677  -84.051384  -84.051384  225.859360
   90.324341  -88.540512  -88.540512  225.862579
  BLADE PROFILES IN CARTESIAN COORDINATES (2D) BEFORE   PROJECTION, SCALING, MESHING AND STACKING 
  VARIABLES = "X", "YSS", "YPS" 
  BLADE           2  SECTION           3
    0.000000   -0.000071   -0.000071
    0.000062    0.002807   -0.005087
    0.000249    0.007789   -0.009096
    0.000561    0.013249   -0.012359
    0.000997    0.019064   -0.015450
    0.001557    0.023805   -0.018684
    0.002241    0.028170   -0.021929
    0.003050    0.032499   -0.025294
    0.003982    0.036680   -0.028756
    0.005038    0.040717   -0.032404
    0.006218    0.044600   -0.036340
    0.007520    0.048321   -0.040464
    0.008945    0.051877   -0.044624
    0.010493    0.055150   -0.048834
    0.012162    0.058159   -0.052959
    0.013954    0.061015   -0.056882
    0.015866    0.063768   -0.060512
    0.017899    0.066497   -0.063817
    0.020052    0.069282   -0.066756
    0.022325    0.072052   -0.069435
    0.024716    0.074845   -0.072118
    0.027226    0.077668   -0.074890
    0.029854    0.080534   -0.077712
    0.032600    0.083436   -0.080544
    0.035461    0.086303   -0.083464
    0.038439    0.089146   -0.086436
    0.041531    0.091987   -0.089440
    0.044738    0.094840   -0.092476
    0.048058    0.097698   -0.095586
    0.051491    0.100481   -0.098707
    0.055036    0.103210   -0.101904
    0.058691    0.105905   -0.105147
    0.062456    0.108578   -0.108408
    0.066331    0.111242   -0.111742
    0.070314    0.113759   -0.115096
    0.074403    0.116214   -0.118521
    0.078599    0.118630   -0.121989
    0.082900    0.121007   -0.125491
    0.087305    0.123217   -0.129057
    0.091812    0.125332   -0.132657
    0.096421    0.127387   -0.136325
    0.101131    0.129384   -0.140028
    0.105941    0.131176   -0.143799
    0.110848    0.132855   -0.147612
    0.115853    0.134449   -0.151492
    0.120953    0.135970   -0.155421
    0.126148    0.137242   -0.159417
    0.131435    0.138389   -0.163472
    0.136815    0.139427   -0.167586
    0.142285    0.140366   -0.171767
    0.147845    0.141036   -0.176013
    0.153492    0.141558   -0.180327
    0.159225    0.141949   -0.184710
    0.165044    0.142213   -0.189164
    0.170946    0.142195   -0.193695
    0.176930    0.142006   -0.198297
    0.182994    0.141663   -0.202975
    0.189138    0.141177   -0.207733
    0.195358    0.140385   -0.212582
    0.201655    0.139400   -0.217505
    0.208026    0.138245   -0.222511
    0.214470    0.136947   -0.227603
    0.220986    0.135297   -0.232783
    0.227570    0.133440   -0.238053
    0.234223    0.131371   -0.243420
    0.240941    0.129101   -0.248897
    0.247725    0.126660   -0.254453
    0.254571    0.123870   -0.260106
    0.261478    0.120845   -0.265859
    0.268445    0.117587   -0.271712
    0.275470    0.114116   -0.277668
    0.282550    0.110464   -0.283728
    0.289685    0.106451   -0.289893
    0.296872    0.102173   -0.296166
    0.304110    0.097644   -0.302546
    0.311396    0.092863   -0.309037
    0.318730    0.087824   -0.315638
    0.326109    0.082526   -0.322351
    0.333531    0.076988   -0.329177
    0.340994    0.071261   -0.336116
    0.348497    0.065172   -0.343169
    0.356038    0.058801   -0.350331
    0.363615    0.052161   -0.357580
    0.371226    0.045255   -0.364979
    0.378869    0.038082   -0.372500
    0.386542    0.030641   -0.380139
    0.394243    0.022934   -0.387896
    0.401971    0.014959   -0.395770
    0.409723    0.006718   -0.403762
    0.417498   -0.001789   -0.411870
    0.425293   -0.010560   -0.420094
    0.433107   -0.019595   -0.428434
    0.440937   -0.028891   -0.436879
    0.448783   -0.038447   -0.445408
    0.456641   -0.048261   -0.454094
    0.464509   -0.058330   -0.462903
    0.472387   -0.068653   -0.471824
    0.480272   -0.079239   -0.480857
    0.488161   -0.090091   -0.489999
    0.496053   -0.101272   -0.499249
    0.503947   -0.112590   -0.508605
    0.511839   -0.124146   -0.518057
    0.519729   -0.135935   -0.527576
    0.527613   -0.147953   -0.537250
    0.535491   -0.160196   -0.547030
    0.543360   -0.172659   -0.556908
    0.551217   -0.185337   -0.566881
    0.559063   -0.198235   -0.576946
    0.566893   -0.211371   -0.587100
    0.574707   -0.224783   -0.597331
    0.582502   -0.238293   -0.607612
    0.590277   -0.251992   -0.618026
    0.598029   -0.265875   -0.628529
    0.605757   -0.279935   -0.639108
    0.613458   -0.294167   -0.649759
    0.621131   -0.308572   -0.660479
    0.628774   -0.323169   -0.671264
    0.636385   -0.337983   -0.682098
    0.643962   -0.352855   -0.692962
    0.651503   -0.367863   -0.703922
    0.659006   -0.383003   -0.714949
    0.666469   -0.398266   -0.726022
    0.673891   -0.413644   -0.737137
    0.681270   -0.429160   -0.748290
    0.688604   -0.444855   -0.759478
    0.695890   -0.460553   -0.770679
    0.703128   -0.476336   -0.781885
    0.710315   -0.492195   -0.793148
    0.717450   -0.508123   -0.804433
    0.724530   -0.524111   -0.815737
    0.731555   -0.540153   -0.827047
    0.738522   -0.556265   -0.838359
    0.745429   -0.572473   -0.849667
    0.752275   -0.588630   -0.860966
    0.759059   -0.604805   -0.872238
    0.765777   -0.620988   -0.883475
    0.772430   -0.637170   -0.894720
    0.779015   -0.653342   -0.905936
    0.785530   -0.669495   -0.917128
    0.791974   -0.685633   -0.928281
    0.798345   -0.701750   -0.939388
    0.804642   -0.717860   -0.950445
    0.810863   -0.733859   -0.961446
    0.817006   -0.749792   -0.972386
    0.823070   -0.765652   -0.983259
    0.829054   -0.781428   -0.994051
    0.834956   -0.797113   -1.004749
    0.840775   -0.812697   -1.015392
    0.846508   -0.828177   -1.025945
    0.852155   -0.843540   -1.036412
    0.857715   -0.858788   -1.046778
    0.863185   -0.873922   -1.057039
    0.868565   -0.888869   -1.067190
    0.873852   -0.903661   -1.077225
    0.879047   -0.918287   -1.087138
    0.884147   -0.932740   -1.096925
    0.889152   -0.947011   -1.106580
    0.894059   -0.961090   -1.116089
    0.898869   -0.974970   -1.125450
    0.903579   -0.988647   -1.134679
    0.908188   -1.002107   -1.143755
    0.912695   -1.015343   -1.152673
    0.917100   -1.028345   -1.161429
    0.921401   -1.041118   -1.170017
    0.925597   -1.053648   -1.178432
    0.929686   -1.065902   -1.186670
    0.933669   -1.077890   -1.194725
    0.937544   -1.089608   -1.202595
    0.941309   -1.101045   -1.210272
    0.944965   -1.112196   -1.217754
    0.948509   -1.123053   -1.225035
    0.951942   -1.133610   -1.232111
    0.955262   -1.143860   -1.238980
    0.958469   -1.153797   -1.245635
    0.961561   -1.163413   -1.252074
    0.964539   -1.172704   -1.258291
    0.967400   -1.181663   -1.264285
    0.970146   -1.190284   -1.270050
    0.972774   -1.198562   -1.275589
    0.975284   -1.206492   -1.280889
    0.977675   -1.214067   -1.285729
    0.979948   -1.221284   -1.289731
    0.982101   -1.228138   -1.293106
    0.984134   -1.234625   -1.295976
    0.986046   -1.240735   -1.298408
    0.987838   -1.246473   -1.300451
    0.989507   -1.251833   -1.302132
    0.991055   -1.256810   -1.303468
    0.992480   -1.261400   -1.304472
    0.993782   -1.265600   -1.305150
    0.994962   -1.269409   -1.305507
    0.996018   -1.272823   -1.305603
    0.996950   -1.275959   -1.305333
    0.997759   -1.278928   -1.304699
    0.998443   -1.281808   -1.303818
    0.999003   -1.284802   -1.302647
    0.999439   -1.287704   -1.301199
    0.999751   -1.290498   -1.299517
    0.999938   -1.293251   -1.297481
    1.000000   -1.294851   -1.294851
  BLADE PROFILES IN CARTESIAN COORDINATES (3D) 
  VARIABLES = "X", "YSS", "YPS" "R" 
  BLADE           2  SECTION           3
   25.118040    2.151452    2.151452  244.070129
   26.185076    2.249057    2.249057  244.181183
   27.142803    2.336509    2.336509  244.270508
   28.003040    2.414790    2.414790  244.331635
   28.775507    2.484872    2.484872  244.379059
   29.468035    2.547723    2.547723  244.422394
   30.088882    2.604092    2.604092  244.462036
   30.645458    2.654645    2.654645  244.498520
   31.144398    2.699986    2.699986  244.532364
   31.591654    2.740653    2.740653  244.563568
   31.992607    2.777123    2.777123  244.592056
   32.352051    2.809830    2.809830  244.618088
   32.674286    2.839161    2.839161  244.641785
   32.963161    2.865463    2.865463  244.663345
   33.222137    2.889050    2.889050  244.682953
   33.454308    2.910200    2.910200  244.700714
   33.662441    2.929166    2.929166  244.716766
   33.849041    2.946173    2.946173  244.731339
   34.016327    2.961422    2.961422  244.744507
   34.166302    2.975096    2.975096  244.756943
   34.300755    2.987357    2.987357  244.769562
   34.434952    4.149529    1.831106  244.782349
   34.575233    4.625717    1.360952  244.795929
   34.722164    4.949461    0.955740  244.810349
   34.876316    5.190459    0.629652  244.825775
   35.038231    5.405590    0.386026  244.842224
   35.208473    5.609999    0.189839  244.859863
   35.387604    5.810162   -0.006143  244.878647
   35.576180    6.007367   -0.200908  244.898849
   35.774757    6.197506   -0.398879  244.920517
   35.983891    6.385627   -0.598309  244.943817
   36.204124    6.569052   -0.801169  244.968765
   36.436024    6.745594   -1.009473  244.995605
   36.680149    6.919810   -1.221618  245.024338
   36.937035    7.084973   -1.439421  245.055313
   37.207111    7.244104   -1.664142  245.088516
   37.490444    7.394783   -1.895020  245.124069
   37.787663    7.534090   -2.133185  245.162155
   38.099499    7.665087   -2.379635  245.202972
   38.426777    7.779747   -2.635469  245.246857
   38.770370    7.884778   -2.901844  245.293762
   39.131237    7.968380   -3.180192  245.344299
   39.510239    8.039016   -3.471364  245.398422
   39.908108    8.083452   -3.776842  245.456650
   40.326107    8.109604   -4.098329  245.519028
   40.765728    8.104155   -4.438118  245.586197
   41.228626    8.073712   -4.798183  245.658554
   41.716572    8.003667   -5.181803  245.736603
   42.231495    7.900183   -5.591186  245.820602
   42.779644    7.744528   -6.033563  245.912170
   43.368847    7.539601   -6.518588  246.012695
   43.999718    7.264444   -7.048120  246.122833
   44.671719    6.922723   -7.625856  246.242706
   45.383198    6.492994   -8.254179  246.372345
   46.131374    5.975937   -8.934682  246.511658
   46.912319    5.369930   -9.667914  246.659821
   47.713409    4.667133  -10.443885  246.814651
   48.521839    3.882352  -11.256605  246.973679
   49.333256    3.019090  -12.101213  247.135559
   50.144165    2.081463  -12.974903  247.299500
   50.951851    1.073877  -13.873737  247.464539
   51.754421    0.000000  -14.800629  247.630142
   52.550789   -1.141515  -15.751246  247.795654
   53.346348   -2.346630  -16.730227  247.962128
   54.144745   -3.625279  -17.748396  248.129883
   54.945339   -4.979181  -18.802067  248.298508
   55.747124   -6.406114  -19.888855  248.467743
   56.548687   -7.898007  -21.012747  248.636765
   57.348217   -9.458863  -22.167500  248.805099
   58.143463  -11.075365  -23.349304  248.971909
   58.927414  -12.733277  -24.550903  249.135605
   59.695660  -14.424926  -25.759760  249.295059
   60.446117  -16.132566  -26.973385  249.449539
   61.177120  -17.853788  -28.187271  249.598755
   61.887398  -19.579538  -29.394600  249.742188
   62.576084  -21.299887  -30.592323  249.879761
   63.242661  -23.012121  -31.779140  250.011383
   63.889606  -24.718534  -32.955086  250.137360
   64.517540  -26.412760  -34.118282  250.257996
   65.126480  -28.093657  -35.268845  250.373306
   65.716400  -29.759693  -36.404537  250.483185
   66.287292  -31.402491  -37.522633  250.587875
   66.839188  -33.021053  -38.620590  250.687363
   67.372025  -34.612644  -39.697994  250.781708
   67.885818  -36.174690  -40.752621  250.871185
   68.380531  -37.701714  -41.782608  250.955643
   68.856178  -39.192204  -42.786274  251.035416
   69.312752  -40.643459  -43.761974  251.110519
   69.750206  -42.052853  -44.701233  251.181091
   70.168556  -43.417599  -45.311649  251.247314
   70.567741  -45.071270  -45.071815  251.296997
   70.970726  -46.171371  -46.171642  251.330704
   71.405846  -47.358723  -47.358723  251.366409
   71.875648  -48.640564  -48.640564  251.404083
   72.382942  -50.024399  -50.024399  251.443741
   72.930679  -51.518337  -51.518337  251.485413
   73.522118  -53.131119  -53.131119  251.529160
   74.160767  -54.872211  -54.872211  251.574814
   74.850365  -56.751797  -56.751797  251.622375
   75.595024  -58.780849  -58.780849  251.671844
   76.399086  -60.971230  -60.971230  251.722931
   77.267365  -63.335724  -63.335724  251.775497
   78.204956  -65.888153  -65.888153  251.829269
   79.217407  -68.643349  -68.643349  251.884048
   80.310699  -71.617317  -71.617317  251.939362
   81.491280  -74.827423  -74.827423  251.994705
   82.766098  -78.292191  -78.292191  252.049652
   84.142715  -82.031761  -82.031761  252.103485
   85.629166  -86.067673  -86.067673  252.155548
   87.234230  -90.423256  -90.423256  252.204956
   88.967308  -95.123589  -95.123589  252.250793
