  BLADE PROFILES IN CARTESIAN COORDINATES (2D) BEFORE   PROJECTION, SCALING, MESHING AND STACKING 
  VARIABLES = "X", "YSS", "YPS" 
  BLADE           1  SECTION           1
    0.000000   -0.003980   -0.003980
    0.000062   -0.001677   -0.006810
    0.000249    0.000723   -0.009693
    0.000561    0.002998   -0.012677
    0.000997    0.005223   -0.015693
    0.001557    0.007307   -0.018477
    0.002241    0.009277   -0.020974
    0.003050    0.011257   -0.023351
    0.003982    0.013218   -0.025616
    0.005038    0.015178   -0.027788
    0.006218    0.017140   -0.029800
    0.007520    0.019120   -0.031706
    0.008945    0.021109   -0.033545
    0.010493    0.023120   -0.035360
    0.012162    0.025132   -0.037212
    0.013954    0.027131   -0.039152
    0.015866    0.029117   -0.041192
    0.017899    0.031042   -0.043306
    0.020052    0.032874   -0.045503
    0.022325    0.034578   -0.047778
    0.024716    0.036125   -0.050127
    0.027226    0.037509   -0.052547
    0.029854    0.038777   -0.055035
    0.032600    0.039998   -0.057587
    0.035461    0.041234   -0.060197
    0.038439    0.042493   -0.062864
    0.041531    0.043773   -0.065581
    0.044738    0.045075   -0.068345
    0.048058    0.046397   -0.071152
    0.051491    0.047737   -0.073998
    0.055036    0.049096   -0.076879
    0.058691    0.050470   -0.079790
    0.062456    0.051854   -0.082733
    0.066331    0.053265   -0.085717
    0.070314    0.054693   -0.088695
    0.074403    0.056136   -0.091685
    0.078599    0.057595   -0.094681
    0.082900    0.059069   -0.097679
    0.087305    0.060558   -0.100678
    0.091812    0.062062   -0.103673
    0.096421    0.063580   -0.106659
    0.101131    0.065111   -0.109632
    0.105941    0.066655   -0.112589
    0.110848    0.068206   -0.115525
    0.115853    0.069778   -0.118436
    0.120953    0.071365   -0.121324
    0.126148    0.072965   -0.124209
    0.131435    0.074579   -0.127015
    0.136815    0.076206   -0.129772
    0.142285    0.077847   -0.132483
    0.147845    0.079495   -0.135144
    0.153492    0.081163   -0.137751
    0.159225    0.082846   -0.140300
    0.165044    0.084543   -0.142799
    0.170946    0.086254   -0.145261
    0.176930    0.087979   -0.147612
    0.182994    0.089715   -0.149874
    0.189138    0.091470   -0.152059
    0.195358    0.093241   -0.154164
    0.201655    0.095027   -0.156185
    0.208026    0.096829   -0.158134
    0.214470    0.098644   -0.160020
    0.220986    0.100478   -0.161768
    0.227570    0.102329   -0.163397
    0.234223    0.104197   -0.164926
    0.240941    0.106082   -0.166351
    0.247725    0.107984   -0.167671
    0.254571    0.109905   -0.168894
    0.261478    0.111843   -0.170044
    0.268445    0.113801   -0.171009
    0.275470    0.115778   -0.171848
    0.282550    0.117774   -0.172568
    0.289685    0.119789   -0.173165
    0.296872    0.121823   -0.173654
    0.304110    0.123881   -0.174053
    0.311396    0.125957   -0.174255
    0.318730    0.128053   -0.174312
    0.326109    0.130170   -0.174236
    0.333531    0.132309   -0.174026
    0.340994    0.134473   -0.173699
    0.348497    0.136655   -0.173267
    0.356038    0.138858   -0.172634
    0.363615    0.141084   -0.171839
    0.371226    0.143339   -0.170903
    0.378869    0.145610   -0.169824
    0.386542    0.147903   -0.168624
    0.394243    0.150219   -0.167306
    0.401971    0.152560   -0.165793
    0.409723    0.154930   -0.164106
    0.417498    0.157316   -0.162271
    0.425293    0.159724   -0.160288
    0.433107    0.162156   -0.158159
    0.440937    0.164610   -0.155903
    0.448783    0.167091   -0.153530
    0.456641    0.169601   -0.150958
    0.464509    0.172125   -0.148217
    0.472387    0.174672   -0.145325
    0.480272    0.177242   -0.142288
    0.488161    0.179833   -0.139105
    0.496053    0.182448   -0.135778
    0.503947    0.185088   -0.132328
    0.511839    0.187756   -0.128766
    0.519729    0.190436   -0.125010
    0.527613    0.193137   -0.121107
    0.535491    0.195859   -0.117054
    0.543360    0.198601   -0.112864
    0.551217    0.201363   -0.108540
    0.559063    0.204144   -0.104082
    0.566893    0.206944   -0.099493
    0.574707    0.209763   -0.094775
    0.582502    0.212600   -0.089930
    0.590277    0.215455   -0.084981
    0.598029    0.218326   -0.079937
    0.605757    0.221212   -0.074725
    0.613458    0.224118   -0.069397
    0.621131    0.227043   -0.063955
    0.628774    0.229973   -0.058402
    0.636385    0.232916   -0.052738
    0.643962    0.235871   -0.046968
    0.651503    0.238837   -0.041097
    0.659006    0.241814   -0.035130
    0.666469    0.244799   -0.029070
    0.673891    0.247794   -0.022919
    0.681270    0.250795   -0.016684
    0.688604    0.253803   -0.010366
    0.695890    0.256817   -0.003970
    0.703128    0.259835    0.002499
    0.710315    0.262856    0.009038
    0.717450    0.265879    0.015643
    0.724530    0.268903    0.022308
    0.731555    0.271923    0.029031
    0.738522    0.274938    0.035805
    0.745429    0.277958    0.042628
    0.752275    0.280975    0.049493
    0.759059    0.283986    0.056397
    0.765777    0.286991    0.063335
    0.772430    0.289988    0.070302
    0.779015    0.292977    0.077294
    0.785530    0.295955    0.084307
    0.791974    0.298922    0.091336
    0.798345    0.301876    0.098375
    0.804642    0.304816    0.105418
    0.810863    0.307741    0.112462
    0.817006    0.310649    0.119500
    0.823070    0.313538    0.126528
    0.829054    0.316408    0.133541
    0.834956    0.319256    0.140550
    0.840775    0.322082    0.147539
    0.846508    0.324884    0.154476
    0.852155    0.327660    0.161378
    0.857715    0.330410    0.168240
    0.863185    0.333128    0.175057
    0.868565    0.335816    0.181825
    0.873852    0.338477    0.188538
    0.879047    0.341105    0.195191
    0.884147    0.343700    0.201780
    0.889152    0.346260    0.208301
    0.894059    0.348783    0.214750
    0.898869    0.351268    0.221119
    0.903579    0.353714    0.227406
    0.908188    0.356119    0.233604
    0.912695    0.358483    0.239709
    0.917100    0.360803    0.245717
    0.921401    0.363079    0.251623
    0.925597    0.365309    0.257423
    0.929686    0.367491    0.263113
    0.933669    0.369626    0.268700
    0.937544    0.371711    0.274161
    0.941309    0.373745    0.279494
    0.944965    0.375727    0.284701
    0.948509    0.377657    0.289776
    0.951942    0.379531    0.294718
    0.955262    0.381351    0.299522
    0.958469    0.383114    0.304185
    0.961561    0.384820    0.308702
    0.964539    0.386467    0.313070
    0.967400    0.388057    0.317287
    0.970146    0.389538    0.321348
    0.972774    0.390613    0.325251
    0.975284    0.391204    0.328992
    0.977675    0.391470    0.332569
    0.979948    0.391498    0.335976
    0.982101    0.391341    0.339218
    0.984134    0.391025    0.342288
    0.986046    0.390573    0.345184
    0.987838    0.389994    0.347903
    0.989507    0.389297    0.350444
    0.991055    0.388487    0.352804
    0.992480    0.387569    0.354983
    0.993782    0.386597    0.356977
    0.994962    0.385481    0.358786
    0.996018    0.384194    0.360408
    0.996950    0.382880    0.361842
    0.997759    0.381484    0.363170
    0.998443    0.380022    0.364363
    0.999003    0.378515    0.365808
    0.999439    0.376904    0.367295
    0.999751    0.375235    0.368729
    0.999938    0.373492    0.370338
    1.000000    0.372730    0.372730
  BLADE PROFILES IN CARTESIAN COORDINATES (3D) 
  VARIABLES = "X", "YSS", "YPS" "R" 
  BLADE           1  SECTION           1
  -24.975334   -1.971713   -1.971713  799.096924
  -22.103930   -2.797346   -2.797346  799.094971
  -19.543779   -3.533480   -3.533480  799.092957
  -17.261135   -4.189818   -4.189818  799.090515
  -15.225928   -4.775008   -4.775008  799.088379
  -13.411330   -5.296762   -5.296762  799.086121
  -11.793427   -5.761958   -5.761958  799.083984
  -10.350898   -6.176724   -6.176724  799.081970
   -9.064738   -6.546531   -6.546531  799.080078
   -7.917993   -6.876251   -6.876251  799.078247
   -6.895551   -7.170229   -7.170229  799.076477
   -5.983937   -7.432337   -7.432337  799.074829
   -5.171139   -7.666036   -7.666036  799.073425
   -4.446445   -7.874400   -7.874400  799.072144
   -3.800310   -8.060178   -8.060178  799.070923
   -3.224210   -8.225820   -8.225820  799.069763
   -2.710557   -8.373504   -8.373504  799.068787
   -2.252586   -8.505178   -8.505178  799.067871
   -1.844254   -8.622581   -8.622581  799.067017
   -1.480183   -8.727255   -8.727255  799.066162
   -1.155580   -8.820587   -8.820587  799.065491
   -0.866160   -8.903801   -8.903801  799.064819
   -0.608113   -8.977992   -8.977992  799.064331
   -0.378036   -9.044143   -9.044143  799.063782
   -0.172900   -9.103122   -9.103122  799.063354
    0.010000   -9.155709   -9.155709  799.063049
    0.192899   -8.226949  -10.098479  799.062256
    0.384135   -7.902149  -10.437295  799.061584
    0.584475   -7.638514  -10.678222  799.060791
    0.794688   -7.408291  -10.904969  799.059998
    1.015543   -7.209606  -11.132553  799.059021
    1.247805   -7.048327  -11.362670  799.058167
    1.492245   -6.921863  -11.596287  799.057190
    1.749634   -6.808493  -11.833915  799.056274
    2.020737   -6.694338  -12.075804  799.054932
    2.306321   -6.578366  -12.322055  799.053833
    2.607158   -6.460320  -12.572640  799.052490
    2.924013   -6.340075  -12.827398  799.051270
    3.257657   -6.217666  -13.087272  799.049805
    3.608855   -6.091823  -13.349977  799.048340
    3.978203   -5.963013  -13.614891  799.046814
    4.365789   -5.831219  -13.881393  799.045166
    4.772525   -5.696171  -14.149122  799.043335
    5.199412   -5.557633  -14.417438  799.041382
    5.647581   -5.415707  -14.685617  799.039246
    6.118268   -5.268996  -14.953703  799.037354
    6.612815   -5.117615  -15.220175  799.034912
    7.132426   -4.961207  -15.481270  799.032593
    7.678084   -4.799741  -15.737575  799.029907
    8.251618   -4.631933  -15.988318  799.027222
    8.855075   -4.457423  -16.232643  799.024414
    9.490728   -4.275660  -16.463608  799.021240
   10.161074   -4.085274  -16.682690  799.017883
   10.868823   -3.885645  -16.890089  799.014404
   11.622560   -3.673761  -17.075832  799.010620
   12.433146   -3.446363  -17.241636  799.006592
   13.301473   -3.202628  -17.384134  799.002258
   14.226880   -2.941954  -17.486885  798.997437
   15.207127   -2.664144  -17.552315  798.992310
   16.238432   -2.369421  -17.562624  798.986816
   17.315447   -2.057747  -17.520065  798.981201
   18.420748   -1.733377  -17.412779  798.975342
   19.536629   -1.400507  -17.245749  798.969360
   20.657074   -1.059698  -17.015163  798.963257
   21.777220   -0.712654  -16.722633  798.957031
   22.893242   -0.358870  -16.376068  798.951355
   24.002493    0.000000  -15.967520  798.945251
   25.103405    0.364446  -15.506499  798.939209
   26.203417    0.737638  -14.992234  798.933533
   27.307510    1.120649  -14.415138  798.927734
   28.414764    1.514132  -13.780415  798.921875
   29.523716    1.918163  -13.089952  798.916077
   30.632391    2.332388  -12.344983  798.910156
   31.738237    2.756299  -11.544110  798.904480
   32.838112    3.188044  -10.692285  798.898987
   33.922226    3.624217   -9.799732  798.893616
   34.984459    4.062054   -8.874387  798.888428
   36.021980    4.499914   -7.922247  798.883545
   37.032383    4.935579   -6.949214  798.878662
   38.013931    5.368937   -5.960900  798.874268
   38.965382    5.798048   -4.962502  798.870056
   39.886051    6.221932   -3.958237  798.865784
   40.779350    6.641527   -2.948452  798.862305
   41.646118    7.056493   -1.934957  798.858521
   42.486401    7.466215   -0.920583  798.854980
   43.300179    7.869754    0.089560  798.851746
   44.087437    8.267082    1.094014  798.848816
   44.848202    8.657403    2.090402  798.845886
   45.582443    9.040053    3.075751  798.843262
   46.290180    9.414450    4.047406  798.840637
   46.971416    9.780026    5.003741  798.838318
   47.626148   10.136200    5.940736  798.836243
   48.254364   10.482549    6.857240  798.834229
   48.856079   10.706123    7.750823  798.832397
   49.431297   10.609093    8.619431  798.830627
   49.979984    9.770278    9.769725  798.829102
   50.528690   10.349555   10.349278  798.828369
   51.108734   10.962206   10.962206  798.827759
   51.721901   11.609841   11.609841  798.826843
   52.370087   12.294463   12.294463  798.825867
   53.055302   13.018182   13.018182  798.824341
   53.779633   13.783224   13.783224  798.822754
   54.545345   14.591956   14.591956  798.820679
   55.354759   15.446868   15.446868  798.818176
   56.210430   16.350595   16.350595  798.815002
   57.114944   17.305916   17.305916  798.811279
   58.071136   18.315783   18.315783  798.806580
   59.081936   19.383303   19.383303  798.801208
   60.150455   20.511772   20.511772  798.794861
   61.279991   21.704660   21.704660  798.787537
   62.474030   22.965649   22.965649  798.778992
  BLADE PROFILES IN CARTESIAN COORDINATES (2D) BEFORE   PROJECTION, SCALING, MESHING AND STACKING 
  VARIABLES = "X", "YSS", "YPS" 
  BLADE           1  SECTION           2
    0.000000   -0.003982   -0.003982
    0.000062   -0.001669   -0.006807
    0.000249    0.000725   -0.009688
    0.000561    0.003000   -0.012671
    0.000997    0.005225   -0.015687
    0.001557    0.007309   -0.018471
    0.002241    0.009278   -0.020968
    0.003050    0.011258   -0.023345
    0.003982    0.013219   -0.025611
    0.005038    0.015179   -0.027783
    0.006218    0.017141   -0.029794
    0.007520    0.019120   -0.031701
    0.008945    0.021109   -0.033540
    0.010493    0.023120   -0.035355
    0.012162    0.025132   -0.037214
    0.013954    0.027131   -0.039160
    0.015866    0.029117   -0.041186
    0.017899    0.031042   -0.043299
    0.020052    0.032873   -0.045496
    0.022325    0.034576   -0.047771
    0.024716    0.036123   -0.050119
    0.027226    0.037507   -0.052539
    0.029854    0.038774   -0.055027
    0.032600    0.039996   -0.057578
    0.035461    0.041232   -0.060188
    0.038439    0.042490   -0.062854
    0.041531    0.043771   -0.065571
    0.044738    0.045072   -0.068335
    0.048058    0.046394   -0.071141
    0.051491    0.047735   -0.073987
    0.055036    0.049093   -0.076867
    0.058691    0.050468   -0.079777
    0.062456    0.051851   -0.082720
    0.066331    0.053263   -0.085704
    0.070314    0.054690   -0.088681
    0.074403    0.056133   -0.091671
    0.078599    0.057592   -0.094666
    0.082900    0.059066   -0.097664
    0.087305    0.060555   -0.100663
    0.091812    0.062059   -0.103657
    0.096421    0.063576   -0.106643
    0.101131    0.065108   -0.109616
    0.105941    0.066651   -0.112573
    0.110848    0.068202   -0.115508
    0.115853    0.069774   -0.118418
    0.120953    0.071361   -0.121306
    0.126148    0.072960   -0.124192
    0.131435    0.074574   -0.126997
    0.136815    0.076201   -0.129754
    0.142285    0.077842   -0.132465
    0.147845    0.079489   -0.135126
    0.153492    0.081157   -0.137733
    0.159225    0.082839   -0.140282
    0.165044    0.084536   -0.142781
    0.170946    0.086246   -0.145243
    0.176930    0.087971   -0.147593
    0.182994    0.089707   -0.149856
    0.189138    0.091461   -0.152041
    0.195358    0.093231   -0.154146
    0.201655    0.095017   -0.156167
    0.208026    0.096818   -0.158117
    0.214470    0.098632   -0.160003
    0.220986    0.100466   -0.161751
    0.227570    0.102316   -0.163381
    0.234223    0.104183   -0.164910
    0.240941    0.106067   -0.166336
    0.247725    0.107968   -0.167656
    0.254571    0.109888   -0.168880
    0.261478    0.111826   -0.170030
    0.268445    0.113782   -0.170996
    0.275470    0.115758   -0.171836
    0.282550    0.117753   -0.172556
    0.289685    0.119766   -0.173155
    0.296872    0.121800   -0.173645
    0.304110    0.123856   -0.174044
    0.311396    0.125931   -0.174248
    0.318730    0.128026   -0.174306
    0.326109    0.130141   -0.174231
    0.333531    0.132278   -0.174023
    0.340994    0.134441   -0.173697
    0.348497    0.136621   -0.173266
    0.356038    0.138823   -0.172634
    0.363615    0.141047   -0.171841
    0.371226    0.143300   -0.170906
    0.378869    0.145570   -0.169829
    0.386542    0.147861   -0.168608
    0.394243    0.150175   -0.167254
    0.401971    0.152514   -0.165803
    0.409723    0.154882   -0.164119
    0.417498    0.157266   -0.162285
    0.425293    0.159672   -0.160305
    0.433107    0.162101   -0.158177
    0.440937    0.164554   -0.155924
    0.448783    0.167033   -0.153553
    0.456641    0.169540   -0.150983
    0.464509    0.172062   -0.148245
    0.472387    0.174607   -0.145356
    0.480272    0.177174   -0.142321
    0.488161    0.179763   -0.139141
    0.496053    0.182375   -0.135816
    0.503947    0.185012   -0.132369
    0.511839    0.187677   -0.128809
    0.519729    0.190355   -0.125056
    0.527613    0.193054   -0.121156
    0.535491    0.195773   -0.117106
    0.543360    0.198512   -0.112920
    0.551217    0.201271   -0.108598
    0.559063    0.204049   -0.104143
    0.566893    0.206846   -0.099558
    0.574707    0.209662   -0.094843
    0.582502    0.212496   -0.090001
    0.590277    0.215347   -0.085035
    0.598029    0.218215   -0.079962
    0.605757    0.221099   -0.074806
    0.613458    0.224001   -0.069481
    0.621131    0.226923   -0.064042
    0.628774    0.229850   -0.058493
    0.636385    0.232790   -0.052833
    0.643962    0.235741   -0.047067
    0.651503    0.238704   -0.041200
    0.659006    0.241677   -0.035236
    0.666469    0.244659   -0.029179
    0.673891    0.247650   -0.023033
    0.681270    0.250648   -0.016801
    0.688604    0.253653   -0.010487
    0.695890    0.256663   -0.004095
    0.703128    0.259677    0.002370
    0.710315    0.262695    0.008905
    0.717450    0.265715    0.015506
    0.724530    0.268735    0.022168
    0.731555    0.271752    0.028886
    0.738522    0.274763    0.035657
    0.745429    0.277780    0.042475
    0.752275    0.280793    0.049337
    0.759059    0.283800    0.056237
    0.765777    0.286802    0.063171
    0.772430    0.289795    0.070134
    0.779015    0.292780    0.077121
    0.785530    0.295755    0.084131
    0.791974    0.298718    0.091156
    0.798345    0.301669    0.098190
    0.804642    0.304606    0.105230
    0.810863    0.307527    0.112269
    0.817006    0.310431    0.119303
    0.823070    0.313317    0.126328
    0.829054    0.316183    0.133337
    0.834956    0.319028    0.140342
    0.840775    0.321851    0.147327
    0.846508    0.324649    0.154260
    0.852155    0.327422    0.161158
    0.857715    0.330168    0.168016
    0.863185    0.332883    0.174830
    0.868565    0.335567    0.181593
    0.873852    0.338225    0.188303
    0.879047    0.340850    0.194952
    0.884147    0.343442    0.201537
    0.889152    0.345999    0.208055
    0.894059    0.348518    0.214500
    0.898869    0.351001    0.220866
    0.903579    0.353444    0.227149
    0.908188    0.355846    0.233344
    0.912695    0.358206    0.239446
    0.917100    0.360524    0.245450
    0.921401    0.362797    0.251353
    0.925597    0.365024    0.257151
    0.929686    0.367204    0.262837
    0.933669    0.369336    0.268421
    0.937544    0.371418    0.273879
    0.941309    0.373450    0.279209
    0.944965    0.375430    0.284413
    0.948509    0.377356    0.289486
    0.951942    0.379229    0.294425
    0.955262    0.381046    0.299226
    0.958469    0.382807    0.303886
    0.961561    0.384511    0.308401
    0.964539    0.386156    0.312767
    0.967400    0.387744    0.316981
    0.970146    0.389223    0.321040
    0.972774    0.390297    0.324941
    0.975284    0.390886    0.328681
    0.977675    0.391150    0.332255
    0.979948    0.391177    0.335661
    0.982101    0.391018    0.338901
    0.984134    0.390702    0.341969
    0.986046    0.390248    0.344864
    0.987838    0.389668    0.347582
    0.989507    0.388970    0.350121
    0.991055    0.388159    0.352479
    0.992480    0.387240    0.354657
    0.993782    0.386268    0.356650
    0.994962    0.385151    0.358458
    0.996018    0.383864    0.360079
    0.996950    0.382549    0.361513
    0.997759    0.381153    0.362840
    0.998443    0.379689    0.364032
    0.999003    0.378182    0.365477
    0.999439    0.376571    0.366964
    0.999751    0.374902    0.368397
    0.999938    0.373159    0.370006
    1.000000    0.372397    0.372397
  BLADE PROFILES IN CARTESIAN COORDINATES (3D) 
  VARIABLES = "X", "YSS", "YPS" "R" 
  BLADE           1  SECTION           2
  -25.004478   -1.971234   -1.971234  799.402954
  -22.131388   -2.797051   -2.797051  799.403076
  -19.569729   -3.533352   -3.533352  799.402954
  -17.285744   -4.189840   -4.189840  799.402954
  -15.249333   -4.775167   -4.775167  799.402954
  -13.433664   -5.297048   -5.297048  799.402893
  -11.814809   -5.762357   -5.762357  799.403015
  -10.371430   -6.177230   -6.177230  799.402954
   -9.084510   -6.547130   -6.547130  799.402893
   -7.937084   -6.876936   -6.876936  799.403076
   -6.914035   -7.170990   -7.170990  799.403015
   -6.001884   -7.433172   -7.433172  799.403076
   -5.188608   -7.666934   -7.666934  799.403076
   -4.463484   -7.875355   -7.875355  799.403015
   -3.816964   -8.061186   -8.061186  799.403076
   -3.240528   -8.226872   -8.226872  799.403076
   -2.726571   -8.374599   -8.374599  799.402954
   -2.268324   -8.506313   -8.506313  799.403015
   -1.859752   -8.623748   -8.623748  799.403015
   -1.495467   -8.728456   -8.728456  799.403015
   -1.170671   -8.821813   -8.821813  799.403015
   -0.881081   -8.905050   -8.905050  799.403015
   -0.622878   -8.979265   -8.979265  799.403015
   -0.392666   -9.045435   -9.045435  799.403015
   -0.187410   -9.104433   -9.104433  799.403015
   -0.004401   -9.157035   -9.157035  799.403015
    0.178607   -8.227863  -10.100269  799.403076
    0.369957   -7.902904  -10.439294  799.403198
    0.570418   -7.639135  -10.680576  799.403076
    0.780756   -7.408800  -10.907278  799.402954
    1.001744   -7.210039  -11.134907  799.402954
    1.234146   -7.048715  -11.365125  799.402954
    1.478734   -6.922209  -11.598849  799.403015
    1.736274   -6.808783  -11.836588  799.403076
    2.007539   -6.694571  -12.078590  799.402954
    2.293295   -6.578540  -12.324959  799.403015
    2.594313   -6.460435  -12.575660  799.402954
    2.911358   -6.340134  -12.830541  799.403015
    3.245204   -6.217666  -13.090540  799.402893
    3.596614   -6.091766  -13.353374  799.402893
    3.966182   -5.962899  -13.618417  799.403076
    4.354005   -5.831049  -13.885056  799.403076
    4.760979   -5.695945  -14.152922  799.402954
    5.188121   -5.557354  -14.421380  799.402832
    5.636561   -5.415377  -14.689706  799.403076
    6.107526   -5.268614  -14.957938  799.403076
    6.602377   -5.117185  -15.224563  799.402954
    7.122295   -4.960730  -15.485812  799.403015
    7.668283   -4.799219  -15.742272  799.402954
    8.242160   -4.631374  -15.993177  799.402832
    8.845985   -4.456828  -16.237673  799.403076
    9.482020   -4.275031  -16.468798  799.402954
   10.152766   -4.084615  -16.688049  799.403076
   10.860946   -3.884966  -16.895622  799.402832
   11.615133   -3.673065  -17.081541  799.402954
   12.426214   -3.445660  -17.247522  799.403076
   13.295060   -3.201924  -17.390211  799.403015
   14.221022   -2.941260  -17.493143  799.403076
   15.201865   -2.663473  -17.558748  799.403015
   16.233786   -2.368784  -17.569263  799.402832
   17.311462   -2.057163  -17.526865  799.403076
   18.417423   -1.732859  -17.419765  799.402893
   19.533972   -1.400065  -17.250450  799.402954
   20.655109   -1.059351  -17.022469  799.402954
   21.775908   -0.712409  -16.730059  799.402893
   22.892618   -0.358744  -16.383595  799.403015
   24.002527    0.000000  -15.975172  799.403015
   25.104126    0.364302  -15.514247  799.402771
   26.204788    0.737353  -15.000055  799.402954
   27.309546    1.120202  -14.423037  799.402893
   28.417463    1.513515  -13.788361  799.403015
   29.527084    1.917359  -13.096823  799.402832
   30.636417    2.331389  -12.353035  799.402893
   31.742931    2.755101  -11.552166  799.402893
   32.843472    3.186634  -10.700351  799.402649
   33.928223    3.622589   -9.807796  799.402771
   34.991131    4.060206   -8.882439  799.403015
   36.029243    4.497834   -7.930279  799.402771
   37.040279    4.933277   -6.957213  799.402954
   38.022392    5.366401   -5.968863  799.402588
   38.974419    5.795285   -4.970424  799.402954
   39.895638    6.218938   -3.966101  799.402893
   40.789463    6.638301   -2.956268  799.403137
   41.656776    7.053043   -1.942709  799.403015
   42.497547    7.462532   -0.928280  799.402832
   43.311806    7.865845    0.081927  799.403076
   44.099541    8.262948    1.086447  799.403137
   44.860752    8.653048    2.082906  799.402832
   45.595428    9.035479    3.068325  799.402832
   46.303593    9.409657    4.040050  799.402954
   46.985237    9.775023    4.996458  799.402954
   47.640354   10.130990    5.933516  799.402954
   48.268951   10.477138    6.850094  799.402954
   48.871025   10.700498    7.743748  799.403015
   49.446568   10.603067    8.612427  799.402893
   49.995594    9.763431    9.762877  799.402954
   50.544613   10.342631   10.342355  799.403076
   51.124989   10.955203   10.955203  799.402954
   51.738522   11.602765   11.602765  799.403076
   52.387096   12.287307   12.287307  799.402954
   53.072704   13.010942   13.010942  799.402954
   53.797470   13.775906   13.775906  799.403137
   54.563625   14.584560   14.584560  799.403015
   55.373543   15.439399   15.439399  799.403076
   56.229710   16.343056   16.343056  799.403076
   57.134777   17.298325   17.298325  799.402954
   58.091537   18.308149   18.308149  799.402954
   59.102943   19.375648   19.375648  799.402954
   60.172104   20.504114   20.504114  799.403076
   61.302326   21.697027   21.697027  799.403015
   62.497108   22.958076   22.958076  799.403076
  BLADE PROFILES IN CARTESIAN COORDINATES (2D) BEFORE   PROJECTION, SCALING, MESHING AND STACKING 
  VARIABLES = "X", "YSS", "YPS" 
  BLADE           1  SECTION           3
    0.000000   -0.003985   -0.003985
    0.000062   -0.001662   -0.006803
    0.000249    0.000727   -0.009683
    0.000561    0.003001   -0.012666
    0.000997    0.005227   -0.015681
    0.001557    0.007311   -0.018465
    0.002241    0.009279   -0.020963
    0.003050    0.011259   -0.023340
    0.003982    0.013219   -0.025606
    0.005038    0.015179   -0.027778
    0.006218    0.017141   -0.029789
    0.007520    0.019120   -0.031696
    0.008945    0.021110   -0.033535
    0.010493    0.023120   -0.035350
    0.012162    0.025132   -0.037209
    0.013954    0.027131   -0.039155
    0.015866    0.029116   -0.041180
    0.017899    0.031041   -0.043293
    0.020052    0.032872   -0.045489
    0.022325    0.034575   -0.047763
    0.024716    0.036122   -0.050111
    0.027226    0.037505   -0.052531
    0.029854    0.038772   -0.055018
    0.032600    0.039993   -0.057569
    0.035461    0.041229   -0.060179
    0.038439    0.042488   -0.062844
    0.041531    0.043769   -0.065561
    0.044738    0.045070   -0.068324
    0.048058    0.046392   -0.071130
    0.051491    0.047732   -0.073975
    0.055036    0.049091   -0.076855
    0.058691    0.050465   -0.079765
    0.062456    0.051849   -0.082708
    0.066331    0.053260   -0.085691
    0.070314    0.054687   -0.088667
    0.074403    0.056131   -0.091657
    0.078599    0.057590   -0.094652
    0.082900    0.059063   -0.097649
    0.087305    0.060552   -0.100647
    0.091812    0.062056   -0.103641
    0.096421    0.063573   -0.106627
    0.101131    0.065105   -0.109600
    0.105941    0.066648   -0.112556
    0.110848    0.068198   -0.115491
    0.115853    0.069771   -0.118401
    0.120953    0.071357   -0.121289
    0.126148    0.072956   -0.124174
    0.131435    0.074570   -0.126979
    0.136815    0.076196   -0.129736
    0.142285    0.077837   -0.132447
    0.147845    0.079484   -0.135107
    0.153492    0.081151   -0.137714
    0.159225    0.082833   -0.140263
    0.165044    0.084529   -0.142762
    0.170946    0.086239   -0.145224
    0.176930    0.087964   -0.147575
    0.182994    0.089698   -0.149837
    0.189138    0.091453   -0.152023
    0.195358    0.093222   -0.154128
    0.201655    0.095007   -0.156149
    0.208026    0.096807   -0.158099
    0.214470    0.098621   -0.159985
    0.220986    0.100454   -0.161734
    0.227570    0.102303   -0.163364
    0.234223    0.104169   -0.164894
    0.240941    0.106052   -0.166320
    0.247725    0.107953   -0.167641
    0.254571    0.109872   -0.168866
    0.261478    0.111808   -0.170016
    0.268445    0.113763   -0.170983
    0.275470    0.115739   -0.171824
    0.282550    0.117732   -0.172545
    0.289685    0.119745   -0.173144
    0.296872    0.121777   -0.173636
    0.304110    0.123830   -0.174035
    0.311396    0.125905   -0.174241
    0.318730    0.127999   -0.174300
    0.326109    0.130113   -0.174226
    0.333531    0.132249   -0.174018
    0.340994    0.134410   -0.173694
    0.348497    0.136589   -0.173264
    0.356038    0.138789   -0.172635
    0.363615    0.141011   -0.171843
    0.371226    0.143263   -0.170910
    0.378869    0.145530   -0.169834
    0.386542    0.147820   -0.168614
    0.394243    0.150132   -0.167263
    0.401971    0.152469   -0.165813
    0.409723    0.154835   -0.164131
    0.417498    0.157217   -0.162300
    0.425293    0.159621   -0.160321
    0.433107    0.162048   -0.158196
    0.440937    0.164498   -0.155944
    0.448783    0.166975   -0.153575
    0.456641    0.169480   -0.151008
    0.464509    0.172000   -0.148272
    0.472387    0.174542   -0.145386
    0.480272    0.177107   -0.142353
    0.488161    0.179693   -0.139176
    0.496053    0.182303   -0.135853
    0.503947    0.184937   -0.132409
    0.511839    0.187600   -0.128851
    0.519729    0.190275   -0.125101
    0.527613    0.192971   -0.121205
    0.535491    0.195687   -0.117158
    0.543360    0.198424   -0.112974
    0.551217    0.201180   -0.108656
    0.559063    0.203955   -0.104204
    0.566893    0.206749   -0.099621
    0.574707    0.209561   -0.094910
    0.582502    0.212393   -0.090071
    0.590277    0.215241   -0.085108
    0.598029    0.218106   -0.080039
    0.605757    0.220986   -0.074886
    0.613458    0.223885   -0.069565
    0.621131    0.226804   -0.064129
    0.628774    0.229728   -0.058583
    0.636385    0.232664   -0.052928
    0.643962    0.235613   -0.047165
    0.651503    0.238572   -0.041301
    0.659006    0.241542   -0.035341
    0.666469    0.244521   -0.029288
    0.673891    0.247508   -0.023146
    0.681270    0.250503   -0.016918
    0.688604    0.253504   -0.010608
    0.695890    0.256510   -0.004220
    0.703128    0.259521    0.002242
    0.710315    0.262535    0.008773
    0.717450    0.265551    0.015370
    0.724530    0.268568    0.022028
    0.731555    0.271582    0.028742
    0.738522    0.274589    0.035509
    0.745429    0.277602    0.042323
    0.752275    0.280611    0.049181
    0.759059    0.283616    0.056077
    0.765777    0.286613    0.063007
    0.772430    0.289604    0.069966
    0.779015    0.292585    0.076949
    0.785530    0.295556    0.083955
    0.791974    0.298516    0.090976
    0.798345    0.301463    0.098006
    0.804642    0.304396    0.105042
    0.810863    0.307314    0.112077
    0.817006    0.310215    0.119108
    0.823070    0.313097    0.126128
    0.829054    0.315960    0.133133
    0.834956    0.318801    0.140134
    0.840775    0.321620    0.147115
    0.846508    0.324415    0.154044
    0.852155    0.327185    0.160939
    0.857715    0.329928    0.167793
    0.863185    0.332639    0.174603
    0.868565    0.335320    0.181363
    0.873852    0.337974    0.188068
    0.879047    0.340596    0.194714
    0.884147    0.343185    0.201295
    0.889152    0.345738    0.207810
    0.894059    0.348255    0.214251
    0.898869    0.350734    0.220614
    0.903579    0.353174    0.226893
    0.908188    0.355574    0.233084
    0.912695    0.357931    0.239183
    0.917100    0.360246    0.245184
    0.921401    0.362516    0.251084
    0.925597    0.364740    0.256878
    0.929686    0.366917    0.262562
    0.933669    0.369046    0.268143
    0.937544    0.371126    0.273598
    0.941309    0.373155    0.278925
    0.944965    0.375133    0.284125
    0.948509    0.377057    0.289196
    0.951942    0.378927    0.294132
    0.955262    0.380742    0.298931
    0.958469    0.382501    0.303589
    0.961561    0.384203    0.308101
    0.964539    0.385846    0.312465
    0.967400    0.387432    0.316677
    0.970146    0.388909    0.320733
    0.972774    0.389981    0.324632
    0.975284    0.390569    0.328370
    0.977675    0.390832    0.331942
    0.979948    0.390858    0.335346
    0.982101    0.390697    0.338584
    0.984134    0.390380    0.341651
    0.986046    0.389925    0.344544
    0.987838    0.389344    0.347260
    0.989507    0.388645    0.349799
    0.991055    0.387833    0.352155
    0.992480    0.386913    0.354332
    0.993782    0.385940    0.356324
    0.994962    0.384822    0.358131
    0.996018    0.383534    0.359751
    0.996950    0.382219    0.361184
    0.997759    0.380823    0.362511
    0.998443    0.379359    0.363703
    0.999003    0.377851    0.365147
    0.999439    0.376240    0.366633
    0.999751    0.374570    0.368067
    0.999938    0.372828    0.369676
    1.000000    0.372065    0.372065
  BLADE PROFILES IN CARTESIAN COORDINATES (3D) 
  VARIABLES = "X", "YSS", "YPS" "R" 
  BLADE           1  SECTION           3
  -25.035105   -1.970928   -1.970928  799.708984
  -22.160198   -2.796956   -2.796956  799.710938
  -19.596922   -3.533450   -3.533450  799.713196
  -17.311497   -4.190113   -4.190113  799.715515
  -15.273802   -4.775599   -4.775599  799.717651
  -13.456989   -5.297623   -5.297623  799.719971
  -11.837109   -5.763064   -5.763064  799.721985
  -10.392824   -6.178055   -6.178055  799.723938
   -9.105087   -6.548064   -6.548064  799.726074
   -7.956943   -6.877966   -6.877966  799.727844
   -6.933255   -7.172110   -7.172110  799.729553
   -6.020526   -7.434371   -7.434371  799.731140
   -5.206738   -7.668205   -7.668205  799.732544
   -4.481161   -7.876691   -7.876691  799.733887
   -3.834232   -8.062581   -8.062581  799.735107
   -3.257432   -8.228321   -8.228321  799.736267
   -2.743152   -8.376094   -8.376094  799.737366
   -2.284619   -8.507851   -8.507851  799.738281
   -1.875788   -8.625325   -8.625325  799.739075
   -1.511276   -8.730066   -8.730066  799.739868
   -1.186272   -8.823454   -8.823454  799.740479
   -0.896501   -8.906718   -8.906718  799.741028
   -0.638138   -8.980959   -8.980959  799.741638
   -0.407781   -9.047151   -9.047151  799.742126
   -0.202396   -9.106168   -9.106168  799.742676
   -0.019272   -9.158788   -9.158788  799.742981
    0.163851   -8.229165  -10.102525  799.743713
    0.355318   -7.904030  -10.441772  799.744446
    0.555904   -7.640117  -10.683212  799.745361
    0.766373   -7.409660  -10.910027  799.745972
    0.987497   -7.210816  -11.137770  799.747009
    1.220047   -7.049439  -11.368100  799.747803
    1.464785   -6.922886  -11.601941  799.748779
    1.722487   -6.809399  -11.839800  799.749878
    1.993920   -6.695122  -12.081924  799.750854
    2.279855   -6.579026  -12.328416  799.752136
    2.581057   -6.460862  -12.579249  799.753418
    2.898302   -6.340496  -12.834262  799.754700
    3.232352   -6.217963  -13.094396  799.755981
    3.583982   -6.092000  -13.357371  799.757507
    3.953778   -5.963069  -13.622553  799.759216
    4.341842   -5.831157  -13.889338  799.761047
    4.749068   -5.695991  -14.157353  799.762695
    5.176479   -5.557341  -14.425963  799.764526
    5.625192   -5.415304  -14.694445  799.766602
    6.096454   -5.268484  -14.962836  799.768677
    6.591609   -5.116996  -15.229620  799.770935
    7.111849   -4.960488  -15.491033  799.773438
    7.658178   -4.798929  -15.747663  799.775940
    8.232408   -4.631030  -15.998734  799.778503
    8.836608   -4.456438  -16.243406  799.781494
    9.473037   -4.274602  -16.474707  799.784790
   10.144197   -4.084151  -16.694132  799.787903
   10.852818   -3.884470  -16.901888  799.791443
   11.607473   -3.672542  -17.087994  799.795288
   12.419046   -3.445116  -17.254154  799.799316
   13.288440   -3.201369  -17.397041  799.803711
   14.214961   -2.940703  -17.500160  799.808533
   15.196419   -2.663044  -17.565939  799.813599
   16.228983   -2.368259  -17.576654  799.818909
   17.307314   -2.056672  -17.534426  799.824707
   18.413956   -1.732420  -17.427504  799.830505
   19.531200   -1.399686  -17.258333  799.836609
   20.653034   -1.059052  -17.030500  799.842651
   21.774529   -0.712195  -16.738195  799.848755
   22.891922   -0.358635  -16.391829  799.854675
   24.002527    0.000000  -15.983507  799.860596
   25.104790    0.364174  -15.522660  799.866516
   26.206156    0.737095  -15.008526  799.872192
   27.311577    1.119801  -14.431555  799.878479
   28.420177    1.512959  -13.796900  799.884338
   29.530485    1.916635  -13.105371  799.890076
   30.640526    2.330490  -12.361585  799.895691
   31.747705    2.754019  -11.560719  799.901306
   32.848923    3.185356  -10.708879  799.906860
   33.934361    3.621113   -9.816284  799.912415
   34.997910    4.058527   -8.890873  799.917542
   36.036694    4.495946   -7.938657  799.922485
   37.048332    4.931177   -6.965523  799.927246
   38.031078    5.364091   -5.977097  799.931885
   38.983696    5.792754   -4.978573  799.936035
   39.905472    6.216194   -3.974157  799.940063
   40.799858    6.635349   -2.964226  799.943909
   41.667686    7.049873   -1.950570  799.947571
   42.508999    7.459157   -0.936041  799.951111
   43.323761    7.862258    0.074272  799.954346
   44.111980    8.259150    1.078894  799.957336
   44.873661    8.649043    2.075464  799.960144
   45.608810    9.031276    3.060997  799.962769
   46.317421    9.405252    4.032825  799.965393
   46.999477    9.770419    4.989347  799.967468
   47.655018   10.126195    5.926518  799.969788
   48.284000   10.472156    6.843207  799.971802
   48.886440   10.695310    7.736952  799.973755
   49.462357   10.597496    8.605741  799.975403
   50.011723    9.757020    9.756466  799.976868
   50.561092   10.336170   10.335894  799.977539
   51.141850   10.948690   10.948690  799.978210
   51.755756   11.596195   11.596195  799.979065
   52.404732   12.280685   12.280685  799.980286
   53.090782   13.004273   13.004273  799.981628
   53.815998   13.769191   13.769191  799.983337
   54.582642   14.577800   14.577800  799.985352
   55.393047   15.432595   15.432595  799.987854
   56.249767   16.336229   16.336229  799.990967
   57.155399   17.291483   17.291483  799.994751
   58.112740   18.301306   18.301306  799.999390
   59.124760   19.368830   19.368830  800.004761
   60.194595   20.497343   20.497343  800.011230
   61.325504   21.690331   21.690331  800.018494
   62.521019   22.951485   22.951485  800.026978
  BLADE PROFILES IN CARTESIAN COORDINATES (2D) BEFORE   PROJECTION, SCALING, MESHING AND STACKING 
  VARIABLES = "X", "YSS", "YPS" 
  BLADE           2  SECTION           1
    0.000000    0.003901    0.003901
    0.000062    0.008825    0.001259
    0.000249    0.013227   -0.001913
    0.000561    0.017374   -0.004804
    0.000997    0.020108   -0.007439
    0.001557    0.022690   -0.009919
    0.002241    0.025168   -0.012128
    0.003050    0.027546   -0.014223
    0.003982    0.029824   -0.016279
    0.005038    0.031992   -0.018299
    0.006218    0.034009   -0.020343
    0.007520    0.035935   -0.022378
    0.008945    0.037828   -0.024465
    0.010493    0.039741   -0.026572
    0.012162    0.041721   -0.028674
    0.013954    0.043779   -0.030808
    0.015866    0.045902   -0.032948
    0.017899    0.048091   -0.035036
    0.020052    0.050343   -0.037003
    0.022325    0.052674   -0.038855
    0.024716    0.055053   -0.040516
    0.027226    0.057467   -0.041968
    0.029854    0.059925   -0.043238
    0.032600    0.062424   -0.044411
    0.035461    0.064960   -0.045558
    0.038439    0.067528   -0.046703
    0.041531    0.070125   -0.047861
    0.044738    0.072739   -0.049016
    0.048058    0.075373   -0.050168
    0.051491    0.078024   -0.051317
    0.055036    0.080687   -0.052460
    0.058691    0.083359   -0.053598
    0.062456    0.086035   -0.054731
    0.066331    0.088712   -0.055854
    0.070314    0.091399   -0.056967
    0.074403    0.094093   -0.058088
    0.078599    0.096750   -0.059205
    0.082900    0.099393   -0.060317
    0.087305    0.102016   -0.061425
    0.091812    0.104610   -0.062530
    0.096421    0.107178   -0.063629
    0.101131    0.109717   -0.064725
    0.105941    0.112223   -0.065815
    0.110848    0.114693   -0.066898
    0.115853    0.117139   -0.067989
    0.120953    0.119555   -0.069080
    0.126148    0.121895   -0.070170
    0.131435    0.124186   -0.071261
    0.136815    0.126413   -0.072352
    0.142285    0.128580   -0.073443
    0.147845    0.130685   -0.074535
    0.153492    0.132727   -0.075636
    0.159225    0.134703   -0.076742
    0.165044    0.136624   -0.077854
    0.170946    0.138493   -0.078973
    0.176930    0.140251   -0.080098
    0.182994    0.141919   -0.081230
    0.189138    0.143498   -0.082376
    0.195358    0.144993   -0.083532
    0.201655    0.146400   -0.084699
    0.208026    0.147717   -0.085880
    0.214470    0.148954   -0.087075
    0.220986    0.150126   -0.088286
    0.227570    0.151153   -0.089513
    0.234223    0.152063   -0.090757
    0.240941    0.152871   -0.092019
    0.247725    0.153574   -0.093302
    0.254571    0.154170   -0.094608
    0.261478    0.154672   -0.095933
    0.268445    0.155091   -0.097280
    0.275470    0.155350   -0.098651
    0.282550    0.155475   -0.100050
    0.289685    0.155483   -0.101478
    0.296872    0.155373   -0.102928
    0.304110    0.155142   -0.104405
    0.311396    0.154807   -0.105910
    0.318730    0.154377   -0.107450
    0.326109    0.153776   -0.109026
    0.333531    0.153028   -0.110625
    0.340994    0.152154   -0.112257
    0.348497    0.151151   -0.113921
    0.356038    0.150020   -0.115621
    0.363615    0.148780   -0.117360
    0.371226    0.147433   -0.119141
    0.378869    0.145911   -0.120948
    0.386542    0.144247   -0.122791
    0.394243    0.142441   -0.124671
    0.401971    0.140503   -0.126592
    0.409723    0.138433   -0.128556
    0.417498    0.136231   -0.130567
    0.425293    0.133918   -0.132606
    0.433107    0.131494   -0.134684
    0.440937    0.128895   -0.136802
    0.448783    0.126164   -0.138960
    0.456641    0.123286   -0.141160
    0.464509    0.120276   -0.143403
    0.472387    0.117138   -0.145691
    0.480272    0.113870   -0.148032
    0.488161    0.110475   -0.150398
    0.496053    0.106952   -0.152806
    0.503947    0.103326   -0.155255
    0.511839    0.099594   -0.157744
    0.519729    0.095698   -0.160275
    0.527613    0.091679   -0.162846
    0.535491    0.087541   -0.165457
    0.543360    0.083280   -0.168109
    0.551217    0.078897   -0.170801
    0.559063    0.074400   -0.173533
    0.566893    0.069791   -0.176304
    0.574707    0.065072   -0.179112
    0.582502    0.060246   -0.181959
    0.590277    0.055314   -0.184841
    0.598029    0.050279   -0.187760
    0.605757    0.045144   -0.190714
    0.613458    0.039911   -0.193710
    0.621131    0.034584   -0.196746
    0.628774    0.029164   -0.199800
    0.636385    0.023656   -0.202886
    0.643962    0.018061   -0.206001
    0.651503    0.012384   -0.209146
    0.659006    0.006627   -0.212319
    0.666469    0.000794   -0.215519
    0.673891   -0.005093   -0.218745
    0.681270   -0.011036   -0.221994
    0.688604   -0.017078   -0.225267
    0.695890   -0.023182   -0.228561
    0.703128   -0.029344   -0.231867
    0.710315   -0.035561   -0.235187
    0.717450   -0.041829   -0.238536
    0.724530   -0.048145   -0.241901
    0.731555   -0.054521   -0.245280
    0.738522   -0.060944   -0.248671
    0.745429   -0.067376   -0.252072
    0.752275   -0.073838   -0.255482
    0.759059   -0.080327   -0.258899
    0.765777   -0.086838   -0.262321
    0.772430   -0.093368   -0.265746
    0.779015   -0.099912   -0.269173
    0.785530   -0.106465   -0.272599
    0.791974   -0.113025   -0.276024
    0.798345   -0.119585   -0.279443
    0.804642   -0.126143   -0.282857
    0.810863   -0.132693   -0.286263
    0.817006   -0.139231   -0.289658
    0.823070   -0.145754   -0.293042
    0.829054   -0.152255   -0.296412
    0.834956   -0.158732   -0.299767
    0.840775   -0.165180   -0.303103
    0.846508   -0.171594   -0.306418
    0.852155   -0.177971   -0.309712
    0.857715   -0.184307   -0.312981
    0.863185   -0.190596   -0.316224
    0.868565   -0.196834   -0.319439
    0.873852   -0.203017   -0.322624
    0.879047   -0.209141   -0.325776
    0.884147   -0.215200   -0.328894
    0.889152   -0.221192   -0.331975
    0.894059   -0.227112   -0.335018
    0.898869   -0.232955   -0.338021
    0.903579   -0.238718   -0.340982
    0.908188   -0.244397   -0.343898
    0.912695   -0.249987   -0.346768
    0.917100   -0.255486   -0.349590
    0.921401   -0.260888   -0.352362
    0.925597   -0.266191   -0.355081
    0.929686   -0.271390   -0.357748
    0.933669   -0.276482   -0.360358
    0.937544   -0.281463   -0.362912
    0.941309   -0.286330   -0.365406
    0.944965   -0.291079   -0.367840
    0.948509   -0.295707   -0.370212
    0.951942   -0.300211   -0.372520
    0.955262   -0.304587   -0.374762
    0.958469   -0.308832   -0.376936
    0.961561   -0.312944   -0.379042
    0.964539   -0.316919   -0.381077
    0.967400   -0.320754   -0.383042
    0.970146   -0.324447   -0.384935
    0.972774   -0.327995   -0.386654
    0.975284   -0.331395   -0.387780
    0.977675   -0.334646   -0.388408
    0.979948   -0.337744   -0.388716
    0.982101   -0.340688   -0.388781
    0.984134   -0.343473   -0.388645
    0.986046   -0.346101   -0.388338
    0.987838   -0.348568   -0.387880
    0.989507   -0.350873   -0.387285
    0.991055   -0.353014   -0.386563
    0.992480   -0.354989   -0.385726
    0.993782   -0.356797   -0.384807
    0.994962   -0.358438   -0.383754
    0.996018   -0.359909   -0.382592
    0.996950   -0.361230   -0.381370
    0.997759   -0.362464   -0.380040
    0.998443   -0.363785   -0.378635
    0.999003   -0.365095   -0.377164
    0.999439   -0.366578   -0.375635
    0.999751   -0.368171   -0.374054
    0.999938   -0.369893   -0.372366
    1.000000   -0.370992   -0.370992
  BLADE PROFILES IN CARTESIAN COORDINATES (3D) 
  VARIABLES = "X", "YSS", "YPS" "R" 
  BLADE           2  SECTION           1
   52.460709   -7.190083   -7.190083  798.825623
   53.628544   -6.852826   -6.852826  798.823120
   54.675587   -6.550451   -6.550451  798.820190
   55.614311   -6.279354   -6.279354  798.817200
   56.455917   -6.036295   -6.036295  798.814087
   57.210484   -5.818377   -5.818377  798.810791
   57.886974   -5.623000   -5.623000  798.807495
   58.493504   -5.447834   -5.447834  798.804321
   59.037281   -5.290786   -5.290786  798.801392
   59.524796   -5.149983   -5.149983  798.798706
   59.961895   -5.023746   -5.023746  798.796082
   60.353783   -4.910566   -4.910566  798.793579
   60.705128   -4.809095   -4.809095  798.791382
   61.020119   -4.718119   -4.718119  798.789124
   61.302525   -4.636555   -4.636555  798.787354
   61.555729   -4.563428   -4.563428  798.785645
   61.782734   -4.497865   -4.497865  798.784058
   61.986259   -4.439085   -4.439085  798.782593
   62.168736   -4.386384   -4.386384  798.781189
   62.332317   -4.339136   -4.339136  798.780090
   62.479000   -4.296775   -4.296775  798.778992
   62.625668   -3.399701   -5.190546  798.777893
   62.779011   -3.126961   -5.459985  798.776428
   62.939674   -2.924587   -5.681315  798.775024
   63.108257   -2.732854   -5.878459  798.773499
   63.285366   -2.544791   -6.050486  798.771851
   63.471615   -2.356856   -6.190160  798.770142
   63.667633   -2.170845   -6.294414  798.768372
   63.874035   -1.984737   -6.380623  798.766418
   64.091446   -1.798134   -6.463897  798.764526
   64.320442   -1.611235   -6.546480  798.762207
   64.561691   -1.423712   -6.627921  798.759888
   64.815773   -1.235529   -6.708365  798.757141
   65.083321   -1.046898   -6.788049  798.754578
   65.364952   -0.856988   -6.866890  798.751587
   65.661133   -0.667748   -6.946194  798.748352
   65.971939   -0.480182   -7.025295  798.745056
   66.298096   -0.294682   -7.104426  798.741333
   66.640396   -0.111175   -7.183703  798.737427
   66.999802    0.069984   -7.263265  798.733337
   67.377243    0.249484   -7.344268  798.729065
   67.773804    0.423304   -7.426532  798.724243
   68.190460    0.591367   -7.510224  798.719055
   68.628029    0.753185   -7.595835  798.713684
   69.087929    0.908417   -7.684175  798.707886
   69.571831    1.056090   -7.775529  798.701538
   70.081543    1.191193   -7.870641  798.694641
   70.619087    1.314276   -7.970423  798.687256
   71.186615    1.424956   -8.075699  798.679382
   71.791000    1.518938   -8.188382  798.671021
   72.440987    1.592373   -8.310920  798.661560
   73.137276    1.644479   -8.444505  798.651367
   73.879333    1.665744   -8.590251  798.640320
   74.665337    1.651787   -8.749270  798.628113
   75.492310    1.601891   -8.922795  798.615295
   76.355927    1.504012   -9.111053  798.601501
   77.242195    1.363222   -9.313474  798.587280
   78.136978    1.176047   -9.527234  798.572449
   79.035408    0.943331   -9.752875  798.557373
   79.933601    0.671408   -9.989616  798.542236
   80.828468    0.355496  -10.236924  798.526978
   81.717911    0.000000  -10.495995  798.511841
   82.600700   -0.391725  -10.764801  798.496460
   83.482735   -0.820857  -11.046207  798.481201
   84.368027   -1.292752  -11.341971  798.465637
   85.255859   -1.805571  -11.652574  798.450195
   86.145088   -2.357785  -11.977859  798.434692
   87.034073   -2.948242  -12.317823  798.419250
   87.920784   -3.575181  -12.672050  798.403748
   88.802704   -4.236152  -13.038635  798.388367
   89.671989   -4.922284  -13.414756  798.373474
   90.523750   -5.630604  -13.797609  798.358887
   91.355682   -6.355788  -14.185026  798.344604
   92.165848   -7.095151  -14.576480  798.330994
   92.952911   -7.840670  -14.969634  798.318054
   93.715828   -8.590816  -15.362978  798.305481
   94.454079   -9.342289  -15.755196  798.293518
   95.170364  -10.095355  -16.146734  798.281921
   95.865387  -10.848545  -16.537178  798.270996
   96.539169  -11.599783  -16.925579  798.260498
   97.191681  -12.347238  -17.311052  798.250671
   97.822968  -13.088726  -17.692764  798.241150
   98.432991  -13.822367  -18.069901  798.232117
   99.021751  -14.546360  -18.441641  798.223511
   99.589241  -15.258991  -18.807207  798.215454
  100.135521  -15.958606  -19.165813  798.207886
  100.660515  -16.643639  -19.516800  798.200684
  101.164261  -17.312559  -19.859327  798.193848
  101.646774  -17.963913  -20.126152  798.187439
  102.108009  -18.596170  -20.090027  798.181519
  102.548004  -19.429142  -19.429480  798.175964
  102.988029  -19.893314  -19.893482  798.172852
  103.463036  -20.394232  -20.394232  798.169495
  103.975830  -20.934996  -20.934996  798.166016
  104.529442  -21.518780  -21.518780  798.162415
  105.127090  -22.149004  -22.149004  798.158386
  105.772278  -22.829365  -22.829365  798.154358
  106.468788  -23.563847  -23.563847  798.150146
  107.220726  -24.356760  -24.356760  798.145569
  108.032455  -25.212753  -25.212753  798.140991
  108.908783  -26.136843  -26.136843  798.136230
  109.854836  -27.134445  -27.134445  798.131348
  110.876122  -28.211411  -28.211411  798.126343
  111.978668  -29.374058  -29.374058  798.121216
  113.168930  -30.629198  -30.629198  798.116089
  114.453865  -31.984196  -31.984196  798.110901
  115.841034  -33.446987  -33.446987  798.105652
  117.338577  -35.026161  -35.026161  798.100586
  118.955238  -36.730980  -36.730980  798.095764
  120.700493  -38.571430  -38.571430  798.091125
  122.584633  -40.558327  -40.558327  798.086853
  BLADE PROFILES IN CARTESIAN COORDINATES (2D) BEFORE   PROJECTION, SCALING, MESHING AND STACKING 
  VARIABLES = "X", "YSS", "YPS" 
  BLADE           2  SECTION           2
    0.000000    0.003929    0.003929
    0.000062    0.008711    0.001184
    0.000249    0.013114   -0.001948
    0.000561    0.017332   -0.004842
    0.000997    0.020044   -0.007477
    0.001557    0.022643   -0.009949
    0.002241    0.025133   -0.012157
    0.003050    0.027520   -0.014257
    0.003982    0.029812   -0.016312
    0.005038    0.032014   -0.018329
    0.006218    0.034001   -0.020375
    0.007520    0.035925   -0.022413
    0.008945    0.037820   -0.024503
    0.010493    0.039732   -0.026616
    0.012162    0.041711   -0.028721
    0.013954    0.043768   -0.030860
    0.015866    0.045887   -0.033004
    0.017899    0.048075   -0.035094
    0.020052    0.050325   -0.037063
    0.022325    0.052653   -0.038914
    0.024716    0.055030   -0.040572
    0.027226    0.057442   -0.042025
    0.029854    0.059897   -0.043297
    0.032600    0.062394   -0.044474
    0.035461    0.064927   -0.045624
    0.038439    0.067492   -0.046775
    0.041531    0.070084   -0.047937
    0.044738    0.072695   -0.049097
    0.048058    0.075326   -0.050254
    0.051491    0.077973   -0.051409
    0.055036    0.080632   -0.052556
    0.058691    0.083300   -0.053700
    0.062456    0.085972   -0.054839
    0.066331    0.088660   -0.055968
    0.070314    0.091354   -0.057087
    0.074403    0.094017   -0.058214
    0.078599    0.096670   -0.059337
    0.082900    0.099308   -0.060455
    0.087305    0.101924   -0.061570
    0.091812    0.104513   -0.062681
    0.096421    0.107076   -0.063787
    0.101131    0.109610   -0.064889
    0.105941    0.112111   -0.065985
    0.110848    0.114575   -0.067076
    0.115853    0.117015   -0.068174
    0.120953    0.119426   -0.069272
    0.126148    0.121761   -0.070369
    0.131435    0.124046   -0.071468
    0.136815    0.126265   -0.072566
    0.142285    0.128425   -0.073664
    0.147845    0.130525   -0.074764
    0.153492    0.132561   -0.075873
    0.159225    0.134530   -0.076987
    0.165044    0.136444   -0.078107
    0.170946    0.138307   -0.079233
    0.176930    0.140059   -0.080366
    0.182994    0.141718   -0.081506
    0.189138    0.143290   -0.082660
    0.195358    0.144778   -0.083824
    0.201655    0.146178   -0.085000
    0.208026    0.147508   -0.086189
    0.214470    0.148761   -0.087392
    0.220986    0.149883   -0.088611
    0.227570    0.150900   -0.089846
    0.234223    0.151803   -0.091098
    0.240941    0.152604   -0.092369
    0.247725    0.153299   -0.093661
    0.254571    0.153888   -0.094976
    0.261478    0.154381   -0.096309
    0.268445    0.154794   -0.097665
    0.275470    0.155043   -0.099044
    0.282550    0.155160   -0.100452
    0.289685    0.155160   -0.101889
    0.296872    0.155042   -0.103347
    0.304110    0.154804   -0.104833
    0.311396    0.154459   -0.106347
    0.318730    0.154022   -0.107896
    0.326109    0.153411   -0.109480
    0.333531    0.152655   -0.111088
    0.340994    0.151772   -0.112728
    0.348497    0.150762   -0.114401
    0.356038    0.149623   -0.116110
    0.363615    0.148374   -0.117858
    0.371226    0.147019   -0.119647
    0.378869    0.145489   -0.121463
    0.386542    0.143814   -0.123315
    0.394243    0.142000   -0.125204
    0.401971    0.140054   -0.127133
    0.409723    0.137976   -0.129106
    0.417498    0.135765   -0.131126
    0.425293    0.133443   -0.133173
    0.433107    0.131011   -0.135260
    0.440937    0.128403   -0.137386
    0.448783    0.125663   -0.139553
    0.456641    0.122775   -0.141761
    0.464509    0.119758   -0.144013
    0.472387    0.116611   -0.146310
    0.480272    0.113335   -0.148658
    0.488161    0.109931   -0.151033
    0.496053    0.106400   -0.153449
    0.503947    0.102764   -0.155906
    0.511839    0.099025   -0.158404
    0.519729    0.095120   -0.160942
    0.527613    0.091093   -0.163521
    0.535491    0.086946   -0.166141
    0.543360    0.082675   -0.168800
    0.551217    0.078284   -0.171500
    0.559063    0.073779   -0.174240
    0.566893    0.069162   -0.177019
    0.574707    0.064434   -0.179835
    0.582502    0.059600   -0.182689
    0.590277    0.054660   -0.185579
    0.598029    0.049617   -0.188506
    0.605757    0.044473   -0.191467
    0.613458    0.039233   -0.194470
    0.621131    0.033897   -0.197514
    0.628774    0.028470   -0.200575
    0.636385    0.022953   -0.203667
    0.643962    0.017351   -0.206790
    0.651503    0.011665   -0.209942
    0.659006    0.005901   -0.213122
    0.666469    0.000079   -0.216329
    0.673891   -0.005802   -0.219561
    0.681270   -0.011785   -0.222817
    0.688604   -0.017835   -0.226097
    0.695890   -0.023946   -0.229397
    0.703128   -0.030116   -0.232710
    0.710315   -0.036341   -0.236036
    0.717450   -0.042616   -0.239392
    0.724530   -0.048938   -0.242763
    0.731555   -0.055303   -0.246148
    0.738522   -0.061726   -0.249545
    0.745429   -0.068191   -0.252952
    0.752275   -0.074660   -0.256368
    0.759059   -0.081156   -0.259790
    0.765777   -0.087674   -0.263218
    0.772430   -0.094210   -0.266649
    0.779015   -0.100761   -0.270081
    0.785530   -0.107321   -0.273513
    0.791974   -0.113887   -0.276942
    0.798345   -0.120454   -0.280367
    0.804642   -0.127018   -0.283786
    0.810863   -0.133574   -0.287197
    0.817006   -0.140118   -0.290597
    0.823070   -0.146646   -0.293986
    0.829054   -0.153154   -0.297361
    0.834956   -0.159637   -0.300720
    0.840775   -0.166090   -0.304060
    0.846508   -0.172509   -0.307381
    0.852155   -0.178892   -0.310679
    0.857715   -0.185234   -0.313953
    0.863185   -0.191528   -0.317200
    0.868565   -0.197772   -0.320419
    0.873852   -0.203960   -0.323608
    0.879047   -0.210088   -0.326764
    0.884147   -0.216153   -0.329885
    0.889152   -0.222149   -0.332971
    0.894059   -0.228073   -0.336017
    0.898869   -0.233921   -0.339024
    0.903579   -0.239689   -0.341988
    0.908188   -0.245372   -0.344907
    0.912695   -0.250967   -0.347781
    0.917100   -0.256470   -0.350606
    0.921401   -0.261876   -0.353381
    0.925597   -0.267183   -0.356104
    0.929686   -0.272386   -0.358773
    0.933669   -0.277482   -0.361387
    0.937544   -0.282467   -0.363943
    0.941309   -0.287337   -0.366440
    0.944965   -0.292090   -0.368877
    0.948509   -0.296721   -0.371251
    0.951942   -0.301228   -0.373561
    0.955262   -0.305607   -0.375805
    0.958469   -0.309855   -0.377982
    0.961561   -0.313970   -0.380090
    0.964539   -0.317948   -0.382127
    0.967400   -0.321786   -0.384094
    0.970146   -0.325481   -0.385989
    0.972774   -0.329032   -0.387709
    0.975284   -0.332434   -0.388835
    0.977675   -0.335687   -0.389463
    0.979948   -0.338787   -0.389772
    0.982101   -0.341733   -0.389838
    0.984134   -0.344520   -0.389703
    0.986046   -0.347149   -0.389396
    0.987838   -0.349619   -0.388939
    0.989507   -0.351925   -0.388344
    0.991055   -0.354067   -0.387623
    0.992480   -0.356044   -0.386786
    0.993782   -0.357853   -0.385868
    0.994962   -0.359495   -0.384815
    0.996018   -0.360967   -0.383652
    0.996950   -0.362289   -0.382430
    0.997759   -0.363523   -0.381101
    0.998443   -0.364844   -0.379696
    0.999003   -0.366154   -0.378225
    0.999439   -0.367639   -0.376697
    0.999751   -0.369231   -0.375116
    0.999938   -0.370953   -0.373425
    1.000000   -0.372057   -0.372057
  BLADE PROFILES IN CARTESIAN COORDINATES (3D) 
  VARIABLES = "X", "YSS", "YPS" "R" 
  BLADE           2  SECTION           2
   52.509598   -7.143500   -7.143500  799.403076
   53.675358   -6.808425   -6.808425  799.403015
   54.720520   -6.508010   -6.508010  799.403015
   55.657566   -6.238672   -6.238672  799.402954
   56.497692   -5.997196   -5.997196  799.403015
   57.250904   -5.780698   -5.780698  799.402954
   57.926212   -5.586595   -5.586595  799.402954
   58.531662   -5.412572   -5.412572  799.403076
   59.074474   -5.256550   -5.256550  799.403015
   59.561134   -5.116668   -5.116668  799.402954
   59.997463   -4.991255   -4.991255  799.403076
   60.388645   -4.878816   -4.878816  799.403015
   60.739372   -4.778008   -4.778008  799.402954
   61.053802   -4.687627   -4.687627  799.403015
   61.335720   -4.606596   -4.606596  799.403015
   61.588470   -4.533947   -4.533947  799.403015
   61.815083   -4.468813   -4.468813  799.403015
   62.018242   -4.410416   -4.410416  799.403015
   62.200394   -4.358061   -4.358061  799.403015
   62.363705   -4.311122   -4.311122  799.403015
   62.510117   -4.269038   -4.269038  799.403015
   62.656544   -3.373152   -5.161425  799.403015
   62.809616   -3.100624   -5.430454  799.403015
   62.969997   -2.898572   -5.651847  799.403137
   63.138268   -2.707383   -5.849025  799.403076
   63.315071   -2.519824   -6.020926  799.403076
   63.501007   -2.332403   -6.160190  799.403076
   63.696674   -2.146921   -6.264362  799.402893
   63.902729   -1.961358   -6.350710  799.402954
   64.119766   -1.775342   -6.434206  799.403137
   64.348381   -1.589052   -6.517000  799.402954
   64.589195   -1.402120   -6.598666  799.402954
   64.842842   -1.214547   -6.679331  799.403076
   65.109932   -1.026141   -6.759269  799.403015
   65.391068   -0.836635   -6.838405  799.402954
   65.686745   -0.648693   -6.918005  799.402954
   65.997017   -0.461876   -6.997422  799.403015
   66.322609   -0.277067   -7.076869  799.403015
   66.664337   -0.094261   -7.156483  799.403076
   67.023117    0.086168   -7.236421  799.403076
   67.399895    0.264953   -7.317806  799.402832
   67.795799    0.438023   -7.400470  799.403015
   68.211761    0.605251   -7.484562  799.402893
   68.648567    0.766307   -7.570620  799.403015
   69.107689    0.920725   -7.659415  799.403137
   69.590775    1.067657   -7.751232  799.403015
   70.099640    1.201865   -7.846839  799.403259
   70.636269    1.324296   -7.947130  799.403137
   71.202827    1.435055   -8.052945  799.402954
   71.806213    1.527089   -8.166167  799.402954
   72.455093    1.599714   -8.289291  799.402832
   73.150200    1.650983   -8.423472  799.402832
   73.891014    1.671320   -8.569853  799.403076
   74.675720    1.656569   -8.729502  799.403137
   75.501328    1.605799   -8.903682  799.403076
   76.363495    1.507172   -9.092578  799.403137
   77.248291    1.365692   -9.295645  799.403076
   78.141586    1.177815   -9.510002  799.403076
   79.038521    0.944584   -9.736238  799.403015
   79.935234    0.672203   -9.973511  799.402832
   80.828651    0.355804  -10.221347  799.402954
   81.716614    0.000000  -10.480890  799.402954
   82.597931   -0.392000  -10.750141  799.402954
   83.478508   -0.821292  -11.031960  799.403076
   84.362343   -1.293376  -11.328113  799.402954
   85.248741   -1.806243  -11.639083  799.403076
   86.136490   -2.358448  -11.964693  799.402893
   87.024010   -2.948838  -12.304962  799.403015
   87.909241   -3.575648  -12.659450  799.403076
   88.789734   -4.236477  -13.026271  799.402954
   89.657578   -4.921843  -13.402599  799.403015
   90.507919   -5.630354  -13.785625  799.402954
   91.338478   -6.355245  -14.173193  799.403015
   92.147339   -7.093452  -14.564766  799.403015
   92.933067   -7.839290  -14.958009  799.403076
   93.694717   -8.588990  -15.351420  799.403015
   94.431740   -9.339994  -15.743680  799.402954
   95.146835  -10.092564  -16.135242  799.403137
   95.840714  -10.845241  -16.525684  799.403015
   96.513367  -11.595937  -16.914062  799.403076
   97.164810  -12.342843  -17.299507  799.402954
   97.795013  -13.083766  -17.681177  799.403076
   98.404030  -13.816837  -18.058247  799.403076
   98.991814  -14.540254  -18.429914  799.403015
   99.558357  -15.252301  -18.795389  799.403076
  100.103691  -15.951339  -19.153900  799.403015
  100.627808  -16.635786  -19.504782  799.403076
  101.130730  -17.304132  -19.847197  799.403076
  101.612396  -17.954910  -20.113863  799.402954
  102.072868  -18.586601  -20.078081  799.403076
  102.512093  -19.418718  -19.419054  799.403015
  102.951347  -19.882492  -19.882660  799.403076
  103.425537  -20.382980  -20.382980  799.403015
  103.937431  -20.923277  -20.923277  799.403015
  104.490082  -21.506565  -21.506565  799.403015
  105.086670  -22.136248  -22.136248  799.403076
  105.730713  -22.816017  -22.816017  799.403076
  106.426003  -23.549870  -23.549870  799.402954
  107.176613  -24.342104  -24.342104  799.402954
  107.986908  -25.197357  -25.197357  799.403076
  108.861702  -26.120651  -26.120651  799.403015
  109.806030  -27.117390  -27.117390  799.403015
  110.825531  -28.193428  -28.193428  799.403076
  111.926109  -29.355059  -29.355059  799.402893
  113.114250  -30.609106  -30.609106  799.403076
  114.396896  -31.962906  -31.962906  799.402954
  115.781624  -33.424416  -33.424416  799.402954
  117.276466  -35.002178  -35.002178  799.403015
  118.890251  -36.705467  -36.705467  799.403015
  120.632393  -38.544250  -38.544250  799.403076
  122.513145  -40.529301  -40.529301  799.403015
  BLADE PROFILES IN CARTESIAN COORDINATES (2D) BEFORE   PROJECTION, SCALING, MESHING AND STACKING 
  VARIABLES = "X", "YSS", "YPS" 
  BLADE           2  SECTION           3
    0.000000    0.003957    0.003957
    0.000062    0.008605    0.001116
    0.000249    0.013006   -0.001984
    0.000561    0.017227   -0.004881
    0.000997    0.019981   -0.007515
    0.001557    0.022596   -0.009979
    0.002241    0.025099   -0.012187
    0.003050    0.027495   -0.014291
    0.003982    0.029793   -0.016339
    0.005038    0.031991   -0.018359
    0.006218    0.033986   -0.020406
    0.007520    0.035915   -0.022448
    0.008945    0.037812   -0.024541
    0.010493    0.039723   -0.026658
    0.012162    0.041701   -0.028768
    0.013954    0.043756   -0.030913
    0.015866    0.045873   -0.033060
    0.017899    0.048058   -0.035153
    0.020052    0.050307   -0.037123
    0.022325    0.052632   -0.038971
    0.024716    0.055008   -0.040628
    0.027226    0.057416   -0.042081
    0.029854    0.059870   -0.043356
    0.032600    0.062364   -0.044536
    0.035461    0.064893   -0.045691
    0.038439    0.067455   -0.046847
    0.041531    0.070043   -0.048014
    0.044738    0.072650   -0.049179
    0.048058    0.075278   -0.050341
    0.051491    0.077921   -0.051501
    0.055036    0.080577   -0.052653
    0.058691    0.083240   -0.053802
    0.062456    0.085909   -0.054947
    0.066331    0.088593   -0.056081
    0.070314    0.091282   -0.057207
    0.074403    0.093941   -0.058340
    0.078599    0.096589   -0.059469
    0.082900    0.099223   -0.060594
    0.087305    0.101833   -0.061715
    0.091812    0.104417   -0.062832
    0.096421    0.106975   -0.063944
    0.101131    0.109503   -0.065050
    0.105941    0.111999   -0.066148
    0.110848    0.114458   -0.067254
    0.115853    0.116892   -0.068359
    0.120953    0.119298   -0.069464
    0.126148    0.121627   -0.070569
    0.131435    0.123906   -0.071674
    0.136815    0.126117   -0.072780
    0.142285    0.128271   -0.073886
    0.147845    0.130365   -0.074993
    0.153492    0.132395   -0.076110
    0.159225    0.134358   -0.077231
    0.165044    0.136264   -0.078359
    0.170946    0.138122   -0.079493
    0.176930    0.139867   -0.080634
    0.182994    0.141516   -0.081782
    0.189138    0.143082   -0.082944
    0.195358    0.144563   -0.084116
    0.201655    0.145957   -0.085300
    0.208026    0.147278   -0.086498
    0.214470    0.148525   -0.087709
    0.220986    0.149641   -0.088937
    0.227570    0.150647   -0.090180
    0.234223    0.151543   -0.091441
    0.240941    0.152337   -0.092720
    0.247725    0.153025   -0.094021
    0.254571    0.153627   -0.095344
    0.261478    0.154136   -0.096685
    0.268445    0.154497   -0.098050
    0.275470    0.154735   -0.099438
    0.282550    0.154845   -0.100854
    0.289685    0.154837   -0.102300
    0.296872    0.154711   -0.103767
    0.304110    0.154465   -0.105261
    0.311396    0.154112   -0.106784
    0.318730    0.153668   -0.108342
    0.326109    0.153046   -0.109935
    0.333531    0.152282   -0.111552
    0.340994    0.151391   -0.113200
    0.348497    0.150373   -0.114882
    0.356038    0.149226   -0.116602
    0.363615    0.147967   -0.118366
    0.371226    0.146605   -0.120154
    0.378869    0.145067   -0.121978
    0.386542    0.143381   -0.123839
    0.394243    0.141559   -0.125737
    0.401971    0.139604   -0.127675
    0.409723    0.137518   -0.129657
    0.417498    0.135299   -0.131685
    0.425293    0.132967   -0.133741
    0.433107    0.130528   -0.135836
    0.440937    0.127912   -0.137971
    0.448783    0.125160   -0.140146
    0.456641    0.122265   -0.142363
    0.464509    0.119239   -0.144623
    0.472387    0.116083   -0.146929
    0.480272    0.112799   -0.149285
    0.488161    0.109386   -0.151668
    0.496053    0.105847   -0.154092
    0.503947    0.102202   -0.156557
    0.511839    0.098455   -0.159063
    0.519729    0.094542   -0.161610
    0.527613    0.090507   -0.164197
    0.535491    0.086351   -0.166824
    0.543360    0.082070   -0.169492
    0.551217    0.077671   -0.172200
    0.559063    0.073157   -0.174948
    0.566893    0.068532   -0.177734
    0.574707    0.063796   -0.180558
    0.582502    0.058953   -0.183420
    0.590277    0.054005   -0.186318
    0.598029    0.048954   -0.189251
    0.605757    0.043803   -0.192227
    0.613458    0.038554   -0.195245
    0.621131    0.033210   -0.198281
    0.628774    0.027775   -0.201350
    0.636385    0.022250   -0.204450
    0.643962    0.016640   -0.207580
    0.651503    0.010947   -0.210739
    0.659006    0.005174   -0.213925
    0.666469   -0.000656   -0.217139
    0.673891   -0.006544   -0.220378
    0.681270   -0.012535   -0.223641
    0.688604   -0.018592   -0.226927
    0.695890   -0.024711   -0.230234
    0.703128   -0.030888   -0.233553
    0.710315   -0.037120   -0.236885
    0.717450   -0.043403   -0.240247
    0.724530   -0.049732   -0.243625
    0.731555   -0.056105   -0.247016
    0.738522   -0.062534   -0.250419
    0.745429   -0.069006   -0.253832
    0.752275   -0.075482   -0.257253
    0.759059   -0.081985   -0.260682
    0.765777   -0.088510   -0.264115
    0.772430   -0.095053   -0.267552
    0.779015   -0.101610   -0.270989
    0.785530   -0.108177   -0.274427
    0.791974   -0.114749   -0.277861
    0.798345   -0.121322   -0.281292
    0.804642   -0.127892   -0.284716
    0.810863   -0.134455   -0.288131
    0.817006   -0.141005   -0.291537
    0.823070   -0.147539   -0.294930
    0.829054   -0.154053   -0.298310
    0.834956   -0.160541   -0.301674
    0.840775   -0.167000   -0.305019
    0.846508   -0.173425   -0.308344
    0.852155   -0.179814   -0.311646
    0.857715   -0.186160   -0.314924
    0.863185   -0.192460   -0.318176
    0.868565   -0.198709   -0.321399
    0.873852   -0.204902   -0.324592
    0.879047   -0.211036   -0.327752
    0.884147   -0.217105   -0.330877
    0.889152   -0.223107   -0.333966
    0.894059   -0.229036   -0.337017
    0.898869   -0.234888   -0.340027
    0.903579   -0.240660   -0.342994
    0.908188   -0.246348   -0.345917
    0.912695   -0.251947   -0.348794
    0.917100   -0.257454   -0.351622
    0.921401   -0.262865   -0.354400
    0.925597   -0.268175   -0.357127
    0.929686   -0.273382   -0.359799
    0.933669   -0.278482   -0.362415
    0.937544   -0.283470   -0.364974
    0.941309   -0.288344   -0.367474
    0.944965   -0.293100   -0.369913
    0.948509   -0.297735   -0.372290
    0.951942   -0.302245   -0.374603
    0.955262   -0.306627   -0.376849
    0.958469   -0.310879   -0.379029
    0.961561   -0.314996   -0.381138
    0.964539   -0.318977   -0.383178
    0.967400   -0.322817   -0.385147
    0.970146   -0.326515   -0.387044
    0.972774   -0.330068   -0.388765
    0.975284   -0.333473   -0.389890
    0.977675   -0.336729   -0.390519
    0.979948   -0.339831   -0.390829
    0.982101   -0.342779   -0.390895
    0.984134   -0.345567   -0.390760
    0.986046   -0.348199   -0.390454
    0.987838   -0.350670   -0.389998
    0.989507   -0.352978   -0.389403
    0.991055   -0.355121   -0.388683
    0.992480   -0.357099   -0.387846
    0.993782   -0.358910   -0.386929
    0.994962   -0.360553   -0.385876
    0.996018   -0.362025   -0.384713
    0.996950   -0.363348   -0.383491
    0.997759   -0.364583   -0.382163
    0.998443   -0.365904   -0.380758
    0.999003   -0.367214   -0.379287
    0.999439   -0.368700   -0.377758
    0.999751   -0.370293   -0.376177
    0.999938   -0.372015   -0.374486
    1.000000   -0.373121   -0.373121
  BLADE PROFILES IN CARTESIAN COORDINATES (3D) 
  VARIABLES = "X", "YSS", "YPS" "R" 
  BLADE           2  SECTION           3
   52.556271   -7.098629   -7.098629  799.980530
   53.720215   -6.765656   -6.765656  799.983032
   54.763741   -6.467130   -6.467130  799.985962
   55.699329   -6.199487   -6.199487  799.988953
   56.538128   -5.959532   -5.959532  799.992065
   57.290157   -5.744403   -5.744403  799.995422
   57.964405   -5.551528   -5.551528  799.998718
   58.568886   -5.378605   -5.378605  800.001770
   59.110855   -5.223572   -5.223572  800.004700
   59.596748   -5.084576   -5.084576  800.007629
   60.032379   -4.959958   -4.959958  800.010254
   60.422947   -4.848231   -4.848231  800.012634
   60.773125   -4.748062   -4.748062  800.014771
   61.087059   -4.658254   -4.658254  800.016968
   61.368534   -4.577737   -4.577737  800.018799
   61.620880   -4.505548   -4.505548  800.020447
   61.847126   -4.440828   -4.440828  800.022095
   62.049973   -4.382802   -4.382802  800.023682
   62.231838   -4.330779   -4.330779  800.024963
   62.394878   -4.284136   -4.284136  800.026123
   62.541069   -4.242320   -4.242320  800.027222
   62.687256   -3.347549   -5.133418  800.028381
   62.840096   -3.075057   -5.402233  800.029785
   63.000195   -2.873282   -5.623692  800.031250
   63.168228   -2.682597   -5.820995  800.032471
   63.344730   -2.495497   -5.992803  800.034241
   63.530357   -2.308546   -6.131704  800.035889
   63.725731   -2.123551   -6.235803  800.037842
   63.931427   -1.938489   -6.322310  800.039734
   64.148109   -1.753024   -6.406044  800.041748
   64.376358   -1.567291   -6.489068  800.044006
   64.616791   -1.380909   -6.570974  800.046448
   64.870033   -1.193902   -6.651880  800.048889
   65.136681   -1.006099   -6.732089  800.051636
   65.417358   -0.817171   -6.811537  800.054688
   65.712555   -0.629842   -6.891449  800.057922
   66.022316   -0.443729   -6.971197  800.061279
   66.347389   -0.259565   -7.050979  800.064880
   66.688560   -0.077418   -7.130679  800.068665
   67.046738    0.102322   -7.211295  800.072998
   67.422920    0.280438   -7.293059  800.077148
   67.818161    0.452760   -7.376129  800.082214
   68.233444    0.619227   -7.460652  800.087280
   68.669525    0.779560   -7.547171  800.092773
   69.127892    0.933204   -7.636440  800.098694
   69.610168    1.079426   -7.728742  800.104858
   70.118195    1.212772   -7.824861  800.111511
   70.653931    1.334428   -7.925683  800.118896
   71.219574    1.444437   -8.032049  800.126709
   71.821938    1.535555   -8.145844  800.135254
   72.469749    1.607468   -8.269577  800.144592
   73.163704    1.658516   -8.404381  800.154968
   73.903275    1.677258   -8.551430  800.166138
   74.686668    1.661710   -8.711739  800.178040
   75.510857    1.610056   -8.886607  800.190979
   76.371590    1.510666   -9.076177  800.204834
   77.254913    1.368463   -9.280084  800.219055
   78.146706    1.179843   -9.494936  800.233887
   79.042107    0.946043   -9.721822  800.248901
   79.937302    0.673145   -9.959680  800.263916
   80.829170    0.356194  -10.208098  800.279297
   81.715660    0.000000  -10.468170  800.294312
   82.595490   -0.392359  -10.737920  800.309814
   83.474564   -0.821906  -11.020210  800.325134
   84.356911   -1.294284  -11.316819  800.340454
   85.241760   -1.807314  -11.628224  800.356079
   86.128021   -2.359632  -11.954233  800.371582
   87.014023   -2.950082  -12.295455  800.387207
   87.897774   -3.576908  -12.649706  800.402466
   88.776733   -4.237693  -13.016847  800.417786
   89.643105   -4.922975  -13.393463  800.432861
   90.492027   -5.631357  -13.776750  800.447449
   91.321167   -6.356071  -14.164553  800.461548
   92.128654   -7.094056  -14.556330  800.475159
   92.913063   -7.839654  -14.949751  800.488342
   93.673431   -8.589081  -15.343312  800.500793
   94.409210   -9.339777  -15.735704  800.512878
   95.123093  -10.092028  -16.127375  800.524231
   95.815804  -10.844350  -16.517897  800.535278
   96.487328  -11.594678  -16.906347  800.545715
   97.137657  -12.341205  -17.291845  800.555664
   97.766830  -13.081731  -17.673550  800.565125
   98.374809  -13.814390  -18.050638  800.574097
   98.961601  -14.537394  -18.422318  800.582703
   99.527206  -15.249023  -18.787794  800.590759
  100.071640  -15.947635  -19.146286  800.598328
  100.594902  -16.631647  -19.497135  800.605652
  101.096954  -17.299566  -19.839516  800.612305
  101.577858  -17.949926  -20.106085  800.618713
  102.037537  -18.581190  -20.070639  800.624634
  102.476067  -19.412645  -19.412981  800.630127
  102.914604  -19.876123  -19.876291  800.633362
  103.388031  -20.376291  -20.376291  800.636597
  103.899147  -20.916250  -20.916250  800.640137
  104.450882  -21.499161  -21.499161  800.643616
  105.046532  -22.128443  -22.128443  800.647644
  105.689560  -22.807785  -22.807785  800.651855
  106.383751  -23.541170  -23.541170  800.655884
  107.133171  -24.332899  -24.332899  800.660339
  107.942192  -25.187609  -25.187609  800.664856
  108.815590  -26.110310  -26.110310  800.669800
  109.758476  -27.106419  -27.106419  800.674622
  110.776344  -28.181759  -28.181759  800.679688
  111.875206  -29.342642  -29.342642  800.684692
  113.061501  -30.595877  -30.595877  800.689941
  114.342117  -31.948790  -31.948790  800.695007
  115.724678  -33.409336  -33.409336  800.700256
  117.217194  -34.986046  -34.986046  800.705200
  118.828453  -36.688179  -36.688179  800.710083
  120.567879  -38.525700  -38.525700  800.714722
  122.445694  -40.509384  -40.509384  800.718933
