  BLADE PROFILES IN CARTESIAN COORDINATES (2D) BEFORE   PROJECTION, SCALING, MESHING AND STACKING 
  VARIABLES = "X", "YSS", "YPS" 
  BLADE           1  SECTION           1
    0.000000   -0.000652   -0.000652
    0.000062    0.001990   -0.001873
    0.000249    0.004516   -0.003982
    0.000561    0.007000   -0.006109
    0.000997    0.009582   -0.008253
    0.001557    0.012138   -0.010427
    0.002241    0.014705   -0.012645
    0.003050    0.017301   -0.014958
    0.003982    0.019913   -0.017329
    0.005038    0.022513   -0.019738
    0.006218    0.025070   -0.022163
    0.007520    0.027547   -0.024578
    0.008945    0.029912   -0.026961
    0.010493    0.032137   -0.029283
    0.012162    0.034205   -0.031514
    0.013954    0.036123   -0.033626
    0.015866    0.037927   -0.035600
    0.017899    0.039699   -0.037429
    0.020052    0.041522   -0.039128
    0.022325    0.043413   -0.040751
    0.024716    0.045369   -0.042376
    0.027226    0.047389   -0.044034
    0.029854    0.049471   -0.045725
    0.032600    0.051611   -0.047447
    0.035461    0.053810   -0.049196
    0.038439    0.056064   -0.050969
    0.041531    0.058372   -0.052762
    0.044738    0.060733   -0.054571
    0.048058    0.063144   -0.056395
    0.051491    0.065604   -0.058229
    0.055036    0.068111   -0.060070
    0.058691    0.070663   -0.061915
    0.062456    0.073260   -0.063760
    0.066331    0.075899   -0.065603
    0.070314    0.078577   -0.067439
    0.074403    0.081278   -0.069265
    0.078599    0.084033   -0.071082
    0.082900    0.086824   -0.072908
    0.087305    0.089650   -0.074683
    0.091812    0.092510   -0.076434
    0.096421    0.095402   -0.078159
    0.101131    0.098325   -0.079854
    0.105941    0.101278   -0.081516
    0.110848    0.104258   -0.083143
    0.115853    0.107266   -0.084731
    0.120953    0.110300   -0.086276
    0.126148    0.113355   -0.087776
    0.131435    0.116419   -0.089228
    0.136815    0.119520   -0.090628
    0.142285    0.122643   -0.091978
    0.147845    0.125785   -0.093302
    0.153492    0.128946   -0.094526
    0.159225    0.132125   -0.095683
    0.165044    0.135321   -0.096773
    0.170946    0.138532   -0.097795
    0.176930    0.141756   -0.098744
    0.182994    0.144979   -0.099619
    0.189138    0.148229   -0.100416
    0.195358    0.151491   -0.101134
    0.201655    0.154763   -0.101769
    0.208026    0.158046   -0.102327
    0.214470    0.161338   -0.102831
    0.220986    0.164637   -0.103202
    0.227570    0.167945   -0.103474
    0.234223    0.171255   -0.103652
    0.240941    0.174560   -0.103734
    0.247725    0.177882   -0.103717
    0.254571    0.181208   -0.103600
    0.261478    0.184538   -0.103381
    0.268445    0.187871   -0.103058
    0.275470    0.191205   -0.102630
    0.282550    0.194541   -0.102102
    0.289685    0.197876   -0.101502
    0.296872    0.201198   -0.100743
    0.304110    0.204532   -0.099864
    0.311396    0.207864   -0.098873
    0.318730    0.211194   -0.097768
    0.326109    0.214522   -0.096547
    0.333531    0.217846   -0.095209
    0.340994    0.221167   -0.093755
    0.348497    0.224483   -0.092182
    0.356038    0.227793   -0.090490
    0.363615    0.231096   -0.088689
    0.371226    0.234385   -0.086803
    0.378869    0.237677   -0.084751
    0.386542    0.240961   -0.082573
    0.394243    0.244239   -0.080268
    0.401971    0.247508   -0.077843
    0.409723    0.250768   -0.075296
    0.417498    0.254020   -0.072628
    0.425293    0.257262   -0.069840
    0.433107    0.260494   -0.066930
    0.440937    0.263715   -0.063901
    0.448783    0.266924   -0.060751
    0.456641    0.270116   -0.057483
    0.464509    0.273303   -0.054096
    0.472387    0.276478   -0.050591
    0.480272    0.279640   -0.046979
    0.488161    0.282790   -0.043288
    0.496053    0.285927   -0.039436
    0.503947    0.289049   -0.035471
    0.511839    0.292158   -0.031391
    0.519729    0.295252   -0.027198
    0.527613    0.298331   -0.022895
    0.535491    0.301395   -0.018486
    0.543360    0.304443   -0.013971
    0.551217    0.307475   -0.009352
    0.559063    0.310491   -0.004632
    0.566893    0.313490    0.000187
    0.574707    0.316471    0.005104
    0.582502    0.319436    0.010116
    0.590277    0.322382    0.015222
    0.598029    0.325309    0.020417
    0.605757    0.328219    0.025701
    0.613458    0.331109    0.031070
    0.621131    0.333980    0.036521
    0.628774    0.336831    0.042053
    0.636385    0.339662    0.047661
    0.643962    0.342473    0.053344
    0.651503    0.345263    0.059097
    0.659006    0.348032    0.064919
    0.666469    0.350779    0.070806
    0.673891    0.353505    0.076754
    0.681270    0.356208    0.082761
    0.688604    0.358888    0.088822
    0.695890    0.361546    0.094936
    0.703128    0.364180    0.101097
    0.710315    0.366791    0.107303
    0.717450    0.369377    0.113549
    0.724530    0.371939    0.119833
    0.731555    0.374476    0.126151
    0.738522    0.376988    0.132499
    0.745429    0.379474    0.138872
    0.752275    0.381934    0.145268
    0.759059    0.384368    0.151683
    0.765777    0.386776    0.158112
    0.772430    0.389156    0.164551
    0.779015    0.391508    0.171000
    0.785530    0.393833    0.177451
    0.791974    0.396130    0.183902
    0.798345    0.398398    0.190347
    0.804642    0.400637    0.196782
    0.810863    0.402847    0.203204
    0.817006    0.405027    0.209609
    0.823070    0.407177    0.216003
    0.829054    0.409296    0.222378
    0.834956    0.411385    0.228705
    0.840775    0.413442    0.234999
    0.846508    0.415468    0.241254
    0.852155    0.417463    0.247468
    0.857715    0.419424    0.253636
    0.863185    0.421353    0.259755
    0.868565    0.423248    0.265820
    0.873852    0.425111    0.271827
    0.879047    0.426939    0.277772
    0.884147    0.428733    0.283654
    0.889152    0.430493    0.289467
    0.894059    0.432218    0.295206
    0.898869    0.433907    0.300869
    0.903579    0.435562    0.306450
    0.908188    0.437180    0.311948
    0.912695    0.438762    0.317357
    0.917100    0.440307    0.322674
    0.921401    0.441816    0.327896
    0.925597    0.443287    0.333019
    0.929686    0.444721    0.338040
    0.933669    0.446116    0.342964
    0.937544    0.447474    0.347773
    0.941309    0.448794    0.352467
    0.944965    0.450074    0.357045
    0.948509    0.451316    0.361505
    0.951942    0.452518    0.365844
    0.955262    0.453680    0.370059
    0.958469    0.454803    0.374147
    0.961561    0.455886    0.378105
    0.964539    0.456928    0.381930
    0.967400    0.457930    0.385620
    0.970146    0.458834    0.389172
    0.972774    0.459324    0.392583
    0.975284    0.459345    0.395851
    0.977675    0.459063    0.398972
    0.979948    0.458566    0.401950
    0.982101    0.457906    0.404778
    0.984134    0.457113    0.407455
    0.986046    0.456207    0.409979
    0.987838    0.455200    0.412349
    0.989507    0.454101    0.414561
    0.991055    0.452914    0.416617
    0.992480    0.451644    0.418514
    0.993782    0.450340    0.420250
    0.994962    0.448931    0.421824
    0.996018    0.447377    0.423235
    0.996950    0.445821    0.424482
    0.997759    0.444211    0.425646
    0.998443    0.442561    0.426682
    0.999003    0.440895    0.428030
    0.999439    0.439193    0.429419
    0.999751    0.437433    0.430752
    0.999938    0.435645    0.432394
    1.000000    0.434898    0.434898
  BLADE PROFILES IN CARTESIAN COORDINATES (3D) 
  VARIABLES = "X", "YSS", "YPS" "R" 
  BLADE           1  SECTION           1
  -15.889025  -10.291142  -10.291142  282.424225
  -14.011662  -10.193351  -10.193351  282.370331
  -12.338228  -10.105844  -10.105844  282.312897
  -10.846627  -10.027558  -10.027558  282.253845
   -9.517135   -9.957541   -9.957541  282.194489
   -8.332141   -9.894934   -9.894934  282.136139
   -7.275939   -9.838971   -9.838971  282.079620
   -6.334523   -9.788954   -9.788954  282.025482
   -5.495407   -9.744263   -9.744263  281.974152
   -4.747465   -9.704342   -9.704342  281.925964
   -4.080776   -9.668684   -9.668684  281.880951
   -3.486503   -9.636843   -9.636843  281.839203
   -2.956771   -9.608411   -9.608411  281.800659
   -2.484563   -9.583029   -9.583029  281.765289
   -2.063621   -9.560373   -9.560373  281.732880
   -1.688377   -9.540153   -9.540153  281.703308
   -1.353862   -9.522106   -9.522106  281.676331
   -1.055651   -9.506007   -9.506007  281.651917
   -0.789801   -9.491638   -9.491638  281.629791
   -0.552797   -9.478819   -9.478819  281.609711
   -0.341506   -9.467383   -9.467383  281.591644
   -0.153139   -9.457181   -9.457181  281.575348
    0.014797   -9.448083   -9.448083  281.560669
    0.164516   -9.439965   -9.439965  281.547546
    0.297995   -9.432727   -9.432727  281.535645
    0.417000   -9.426268   -9.426268  281.524994
    0.534841   -8.836944   -9.999406  281.506165
    0.658035   -8.560740  -10.259423  281.486145
    0.787079   -8.366469  -10.459203  281.465179
    0.922465   -8.223289  -10.614904  281.442993
    1.064680   -8.098463  -10.736326  281.419556
    1.214220   -7.972601  -10.841160  281.394562
    1.371576   -7.844291  -10.944648  281.368225
    1.537237   -7.713028  -11.048423  281.340302
    1.711698   -7.578420  -11.152593  281.310577
    1.895445   -7.440141  -11.257161  281.278961
    2.088970   -7.297914  -11.362051  281.245453
    2.292759   -7.151502  -11.467114  281.209778
    2.507303   -7.000700  -11.572136  281.171967
    2.733094   -6.845630  -11.676835  281.131805
    2.970498   -6.686043  -11.781077  281.089050
    3.219575   -6.521660  -11.884469  281.043854
    3.480897   -6.352590  -11.985248  280.995972
    3.755104   -6.178614  -12.083884  280.945190
    4.042918   -5.999496  -12.179875  280.891418
    4.345116   -5.814978  -12.272655  280.834290
    4.662564   -5.625464  -12.361566  280.773651
    4.996012   -5.429541  -12.446040  280.709259
    5.346094   -5.227675  -12.525713  280.641113
    5.713967   -5.019466  -12.597392  280.568695
    6.100936   -4.804545  -12.661455  280.491638
    6.508451   -4.582965  -12.716671  280.409790
    6.938098   -4.353188  -12.761603  280.322540
    7.391615   -4.115146  -12.796154  280.229523
    7.874474   -3.866496  -12.814509  280.129578
    8.393628   -3.604807  -12.816156  280.021057
    8.949639   -3.329511  -12.797594  279.903778
    9.542057   -3.041940  -12.755771  279.777618
   10.169457   -2.743993  -12.686282  279.643066
   10.829437   -2.436364  -12.584194  279.500427
   11.518543   -2.121433  -12.448168  279.350647
   12.225661   -1.804830  -12.279133  279.196075
   12.939494   -1.490989  -12.076164  279.039520
   13.656240   -1.181294  -11.840179  278.881989
   14.372769   -0.876832  -11.573570  278.724609
   15.086729   -0.578598  -11.277748  278.567780
   15.796415   -0.286210  -10.954476  278.412384
   16.500864    0.000000  -10.605960  278.258698
   17.204859    0.282307  -10.227395  278.106018
   17.911629    0.562233   -9.818954  277.953979
   18.620607    0.839764   -9.381077  277.802765
   19.330904    1.114747   -8.914362  277.652771
   20.041271    1.386916   -8.419789  277.504669
   20.750084    1.655881   -7.898816  277.358917
   21.455393    1.921111   -7.353417  277.216095
   22.150927    2.180496   -6.789420  277.077911
   22.832777    2.432847   -6.211514  276.944946
   23.499086    2.677751   -5.623055  276.817688
   24.148375    2.914899   -5.027268  276.696259
   24.779465    3.144100   -4.427171  276.581238
   25.391556    3.365277   -3.825404  276.472351
   25.984232    3.578470   -3.224286  276.369659
   26.559622    3.784611   -2.623616  276.272522
   27.118280    3.984043   -2.023415  276.181030
   27.660208    4.176905   -1.427271  276.094879
   28.185354    4.363254   -0.835558  276.013977
   28.693733    4.543195   -0.249689  275.938141
   29.185295    4.716813    0.329143  275.867157
   29.660040    4.884171    0.899409  275.800995
   30.117922    5.045322    1.459850  275.739441
   30.558941    5.200328    2.009663  275.682312
   30.983053    5.349211    2.546863  275.629333
   31.390234    5.492114    3.070882  275.580414
   31.780474    5.551148    3.580430  275.535309
   32.153736    5.398415    4.074775  275.493927
   32.509987    4.759514    4.759141  275.455994
   32.867531    5.061702    5.061516  275.428284
   33.245499    5.381313    5.381313  275.399109
   33.645081    5.719143    5.719143  275.368408
   34.067497    6.076227    6.076227  275.335968
   34.514057    6.453661    6.453661  275.301727
   34.986118    6.852597    6.852597  275.265472
   35.485146    7.274259    7.274259  275.227112
   36.012669    7.719934    7.719934  275.186371
   36.570301    8.190981    8.190981  275.143005
   37.159687    8.688819    8.688819  275.096161
   37.782673    9.214978    9.214978  275.046112
   38.441204    9.771067    9.771067  274.992554
   39.137268   10.358765   10.358765  274.935272
   39.873013   10.979868   10.979868  274.873871
   40.650658   11.636247   11.636247  274.807953
  BLADE PROFILES IN CARTESIAN COORDINATES (2D) BEFORE   PROJECTION, SCALING, MESHING AND STACKING 
  VARIABLES = "X", "YSS", "YPS" 
  BLADE           1  SECTION           2
    0.000000   -0.000544   -0.000544
    0.000062    0.001839   -0.001835
    0.000249    0.004374   -0.003915
    0.000561    0.006837   -0.006030
    0.000997    0.009360   -0.008155
    0.001557    0.011879   -0.010302
    0.002241    0.014414   -0.012522
    0.003050    0.016981   -0.014816
    0.003982    0.019564   -0.017167
    0.005038    0.022133   -0.019554
    0.006218    0.024658   -0.021957
    0.007520    0.027110   -0.024352
    0.008945    0.029453   -0.026714
    0.010493    0.031660   -0.029011
    0.012162    0.033715   -0.031211
    0.013954    0.035618   -0.033292
    0.015866    0.037405   -0.035235
    0.017899    0.039150   -0.037032
    0.020052    0.040944   -0.038703
    0.022325    0.042803   -0.040304
    0.024716    0.044727   -0.041915
    0.027226    0.046712   -0.043561
    0.029854    0.048758   -0.045242
    0.032600    0.050861   -0.046953
    0.035461    0.053021   -0.048691
    0.038439    0.055234   -0.050454
    0.041531    0.057500   -0.052238
    0.044738    0.059817   -0.054040
    0.048058    0.062182   -0.055856
    0.051491    0.064594   -0.057684
    0.055036    0.067051   -0.059520
    0.058691    0.069552   -0.061361
    0.062456    0.072096   -0.063203
    0.066331    0.074679   -0.065044
    0.070314    0.077302   -0.066880
    0.074403    0.079962   -0.068709
    0.078599    0.082657   -0.070526
    0.082900    0.085368   -0.072329
    0.087305    0.088129   -0.074117
    0.091812    0.090921   -0.075910
    0.096421    0.093743   -0.077650
    0.101131    0.096593   -0.079359
    0.105941    0.099471   -0.081038
    0.110848    0.102374   -0.082683
    0.115853    0.105302   -0.084292
    0.120953    0.108253   -0.085861
    0.126148    0.111227   -0.087388
    0.131435    0.114221   -0.088869
    0.136815    0.117234   -0.090301
    0.142285    0.120247   -0.091682
    0.147845    0.123294   -0.093009
    0.153492    0.126356   -0.094278
    0.159225    0.129434   -0.095492
    0.165044    0.132525   -0.096675
    0.170946    0.135629   -0.097753
    0.176930    0.138744   -0.098758
    0.182994    0.141870   -0.099693
    0.189138    0.145006   -0.100555
    0.195358    0.148149   -0.101340
    0.201655    0.151284   -0.102047
    0.208026    0.154440   -0.102673
    0.214470    0.157601   -0.103216
    0.220986    0.160768   -0.103674
    0.227570    0.163939   -0.104045
    0.234223    0.167113   -0.104331
    0.240941    0.170289   -0.104563
    0.247725    0.173466   -0.104651
    0.254571    0.176644   -0.104642
    0.261478    0.179818   -0.104535
    0.268445    0.182980   -0.104328
    0.275470    0.186153   -0.104021
    0.282550    0.189324   -0.103611
    0.289685    0.192492   -0.103098
    0.296872    0.195656   -0.102479
    0.304110    0.198815   -0.101753
    0.311396    0.201969   -0.100928
    0.318730    0.205118   -0.100028
    0.326109    0.208257   -0.098975
    0.333531    0.211378   -0.097801
    0.340994    0.214504   -0.096514
    0.348497    0.217622   -0.095115
    0.356038    0.220730   -0.093601
    0.363615    0.223830   -0.091974
    0.371226    0.226920   -0.090231
    0.378869    0.229999   -0.088374
    0.386542    0.233068   -0.086400
    0.394243    0.236125   -0.084311
    0.401971    0.239169   -0.082106
    0.409723    0.242200   -0.079794
    0.417498    0.245210   -0.077403
    0.425293    0.248216   -0.074850
    0.433107    0.251208   -0.072178
    0.440937    0.254187   -0.069386
    0.448783    0.257151   -0.066480
    0.456641    0.260101   -0.063460
    0.464509    0.263035   -0.060327
    0.472387    0.265954   -0.057082
    0.480272    0.268857   -0.053724
    0.488161    0.271743   -0.050256
    0.496053    0.274613   -0.046679
    0.503947    0.277466   -0.042992
    0.511839    0.280301   -0.039199
    0.519729    0.283118   -0.035300
    0.527613    0.285916   -0.031296
    0.535491    0.288691   -0.027190
    0.543360    0.291454   -0.022983
    0.551217    0.294198   -0.018676
    0.559063    0.296923   -0.014282
    0.566893    0.299628   -0.009823
    0.574707    0.302314   -0.005228
    0.582502    0.304980   -0.000543
    0.590277    0.307625    0.004232
    0.598029    0.310250    0.009094
    0.605757    0.312854    0.014041
    0.613458    0.315437    0.019069
    0.621131    0.317999    0.024178
    0.628774    0.320540    0.029363
    0.636385    0.323058    0.034622
    0.643962    0.325554    0.039954
    0.651503    0.328028    0.045353
    0.659006    0.330480    0.050818
    0.666469    0.332909    0.056346
    0.673891    0.335314    0.061934
    0.681270    0.337697    0.067578
    0.688604    0.340055    0.073275
    0.695890    0.342391    0.079023
    0.703128    0.344702    0.084816
    0.710315    0.346989    0.090654
    0.717450    0.349251    0.096531
    0.724530    0.351489    0.102444
    0.731555    0.353702    0.108391
    0.738522    0.355889    0.114367
    0.745429    0.358052    0.120368
    0.752275    0.360188    0.126392
    0.759059    0.362299    0.132434
    0.765777    0.364384    0.138490
    0.772430    0.366443    0.144569
    0.779015    0.368475    0.150667
    0.785530    0.370480    0.156744
    0.791974    0.372459    0.162822
    0.798345    0.374411    0.168895
    0.804642    0.376336    0.174960
    0.810863    0.378232    0.181013
    0.817006    0.380100    0.187050
    0.823070    0.381941    0.193068
    0.829054    0.383752    0.199063
    0.834956    0.385536    0.205030
    0.840775    0.387291    0.210966
    0.846508    0.389016    0.216867
    0.852155    0.390713    0.222730
    0.857715    0.392380    0.228550
    0.863185    0.394017    0.234324
    0.868565    0.395625    0.240050
    0.873852    0.397203    0.245721
    0.879047    0.398750    0.251335
    0.884147    0.400267    0.256887
    0.889152    0.401753    0.262374
    0.894059    0.403208    0.267793
    0.898869    0.404632    0.273139
    0.903579    0.406025    0.278409
    0.908188    0.407387    0.283600
    0.912695    0.408717    0.288717
    0.917100    0.410015    0.293743
    0.921401    0.411281    0.298674
    0.925597    0.412514    0.303512
    0.929686    0.413716    0.308254
    0.933669    0.414884    0.312897
    0.937544    0.416020    0.317436
    0.941309    0.417123    0.321871
    0.944965    0.418192    0.326197
    0.948509    0.419229    0.330412
    0.951942    0.420232    0.334512
    0.955262    0.421201    0.338494
    0.958469    0.422136    0.342357
    0.961561    0.423038    0.346097
    0.964539    0.423905    0.349711
    0.967400    0.424738    0.353198
    0.970146    0.425526    0.356554
    0.972774    0.426005    0.359778
    0.975284    0.425977    0.362868
    0.977675    0.425622    0.365820
    0.979948    0.425039    0.368633
    0.982101    0.424289    0.371304
    0.984134    0.423404    0.373834
    0.986046    0.422409    0.376220
    0.987838    0.421316    0.378460
    0.989507    0.420135    0.380552
    0.991055    0.418873    0.382494
    0.992480    0.417534    0.384287
    0.993782    0.416167    0.385927
    0.994962    0.414683    0.387415
    0.996018    0.413097    0.388749
    0.996950    0.411496    0.389929
    0.997759    0.409848    0.391049
    0.998443    0.408163    0.392123
    0.999003    0.406407    0.393403
    0.999439    0.404622    0.394848
    0.999751    0.402811    0.396334
    0.999938    0.400918    0.397783
    1.000000    0.399982    0.399982
  BLADE PROFILES IN CARTESIAN COORDINATES (3D) 
  VARIABLES = "X", "YSS", "YPS" "R" 
  BLADE           1  SECTION           2
  -16.996758   -9.775311   -9.775311  298.789581
  -15.073221   -9.682356   -9.682356  298.786377
  -13.358191   -9.599470   -9.599470  298.783325
  -11.829066   -9.525563   -9.525563  298.780457
  -10.465689   -9.459664   -9.459664  298.777740
   -9.250100   -9.400910   -9.400910  298.775269
   -8.166276   -9.348520   -9.348520  298.773041
   -7.199933   -9.301812   -9.301812  298.771057
   -6.338340   -9.260167   -9.260167  298.769196
   -5.570143   -9.223035   -9.223035  298.767670
   -4.885212   -9.189929   -9.189929  298.766266
   -4.274527   -9.160414   -9.160414  298.765015
   -3.730037   -9.134096   -9.134096  298.763885
   -3.244570   -9.110632   -9.110632  298.762939
   -2.811725   -9.089712   -9.089712  298.762054
   -2.425799   -9.071058   -9.071058  298.761353
   -2.081706   -9.054429   -9.054429  298.760651
   -1.774911   -9.039603   -9.039603  298.760071
   -1.501370   -9.026382   -9.026382  298.759552
   -1.257484   -9.014594   -9.014594  298.759064
   -1.040032   -9.004086   -9.004086  298.758667
   -0.846153   -8.994718   -8.994718  298.758270
   -0.673289   -8.986362   -8.986362  298.757996
   -0.519159   -8.978912   -8.978912  298.757690
   -0.381741   -8.972273   -8.972273  298.757385
   -0.259216   -8.966352   -8.966352  298.757233
   -0.136692   -8.371710   -9.546572  298.756989
   -0.008583   -8.092525   -9.811337  298.757111
    0.125624   -7.895686  -10.014557  298.757172
    0.266448   -7.750793  -10.172364  298.757263
    0.414397   -7.625525  -10.295411  298.757446
    0.569992   -7.499386  -10.402402  298.757568
    0.733743   -7.370871  -10.508491  298.757660
    0.906165   -7.239487  -10.614985  298.757843
    1.087776   -7.104839  -10.721995  298.757996
    1.279092   -6.966614  -10.829543  298.758240
    1.480622   -6.824541  -10.937558  298.758484
    1.692885   -6.678396  -11.045907  298.758759
    1.916391   -6.527988  -11.154382  298.758972
    2.151662   -6.373153  -11.262718  298.759216
    2.399089   -6.213947  -11.370537  298.759552
    2.658734   -6.050869  -11.477375  298.759888
    2.931205   -5.882829  -11.583628  298.760254
    3.217175   -5.710093  -11.686743  298.760651
    3.517408   -5.532442  -11.787474  298.761139
    3.832720   -5.349642  -11.885252  298.761566
    4.164021   -5.161433  -11.979447  298.762054
    4.512108   -4.968327  -12.069293  298.762573
    4.877644   -4.769105  -12.153888  298.763184
    5.261854   -4.563927  -12.233679  298.763885
    5.666114   -4.352402  -12.304575  298.764587
    6.091941   -4.134105  -12.366915  298.765320
    6.541006   -3.909275  -12.419428  298.766205
    7.015131   -3.676260  -12.460474  298.767151
    7.520061   -3.433320  -12.488338  298.768036
    8.063078   -3.177639  -12.501617  298.769165
    8.644771   -2.910235  -12.493491  298.770325
    9.264704   -2.631479  -12.462315  298.771729
    9.921371   -2.342749  -12.404437  298.773102
   10.612246   -2.045985  -12.318262  298.774597
   11.333753   -1.743683  -12.196279  298.776215
   12.074195   -1.440017  -12.040634  298.777893
   12.821715   -1.140147  -11.852682  298.779480
   13.572313   -0.845698  -11.634233  298.781281
   14.322705   -0.557250  -11.385093  298.782990
   15.070334   -0.275206  -11.105630  298.784637
   15.813429    0.000000  -10.798706  298.786316
   16.550936    0.268384  -10.465620  298.787933
   17.287844    0.532036  -10.104736  298.789551
   18.027470    0.792251   -9.714530  298.791077
   18.769205    1.049508   -9.297116  298.792633
   19.512106    1.303425   -8.849342  298.794098
   20.254824    1.553751   -8.374141  298.795532
   20.995621    1.800143   -7.872859  298.796844
   21.732428    2.042132   -7.347428  298.798096
   22.458679    2.277836   -6.803503  298.799255
   23.170277    2.506235   -6.245647  298.800323
   23.865313    2.727023   -5.677148  298.801270
   24.542179    2.939997   -5.101172  298.802094
   25.199718    3.145066   -4.520701  298.802917
   25.837097    3.342229   -3.937222  298.803467
   26.453859    3.531624   -3.355541  298.804016
   27.052277    3.714131   -2.774027  298.804413
   27.632933    3.890050   -2.193717  298.804688
   28.195835    4.059596   -1.616111  298.804993
   28.740974    4.222901   -1.042599  298.805115
   29.268362    4.380100   -0.474499  298.805206
   29.778000    4.531317    0.086683  298.805206
   30.269873    4.676657    0.639917  298.805084
   30.743977    4.816212    1.183636  298.804962
   31.200346    4.950078    1.716507  298.804779
   31.638947    5.078319    2.237742  298.804504
   32.059792    5.201029    2.746137  298.804291
   32.462875    5.250560    3.240653  298.803894
   32.848198    5.077904    3.720228  298.803528
   33.215771    4.391236    4.390867  298.803192
   33.583351    4.676870    4.676686  298.802063
   33.971912    4.979012    4.979012  298.800812
   34.382683    5.298412    5.298412  298.799561
   34.816898    5.636054    5.636054  298.798401
   35.275909    5.992980    5.992980  298.797363
   35.761135    6.370296    6.370296  298.796448
   36.274075    6.769164    6.769164  298.795715
   36.816319    7.190817    7.190817  298.795258
   37.389515    7.636560    7.636560  298.795044
   37.995461    8.107775    8.107775  298.795410
   38.636005    8.605918    8.605918  298.796295
   39.313145    9.132524    9.132524  298.797638
   40.028954    9.689224    9.689224  298.799561
   40.785633   10.277736   10.277736  298.802063
   41.585537   10.899869   10.899869  298.805084
  BLADE PROFILES IN CARTESIAN COORDINATES (2D) BEFORE   PROJECTION, SCALING, MESHING AND STACKING 
  VARIABLES = "X", "YSS", "YPS" 
  BLADE           1  SECTION           3
    0.000000   -0.000452   -0.000452
    0.000062    0.001742   -0.001813
    0.000249    0.004267   -0.003864
    0.000561    0.006706   -0.005969
    0.000997    0.009186   -0.008080
    0.001557    0.011673   -0.010216
    0.002241    0.014178   -0.012427
    0.003050    0.016713   -0.014708
    0.003982    0.019266   -0.017043
    0.005038    0.021811   -0.019412
    0.006218    0.024318   -0.021796
    0.007520    0.026754   -0.024171
    0.008945    0.029083   -0.026511
    0.010493    0.031276   -0.028787
    0.012162    0.033319   -0.030968
    0.013954    0.035212   -0.033029
    0.015866    0.036983   -0.034949
    0.017899    0.038707   -0.036722
    0.020052    0.040476   -0.038371
    0.022325    0.042310   -0.039954
    0.024716    0.044207   -0.041555
    0.027226    0.046164   -0.043193
    0.029854    0.048180   -0.044865
    0.032600    0.050252   -0.046569
    0.035461    0.052379   -0.048300
    0.038439    0.054559   -0.050057
    0.041531    0.056790   -0.051835
    0.044738    0.059070   -0.053631
    0.048058    0.061397   -0.055443
    0.051491    0.063769   -0.057268
    0.055036    0.066186   -0.059101
    0.058691    0.068644   -0.060940
    0.062456    0.071143   -0.062783
    0.066331    0.073680   -0.064624
    0.070314    0.076255   -0.066463
    0.074403    0.078865   -0.068295
    0.078599    0.081510   -0.070117
    0.082900    0.084187   -0.071926
    0.087305    0.086894   -0.073720
    0.091812    0.089629   -0.075494
    0.096421    0.092376   -0.077246
    0.101131    0.095166   -0.078976
    0.105941    0.097981   -0.080705
    0.110848    0.100819   -0.082369
    0.115853    0.103680   -0.083998
    0.120953    0.106562   -0.085590
    0.126148    0.109464   -0.087142
    0.131435    0.112385   -0.088650
    0.136815    0.115322   -0.090113
    0.142285    0.118276   -0.091526
    0.147845    0.121244   -0.092888
    0.153492    0.124224   -0.094195
    0.159225    0.127200   -0.095445
    0.165044    0.130202   -0.096636
    0.170946    0.133215   -0.097764
    0.176930    0.136237   -0.098830
    0.182994    0.139267   -0.099863
    0.189138    0.142304   -0.100783
    0.195358    0.145347   -0.101629
    0.201655    0.148394   -0.102399
    0.208026    0.151446   -0.103093
    0.214470    0.154500   -0.103706
    0.220986    0.157538   -0.104238
    0.227570    0.160592   -0.104686
    0.234223    0.163647   -0.105049
    0.240941    0.166701   -0.105323
    0.247725    0.169754   -0.105508
    0.254571    0.172804   -0.105607
    0.261478    0.175851   -0.105648
    0.268445    0.178894   -0.105549
    0.275470    0.181932   -0.105348
    0.282550    0.184963   -0.105049
    0.289685    0.187973   -0.104649
    0.296872    0.190990   -0.104148
    0.304110    0.193999   -0.103545
    0.311396    0.197000   -0.102838
    0.318730    0.199992   -0.102026
    0.326109    0.202974   -0.101109
    0.333531    0.205946   -0.100084
    0.340994    0.208908   -0.098961
    0.348497    0.211857   -0.097762
    0.356038    0.214795   -0.096412
    0.363615    0.217716   -0.094947
    0.371226    0.220615   -0.093368
    0.378869    0.223512   -0.091678
    0.386542    0.226395   -0.089877
    0.394243    0.229263   -0.087964
    0.401971    0.232116   -0.085941
    0.409723    0.234954   -0.083805
    0.417498    0.237776   -0.081559
    0.425293    0.240582   -0.079201
    0.433107    0.243371   -0.076731
    0.440937    0.246143   -0.074152
    0.448783    0.248896   -0.071462
    0.456641    0.251630   -0.068671
    0.464509    0.254337   -0.065805
    0.472387    0.257036   -0.062788
    0.480272    0.259716   -0.059663
    0.488161    0.262377   -0.056427
    0.496053    0.265018   -0.053083
    0.503947    0.267640   -0.049636
    0.511839    0.270241   -0.046086
    0.519729    0.272823   -0.042433
    0.527613    0.275383   -0.038681
    0.535491    0.277923   -0.034829
    0.543360    0.280442   -0.030880
    0.551217    0.282940   -0.026836
    0.559063    0.285416   -0.022697
    0.566893    0.287870   -0.018466
    0.574707    0.290303   -0.014146
    0.582502    0.292713   -0.009737
    0.590277    0.295101   -0.005242
    0.598029    0.297466   -0.000663
    0.605757    0.299808    0.003997
    0.613458    0.302128    0.008736
    0.621131    0.304424    0.013552
    0.628774    0.306698    0.018442
    0.636385    0.308948    0.023404
    0.643962    0.311174    0.028435
    0.651503    0.313377    0.033533
    0.659006    0.315557    0.038693
    0.666469    0.317712    0.043915
    0.673891    0.319843    0.049194
    0.681270    0.321950    0.054527
    0.688604    0.324033    0.059913
    0.695890    0.326092    0.065347
    0.703128    0.328126    0.070826
    0.710315    0.330135    0.076347
    0.717450    0.332120    0.081908
    0.724530    0.334079    0.087503
    0.731555    0.336014    0.093131
    0.738522    0.337924    0.098788
    0.745429    0.339808    0.104470
    0.752275    0.341667    0.110175
    0.759059    0.343501    0.115897
    0.765777    0.345309    0.121634
    0.772430    0.347092    0.127383
    0.779015    0.348849    0.133140
    0.785530    0.350580    0.138900
    0.791974    0.352285    0.144661
    0.798345    0.353964    0.150419
    0.804642    0.355618    0.156170
    0.810863    0.357244    0.161910
    0.817006    0.358845    0.167636
    0.823070    0.360419    0.173344
    0.829054    0.361967    0.179031
    0.834956    0.363489    0.184693
    0.840775    0.364984    0.190328
    0.846508    0.366452    0.195930
    0.852155    0.367893    0.201496
    0.857715    0.369308    0.207022
    0.863185    0.370695    0.212504
    0.868565    0.372056    0.217939
    0.873852    0.373389    0.223323
    0.879047    0.374695    0.228653
    0.884147    0.375974    0.233934
    0.889152    0.377226    0.239154
    0.894059    0.378450    0.244299
    0.898869    0.379647    0.249375
    0.903579    0.380817    0.254380
    0.908188    0.381958    0.259309
    0.912695    0.383071    0.264161
    0.917100    0.384157    0.268930
    0.921401    0.385214    0.273615
    0.925597    0.386244    0.278211
    0.929686    0.387246    0.282717
    0.933669    0.388219    0.287129
    0.937544    0.389164    0.291444
    0.941309    0.390081    0.295658
    0.944965    0.390970    0.299770
    0.948509    0.391830    0.303775
    0.951942    0.392662    0.307671
    0.955262    0.393464    0.311457
    0.958469    0.394239    0.315128
    0.961561    0.394985    0.318683
    0.964539    0.395702    0.322118
    0.967400    0.396390    0.325433
    0.970146    0.397050    0.328623
    0.972774    0.397568    0.331688
    0.975284    0.397529    0.334625
    0.977675    0.397121    0.337432
    0.979948    0.396472    0.340107
    0.982101    0.395648    0.342648
    0.984134    0.394689    0.345052
    0.986046    0.393618    0.347319
    0.987838    0.392452    0.349449
    0.989507    0.391202    0.351438
    0.991055    0.389876    0.353285
    0.992480    0.388478    0.354989
    0.993782    0.387026    0.356549
    0.994962    0.385491    0.357964
    0.996018    0.383897    0.359232
    0.996950    0.382236    0.360353
    0.997759    0.380524    0.361440
    0.998443    0.378767    0.362552
    0.999003    0.376975    0.363773
    0.999439    0.375155    0.365266
    0.999751    0.373311    0.366845
    0.999938    0.371361    0.368551
    1.000000    0.370097    0.370097
  BLADE PROFILES IN CARTESIAN COORDINATES (3D) 
  VARIABLES = "X", "YSS", "YPS" "R" 
  BLADE           1  SECTION           3
  -18.591654  -10.169725  -10.169725  315.105133
  -16.557228  -10.078178  -10.078178  315.152344
  -14.743650   -9.996863   -9.996863  315.204437
  -13.127016   -9.924618   -9.924618  315.259247
  -11.685978   -9.860409   -9.860409  315.315186
  -10.401480   -9.803330   -9.803330  315.370819
   -9.256523   -9.752579   -9.752579  315.425232
   -8.235938   -9.707439   -9.707439  315.477631
   -7.326215   -9.667283   -9.667283  315.527527
   -6.515295   -9.631551   -9.631551  315.574585
   -5.792443   -9.599751   -9.599751  315.618591
   -5.148083   -9.571446   -9.571446  315.659576
   -4.573683   -9.546245   -9.546245  315.697510
   -4.061641   -9.523808   -9.523808  315.732330
   -3.605178   -9.503824   -9.503824  315.764404
   -3.198258   -9.486030   -9.486030  315.793579
   -2.835498   -9.470177   -9.470177  315.820190
   -2.512100   -9.456055   -9.456055  315.844391
   -2.223794   -9.443476   -9.443476  315.866333
   -1.966761   -9.432264   -9.432264  315.886200
   -1.737616   -9.422276   -9.422276  315.904114
   -1.533325   -9.413377   -9.413377  315.920288
   -1.351195   -9.405443   -9.405443  315.934845
   -1.188817   -9.398376   -9.398376  315.947937
   -1.044048   -9.392077   -9.392077  315.959686
   -0.914979   -9.386460   -9.386460  315.970337
   -0.786957   -8.765515   -9.993393  315.980896
   -0.653117   -8.473201  -10.271696  315.994904
   -0.512924   -8.266861  -10.485161  316.015228
   -0.365844   -8.115232  -10.650901  316.036652
   -0.211337   -7.985064  -10.779836  316.059418
   -0.048874   -7.854146  -10.892614  316.083618
    0.122082   -7.720838  -11.004869  316.109283
    0.302066   -7.584625  -11.117642  316.136444
    0.491606   -7.445111  -11.231071  316.165375
    0.691237   -7.301976  -11.345180  316.196136
    0.901494   -7.154951  -11.459913  316.228973
    1.122909   -7.003809  -11.575134  316.263733
    1.356008   -6.848367  -11.690647  316.300812
    1.601323   -6.688470  -11.806186  316.340302
    1.859262   -6.524064  -11.921363  316.382233
    2.129888   -6.355323  -12.035599  316.426727
    2.413816   -6.182668  -12.148519  316.473907
    2.711753   -6.005012  -12.260394  316.523987
    3.024470   -5.822350  -12.369601  316.577209
    3.352825   -5.634587  -12.475473  316.633698
    3.697745   -5.441494  -12.577903  316.693726
    4.060060   -5.242933  -12.676106  316.757629
    4.440446   -5.038919  -12.769174  316.825439
    4.840169   -4.829766  -12.856206  316.897583
    5.260641   -4.613864  -12.936315  316.974335
    5.703444   -4.391398  -13.009080  317.056183
    6.170301   -4.161961  -13.070510  317.143494
    6.663090   -3.925408  -13.120545  317.236664
    7.187771   -3.679461  -13.157473  317.337036
    7.751886   -3.420811  -13.178766  317.446136
    8.356044   -3.150423  -13.182565  317.564301
    8.999778   -2.869602  -13.160811  317.691528
    9.681514   -2.580065  -13.112260  317.827545
   10.398624   -2.282874  -13.033357  317.971863
   11.147408   -1.980539  -12.922471  318.123840
   11.915730   -1.678722  -12.776028  318.280884
   12.691351   -1.381587  -12.595617  318.440125
   13.470112   -1.090405  -12.383012  318.600525
   14.248637   -0.806208  -12.139362  318.761169
   15.024321   -0.529718  -11.866619  318.921356
   15.795358   -0.261174  -11.566356  319.080261
   16.560671    0.000000  -11.237403  319.237488
   17.325464    0.255645  -10.879992  319.393829
   18.093231    0.507151  -10.492708  319.549866
   18.863369    0.754526  -10.075830  319.705231
   19.634922    0.997653   -9.629951  319.859283
   20.406500    1.236269   -9.156048  320.011597
   21.176365    1.470111   -8.655543  320.161621
   21.942373    1.698765   -8.130384  320.308594
   22.697706    1.920489   -7.586250  320.451202
   23.438152    2.134389   -7.027735  320.588287
   24.161671    2.340249   -6.458172  320.719574
   24.866663    2.537954   -5.880766  320.844818
   25.551847    2.727501   -5.298528  320.963745
   26.216389    2.908968   -4.714186  321.076416
   26.859764    3.082530   -4.130131  321.182556
   27.484377    3.249074   -3.546043  321.282959
   28.090771    3.409014   -2.962971  321.377563
   28.678961    3.562554   -2.382256  321.466888
   29.248919    3.709886   -1.805569  321.550568
   29.800619    3.851188   -1.234193  321.629211
   30.334055    3.986634   -0.669385  321.702606
   30.849192    4.116367   -0.113232  321.771179
   31.346031    4.240472    0.433526  321.835052
   31.824514    4.359125    0.969790  321.894226
   32.284641    4.472425    1.494318  321.949127
   32.726376    4.580477    2.005977  321.999878
   33.149696    4.624815    2.503714  322.046570
   33.554585    4.428109    2.986431  322.089569
   33.941017    3.668108    3.667768  322.128937
   34.328720    3.948336    3.948165  322.162109
   34.738564    4.244775    4.244775  322.190887
   35.171799    4.558177    4.558177  322.221619
   35.629765    4.889515    4.889515  322.254333
   36.113842    5.239820    5.239820  322.289215
   36.625549    5.610183    5.610183  322.326721
   37.166431    6.001757    6.001757  322.367004
   37.738129    6.415765    6.415765  322.410431
   38.342373    6.853511    6.853511  322.457520
   38.980976    7.316367    7.316367  322.509338
   39.655922    7.805774    7.805774  322.565613
   40.369267    8.323265    8.323265  322.626831
   41.123173    8.870472    8.870472  322.693420
   41.919941    9.449116    9.449116  322.765991
   42.760216   10.061323   10.061323  322.851654
  BLADE PROFILES IN CARTESIAN COORDINATES (2D) BEFORE   PROJECTION, SCALING, MESHING AND STACKING 
  VARIABLES = "X", "YSS", "YPS" 
  BLADE           2  SECTION           1
    0.000000   -0.002415   -0.002415
    0.000062    0.000937   -0.003885
    0.000249    0.003647   -0.005796
    0.000561    0.006715   -0.007624
    0.000997    0.010053   -0.009596
    0.001557    0.013141   -0.011604
    0.002241    0.016100   -0.013666
    0.003050    0.019040   -0.015837
    0.003982    0.021991   -0.018174
    0.005038    0.024858   -0.020647
    0.006218    0.027625   -0.023198
    0.007520    0.030268   -0.025767
    0.008945    0.032758   -0.028340
    0.010493    0.035077   -0.030888
    0.012162    0.037221   -0.033351
    0.013954    0.039209   -0.035684
    0.015866    0.041089   -0.037851
    0.017899    0.042938   -0.039829
    0.020052    0.044814   -0.041623
    0.022325    0.046724   -0.043286
    0.024716    0.048665   -0.044915
    0.027226    0.050634   -0.046558
    0.029854    0.052627   -0.048220
    0.032600    0.054641   -0.049899
    0.035461    0.056676   -0.051593
    0.038439    0.058751   -0.053301
    0.041531    0.060808   -0.055018
    0.044738    0.062869   -0.056744
    0.048058    0.064934   -0.058457
    0.051491    0.067001   -0.060202
    0.055036    0.069066   -0.061953
    0.058691    0.071126   -0.063710
    0.062456    0.073178   -0.065470
    0.066331    0.075220   -0.067234
    0.070314    0.077248   -0.069000
    0.074403    0.079260   -0.070767
    0.078599    0.081253   -0.072535
    0.082900    0.083223   -0.074302
    0.087305    0.085169   -0.076068
    0.091812    0.087087   -0.077833
    0.096421    0.088974   -0.079596
    0.101131    0.090829   -0.081355
    0.105941    0.092648   -0.083111
    0.110848    0.094431   -0.084862
    0.115853    0.096206   -0.086590
    0.120953    0.097899   -0.088332
    0.126148    0.099544   -0.090069
    0.131435    0.101141   -0.091801
    0.136815    0.102687   -0.093527
    0.142285    0.104179   -0.095248
    0.147845    0.105617   -0.096963
    0.153492    0.106996   -0.098672
    0.159225    0.108316   -0.100376
    0.165044    0.109574   -0.102073
    0.170946    0.110767   -0.103764
    0.176930    0.111894   -0.105448
    0.182994    0.112953   -0.107111
    0.189138    0.113945   -0.108782
    0.195358    0.114901   -0.110447
    0.201655    0.115736   -0.112106
    0.208026    0.116495   -0.113760
    0.214470    0.117176   -0.115408
    0.220986    0.117778   -0.117050
    0.227570    0.118299   -0.118687
    0.234223    0.118738   -0.120318
    0.240941    0.119092   -0.121945
    0.247725    0.119361   -0.123567
    0.254571    0.119544   -0.125174
    0.261478    0.119638   -0.126786
    0.268445    0.119643   -0.128394
    0.275470    0.119560   -0.129999
    0.282550    0.119422   -0.131600
    0.289685    0.119145   -0.133198
    0.296872    0.118773   -0.134794
    0.304110    0.118306   -0.136386
    0.311396    0.117745   -0.137976
    0.318730    0.117087   -0.139565
    0.326109    0.116333   -0.141151
    0.333531    0.115481   -0.142731
    0.340994    0.114531   -0.144315
    0.348497    0.113483   -0.145898
    0.356038    0.112337   -0.147480
    0.363615    0.111091   -0.149063
    0.371226    0.109750   -0.150646
    0.378869    0.108350   -0.152229
    0.386542    0.106799   -0.153813
    0.394243    0.105149   -0.155397
    0.401971    0.103400   -0.156983
    0.409723    0.101552   -0.158571
    0.417498    0.099605   -0.160160
    0.425293    0.097560   -0.161750
    0.433107    0.095417   -0.163344
    0.440937    0.093177   -0.164940
    0.448783    0.090840   -0.166539
    0.456641    0.088406   -0.168141
    0.464509    0.085877   -0.169745
    0.472387    0.083254   -0.171353
    0.480272    0.080537   -0.172964
    0.488161    0.077727   -0.174579
    0.496053    0.074825   -0.176197
    0.503947    0.071834   -0.177819
    0.511839    0.068795   -0.179444
    0.519729    0.065620   -0.181074
    0.527613    0.062359   -0.182707
    0.535491    0.059013   -0.184344
    0.543360    0.055583   -0.185984
    0.551217    0.052070   -0.187629
    0.559063    0.048478   -0.189278
    0.566893    0.044806   -0.190930
    0.574707    0.041058   -0.192590
    0.582502    0.037235   -0.194249
    0.590277    0.033338   -0.195913
    0.598029    0.029370   -0.197579
    0.605757    0.025333   -0.199249
    0.613458    0.021229   -0.200922
    0.621131    0.017061   -0.202598
    0.628774    0.012829   -0.204276
    0.636385    0.008537   -0.205956
    0.643962    0.004188   -0.207639
    0.651503   -0.000218   -0.209323
    0.659006   -0.004676   -0.211009
    0.666469   -0.009185   -0.212696
    0.673891   -0.013742   -0.214383
    0.681270   -0.018345   -0.216071
    0.688604   -0.022990   -0.217760
    0.695890   -0.027675   -0.219447
    0.703128   -0.032398   -0.221134
    0.710315   -0.037155   -0.222820
    0.717450   -0.041944   -0.224504
    0.724530   -0.046762   -0.226186
    0.731555   -0.051606   -0.227866
    0.738522   -0.056472   -0.229542
    0.745429   -0.061359   -0.231215
    0.752275   -0.066263   -0.232883
    0.759059   -0.071181   -0.234547
    0.765777   -0.076110   -0.236205
    0.772430   -0.081048   -0.237857
    0.779015   -0.085990   -0.239498
    0.785530   -0.090934   -0.241136
    0.791974   -0.095877   -0.242767
    0.798345   -0.100815   -0.244390
    0.804642   -0.105747   -0.246004
    0.810863   -0.110667   -0.247608
    0.817006   -0.115574   -0.249202
    0.823070   -0.120464   -0.250785
    0.829054   -0.125335   -0.252356
    0.834956   -0.130182   -0.253915
    0.840775   -0.135003   -0.255460
    0.846508   -0.139796   -0.256992
    0.852155   -0.144555   -0.258509
    0.857715   -0.149280   -0.260011
    0.863185   -0.153966   -0.261497
    0.868565   -0.158630   -0.262967
    0.873852   -0.163230   -0.264419
    0.879047   -0.167783   -0.265853
    0.884147   -0.172285   -0.267269
    0.889152   -0.176734   -0.268664
    0.894059   -0.181127   -0.270040
    0.898869   -0.185460   -0.271395
    0.903579   -0.189731   -0.272728
    0.908188   -0.193937   -0.274039
    0.912695   -0.198075   -0.275327
    0.917100   -0.202142   -0.276591
    0.921401   -0.206137   -0.277830
    0.925597   -0.210055   -0.279043
    0.929686   -0.213896   -0.280232
    0.933669   -0.217655   -0.281395
    0.937544   -0.221330   -0.282531
    0.941309   -0.224920   -0.283639
    0.944965   -0.228421   -0.284718
    0.948509   -0.231831   -0.285769
    0.951942   -0.235148   -0.286791
    0.955262   -0.238370   -0.287782
    0.958469   -0.241495   -0.288742
    0.961561   -0.244520   -0.289671
    0.964539   -0.247444   -0.290569
    0.967400   -0.250263   -0.291434
    0.970146   -0.252978   -0.292266
    0.972774   -0.255585   -0.293065
    0.975284   -0.258083   -0.293830
    0.977675   -0.260470   -0.294560
    0.979948   -0.262744   -0.295256
    0.982101   -0.264905   -0.295917
    0.984134   -0.266951   -0.296464
    0.986046   -0.268879   -0.296763
    0.987838   -0.270689   -0.296884
    0.989507   -0.272380   -0.296874
    0.991055   -0.273950   -0.296762
    0.992480   -0.275399   -0.296565
    0.993782   -0.276725   -0.296295
    0.994962   -0.277963   -0.295957
    0.996018   -0.279192   -0.295554
    0.996950   -0.280506   -0.295082
    0.997759   -0.281878   -0.294541
    0.998443   -0.283273   -0.293928
    0.999003   -0.284658   -0.293245
    0.999439   -0.286006   -0.292475
    0.999751   -0.287296   -0.291607
    0.999938   -0.288524   -0.290657
    1.000000   -0.289598   -0.289598
  BLADE PROFILES IN CARTESIAN COORDINATES (3D) 
  VARIABLES = "X", "YSS", "YPS" "R" 
  BLADE           2  SECTION           1
   27.459740   -5.758978   -5.758978  276.126434
   28.992653   -5.622034   -5.622034  275.894653
   30.369572   -5.499749   -5.499749  275.706573
   31.606323   -5.390523   -5.390523  275.555237
   32.717739   -5.293036   -5.293036  275.439941
   33.717491   -5.206162   -5.206162  275.362793
   34.613907   -5.128299   -5.128299  275.294067
   35.417618   -5.058506   -5.058506  275.232300
   36.138168   -4.995939   -4.995939  275.176636
   36.784149   -4.939843   -4.939843  275.126099
   37.363213   -4.889543   -4.889543  275.079834
   37.882347   -4.844446   -4.844446  275.038025
   38.347752   -4.804015   -4.804015  275.000214
   38.764980   -4.767766   -4.767766  274.966064
   39.139030   -4.735265   -4.735265  274.935150
   39.474373   -4.706128   -4.706128  274.907227
   39.775013   -4.680004   -4.680004  274.882141
   40.044533   -4.656582   -4.656582  274.859436
   40.286156   -4.635582   -4.635582  274.838989
   40.502785   -4.616755   -4.616755  274.820557
   40.697002   -4.599875   -4.599875  274.803986
   40.890759   -3.553872   -5.599183  274.784180
   41.093288   -3.064435   -6.042002  274.763123
   41.305408   -2.734053   -6.398482  274.740631
   41.527935   -2.492509   -6.679236  274.716644
   41.761654   -2.282555   -6.891979  274.691010
   42.007378   -2.078142   -7.066096  274.663452
   42.265923   -1.876873   -7.233614  274.633881
   42.538059   -1.677725   -7.399242  274.602264
   42.824608   -1.478399   -7.563757  274.568268
   43.126373   -1.282513   -7.727081  274.531677
   43.444141   -1.087797   -7.890207  274.492340
   43.778709   -0.894283   -8.054487  274.450043
   44.130875   -0.702153   -8.219367  274.404510
   44.501419   -0.511700   -8.385052  274.355560
   44.890961   -0.323411   -8.551621  274.302979
   45.299568   -0.138089   -8.718923  274.246521
   45.728161    0.043804   -8.887154  274.185913
   46.177788    0.221724   -9.056524  274.120758
   46.649632    0.395975   -9.226727  274.050964
   47.144936    0.564854   -9.398210  273.975861
   47.665066    0.726202   -9.572133  273.895111
   48.211304    0.880347   -9.748034  273.808289
   48.784653    1.026049   -9.925990  273.715027
   49.386936    1.162137  -10.106354  273.614746
   50.020302    1.287247  -10.289501  273.506683
   50.687084    1.400158  -10.474946  273.390289
   51.389862    1.499711  -10.664849  273.264740
   52.131428    1.580329  -10.858962  273.129028
   52.920712    1.642125  -11.059319  272.981262
   53.768978    1.681832  -11.268296  272.818756
   54.677116    1.694626  -11.485230  272.640594
   55.644321    1.677817  -11.710691  272.446686
   56.668240    1.620493  -11.943579  272.236481
   57.744755    1.521812  -12.183132  272.010925
   58.868340    1.377823  -12.428084  271.770447
   60.020725    1.187706  -12.675732  271.519135
   61.183544    0.955313  -12.922601  271.261261
   62.350525    0.677056  -13.168229  270.998444
   63.516705    0.357911  -13.412310  270.732269
   64.678146    0.000000  -13.654913  270.464294
   65.832176   -0.394520  -13.896046  270.195496
   66.977234   -0.823700  -14.135958  269.926697
   68.121117   -1.287286  -14.376804  269.656677
   69.269020   -1.791682  -14.620165  269.384674
   70.420120   -2.333609  -14.866364  269.111176
   71.572945   -2.912118  -15.115651  268.837006
   72.725487   -3.525795  -15.367661  268.563263
   73.875137   -4.172661  -15.622323  268.290833
   75.018723   -4.850096  -15.879234  268.021057
   76.146088   -5.550712  -16.136307  267.756531
   77.250977   -6.268566  -16.392191  267.499329
   78.330391   -6.999385  -16.646187  267.250183
   79.381935   -7.739086  -16.897642  267.010010
   80.403793   -8.483866  -17.145988  266.779175
   81.394669   -9.230295  -17.390446  266.558167
   82.353889   -9.975388  -17.631227  266.347107
   83.284950  -10.719611  -17.868687  266.145233
   84.188812  -11.461711  -18.102835  265.952393
   85.065407  -12.199780  -18.333439  265.768341
   85.914764  -12.932643  -18.560261  265.593140
   86.736847  -13.657780  -18.783068  265.426575
   87.531670  -14.373251  -19.001600  265.268677
   88.299179  -15.077857  -19.215601  265.119049
   89.039360  -15.770070  -19.424669  264.977661
   89.752205  -16.448439  -19.628881  264.844269
   90.437653  -17.111553  -19.827765  264.718719
   91.095673  -17.758095  -20.021059  264.600769
   91.726265  -18.386784  -20.208488  264.490143
   92.329391  -18.996393  -20.327974  264.386597
   92.904976  -19.932442  -19.932842  264.290009
   93.487022  -20.319992  -20.320194  264.235901
   94.115440  -20.738159  -20.738159  264.178711
   94.794037  -21.189602  -21.189602  264.118500
   95.526817  -21.676977  -21.676977  264.055054
   96.318039  -22.203142  -22.203142  263.988434
   97.172424  -22.771198  -22.771198  263.918793
   98.095055  -23.384493  -23.384493  263.846039
   99.091339  -24.046637  -24.046637  263.770416
  100.167206  -24.761547  -24.761547  263.692108
  101.329002  -25.533442  -25.533442  263.611420
  102.583603  -26.366905  -26.366905  263.528687
  103.938416  -27.266869  -27.266869  263.444366
  105.401497  -28.238693  -28.238693  263.359039
  106.981438  -29.288166  -29.288166  263.273346
  108.687599  -30.421562  -30.421562  263.188263
  110.530037  -31.645670  -31.645670  263.104736
  112.519615  -32.967861  -32.967861  263.023926
  114.667999  -34.396111  -34.396111  262.947235
  116.987778  -35.939064  -35.939064  262.876251
  119.492531  -37.606117  -37.606117  262.812653
  BLADE PROFILES IN CARTESIAN COORDINATES (2D) BEFORE   PROJECTION, SCALING, MESHING AND STACKING 
  VARIABLES = "X", "YSS", "YPS" 
  BLADE           2  SECTION           2
    0.000000    0.001932    0.001932
    0.000062    0.003222   -0.000666
    0.000249    0.005279   -0.003491
    0.000561    0.007359   -0.006451
    0.000997    0.009482   -0.009593
    0.001557    0.011663   -0.012557
    0.002241    0.013958   -0.015526
    0.003050    0.016459   -0.018545
    0.003982    0.019080   -0.021587
    0.005038    0.021777   -0.024613
    0.006218    0.024515   -0.027577
    0.007520    0.027254   -0.030435
    0.008945    0.029963   -0.033141
    0.010493    0.032602   -0.035661
    0.012162    0.035131   -0.037978
    0.013954    0.037513   -0.040096
    0.015866    0.039722   -0.042062
    0.017899    0.041745   -0.043966
    0.020052    0.043595   -0.045896
    0.022325    0.045328   -0.047868
    0.024716    0.047031   -0.049880
    0.027226    0.048740   -0.051929
    0.029854    0.050459   -0.054013
    0.032600    0.052183   -0.056130
    0.035461    0.053909   -0.058277
    0.038439    0.055635   -0.060454
    0.041531    0.057357   -0.062657
    0.044738    0.059071   -0.064886
    0.048058    0.060776   -0.067139
    0.051491    0.062467   -0.069415
    0.055036    0.064142   -0.071711
    0.058691    0.065798   -0.074027
    0.062456    0.067432   -0.076360
    0.066331    0.069041   -0.078711
    0.070314    0.070622   -0.081077
    0.074403    0.072173   -0.083459
    0.078599    0.073690   -0.085827
    0.082900    0.075175   -0.088232
    0.087305    0.076652   -0.090649
    0.091812    0.078051   -0.093077
    0.096421    0.079404   -0.095514
    0.101131    0.080712   -0.097960
    0.105941    0.081970   -0.100415
    0.110848    0.083176   -0.102877
    0.115853    0.084329   -0.105347
    0.120953    0.085425   -0.107822
    0.126148    0.086463   -0.110304
    0.131435    0.087439   -0.112790
    0.136815    0.088353   -0.115281
    0.142285    0.089201   -0.117777
    0.147845    0.089982   -0.120257
    0.153492    0.090693   -0.122757
    0.159225    0.091333   -0.125261
    0.165044    0.091899   -0.127768
    0.170946    0.092390   -0.130277
    0.176930    0.092839   -0.132788
    0.182994    0.093168   -0.135300
    0.189138    0.093414   -0.137815
    0.195358    0.093577   -0.140331
    0.201655    0.093656   -0.142848
    0.208026    0.093648   -0.145367
    0.214470    0.093553   -0.147886
    0.220986    0.093368   -0.150406
    0.227570    0.093093   -0.152912
    0.234223    0.092726   -0.155433
    0.240941    0.092265   -0.157953
    0.247725    0.091711   -0.160475
    0.254571    0.091060   -0.162997
    0.261478    0.090313   -0.165520
    0.268445    0.089470   -0.168043
    0.275470    0.088566   -0.170566
    0.282550    0.087518   -0.173090
    0.289685    0.086368   -0.175615
    0.296872    0.085117   -0.178140
    0.304110    0.083764   -0.180666
    0.311396    0.082309   -0.183192
    0.318730    0.080751   -0.185711
    0.326109    0.079091   -0.188238
    0.333531    0.077326   -0.190766
    0.340994    0.075458   -0.193295
    0.348497    0.073486   -0.195824
    0.356038    0.071409   -0.198355
    0.363615    0.069229   -0.200886
    0.371226    0.066944   -0.203419
    0.378869    0.064556   -0.205952
    0.386542    0.062063   -0.208487
    0.394243    0.059470   -0.211023
    0.401971    0.056815   -0.213560
    0.409723    0.054010   -0.216097
    0.417498    0.051101   -0.218636
    0.425293    0.048091   -0.221177
    0.433107    0.044980   -0.223718
    0.440937    0.041770   -0.226260
    0.448783    0.038460   -0.228804
    0.456641    0.035052   -0.231347
    0.464509    0.031547   -0.233892
    0.472387    0.027946   -0.236439
    0.480272    0.024249   -0.238986
    0.488161    0.020460   -0.241535
    0.496053    0.016577   -0.244083
    0.503947    0.012604   -0.246633
    0.511839    0.008542   -0.249183
    0.519729    0.004391   -0.251733
    0.527613    0.000154   -0.254283
    0.535491   -0.004167   -0.256833
    0.543360   -0.008572   -0.259383
    0.551217   -0.013057   -0.261932
    0.559063   -0.017621   -0.264481
    0.566893   -0.022263   -0.267028
    0.574707   -0.026980   -0.269574
    0.582502   -0.031769   -0.272119
    0.590277   -0.036629   -0.274662
    0.598029   -0.041558   -0.277203
    0.605757   -0.046553   -0.279741
    0.613458   -0.051611   -0.282276
    0.621131   -0.056731   -0.284808
    0.628774   -0.061910   -0.287337
    0.636385   -0.067145   -0.289861
    0.643962   -0.072434   -0.292381
    0.651503   -0.077774   -0.294896
    0.659006   -0.083162   -0.297406
    0.666469   -0.088595   -0.299910
    0.673891   -0.094072   -0.302407
    0.681270   -0.099588   -0.304898
    0.688604   -0.105142   -0.307381
    0.695890   -0.110729   -0.309857
    0.703128   -0.116347   -0.312324
    0.710315   -0.121994   -0.314781
    0.717450   -0.127665   -0.317229
    0.724530   -0.133359   -0.319667
    0.731555   -0.139071   -0.322094
    0.738522   -0.144799   -0.324505
    0.745429   -0.150540   -0.326908
    0.752275   -0.156290   -0.329299
    0.759059   -0.162046   -0.331676
    0.765777   -0.167804   -0.334039
    0.772430   -0.173563   -0.336387
    0.779015   -0.179318   -0.338720
    0.785530   -0.185065   -0.341036
    0.791974   -0.190803   -0.343336
    0.798345   -0.196527   -0.345617
    0.804642   -0.202237   -0.347880
    0.810863   -0.207950   -0.350124
    0.817006   -0.213614   -0.352347
    0.823070   -0.219253   -0.354550
    0.829054   -0.224861   -0.356731
    0.834956   -0.230436   -0.358890
    0.840775   -0.235974   -0.361026
    0.846508   -0.241472   -0.363138
    0.852155   -0.246927   -0.365226
    0.857715   -0.252336   -0.367288
    0.863185   -0.257695   -0.369323
    0.868565   -0.263001   -0.371332
    0.873852   -0.268251   -0.373310
    0.879047   -0.273442   -0.375262
    0.884147   -0.278571   -0.377186
    0.889152   -0.283634   -0.379079
    0.894059   -0.288629   -0.380942
    0.898869   -0.293552   -0.382772
    0.903579   -0.298401   -0.384571
    0.908188   -0.303172   -0.386336
    0.912695   -0.307864   -0.388067
    0.917100   -0.312484   -0.389764
    0.921401   -0.317006   -0.391425
    0.925597   -0.321439   -0.393050
    0.929686   -0.325781   -0.394638
    0.933669   -0.330028   -0.396189
    0.937544   -0.334178   -0.397701
    0.941309   -0.338229   -0.399175
    0.944965   -0.342178   -0.400609
    0.948509   -0.346022   -0.402002
    0.951942   -0.349760   -0.403355
    0.955262   -0.353388   -0.404667
    0.958469   -0.356905   -0.405936
    0.961561   -0.360308   -0.407163
    0.964539   -0.363595   -0.408346
    0.967400   -0.366765   -0.409486
    0.970146   -0.369815   -0.410581
    0.972774   -0.372743   -0.411631
    0.975284   -0.375548   -0.412636
    0.977675   -0.378227   -0.413595
    0.979948   -0.380779   -0.414508
    0.982101   -0.383203   -0.415348
    0.984134   -0.385496   -0.416000
    0.986046   -0.387658   -0.416414
    0.987838   -0.389687   -0.416655
    0.989507   -0.391582   -0.416764
    0.991055   -0.393341   -0.416766
    0.992480   -0.394963   -0.416675
    0.993782   -0.396448   -0.416500
    0.994962   -0.397807   -0.416246
    0.996018   -0.399087   -0.415914
    0.996950   -0.400487   -0.415501
    0.997759   -0.401936   -0.415006
    0.998443   -0.403406   -0.414457
    0.999003   -0.404865   -0.413790
    0.999439   -0.406286   -0.412973
    0.999751   -0.407648   -0.412092
    0.999938   -0.408944   -0.411080
    1.000000   -0.410451   -0.410451
  BLADE PROFILES IN CARTESIAN COORDINATES (3D) 
  VARIABLES = "X", "YSS", "YPS" "R" 
  BLADE           2  SECTION           2
   29.108343   -1.163276   -1.163276  298.805145
   30.569666   -1.233816   -1.233816  298.805054
   31.879827   -1.297056   -1.297056  298.804413
   33.054451   -1.353753   -1.353753  298.803345
   34.107578   -1.404576   -1.404576  298.800415
   35.051754   -1.450141   -1.450141  298.797852
   35.898277   -1.490995   -1.490995  298.796204
   36.657223   -1.527625   -1.527625  298.795288
   37.337658   -1.560469   -1.560469  298.795013
   37.947712   -1.589918   -1.589918  298.795349
   38.494656   -1.616323   -1.616323  298.796051
   38.985023   -1.639999   -1.639999  298.796967
   39.424660   -1.661226   -1.661226  298.797913
   39.818825   -1.680258   -1.680258  298.798981
   40.172215   -1.697322   -1.697322  298.800018
   40.489052   -1.712622   -1.712622  298.801025
   40.773109   -1.726340   -1.726340  298.802063
   41.027786   -1.738639   -1.738639  298.803009
   41.256111   -1.749666   -1.749666  298.803894
   41.460827   -1.759552   -1.759552  298.804749
   41.644360   -1.768417   -1.768417  298.805237
   41.827900   -0.816035   -2.760894  298.805542
   42.019798   -0.365486   -3.251539  298.805847
   42.220833   -0.015926   -3.589068  298.806183
   42.431778    0.254218   -3.830024  298.806519
   42.653393    0.460086   -4.033376  298.806854
   42.886478    0.631423   -4.232270  298.807159
   43.131760    0.795230   -4.429707  298.807465
   43.390049    0.955138   -4.626933  298.807739
   43.662094    1.111645   -4.824856  298.808075
   43.948673    1.264987   -5.024166  298.808411
   44.250557    1.415211   -5.225396  298.808716
   44.568512    1.562200   -5.428973  298.809052
   44.903313    1.705705   -5.635236  298.809357
   45.255741    1.845366   -5.844541  298.809631
   45.626369    1.980626   -6.055433  298.809875
   46.015312    2.112614   -6.270591  298.810089
   46.423454    2.236816   -6.488918  298.810242
   46.851833    2.354547   -6.710777  298.810303
   47.301544    2.465220   -6.936495  298.810547
   47.773888    2.568010   -7.166415  298.810730
   48.270157    2.661966   -7.400908  298.810547
   48.791569    2.745961   -7.640200  298.810577
   49.339130    2.818708   -7.883500  298.810394
   49.914661    2.878870   -8.133164  298.810211
   50.520222    2.926791   -8.388935  298.809845
   51.158077    2.956320   -8.651451  298.809448
   51.830757    2.967770   -8.921421  298.809021
   52.540977    2.958811   -9.199632  298.808319
   53.297348    2.926347   -9.488132  298.807495
   54.110756    2.865947   -9.792151  298.806641
   54.982117    2.772845  -10.110703  298.805450
   55.910744    2.644279  -10.443143  298.804138
   56.894398    2.471256  -10.788456  298.802399
   57.929291    2.252570  -11.144834  298.800568
   59.010075    1.985196  -11.511525  298.798492
   60.119213    1.670485  -11.882673  298.796051
   61.238983    1.312276  -12.253123  298.793610
   62.363350    0.914886  -12.621746  298.790985
   63.487381    0.475686  -12.987774  298.788239
   64.607315    0.000000  -13.350686  298.785339
   65.720413   -0.509808  -13.710529  298.782471
   66.825172   -1.051666  -14.067329  298.779572
   67.929024   -1.628239  -14.424069  298.776581
   69.036957   -2.241765  -14.782877  298.773346
   70.148056   -2.891617  -15.143952  298.770203
   71.260902   -3.576730  -15.507297  298.767090
   72.373436   -4.295509  -15.872668  298.763885
   73.483124   -5.045765  -16.239616  298.760773
   74.586823   -5.824623  -16.607441  298.757660
   75.674706   -6.623848  -16.973103  298.754669
   76.740662   -7.437017  -17.334684  298.751648
   77.781784   -8.259707  -17.691244  298.748901
   78.795708   -9.087719  -18.041729  298.746216
   79.780678   -9.917194  -18.385941  298.743652
   80.735428  -10.744691  -18.723034  298.741272
   81.659309  -11.567274  -19.052607  298.739014
   82.555710  -12.387238  -19.375679  298.736938
   83.425522  -13.200667  -19.692387  298.735016
   84.268715  -14.007092  -20.002539  298.733246
   85.085320  -14.804732  -20.305941  298.731506
   85.875320  -15.591908  -20.602228  298.730072
   86.638718  -16.367025  -20.891521  298.728699
   87.375519  -17.128565  -21.173391  298.727448
   88.085732  -17.875727  -21.447611  298.726318
   88.769333  -18.605757  -21.713940  298.725342
   89.426331  -19.317944  -21.972149  298.724396
   90.056740  -20.011017  -22.222017  298.723663
   90.660538  -20.683760  -22.463297  298.722992
   91.237740  -21.334995  -22.624516  298.722412
   91.788361  -22.308628  -22.309002  298.722290
   92.338951  -22.737089  -22.737278  298.723694
   92.933350  -23.199440  -23.199440  298.725189
   93.575066  -23.698576  -23.698576  298.726868
   94.267792  -24.237417  -24.237417  298.728638
   95.015640  -24.819138  -24.819138  298.730652
   95.822983  -25.447136  -25.447136  298.732758
   96.694534  -26.125103  -26.125103  298.735138
   97.635468  -26.857016  -26.857016  298.737701
   98.651207  -27.647160  -27.647160  298.740479
   99.747772  -28.500166  -28.500166  298.743530
  100.931557  -29.421049  -29.421049  298.746796
  102.209503  -30.415195  -30.415195  298.750336
  103.589127  -31.488445  -31.488445  298.754150
  105.078522  -32.647079  -32.647079  298.758209
  106.686386  -33.897907  -33.897907  298.762604
  108.422157  -35.248245  -35.248245  298.767212
  110.295998  -36.706001  -36.706001  298.772003
  112.318916  -38.279732  -38.279732  298.777008
  114.502754  -39.978645  -39.978645  298.782074
  116.860359  -41.812683  -41.812683  298.787109
  BLADE PROFILES IN CARTESIAN COORDINATES (2D) BEFORE   PROJECTION, SCALING, MESHING AND STACKING 
  VARIABLES = "X", "YSS", "YPS" 
  BLADE           2  SECTION           3
    0.000000   -0.000955   -0.000955
    0.000062    0.003026   -0.003267
    0.000249    0.005757   -0.007191
    0.000561    0.008279   -0.011538
    0.000997    0.010521   -0.015852
    0.001557    0.012668   -0.019395
    0.002241    0.014809   -0.022646
    0.003050    0.016983   -0.025726
    0.003982    0.019169   -0.028673
    0.005038    0.021430   -0.031445
    0.006218    0.023755   -0.034002
    0.007520    0.026112   -0.036367
    0.008945    0.028564   -0.038557
    0.010493    0.031077   -0.040616
    0.012162    0.033594   -0.042622
    0.013954    0.036072   -0.044676
    0.015866    0.038469   -0.046801
    0.017899    0.040745   -0.048990
    0.020052    0.042864   -0.051242
    0.022325    0.044797   -0.053554
    0.024716    0.046536   -0.055924
    0.027226    0.048098   -0.058348
    0.029854    0.049551   -0.060824
    0.032600    0.051007   -0.063349
    0.035461    0.052452   -0.065921
    0.038439    0.053883   -0.068537
    0.041531    0.055308   -0.071194
    0.044738    0.056729   -0.073892
    0.048058    0.058101   -0.076628
    0.051491    0.059446   -0.079402
    0.055036    0.060763   -0.082210
    0.058691    0.062047   -0.085046
    0.062456    0.063297   -0.087898
    0.066331    0.064508   -0.090802
    0.070314    0.065679   -0.093735
    0.074403    0.066804   -0.096695
    0.078599    0.067882   -0.099682
    0.082900    0.068910   -0.102693
    0.087305    0.069888   -0.105728
    0.091812    0.070811   -0.108786
    0.096421    0.071678   -0.111865
    0.101131    0.072486   -0.114964
    0.105941    0.073232   -0.118083
    0.110848    0.073914   -0.121220
    0.115853    0.074530   -0.124374
    0.120953    0.075078   -0.127545
    0.126148    0.075554   -0.130730
    0.131435    0.075958   -0.133926
    0.136815    0.076287   -0.137123
    0.142285    0.076539   -0.140350
    0.147845    0.076712   -0.143591
    0.153492    0.076809   -0.146844
    0.159225    0.076854   -0.150108
    0.165044    0.076778   -0.153383
    0.170946    0.076613   -0.156669
    0.176930    0.076356   -0.159964
    0.182994    0.076009   -0.163269
    0.189138    0.075570   -0.166582
    0.195358    0.075037   -0.169904
    0.201655    0.074410   -0.173234
    0.208026    0.073686   -0.176571
    0.214470    0.072864   -0.179912
    0.220986    0.071944   -0.183248
    0.227570    0.070923   -0.186604
    0.234223    0.069801   -0.189966
    0.240941    0.068576   -0.193335
    0.247725    0.067247   -0.196708
    0.254571    0.065814   -0.200087
    0.261478    0.064276   -0.203471
    0.268445    0.062631   -0.206859
    0.275470    0.060886   -0.210252
    0.282550    0.059067   -0.213649
    0.289685    0.057099   -0.217050
    0.296872    0.055022   -0.220455
    0.304110    0.052832   -0.223862
    0.311396    0.050532   -0.227274
    0.318730    0.048123   -0.230688
    0.326109    0.045603   -0.234105
    0.333531    0.042974   -0.237524
    0.340994    0.040234   -0.240945
    0.348497    0.037384   -0.244362
    0.356038    0.034424   -0.247788
    0.363615    0.031354   -0.251217
    0.371226    0.028175   -0.254647
    0.378869    0.024887   -0.258078
    0.386542    0.021490   -0.261511
    0.394243    0.017985   -0.264945
    0.401971    0.014372   -0.268380
    0.409723    0.010653   -0.271816
    0.417498    0.006827   -0.275252
    0.425293    0.002897   -0.278689
    0.433107   -0.001138   -0.282126
    0.440937   -0.005276   -0.285562
    0.448783   -0.009516   -0.288998
    0.456641   -0.013857   -0.292433
    0.464509   -0.018298   -0.295868
    0.472387   -0.022837   -0.299301
    0.480272   -0.027473   -0.302733
    0.488161   -0.032204   -0.306162
    0.496053   -0.037029   -0.309590
    0.503947   -0.041946   -0.313016
    0.511839   -0.046954   -0.316438
    0.519729   -0.052050   -0.319858
    0.527613   -0.057232   -0.323274
    0.535491   -0.062500   -0.326686
    0.543360   -0.067850   -0.330094
    0.551217   -0.073280   -0.333497
    0.559063   -0.078789   -0.336896
    0.566893   -0.084374   -0.340289
    0.574707   -0.090032   -0.343676
    0.582502   -0.095762   -0.347056
    0.590277   -0.101561   -0.350430
    0.598029   -0.107427   -0.353797
    0.605757   -0.113356   -0.357155
    0.613458   -0.119346   -0.360506
    0.621131   -0.125395   -0.363847
    0.628774   -0.131500   -0.367179
    0.636385   -0.137657   -0.370501
    0.643962   -0.143865   -0.373813
    0.651503   -0.150120   -0.377113
    0.659006   -0.156419   -0.380401
    0.666469   -0.162759   -0.383677
    0.673891   -0.169137   -0.386940
    0.681270   -0.175551   -0.390190
    0.688604   -0.181996   -0.393424
    0.695890   -0.188470   -0.396642
    0.703128   -0.194970   -0.399846
    0.710315   -0.201491   -0.403033
    0.717450   -0.208032   -0.406204
    0.724530   -0.214589   -0.409357
    0.731555   -0.221158   -0.412491
    0.738522   -0.227736   -0.415606
    0.745429   -0.234324   -0.418701
    0.752275   -0.240940   -0.421774
    0.759059   -0.247526   -0.424827
    0.765777   -0.254108   -0.427856
    0.772430   -0.260681   -0.430862
    0.779015   -0.267242   -0.433844
    0.785530   -0.273788   -0.436802
    0.791974   -0.280316   -0.439733
    0.798345   -0.286821   -0.442638
    0.804642   -0.293300   -0.445515
    0.810863   -0.299750   -0.448365
    0.817006   -0.306168   -0.451184
    0.823070   -0.312549   -0.453972
    0.829054   -0.318890   -0.456731
    0.834956   -0.325189   -0.459459
    0.840775   -0.331440   -0.462155
    0.846508   -0.337642   -0.464817
    0.852155   -0.343790   -0.467445
    0.857715   -0.349883   -0.470038
    0.863185   -0.355932   -0.472595
    0.868565   -0.361900   -0.475115
    0.873852   -0.367801   -0.477598
    0.879047   -0.373631   -0.480042
    0.884147   -0.379387   -0.482446
    0.889152   -0.385066   -0.484811
    0.894059   -0.390664   -0.487135
    0.898869   -0.396180   -0.489416
    0.903579   -0.401608   -0.491656
    0.908188   -0.406947   -0.493851
    0.912695   -0.412193   -0.496001
    0.917100   -0.417343   -0.498108
    0.921401   -0.422394   -0.500169
    0.925597   -0.427343   -0.502183
    0.929686   -0.432188   -0.504150
    0.933669   -0.436926   -0.506069
    0.937544   -0.441555   -0.507939
    0.941309   -0.446078   -0.509760
    0.944965   -0.450477   -0.511530
    0.948509   -0.454759   -0.513250
    0.951942   -0.458919   -0.514918
    0.955262   -0.462957   -0.516533
    0.958469   -0.466869   -0.518096
    0.961561   -0.470653   -0.519605
    0.964539   -0.474308   -0.521061
    0.967400   -0.477830   -0.522461
    0.970146   -0.481219   -0.523806
    0.972774   -0.484471   -0.525095
    0.975284   -0.487585   -0.526328
    0.977675   -0.490559   -0.527505
    0.979948   -0.493392   -0.528624
    0.982101   -0.496081   -0.529633
    0.984134   -0.498625   -0.530386
    0.986046   -0.501023   -0.530907
    0.987838   -0.503272   -0.531259
    0.989507   -0.505373   -0.531476
    0.991055   -0.507323   -0.531579
    0.992480   -0.509121   -0.531582
    0.993782   -0.510766   -0.531491
    0.994962   -0.512258   -0.531309
    0.996018   -0.513667   -0.531036
    0.996950   -0.515126   -0.530671
    0.997759   -0.516636   -0.530209
    0.998443   -0.518172   -0.529688
    0.999003   -0.519702   -0.529029
    0.999439   -0.521197   -0.528188
    0.999751   -0.522634   -0.527285
    0.999938   -0.524015   -0.526248
    1.000000   -0.524787   -0.524787
  BLADE PROFILES IN CARTESIAN COORDINATES (3D) 
  VARIABLES = "X", "YSS", "YPS" "R" 
  BLADE           2  SECTION           3
   30.339256    2.580462    2.580462  321.703308
   31.758890    2.335616    2.335616  321.886292
   33.033623    2.115866    2.115866  322.033936
   34.178207    1.918674    1.918674  322.151642
   35.207867    1.741647    1.741647  322.224182
   36.131573    1.582874    1.582874  322.290558
   36.959656    1.440504    1.440504  322.351501
   37.701984    1.312844    1.312844  322.407654
   38.367413    1.198377    1.198377  322.459534
   38.963867    1.095741    1.095741  322.507904
   39.498528    1.003713    1.003713  322.552368
   39.977806    0.921197    0.921197  322.593018
   40.407448    0.847209    0.847209  322.630127
   40.792599    0.780869    0.780869  322.664001
   41.137882    0.721387    0.721387  322.694733
   41.447403    0.668054    0.668054  322.722687
   41.724873    0.620234    0.620234  322.748047
   41.973629    0.577358    0.577358  322.770966
   42.196632    0.538916    0.538916  322.791718
   42.396553    0.504448    0.504448  322.811371
   42.575775    0.473544    0.473544  322.831055
   42.754547    1.584554   -0.685712  322.851044
   42.941422    1.958996   -1.108296  322.872223
   43.137142    2.281774   -1.380028  322.894806
   43.342430    2.560360   -1.615069  322.918945
   43.558064    2.789476   -1.845656  322.944763
   43.784767    2.968933   -2.074717  322.972260
   44.023273    3.110633   -2.304010  323.001770
   44.274323    3.242861   -2.534781  323.033508
   44.538666    3.370523   -2.767906  323.067444
   44.817028    3.494943   -3.004109  323.103943
   45.110142    3.612839   -3.244049  323.143219
   45.418743    3.725847   -3.487969  323.185303
   45.743557    3.833541   -3.735637  323.230560
   46.085316    3.935426   -3.989495  323.279236
   46.444595    4.030689   -4.248450  323.331512
   46.821415    4.118774   -4.512374  323.387451
   47.216660    4.199049   -4.781630  323.447510
   47.631275    4.270771   -5.056616  323.511902
   48.066357    4.333105   -5.337760  323.580933
   48.523064    4.385092   -5.625481  323.655182
   49.002651    4.425635   -5.919866  323.734772
   49.506264    4.453475   -6.221241  323.820343
   50.034809    4.467519   -6.531103  323.912323
   50.590034    4.467452   -6.849361  324.011017
   51.173870    4.447830   -7.176783  324.117249
   51.788490    4.408602   -7.514217  324.231506
   52.436207    4.347583   -7.862602  324.355072
   53.119648    4.262084   -8.222441  324.488037
   53.847008    4.148079   -8.598074  324.632874
   54.628693    3.999955   -8.994688  324.792206
   55.465458    3.812891   -9.411634  324.966431
   56.356609    3.584734   -9.848048  325.156403
   57.299896    3.306018  -10.302540  325.361938
   58.291599    2.975772  -10.773249  325.582581
   59.326546    2.591805  -11.257507  325.817444
   60.387955    2.157334  -11.748549  326.063019
   61.458870    1.678167  -12.239176  326.314941
   62.533573    1.156973  -12.727561  326.571716
   63.607418    0.596629  -13.212469  326.831482
   64.676857    0.000000  -13.693122  327.093445
   65.739372   -0.630264  -14.169154  327.356140
   66.793594   -1.291929  -14.640606  327.618683
   67.846649   -1.988475  -15.111290  327.882629
   68.903404   -2.722690  -15.583893  328.148804
   69.962990   -3.493859  -16.058558  328.416412
   71.024139   -4.300766  -16.535164  328.684906
   72.084999   -5.141600  -17.013304  328.953094
   73.143150   -6.013893  -17.492298  329.220184
   74.195686   -6.914423  -17.971144  329.485077
   75.233261   -7.833862  -18.445854  329.744873
   76.250130   -8.765115  -18.913782  329.997894
   77.243538   -9.703388  -19.374058  330.243347
   78.211281  -10.644215  -19.825462  330.480164
   79.151688  -11.585347  -20.267155  330.708008
   80.063576  -12.519727  -20.698463  330.926514
   80.946342  -13.445888  -21.118933  331.135468
   81.803162  -14.365025  -21.529913  331.335602
   82.634987  -15.276109  -21.931559  331.527283
   83.441696  -16.177263  -22.323980  331.710327
   84.223351  -17.067911  -22.706802  331.885040
   84.979935  -17.944117  -23.079821  332.051361
   85.711388  -18.805336  -23.442825  332.209503
   86.417763  -19.649973  -23.795507  332.359467
   87.098961  -20.476532  -24.137859  332.501587
   87.755020  -21.283953  -24.469564  332.635925
   88.385864  -22.070379  -24.790365  332.762634
   88.991501  -22.834478  -25.100065  332.882080
   89.571877  -23.575195  -25.398443  332.994293
   90.126976  -24.291357  -25.602779  333.099487
   90.656776  -25.283556  -25.283939  333.178009
   91.193718  -25.765379  -25.765570  333.231415
   91.773521  -26.285313  -26.285313  333.287933
   92.399620  -26.846601  -26.846601  333.347626
   93.075706  -27.452528  -27.452528  333.410431
   93.805779  -28.106638  -28.106638  333.476410
   94.594154  -28.812752  -28.812752  333.545654
   95.445518  -29.574995  -29.574995  333.617920
   96.364929  -30.397820  -30.397820  333.693268
   97.357811  -31.286024  -31.286024  333.771393
   98.430054  -32.244778  -32.244778  333.852051
   99.587997  -33.279663  -33.279663  333.935120
  100.838562  -34.396698  -34.396698  334.020050
  102.189087  -35.602360  -35.602360  334.106262
  103.647636  -36.903637  -36.903637  334.193359
  105.222778  -38.308056  -38.308056  334.280487
  106.923882  -39.823715  -39.823715  334.366760
  108.760956  -41.459343  -41.459343  334.451233
  110.744850  -43.224354  -43.224354  334.532654
  112.887192  -45.128841  -45.128841  334.609741
  115.200554  -47.183693  -47.183693  334.681091
