  BLADE PROFILES IN CARTESIAN COORDINATES (2D) BEFORE   PROJECTION, SCALING, MESHING AND STACKING 
  VARIABLES = "X", "YSS", "YPS" 
  BLADE           1  SECTION           1
    0.000000   -0.002947   -0.002947
    0.000062   -0.000320   -0.005215
    0.000249    0.002042   -0.008034
    0.000561    0.004396   -0.010933
    0.000997    0.006536   -0.013961
    0.001557    0.008546   -0.016916
    0.002241    0.010618   -0.019591
    0.003050    0.012685   -0.022163
    0.003982    0.014758   -0.024631
    0.005038    0.016854   -0.027004
    0.006218    0.018975   -0.029215
    0.007520    0.021132   -0.031304
    0.008945    0.023313   -0.033280
    0.010493    0.025512   -0.035165
    0.012162    0.027726   -0.037004
    0.013954    0.029910   -0.038862
    0.015866    0.032030   -0.040791
    0.017899    0.034045   -0.042804
    0.020052    0.035924   -0.044906
    0.022325    0.037657   -0.047064
    0.024716    0.039232   -0.049290
    0.027226    0.040692   -0.051577
    0.029854    0.042126   -0.053924
    0.032600    0.043586   -0.056327
    0.035461    0.045081   -0.058782
    0.038439    0.046607   -0.061285
    0.041531    0.048164   -0.063831
    0.044738    0.049748   -0.066418
    0.048058    0.051352   -0.069039
    0.051491    0.052995   -0.071693
    0.055036    0.054666   -0.074373
    0.058691    0.056364   -0.077077
    0.062456    0.058088   -0.079806
    0.066331    0.059837   -0.082568
    0.070314    0.061611   -0.085316
    0.074403    0.063408   -0.088069
    0.078599    0.065230   -0.090819
    0.082900    0.067074   -0.093566
    0.087305    0.068938   -0.096305
    0.091812    0.070816   -0.099034
    0.096421    0.072725   -0.101747
    0.101131    0.074656   -0.104440
    0.105941    0.076608   -0.107110
    0.110848    0.078580   -0.109762
    0.115853    0.080574   -0.112405
    0.120953    0.082587   -0.114980
    0.126148    0.084619   -0.117503
    0.131435    0.086664   -0.119981
    0.136815    0.088737   -0.122409
    0.142285    0.090830   -0.124785
    0.147845    0.092942   -0.127104
    0.153492    0.095074   -0.129363
    0.159225    0.097224   -0.131566
    0.165044    0.099389   -0.133737
    0.170946    0.101580   -0.135776
    0.176930    0.103790   -0.137738
    0.182994    0.106020   -0.139620
    0.189138    0.108269   -0.141419
    0.195358    0.110535   -0.143132
    0.201655    0.112824   -0.144764
    0.208026    0.115133   -0.146343
    0.214470    0.117463   -0.147756
    0.220986    0.119810   -0.149067
    0.227570    0.122181   -0.150275
    0.234223    0.124572   -0.151377
    0.240941    0.126984   -0.152385
    0.247725    0.129416   -0.153314
    0.254571    0.131870   -0.154069
    0.261478    0.134345   -0.154691
    0.268445    0.136842   -0.155194
    0.275470    0.139360   -0.155574
    0.282550    0.141901   -0.155848
    0.289685    0.144463   -0.156024
    0.296872    0.147047   -0.156017
    0.304110    0.149653   -0.155854
    0.311396    0.152282   -0.155557
    0.318730    0.154936   -0.155125
    0.326109    0.157610   -0.154555
    0.333531    0.160306   -0.153859
    0.340994    0.163025   -0.153068
    0.348497    0.165772   -0.152049
    0.356038    0.168538   -0.150883
    0.363615    0.171327   -0.149573
    0.371226    0.174138   -0.148116
    0.378869    0.176972   -0.146532
    0.386542    0.179832   -0.144833
    0.394243    0.182719   -0.142928
    0.401971    0.185623   -0.140849
    0.409723    0.188550   -0.138621
    0.417498    0.191500   -0.136242
    0.425293    0.194473   -0.133713
    0.433107    0.197471   -0.131033
    0.440937    0.200496   -0.128215
    0.448783    0.203537   -0.125293
    0.456641    0.206601   -0.122147
    0.464509    0.209686   -0.118841
    0.472387    0.212792   -0.115386
    0.480272    0.215920   -0.111783
    0.488161    0.219069   -0.108031
    0.496053    0.222241   -0.104132
    0.503947    0.225441   -0.100109
    0.511839    0.228652   -0.095970
    0.519729    0.231882   -0.091637
    0.527613    0.235131   -0.087160
    0.535491    0.238399   -0.082534
    0.543360    0.241685   -0.077765
    0.551217    0.244988   -0.072861
    0.559063    0.248308   -0.067822
    0.566893    0.251645   -0.062651
    0.574707    0.254996   -0.057351
    0.582502    0.258363   -0.051924
    0.590277    0.261744   -0.046372
    0.598029    0.265139   -0.040698
    0.605757    0.268546   -0.034905
    0.613458    0.271965   -0.028996
    0.621131    0.275396   -0.022974
    0.628774    0.278836   -0.016842
    0.636385    0.282286   -0.010622
    0.643962    0.285744   -0.004327
    0.651503    0.289210    0.002115
    0.659006    0.292682    0.008652
    0.666469    0.296159    0.015281
    0.673891    0.299641    0.021998
    0.681270    0.303126    0.028800
    0.688604    0.306613    0.035681
    0.695890    0.310101    0.042638
    0.703128    0.313590    0.049666
    0.710315    0.317076    0.056762
    0.717450    0.320561    0.063920
    0.724530    0.324041    0.071154
    0.731555    0.327517    0.078461
    0.738522    0.330986    0.085778
    0.745429    0.334448    0.093141
    0.752275    0.337901    0.100542
    0.759059    0.341344    0.107978
    0.765777    0.344775    0.115444
    0.772430    0.348194    0.122935
    0.779015    0.351598    0.130445
    0.785530    0.354986    0.137970
    0.791974    0.358354    0.145506
    0.798345    0.361701    0.153046
    0.804642    0.365034    0.160585
    0.810863    0.368346    0.168120
    0.817006    0.371635    0.175644
    0.823070    0.374900    0.183153
    0.829054    0.378140    0.190645
    0.834956    0.381352    0.198111
    0.840775    0.384537    0.205546
    0.846508    0.387692    0.212945
    0.852155    0.390815    0.220302
    0.857715    0.393905    0.227613
    0.863185    0.396961    0.234888
    0.868565    0.399981    0.242106
    0.873852    0.402964    0.249246
    0.879047    0.405908    0.256320
    0.884147    0.408812    0.263321
    0.889152    0.411672    0.270247
    0.894059    0.414488    0.277090
    0.898869    0.417263    0.283848
    0.903579    0.419993    0.290518
    0.908188    0.422675    0.297091
    0.912695    0.425309    0.303564
    0.917100    0.427893    0.309932
    0.921401    0.430426    0.316190
    0.925597    0.432906    0.322333
    0.929686    0.435332    0.328358
    0.933669    0.437704    0.334260
    0.937544    0.440019    0.340035
    0.941309    0.442276    0.345678
    0.944965    0.444475    0.351185
    0.948509    0.446614    0.356553
    0.951942    0.448691    0.361788
    0.955262    0.450707    0.366866
    0.958469    0.452659    0.371792
    0.961561    0.454547    0.376564
    0.964539    0.456371    0.381178
    0.967400    0.458127    0.385631
    0.970146    0.459737    0.389918
    0.972774    0.460862    0.394033
    0.975284    0.461520    0.397983
    0.977675    0.461854    0.401759
    0.979948    0.461958    0.405358
    0.982101    0.461879    0.408779
    0.984134    0.461641    0.412017
    0.986046    0.461262    0.415072
    0.987838    0.460746    0.417940
    0.989507    0.460105    0.420618
    0.991055    0.459345    0.423107
    0.992480    0.458469    0.425404
    0.993782    0.457513    0.427507
    0.994962    0.456429    0.429414
    0.996018    0.455182    0.431123
    0.996950    0.453883    0.432635
    0.997759    0.452498    0.434020
    0.998443    0.451038    0.435246
    0.999003    0.449526    0.436727
    0.999439    0.447996    0.438192
    0.999751    0.446340    0.439597
    0.999938    0.444647    0.441301
    1.000000    0.443975    0.443975
  BLADE PROFILES IN CARTESIAN COORDINATES (3D) 
  VARIABLES = "X", "YSS", "YPS" "R" 
  BLADE           1  SECTION           1
  -12.357451   -2.913044   -2.913044  212.863022
  -10.894761   -3.226972   -3.226972  212.823822
   -9.590913   -3.506716   -3.506716  212.782150
   -8.428695   -3.755994   -3.755994  212.739273
   -7.392742   -3.978122   -3.978122  212.696350
   -6.469346   -4.176060   -4.176060  212.654037
   -5.646271   -4.352444   -4.352444  212.613129
   -4.912615   -4.509625   -4.509625  212.573929
   -4.258657   -4.649698   -4.649698  212.536804
   -3.675729   -4.774527   -4.774527  212.501907
   -3.156111   -4.885775   -4.885775  212.469406
   -2.692918   -4.984923   -4.984923  212.439194
   -2.280017   -5.073290   -5.073290  212.411331
   -1.911941   -5.152050   -5.152050  212.385712
   -1.583817   -5.222251   -5.222251  212.362259
   -1.291308   -5.284823   -5.284823  212.340881
   -1.030543   -5.340598   -5.340598  212.321426
   -0.798072   -5.390315   -5.390315  212.303757
   -0.590826   -5.434632   -5.434632  212.287750
   -0.406063   -5.474138   -5.474138  212.273285
   -0.241344   -5.509355   -5.509355  212.260162
   -0.094491   -5.540749   -5.540749  212.248413
    0.036432   -5.568736   -5.568736  212.237793
    0.153155   -5.593687   -5.593687  212.228241
    0.257221   -5.615931   -5.615931  212.219681
    0.350000   -5.635760   -5.635760  212.211990
    0.441996   -5.158493   -6.123004  212.198257
    0.538173   -4.979821   -6.311660  212.183853
    0.638919   -4.832299   -6.439399  212.168671
    0.744617   -4.704824   -6.549487  212.152603
    0.855651   -4.599497   -6.659719  212.135620
    0.972406   -4.515558   -6.770432  212.117615
    1.095264   -4.444989   -6.882353  212.098495
    1.224614   -4.375302   -6.995850  212.078217
    1.360833   -4.304324   -7.111026  212.056702
    1.504310   -4.232055   -7.227911  212.033844
    1.655422   -4.158130   -7.346464  212.009552
    1.814557   -4.082146   -7.466578  211.983749
    1.982095   -4.004148   -7.588721  211.956345
    2.158417   -3.923992   -7.711669  211.927216
    2.343815   -3.841580   -7.835025  211.896301
    2.538337   -3.756995   -7.958580  211.863571
    2.742428   -3.670264   -8.082079  211.828888
    2.956589   -3.580655   -8.205151  211.792145
    3.181381   -3.488241   -8.328030  211.753143
    3.417420   -3.392787   -8.449528  211.711746
    3.665375   -3.294313   -8.568148  211.667877
    3.925842   -3.192066   -8.684209  211.621307
    4.199305   -3.086090   -8.796913  211.571915
    4.486680   -2.976222   -8.906807  211.519455
    4.788983   -2.861665   -9.009525  211.463654
    5.107349   -2.742144   -9.106042  211.404388
    5.443017   -2.617175   -9.195775  211.341156
    5.797340   -2.486020   -9.276327  211.273788
    6.174611   -2.347056   -9.345307  211.201416
    6.580246   -2.198085   -9.403949  211.122772
    7.014696   -2.038765   -9.444053  211.037857
    7.477608   -1.868885   -9.465564  210.946548
    7.967875   -1.688529   -9.463303  210.849045
    8.483594   -1.497811   -9.432373  210.745697
    9.022109   -1.297288   -9.372985  210.637161
    9.574700   -1.089674   -9.278240  210.525208
   10.132553   -0.877719   -9.154164  210.411819
   10.692665   -0.662274   -8.995145  210.297760
   11.252638   -0.443859   -8.805708  210.183670
   11.810575   -0.222929   -8.588339  210.070114
   12.365175    0.000000   -8.339723  209.957489
   12.915664    0.225214   -8.064429  209.846283
   13.465788    0.453985   -7.761805  209.735733
   14.018063    0.687657   -7.427055  209.625580
   14.572036    0.926333   -7.062434  209.515991
   15.127026    1.169924   -6.668559  209.407440
   15.682041    1.418178   -6.246183  209.300125
   16.235813    1.670671   -5.796851  209.194595
   16.786814    1.926788   -5.322867  209.091263
   17.330130    2.184245   -4.827143  208.991135
   17.862736    2.441459   -4.315313  208.894897
   18.383158    2.697516   -3.790439  208.802704
   18.890244    2.951578   -3.254725  208.714905
   19.383078    3.202905   -2.713476  208.631546
   19.861046    3.450850   -2.168128  208.552719
   20.323801    3.694660   -1.621082  208.478378
   20.773016    3.935392   -1.072196  208.408096
   21.209139    4.172745   -0.522377  208.341904
   21.632156    4.406496    0.026682  208.279480
   22.042048    4.636277    0.573990  208.220947
   22.438812    4.861807    1.116862  208.166000
   22.822422    5.082630    1.654325  208.114655
   23.192869    5.298810    2.185405  208.066803
   23.550133    5.509883    2.708559  208.022202
   23.894197    5.715588    3.222542  207.980804
   24.225054    5.915644    3.726439  207.942490
   24.542675    6.109946    4.218523  207.907104
   24.847055    6.233530    4.697869  207.874466
   25.138163    6.193738    5.163699  207.844482
   25.415997    5.777293    5.776993  207.817001
   25.694677    6.091412    6.091261  207.796875
   25.989294    6.423597    6.423597  207.775650
   26.300745    6.774721    6.774721  207.753342
   26.629997    7.145859    7.145859  207.729782
   26.978073    7.538151    7.538151  207.704971
   27.346022    7.952795    7.952795  207.678741
   27.735001    8.391062    8.391062  207.650986
   28.146191    8.854291    8.854291  207.621582
   28.580851    9.343898    9.343898  207.590347
   29.040281    9.861358    9.861358  207.556641
   29.525930   10.408264   10.408264  207.520737
   30.039282   10.986283   10.986283  207.482376
   30.581907   11.597174   11.597174  207.441391
   31.155474   12.242789   12.242789  207.397522
   31.761736   12.925090   12.925090  207.350494
  BLADE PROFILES IN CARTESIAN COORDINATES (2D) BEFORE   PROJECTION, SCALING, MESHING AND STACKING 
  VARIABLES = "X", "YSS", "YPS" 
  BLADE           1  SECTION           2
    0.000000   -0.003241   -0.003241
    0.000062    0.000010   -0.004758
    0.000249    0.002319   -0.007498
    0.000561    0.004645   -0.010359
    0.000997    0.006709   -0.013362
    0.001557    0.008665   -0.016265
    0.002241    0.010698   -0.018910
    0.003050    0.012736   -0.021445
    0.003982    0.014785   -0.023907
    0.005038    0.016862   -0.026260
    0.006218    0.018973   -0.028495
    0.007520    0.021108   -0.030610
    0.008945    0.023276   -0.032606
    0.010493    0.025471   -0.034499
    0.012162    0.027661   -0.036333
    0.013954    0.029804   -0.038171
    0.015866    0.031877   -0.040058
    0.017899    0.033850   -0.042024
    0.020052    0.035686   -0.044063
    0.022325    0.037366   -0.046171
    0.024716    0.038895   -0.048345
    0.027226    0.040325   -0.050583
    0.029854    0.041752   -0.052879
    0.032600    0.043209   -0.055231
    0.035461    0.044697   -0.057634
    0.038439    0.046206   -0.060084
    0.041531    0.047758   -0.062577
    0.044738    0.049340   -0.065110
    0.048058    0.050950   -0.067678
    0.051491    0.052588   -0.070277
    0.055036    0.054252   -0.072903
    0.058691    0.055942   -0.075558
    0.062456    0.057657   -0.078253
    0.066331    0.059396   -0.080938
    0.070314    0.061158   -0.083631
    0.074403    0.062942   -0.086329
    0.078599    0.064749   -0.089029
    0.082900    0.066574   -0.091728
    0.087305    0.068411   -0.094421
    0.091812    0.070279   -0.097104
    0.096421    0.072167   -0.099774
    0.101131    0.074074   -0.102426
    0.105941    0.076000   -0.105057
    0.110848    0.077945   -0.107670
    0.115853    0.079908   -0.110278
    0.120953    0.081889   -0.112821
    0.126148    0.083884   -0.115316
    0.131435    0.085891   -0.117768
    0.136815    0.087922   -0.120175
    0.142285    0.089971   -0.122532
    0.147845    0.092036   -0.124835
    0.153492    0.094118   -0.127082
    0.159225    0.096215   -0.129279
    0.165044    0.098321   -0.131440
    0.170946    0.100450   -0.133491
    0.176930    0.102596   -0.135458
    0.182994    0.104758   -0.137349
    0.189138    0.106936   -0.139162
    0.195358    0.109128   -0.140893
    0.201655    0.111332   -0.142539
    0.208026    0.113557   -0.144106
    0.214470    0.115798   -0.145619
    0.220986    0.118054   -0.146974
    0.227570    0.120327   -0.148227
    0.234223    0.122611   -0.149379
    0.240941    0.124916   -0.150427
    0.247725    0.127237   -0.151369
    0.254571    0.129573   -0.152212
    0.261478    0.131926   -0.152985
    0.268445    0.134293   -0.153571
    0.275470    0.136679   -0.154037
    0.282550    0.139082   -0.154385
    0.289685    0.141500   -0.154611
    0.296872    0.143935   -0.154731
    0.304110    0.146388   -0.154756
    0.311396    0.148857   -0.154603
    0.318730    0.151342   -0.154297
    0.326109    0.153845   -0.153861
    0.333531    0.156365   -0.153293
    0.340994    0.158903   -0.152590
    0.348497    0.161458   -0.151768
    0.356038    0.164029   -0.150845
    0.363615    0.166617   -0.149723
    0.371226    0.169223   -0.148445
    0.378869    0.171848   -0.147027
    0.386542    0.174488   -0.145468
    0.394243    0.177145   -0.143767
    0.401971    0.179819   -0.141942
    0.409723    0.182510   -0.140008
    0.417498    0.185219   -0.137878
    0.425293    0.187949   -0.135583
    0.433107    0.190691   -0.133143
    0.440937    0.193449   -0.130561
    0.448783    0.196224   -0.127834
    0.456641    0.199015   -0.124965
    0.464509    0.201822   -0.121973
    0.472387    0.204646   -0.118869
    0.480272    0.207491   -0.115573
    0.488161    0.210346   -0.112129
    0.496053    0.213215   -0.108534
    0.503947    0.216099   -0.104801
    0.511839    0.218998   -0.100930
    0.519729    0.221910   -0.096923
    0.527613    0.224836   -0.092782
    0.535491    0.227775   -0.088507
    0.543360    0.230727   -0.084101
    0.551217    0.233693   -0.079583
    0.559063    0.236670   -0.074968
    0.566893    0.239658   -0.070178
    0.574707    0.242660   -0.065264
    0.582502    0.245676   -0.060229
    0.590277    0.248695   -0.055067
    0.598029    0.251724   -0.049789
    0.605757    0.254760   -0.044398
    0.613458    0.257805   -0.038897
    0.621131    0.260857   -0.033289
    0.628774    0.263914   -0.027576
    0.636385    0.266978   -0.021762
    0.643962    0.270046   -0.015850
    0.651503    0.273119   -0.009844
    0.659006    0.276195   -0.003747
    0.666469    0.279273    0.002438
    0.673891    0.282352    0.008706
    0.681270    0.285432    0.015055
    0.688604    0.288512    0.021480
    0.695890    0.291591    0.027977
    0.703128    0.294668    0.034542
    0.710315    0.297741    0.041172
    0.717450    0.300810    0.047861
    0.724530    0.303874    0.054607
    0.731555    0.306932    0.061404
    0.738522    0.309983    0.068248
    0.745429    0.313025    0.075134
    0.752275    0.316055    0.082059
    0.759059    0.319072    0.089017
    0.765777    0.322082    0.096005
    0.772430    0.325080    0.103016
    0.779015    0.328065    0.110048
    0.785530    0.331034    0.117094
    0.791974    0.333986    0.124151
    0.798345    0.336922    0.131215
    0.804642    0.339838    0.138281
    0.810863    0.342736    0.145344
    0.817006    0.345612    0.152397
    0.823070    0.348466    0.159437
    0.829054    0.351297    0.166458
    0.834956    0.354104    0.173456
    0.840775    0.356884    0.180425
    0.846508    0.359637    0.187376
    0.852155    0.362362    0.194291
    0.857715    0.365057    0.201145
    0.863185    0.367722    0.207951
    0.868565    0.370354    0.214705
    0.873852    0.372951    0.221402
    0.879047    0.375513    0.228037
    0.884147    0.378042    0.234605
    0.889152    0.380535    0.241102
    0.894059    0.382989    0.247525
    0.898869    0.385405    0.253869
    0.903579    0.387780    0.260127
    0.908188    0.390113    0.266296
    0.912695    0.392404    0.272370
    0.917100    0.394651    0.278346
    0.921401    0.396853    0.284219
    0.925597    0.399009    0.289986
    0.929686    0.401117    0.295641
    0.933669    0.403178    0.301181
    0.937544    0.405189    0.306602
    0.941309    0.407150    0.311910
    0.944965    0.409060    0.317084
    0.948509    0.410917    0.322123
    0.951942    0.412721    0.327027
    0.955262    0.414470    0.331794
    0.958469    0.416165    0.336421
    0.961561    0.417803    0.340902
    0.964539    0.419386    0.345235
    0.967400    0.420910    0.349416
    0.970146    0.422311    0.353443
    0.972774    0.423269    0.357311
    0.975284    0.423759    0.361016
    0.977675    0.423933    0.364563
    0.979948    0.423879    0.367943
    0.982101    0.423646    0.371156
    0.984134    0.423259    0.374198
    0.986046    0.422740    0.377067
    0.987838    0.422097    0.379760
    0.989507    0.421341    0.382276
    0.991055    0.420475    0.384614
    0.992480    0.419503    0.386772
    0.993782    0.418470    0.388747
    0.994962    0.417311    0.390538
    0.996018    0.415990    0.392144
    0.996950    0.414637    0.393565
    0.997759    0.413207    0.394875
    0.998443    0.411713    0.396030
    0.999003    0.410176    0.397472
    0.999439    0.408595    0.398919
    0.999751    0.406922    0.400270
    0.999938    0.405203    0.401962
    1.000000    0.404494    0.404494
  BLADE PROFILES IN CARTESIAN COORDINATES (3D) 
  VARIABLES = "X", "YSS", "YPS" "R" 
  BLADE           1  SECTION           2
  -13.250833   -2.884538   -2.884538  225.864334
  -11.748322   -3.189168   -3.189168  225.862030
  -10.408675   -3.460770   -3.460770  225.859726
   -9.214243   -3.702928   -3.702928  225.857590
   -8.149286   -3.918833   -3.918833  225.855591
   -7.199762   -4.111332   -4.111332  225.853729
   -6.353167   -4.282963   -4.282963  225.852066
   -5.598338   -4.435989   -4.435989  225.850571
   -4.925330   -4.572427   -4.572427  225.849258
   -4.325275   -4.694074   -4.694074  225.848038
   -3.790262   -4.802535   -4.802535  225.846970
   -3.313243   -4.899239   -4.899239  225.846039
   -2.887931   -4.985460   -4.985460  225.845215
   -2.508724   -5.062334   -5.062334  225.844452
   -2.170618   -5.130877   -5.130877  225.843811
   -1.869165   -5.191989   -5.191989  225.843231
   -1.600386   -5.246476   -5.246476  225.842743
   -1.360742   -5.295058   -5.295058  225.842316
   -1.147075   -5.338375   -5.338375  225.841904
   -0.956569   -5.376994   -5.376994  225.841553
   -0.786713   -5.411427   -5.411427  225.841217
   -0.635269   -5.442129   -5.442129  225.840958
   -0.500241   -5.469502   -5.469502  225.840698
   -0.379851   -5.493910   -5.493910  225.840500
   -0.272509   -5.515669   -5.515669  225.840317
   -0.176802   -5.535072   -5.535072  225.840134
   -0.081096   -5.055190   -6.028180  225.839996
    0.018972   -4.873465   -6.223133  225.840103
    0.123804   -4.723030   -6.355469  225.840118
    0.233802   -4.594924   -6.467347  225.840225
    0.349370   -4.489453   -6.577940  225.840317
    0.470908   -4.406174   -6.689468  225.840424
    0.598817   -4.335005   -6.802402  225.840561
    0.733501   -4.264034   -6.916954  225.840652
    0.875362   -4.192163   -7.033244  225.840805
    1.024802   -4.118410   -7.151308  225.840958
    1.182221   -4.043017   -7.271114  225.841080
    1.348021   -3.965805   -7.392680  225.841309
    1.522609   -3.886631   -7.516386  225.841461
    1.706382   -3.805367   -7.640515  225.841644
    1.899654   -3.721944   -7.765482  225.841873
    2.102467   -3.636740   -7.890842  225.842148
    2.315299   -3.548935   -8.016287  225.842407
    2.538678   -3.458652   -8.141459  225.842667
    2.773195   -3.365705   -8.266571  225.843048
    3.019491   -3.269896   -8.390519  225.843399
    3.278277   -3.171306   -8.511835  225.843735
    3.550174   -3.069135   -8.630818  225.844162
    3.835704   -2.963495   -8.746673  225.844589
    4.135818   -2.854285   -8.859946  225.845093
    4.451592   -2.740714   -8.966737  225.845581
    4.784215   -2.622519   -9.067368  225.846176
    5.134992   -2.499430   -9.161024  225.846817
    5.505341   -2.370554   -9.247688  225.847504
    5.899751   -2.234549   -9.322114  225.848206
    6.323908   -2.089255   -9.385161  225.849060
    6.778282   -1.934480   -9.434812  225.849930
    7.262523   -1.770113   -9.462961  225.850876
    7.775462   -1.596310   -9.470757  225.851959
    8.315121   -1.413383   -9.449697  225.853027
    8.878699   -1.221824   -9.399167  225.854294
    9.457071   -1.024369   -9.318440  225.855530
   10.040980   -0.823592   -9.203915  225.856735
   10.627284   -0.620387   -9.060879  225.858017
   11.213428   -0.415041   -8.884493  225.859268
   11.797423   -0.208283   -8.679100  225.860535
   12.377865    0.000000   -8.447709  225.861740
   12.953943    0.209338   -8.186845  225.863007
   13.529557    0.421472   -7.897829  225.864136
   14.107297    0.637599   -7.579747  225.865250
   14.686687    0.857840   -7.234125  225.866409
   15.266973    1.082272   -6.857912  225.867538
   15.847124    1.310235   -6.453399  225.868576
   16.425793    1.541573   -6.022213  225.869568
   17.001324    1.775743   -5.566009  225.870453
   17.568604    2.010678   -5.089767  225.871323
   18.124458    2.244975   -4.597642  225.872101
   18.667355    2.477836   -4.092739  225.872787
   19.196077    2.708538   -3.578091  225.873444
   19.709692    2.936202   -3.056569  225.873917
   20.207558    3.160764   -2.530822  225.874435
   20.689316    3.381534   -2.003169  225.874756
   21.156757    3.599086   -1.473292  225.875092
   21.610327    3.813391   -0.942534  225.875351
   22.050013    4.024175   -0.411745  225.875534
   22.475838    4.231202    0.116248  225.875610
   22.887789    4.434062    0.640497  225.875641
   23.285881    4.632848    1.159895  225.875656
   23.670084    4.827146    1.673103  225.875595
   24.040430    5.016726    2.178723  225.875504
   24.396900    5.201363    2.675713  225.875320
   24.739500    5.380810    3.162698  225.875137
   25.068224    5.554978    3.638471  225.874924
   25.383089    5.660758    4.101943  225.874710
   25.684074    5.599310    4.552361  225.874390
   25.971189    5.152610    5.152312  225.874100
   26.258316    5.449760    5.449611  225.873337
   26.561827    5.764037    5.764037  225.872375
   26.882679    6.096265    6.096265  225.871445
   27.221859    6.447468    6.447468  225.870590
   27.580402    6.818731    6.818731  225.869812
   27.959421    7.211201    7.211201  225.869125
   28.360094    7.626091    7.626091  225.868546
   28.783646    8.064682    8.064682  225.868179
   29.231388    8.528331    8.528331  225.867996
   29.704704    9.018477    9.018477  225.868301
   30.205050    9.536627    9.536627  225.868866
   30.733973   10.084385   10.084385  225.869812
   31.293102   10.663446   10.663446  225.871140
   31.884163   11.275601   11.275601  225.872955
   32.508987   11.922725   11.922725  225.875061
  BLADE PROFILES IN CARTESIAN COORDINATES (2D) BEFORE   PROJECTION, SCALING, MESHING AND STACKING 
  VARIABLES = "X", "YSS", "YPS" 
  BLADE           1  SECTION           3
    0.000000   -0.001225   -0.001225
    0.000062    0.000218   -0.004338
    0.000249    0.002510   -0.007010
    0.000561    0.004718   -0.009810
    0.000997    0.006768   -0.012767
    0.001557    0.008751   -0.015603
    0.002241    0.010760   -0.018253
    0.003050    0.012769   -0.020811
    0.003982    0.014809   -0.023278
    0.005038    0.016878   -0.025644
    0.006218    0.018971   -0.027900
    0.007520    0.021101   -0.030036
    0.008945    0.023273   -0.032054
    0.010493    0.025449   -0.033969
    0.012162    0.027617   -0.035790
    0.013954    0.029745   -0.037585
    0.015866    0.031793   -0.039435
    0.017899    0.033729   -0.041361
    0.020052    0.035525   -0.043361
    0.022325    0.037163   -0.045430
    0.024716    0.038655   -0.047565
    0.027226    0.040061   -0.049761
    0.029854    0.041472   -0.052015
    0.032600    0.042930   -0.054324
    0.035461    0.044421   -0.056683
    0.038439    0.045943   -0.059089
    0.041531    0.047496   -0.061537
    0.044738    0.049077   -0.064024
    0.048058    0.050687   -0.066547
    0.051491    0.052323   -0.069106
    0.055036    0.053985   -0.071710
    0.058691    0.055672   -0.074315
    0.062456    0.057383   -0.076940
    0.066331    0.059117   -0.079577
    0.070314    0.060874   -0.082224
    0.074403    0.062651   -0.084879
    0.078599    0.064446   -0.087538
    0.082900    0.066253   -0.090196
    0.087305    0.068090   -0.092849
    0.091812    0.069945   -0.095495
    0.096421    0.071819   -0.098128
    0.101131    0.073711   -0.100745
    0.105941    0.075620   -0.103343
    0.110848    0.077545   -0.105923
    0.115853    0.079487   -0.108502
    0.120953    0.081444   -0.111017
    0.126148    0.083405   -0.113487
    0.131435    0.085391   -0.115918
    0.136815    0.087392   -0.118306
    0.142285    0.089408   -0.120647
    0.147845    0.091437   -0.122938
    0.153492    0.093481   -0.125174
    0.159225    0.095538   -0.127353
    0.165044    0.097606   -0.129478
    0.170946    0.099681   -0.131573
    0.176930    0.101776   -0.133549
    0.182994    0.103884   -0.135449
    0.189138    0.106005   -0.137274
    0.195358    0.108138   -0.139020
    0.201655    0.110283   -0.140685
    0.208026    0.112434   -0.142266
    0.214470    0.114603   -0.143768
    0.220986    0.116785   -0.145217
    0.227570    0.118978   -0.146514
    0.234223    0.121184   -0.147708
    0.240941    0.123396   -0.148804
    0.247725    0.125626   -0.149798
    0.254571    0.127867   -0.150687
    0.261478    0.130120   -0.151483
    0.268445    0.132386   -0.152204
    0.275470    0.134662   -0.152758
    0.282550    0.136948   -0.153184
    0.289685    0.139249   -0.153495
    0.296872    0.141562   -0.153687
    0.304110    0.143887   -0.153759
    0.311396    0.146224   -0.153725
    0.318730    0.148571   -0.153600
    0.326109    0.150932   -0.153297
    0.333531    0.153305   -0.152848
    0.340994    0.155691   -0.152271
    0.348497    0.158088   -0.151564
    0.356038    0.160497   -0.150727
    0.363615    0.162918   -0.149757
    0.371226    0.165352   -0.148664
    0.378869    0.167797   -0.147483
    0.386542    0.170255   -0.146091
    0.394243    0.172724   -0.144561
    0.401971    0.175207   -0.142895
    0.409723    0.177701   -0.141092
    0.417498    0.180206   -0.139152
    0.425293    0.182722   -0.137092
    0.433107    0.185250   -0.134928
    0.440937    0.187789   -0.132576
    0.448783    0.190341   -0.130071
    0.456641    0.192907   -0.127425
    0.464509    0.195480   -0.124644
    0.472387    0.198064   -0.121726
    0.480272    0.200659   -0.118673
    0.488161    0.203264   -0.115486
    0.496053    0.205879   -0.112183
    0.503947    0.208503   -0.108777
    0.511839    0.211138   -0.105191
    0.519729    0.213784   -0.101474
    0.527613    0.216442   -0.097616
    0.535491    0.219104   -0.093629
    0.543360    0.221774   -0.089517
    0.551217    0.224453   -0.085282
    0.559063    0.227139   -0.080924
    0.566893    0.229832   -0.076447
    0.574707    0.232531   -0.071851
    0.582502    0.235237   -0.067140
    0.590277    0.237949   -0.062315
    0.598029    0.240666   -0.057379
    0.605757    0.243387   -0.052351
    0.613458    0.246113   -0.047246
    0.621131    0.248843   -0.041992
    0.628774    0.251575   -0.036638
    0.636385    0.254311   -0.031186
    0.643962    0.257048   -0.025641
    0.651503    0.259786   -0.020004
    0.659006    0.262525   -0.014280
    0.666469    0.265263   -0.008471
    0.673891    0.268001   -0.002580
    0.681270    0.270736    0.003387
    0.688604    0.273470    0.009428
    0.695890    0.276200    0.015538
    0.703128    0.278926    0.021714
    0.710315    0.281648    0.027952
    0.717450    0.284363    0.034247
    0.724530    0.287073    0.040596
    0.731555    0.289775    0.046994
    0.738522    0.292469    0.053438
    0.745429    0.295153    0.059925
    0.752275    0.297828    0.066449
    0.759059    0.300493    0.073006
    0.765777    0.303145    0.079592
    0.772430    0.305785    0.086202
    0.779015    0.308411    0.092831
    0.785530    0.311023    0.099475
    0.791974    0.313618    0.106131
    0.798345    0.316198    0.112792
    0.804642    0.318759    0.119455
    0.810863    0.321303    0.126114
    0.817006    0.323826    0.132781
    0.823070    0.326329    0.139442
    0.829054    0.328810    0.146064
    0.834956    0.331269    0.152665
    0.840775    0.333704    0.159240
    0.846508    0.336114    0.165784
    0.852155    0.338496    0.172292
    0.857715    0.340851    0.178761
    0.863185    0.343181    0.185185
    0.868565    0.345483    0.191561
    0.873852    0.347755    0.197883
    0.879047    0.349995    0.204147
    0.884147    0.352205    0.210352
    0.889152    0.354381    0.216489
    0.894059    0.356523    0.222555
    0.898869    0.358631    0.228546
    0.903579    0.360703    0.234456
    0.908188    0.362738    0.240282
    0.912695    0.364735    0.246019
    0.917100    0.366694    0.251664
    0.921401    0.368613    0.257212
    0.925597    0.370492    0.262660
    0.929686    0.372329    0.268013
    0.933669    0.374123    0.273252
    0.937544    0.375875    0.278373
    0.941309    0.377582    0.283378
    0.944965    0.379244    0.288263
    0.948509    0.380861    0.293025
    0.951942    0.382430    0.297660
    0.955262    0.383953    0.302166
    0.958469    0.385427    0.306538
    0.961561    0.386852    0.310773
    0.964539    0.388227    0.314868
    0.967400    0.389553    0.318820
    0.970146    0.390783    0.322627
    0.972774    0.391619    0.326284
    0.975284    0.391977    0.329790
    0.977675    0.392018    0.333141
    0.979948    0.391831    0.336333
    0.982101    0.391468    0.339369
    0.984134    0.390958    0.342245
    0.986046    0.390321    0.344957
    0.987838    0.389570    0.347504
    0.989507    0.388712    0.349883
    0.991055    0.387753    0.352092
    0.992480    0.386696    0.354132
    0.993782    0.385600    0.355999
    0.994962    0.384369    0.357693
    0.996018    0.382981    0.359211
    0.996950    0.381577    0.360554
    0.997759    0.380105    0.361803
    0.998443    0.378577    0.362932
    0.999003    0.377017    0.364321
    0.999439    0.375364    0.365767
    0.999751    0.373666    0.367174
    0.999938    0.371904    0.368757
    1.000000    0.371132    0.371132
  BLADE PROFILES IN CARTESIAN COORDINATES (3D) 
  VARIABLES = "X", "YSS", "YPS" "R" 
  BLADE           1  SECTION           3
  -14.471556   -2.964342   -2.964342  238.827789
  -12.885737   -3.268899   -3.268899  238.862274
  -11.472035   -3.540586   -3.540586  238.900253
  -10.211818   -3.782954   -3.782954  238.940247
   -9.088445   -3.999168   -3.999168  238.980927
   -8.087069   -4.192047   -4.192047  239.021408
   -7.194441   -4.364108   -4.364108  239.060974
   -6.398753   -4.517594   -4.517594  239.099060
   -5.689468   -4.654508   -4.654508  239.135269
   -5.057199   -4.776635   -4.776635  239.169479
   -4.493578   -4.885569   -4.885569  239.201431
   -3.991142   -4.982731   -4.982731  239.231155
   -3.543247   -5.069394   -5.069394  239.258667
   -3.143964   -5.146687   -5.146687  239.283981
   -2.788014   -5.215622   -5.215622  239.307144
   -2.470690   -5.277102   -5.277102  239.328384
   -2.187798   -5.331931   -5.331931  239.347702
   -1.935599   -5.380828   -5.380828  239.365219
   -1.710757   -5.424433   -5.424433  239.381149
   -1.510308   -5.463319   -5.463319  239.395554
   -1.331601   -5.497996   -5.497996  239.408569
   -1.172276   -5.528918   -5.528918  239.420258
   -1.030233   -5.556494   -5.556494  239.430862
   -0.903593   -5.581081   -5.581081  239.440338
   -0.790687   -5.603007   -5.603007  239.448868
   -0.690024   -5.622558   -5.622558  239.456543
   -0.590065   -5.126032   -6.136095  239.464188
   -0.485562   -4.935492   -6.343642  239.475403
   -0.376096   -4.777819   -6.484706  239.490143
   -0.261249   -4.644210   -6.600682  239.505692
   -0.140602   -4.535478   -6.715421  239.522263
   -0.013740   -4.450065   -6.831268  239.539749
    0.119759   -4.376380   -6.948589  239.558273
    0.260308   -4.301803   -7.067616  239.578033
    0.408324   -4.225904   -7.188481  239.599014
    0.564227   -4.148498   -7.311224  239.621368
    0.728429   -4.069406   -7.436066  239.645081
    0.901348   -3.988472   -7.563041  239.670303
    1.083401   -3.905558   -7.691022  239.697189
    1.274996   -3.820549   -7.820269  239.725739
    1.476461   -3.733534   -7.950573  239.756210
    1.687837   -3.644537   -8.081394  239.788391
    1.909612   -3.553017   -8.212423  239.822632
    2.142335   -3.459065   -8.343307  239.858917
    2.386613   -3.362501   -8.474251  239.897461
    2.643112   -3.263222   -8.604176  239.938416
    2.912566   -3.161127   -8.731621  239.981949
    3.195613   -3.055603   -8.856869  240.028198
    3.492788   -2.946731   -8.979105  240.077393
    3.805084   -2.834254   -9.097794  240.129684
    4.133601   -2.717998   -9.212564  240.185333
    4.479576   -2.597114   -9.319996  240.244614
    4.844356   -2.471459   -9.420537  240.307831
    5.229413   -2.340581   -9.513650  240.375381
    5.639398   -2.202649   -9.596488  240.448059
    6.080220   -2.056052   -9.666965  240.527145
    6.552356   -1.900276   -9.724105  240.612732
    7.055419   -1.735640   -9.761138  240.704941
    7.588208   -1.562156   -9.775006  240.803497
    8.148652   -1.380412   -9.764729  240.908096
    8.733862   -1.190920   -9.721696  241.018112
    9.334358   -0.996397   -9.647528  241.131851
    9.940565   -0.799566   -9.542888  241.247208
   10.549230   -0.601020   -9.404549  241.363327
   11.157713   -0.401414   -9.237946  241.479752
   11.763982   -0.200928   -9.038872  241.595718
   12.366595    0.000000   -8.811301  241.710815
   12.964740    0.201383   -8.558260  241.824600
   13.562477    0.404954   -8.275413  241.937943
   14.162506    0.611680   -7.961957  242.050949
   14.764375    0.821603   -7.619202  242.163269
   15.367313    1.034716   -7.247497  242.274796
   15.970256    1.250823   -6.849188  242.385117
   16.571823    1.469603   -6.422258  242.493744
   17.170355    1.690556   -5.969849  242.600052
   17.760508    1.911744   -5.496932  242.703201
   18.338997    2.131877   -5.007785  242.802505
   18.904228    2.350245   -4.505597  242.897446
   19.454933    2.566209   -3.993395  242.988083
   19.990143    2.779216   -3.473945  243.074036
   20.509165    2.988794   -2.950013  243.155487
   21.011646    3.194566   -2.423972  243.232330
   21.499411    3.397053   -1.895450  243.304871
   21.972918    3.596253   -1.365527  243.373367
   22.432178    3.791928   -0.836846  243.437820
   22.877169    3.983845   -0.310176  243.498459
   23.307871    4.171973    0.213081  243.555267
   23.724277    4.356001    0.731670  243.608337
   24.126373    4.535722    1.244036  243.657837
   24.514139    4.710938    1.748941  243.703964
   24.887569    4.881452    2.245435  243.746765
   25.246635    5.047056    2.731645  243.786453
   25.591318    5.207625    3.206898  243.823135
   25.921621    5.301170    3.669992  243.856857
   26.237514    5.217850    4.119881  243.887924
   26.538967    4.726020    4.725715  243.916397
   26.841286    5.016516    5.016364  243.940033
   27.160868    5.323792    5.323792  243.961014
   27.498695    5.648648    5.648648  243.983292
   27.855806    5.992095    5.992095  244.007050
   28.233301    6.355202    6.355202  244.032425
   28.632332    6.739098    6.739098  244.059570
   29.054121    7.144976    7.144976  244.088745
   29.499960    7.574107    7.574107  244.120087
   29.971189    8.027838    8.027838  244.154053
   30.469242    8.507591    8.507591  244.191299
   30.995670    9.014863    9.014863  244.231689
   31.552061    9.551237    9.551237  244.275528
   32.140118   10.118404   10.118404  244.323196
   32.761627   10.718148   10.718148  244.375031
   33.417366   11.352678   11.352678  244.436295
  BLADE PROFILES IN CARTESIAN COORDINATES (2D) BEFORE   PROJECTION, SCALING, MESHING AND STACKING 
  VARIABLES = "X", "YSS", "YPS" 
  BLADE           2  SECTION           1
    0.000000    0.008462    0.008462
    0.000062    0.012660    0.005042
    0.000249    0.016568    0.001417
    0.000561    0.019602   -0.001977
    0.000997    0.022093   -0.005068
    0.001557    0.024375   -0.007736
    0.002241    0.026550   -0.010261
    0.003050    0.028695   -0.012512
    0.003982    0.030787   -0.014554
    0.005038    0.032759   -0.016597
    0.006218    0.034619   -0.018581
    0.007520    0.036492   -0.020530
    0.008945    0.038414   -0.022489
    0.010493    0.040420   -0.024437
    0.012162    0.042520   -0.026406
    0.013954    0.044696   -0.028381
    0.015866    0.046953   -0.030328
    0.017899    0.049310   -0.032267
    0.020052    0.051728   -0.034168
    0.022325    0.054199   -0.035982
    0.024716    0.056733   -0.037644
    0.027226    0.059324   -0.039146
    0.029854    0.061968   -0.040454
    0.032600    0.064661   -0.041561
    0.035461    0.067398   -0.042519
    0.038439    0.070173   -0.043448
    0.041531    0.072980   -0.044366
    0.044738    0.075820   -0.045262
    0.048058    0.078687   -0.046145
    0.051491    0.081578   -0.047027
    0.055036    0.084489   -0.047896
    0.058691    0.087415   -0.048752
    0.062456    0.090354   -0.049594
    0.066331    0.093316   -0.050421
    0.070314    0.096292   -0.051233
    0.074403    0.099244   -0.052030
    0.078599    0.102193   -0.052810
    0.082900    0.105135   -0.053568
    0.087305    0.108062   -0.054326
    0.091812    0.110969   -0.055070
    0.096421    0.113857   -0.055803
    0.101131    0.116723   -0.056523
    0.105941    0.119563   -0.057232
    0.110848    0.122373   -0.057930
    0.115853    0.125149   -0.058615
    0.120953    0.127903   -0.059289
    0.126148    0.130635   -0.059948
    0.131435    0.133292   -0.060608
    0.136815    0.135898   -0.061261
    0.142285    0.138443   -0.061908
    0.147845    0.140934   -0.062549
    0.153492    0.143368   -0.063186
    0.159225    0.145740   -0.063817
    0.165044    0.148049   -0.064442
    0.170946    0.150304   -0.065071
    0.176930    0.152514   -0.065700
    0.182994    0.154613   -0.066329
    0.189138    0.156621   -0.066960
    0.195358    0.158547   -0.067594
    0.201655    0.160391   -0.068230
    0.208026    0.162151   -0.068874
    0.214470    0.163822   -0.069524
    0.220986    0.165417   -0.070182
    0.227570    0.166950   -0.070848
    0.234223    0.168337   -0.071525
    0.240941    0.169613   -0.072215
    0.247725    0.170788   -0.072916
    0.254571    0.171862   -0.073630
    0.261478    0.172831   -0.074359
    0.268445    0.173708   -0.075104
    0.275470    0.174508   -0.075872
    0.282550    0.175144   -0.076654
    0.289685    0.175652   -0.077454
    0.296872    0.176047   -0.078275
    0.304110    0.176325   -0.079118
    0.311396    0.176486   -0.079993
    0.318730    0.176543   -0.080884
    0.326109    0.176513   -0.081799
    0.333531    0.176304   -0.082740
    0.340994    0.175958   -0.083708
    0.348497    0.175488   -0.084717
    0.356038    0.174893   -0.085744
    0.363615    0.174172   -0.086800
    0.371226    0.173340   -0.087886
    0.378869    0.172413   -0.089003
    0.386542    0.171305   -0.090157
    0.394243    0.170050   -0.091355
    0.401971    0.168667   -0.092574
    0.409723    0.167155   -0.093828
    0.417498    0.165514   -0.095115
    0.425293    0.163742   -0.096439
    0.433107    0.161854   -0.097803
    0.440937    0.159875   -0.099218
    0.448783    0.157707   -0.100654
    0.456641    0.155399   -0.102129
    0.464509    0.152964   -0.103641
    0.472387    0.150400   -0.105191
    0.480272    0.147709   -0.106780
    0.488161    0.144892   -0.108409
    0.496053    0.141950   -0.110097
    0.503947    0.138895   -0.111806
    0.511839    0.135756   -0.113554
    0.519728    0.132443   -0.115341
    0.527613    0.128997   -0.117168
    0.535491    0.125431   -0.119033
    0.543359    0.121747   -0.120938
    0.551217    0.117949   -0.122881
    0.559063    0.114036   -0.124862
    0.566893    0.110011   -0.126882
    0.574707    0.105876   -0.128939
    0.582502    0.101633   -0.131035
    0.590277    0.097284   -0.133169
    0.598029    0.092831   -0.135341
    0.605757    0.088277   -0.137566
    0.613458    0.083625   -0.139807
    0.621131    0.078883   -0.142083
    0.628774    0.074091   -0.144392
    0.636385    0.069157   -0.146734
    0.643962    0.064137   -0.149108
    0.651503    0.059029   -0.151513
    0.659006    0.053838   -0.153949
    0.666469    0.048570   -0.156413
    0.673891    0.043227   -0.158906
    0.681270    0.037813   -0.161425
    0.688604    0.032330   -0.163970
    0.695890    0.026783   -0.166540
    0.703128    0.021174   -0.169134
    0.710315    0.015508   -0.171749
    0.717450    0.009789   -0.174385
    0.724530    0.004019   -0.177041
    0.731555   -0.001798   -0.179714
    0.738522   -0.007656   -0.182404
    0.745429   -0.013554   -0.185109
    0.752275   -0.019486   -0.187825
    0.759059   -0.025449   -0.190540
    0.765777   -0.031439   -0.193281
    0.772430   -0.037451   -0.196031
    0.779014   -0.043482   -0.198788
    0.785530   -0.049528   -0.201552
    0.791974   -0.055586   -0.204319
    0.798345   -0.061650   -0.207089
    0.804642   -0.067716   -0.209859
    0.810863   -0.073784   -0.212628
    0.817006   -0.079872   -0.215393
    0.823070   -0.085919   -0.218153
    0.829054   -0.091950   -0.220907
    0.834956   -0.097962   -0.223652
    0.840775   -0.103951   -0.226386
    0.846508   -0.109913   -0.229108
    0.852155   -0.115843   -0.231816
    0.857715   -0.121736   -0.234508
    0.863185   -0.127590   -0.237182
    0.868565   -0.133399   -0.239836
    0.873852   -0.139160   -0.242469
    0.879047   -0.144869   -0.245078
    0.884147   -0.150520   -0.247661
    0.889152   -0.156112   -0.250209
    0.894059   -0.161638   -0.252738
    0.898869   -0.167095   -0.255236
    0.903579   -0.172480   -0.257702
    0.908188   -0.177788   -0.260134
    0.912695   -0.183016   -0.262531
    0.917100   -0.188161   -0.264889
    0.921401   -0.193218   -0.267207
    0.925597   -0.198185   -0.269484
    0.929686   -0.203069   -0.271719
    0.933669   -0.207839   -0.273908
    0.937544   -0.212507   -0.276052
    0.941309   -0.217069   -0.278147
    0.944964   -0.221522   -0.280193
    0.948509   -0.225863   -0.282188
    0.951942   -0.230088   -0.284131
    0.955262   -0.234194   -0.286019
    0.958469   -0.238179   -0.287852
    0.961561   -0.242039   -0.289629
    0.964539   -0.245771   -0.291347
    0.967400   -0.249373   -0.293005
    0.970145   -0.252842   -0.294603
    0.972773   -0.256176   -0.296139
    0.975284   -0.259371   -0.297611
    0.977675   -0.262427   -0.299019
    0.979948   -0.265339   -0.300362
    0.982101   -0.268107   -0.301576
    0.984134   -0.270727   -0.302482
    0.986046   -0.273199   -0.303145
    0.987837   -0.275521   -0.303624
    0.989507   -0.277689   -0.303956
    0.991055   -0.279703   -0.304159
    0.992480   -0.281561   -0.304247
    0.993782   -0.283263   -0.304225
    0.994962   -0.284807   -0.304094
    0.996018   -0.286261   -0.303858
    0.996950   -0.287746   -0.303514
    0.997759   -0.289273   -0.303061
    0.998443   -0.290822   -0.302507
    0.999003   -0.292365   -0.301828
    0.999439   -0.293874   -0.301010
    0.999751   -0.295328   -0.300085
    0.999938   -0.296742   -0.299031
    1.000000   -0.297769   -0.297769
  BLADE PROFILES IN CARTESIAN COORDINATES (3D) 
  VARIABLES = "X", "YSS", "YPS" "R" 
  BLADE           2  SECTION           1
   21.856668   -9.543523   -9.543523  208.247192
   23.013163   -9.114225   -9.114225  208.089890
   24.051691   -8.730196   -8.730196  207.962387
   24.984238   -8.386580   -8.386580  207.860199
   25.822561   -8.079397   -8.079397  207.787628
   26.575480   -7.804501   -7.804501  207.733673
   27.250565   -7.558109   -7.558109  207.685562
   27.855825   -7.337250   -7.337250  207.642349
   28.398472   -7.139270   -7.139270  207.603455
   28.884943   -6.961785   -6.961785  207.568115
   29.321054   -6.802669   -6.802669  207.535950
   29.712042   -6.660028   -6.660028  207.506866
   30.062555   -6.532152   -6.532152  207.480637
   30.376801   -6.417513   -6.417513  207.456970
   30.658529   -6.314740   -6.314740  207.435608
   30.911104   -6.222603   -6.222603  207.416306
   31.137543   -6.140002   -6.140002  207.398926
   31.340551   -6.065948   -6.065948  207.383224
   31.522543   -5.999558   -5.999558  207.369141
   31.685713   -5.940039   -5.940039  207.356430
   31.831999   -5.886677   -5.886677  207.345001
   31.977974   -5.009313   -6.773269  207.331207
   32.130581   -4.754781   -7.037061  207.316528
   32.290424   -4.544188   -7.243317  207.300919
   32.458099   -4.340457   -7.424650  207.284271
   32.634224   -4.137925   -7.587055  207.266403
   32.819408   -3.937737   -7.725039  207.247345
   33.014256   -3.737422   -7.832428  207.226852
   33.219360   -3.536314   -7.910029  207.204895
   33.435349   -3.334196   -7.976811  207.181290
   33.662800   -3.130863   -8.040640  207.155914
   33.902344   -2.925967   -8.102704  207.128616
   34.154552   -2.719547   -8.163149  207.099335
   34.420055   -2.511407   -8.221848  207.067764
   34.699429   -2.301122   -8.278800  207.033859
   34.993149   -2.091471   -8.333949  206.997391
   35.301258   -1.881929   -8.387586  206.958328
   35.624470   -1.673322   -8.440383  206.916336
   35.963566   -1.465630   -8.492104  206.871338
   36.319439   -1.259375   -8.542936  206.823013
   36.693031   -1.054164   -8.592816  206.771042
   37.085423   -0.851502   -8.642282  206.715195
   37.497505   -0.654027   -8.691877  206.655228
   37.930080   -0.461636   -8.741604  206.590729
   38.384537   -0.274955   -8.791520  206.521408
   38.862492   -0.093005   -8.842683  206.446777
   39.365711    0.078066   -8.895308  206.366333
   39.896145    0.238486   -8.949900  206.279617
   40.455902    0.387293   -9.007366  206.185867
   41.051743    0.525040   -9.068834  206.083771
   41.692196    0.643596   -9.136107  205.971603
   42.377911    0.742416   -9.209954  205.848709
   43.108311    0.817551   -9.291933  205.714661
   43.881588    0.858238   -9.382639  205.569672
   44.694714    0.865739   -9.483961  205.413879
   45.543457    0.829283   -9.596528  205.247849
   46.414082    0.749215   -9.720007  205.074524
   47.292610    0.627410   -9.853951  204.896454
   48.174423    0.458777   -9.998237  204.715042
   49.055649    0.249902  -10.153001  204.531448
   49.933357    0.000000  -10.318508  204.346588
   50.805515   -0.290523  -10.493831  204.161011
   51.670940   -0.617420  -10.680488  203.975616
   52.535496   -0.980713  -10.878194  203.789307
   53.403137   -1.386974  -11.089015  203.601562
   54.273186   -1.832361  -11.313243  203.412842
   55.144558   -2.316307  -11.551101  203.223831
   56.015709   -2.837759  -11.803386  203.034943
   56.884659   -3.392805  -12.067854  202.846924
   57.749020   -3.984090  -12.344742  202.660828
   58.601101   -4.602452  -12.631397  202.478470
   59.436161   -5.242193  -12.925715  202.300964
   60.251942   -5.899176  -13.226191  202.129166
   61.046608   -6.569378  -13.531355  201.963486
   61.818783   -7.248969  -13.838995  201.804337
   62.567509   -7.934450  -14.149418  201.651901
   63.292267   -8.622830  -14.460713  201.506393
   63.995720   -9.315368  -14.772995  201.367203
   64.678535  -10.008205  -15.085736  201.234207
   65.340744  -10.700181  -15.398143  201.107300
   65.982300  -11.389526  -15.709422  200.986511
   66.603210  -12.074354  -16.018797  200.871689
   67.203468  -12.752843  -16.325148  200.762756
   67.783058  -13.423259  -16.628654  200.659607
   68.341957  -14.084210  -16.928024  200.562149
   68.880165  -14.734035  -17.222553  200.470200
   69.397644  -15.370440  -17.511549  200.383606
   69.894379  -15.992454  -17.794353  200.302261
   70.370377  -16.598671  -18.070303  200.225983
   70.825584  -17.187735  -18.262777  200.154633
   71.259987  -18.012197  -18.012520  200.087982
   71.698448  -18.433208  -18.433369  200.050644
   72.171867  -18.887524  -18.887524  200.011139
   72.683052  -19.377972  -19.377972  199.969482
   73.235008  -19.907433  -19.907433  199.925659
   73.830978  -20.479010  -20.479010  199.879639
   74.474518  -21.096060  -21.096060  199.831482
   75.169395  -21.762220  -21.762220  199.781204
   75.919731  -22.481394  -22.481394  199.728928
   76.729965  -23.257832  -23.257832  199.674774
   77.604881  -24.096104  -24.096104  199.618942
   78.549629  -25.001162  -25.001162  199.561676
   79.569801  -25.978346  -25.978346  199.503265
   80.671410  -27.033470  -27.033470  199.444138
   81.860977  -28.172779  -28.172779  199.384766
   83.145515  -29.403061  -29.403061  199.325699
   84.532585  -30.731655  -30.731655  199.267685
   86.030350  -32.166508  -32.166508  199.211517
   87.647606  -33.716240  -33.716240  199.158142
   89.393852  -35.390175  -35.390175  199.108582
   91.279259  -37.198444  -37.198444  199.064117
  BLADE PROFILES IN CARTESIAN COORDINATES (2D) BEFORE   PROJECTION, SCALING, MESHING AND STACKING 
  VARIABLES = "X", "YSS", "YPS" 
  BLADE           2  SECTION           2
    0.000000    0.000260    0.000260
    0.000062    0.004005   -0.002328
    0.000249    0.007977   -0.004959
    0.000561    0.012357   -0.007497
    0.000997    0.016444   -0.009765
    0.001557    0.019510   -0.011814
    0.002241    0.022458   -0.013920
    0.003050    0.025263   -0.015992
    0.003982    0.027938   -0.018093
    0.005038    0.030498   -0.020232
    0.006218    0.032911   -0.022423
    0.007520    0.035158   -0.024685
    0.008945    0.037268   -0.027006
    0.010493    0.039269   -0.029381
    0.012162    0.041199   -0.031783
    0.013954    0.043173   -0.034175
    0.015866    0.045208   -0.036499
    0.017899    0.047301   -0.038705
    0.020052    0.049464   -0.040737
    0.022325    0.051679   -0.042575
    0.024716    0.053917   -0.044232
    0.027226    0.056196   -0.045736
    0.029854    0.058510   -0.047187
    0.032600    0.060855   -0.048641
    0.035461    0.063224   -0.050105
    0.038439    0.065613   -0.051574
    0.041531    0.068021   -0.053047
    0.044738    0.070444   -0.054525
    0.048058    0.072879   -0.056002
    0.051491    0.075321   -0.057472
    0.055036    0.077767   -0.058962
    0.058691    0.080213   -0.060454
    0.062456    0.082667   -0.061948
    0.066331    0.085129   -0.063444
    0.070314    0.087553   -0.064940
    0.074403    0.089963   -0.066436
    0.078599    0.092349   -0.067933
    0.082900    0.094709   -0.069427
    0.087305    0.097043   -0.070917
    0.091812    0.099348   -0.072399
    0.096421    0.101620   -0.073895
    0.101131    0.103856   -0.075391
    0.105941    0.106052   -0.076888
    0.110848    0.108217   -0.078386
    0.115853    0.110358   -0.079885
    0.120953    0.112417   -0.081384
    0.126148    0.114415   -0.082881
    0.131435    0.116351   -0.084374
    0.136815    0.118228   -0.085880
    0.142285    0.120042   -0.087389
    0.147845    0.121791   -0.088902
    0.153492    0.123471   -0.090419
    0.159225    0.125091   -0.091940
    0.165044    0.126664   -0.093459
    0.170946    0.128120   -0.094992
    0.176930    0.129481   -0.096532
    0.182994    0.130759   -0.098080
    0.189138    0.131950   -0.099637
    0.195358    0.133054   -0.101202
    0.201655    0.134066   -0.102773
    0.208026    0.134997   -0.104359
    0.214470    0.135863   -0.105957
    0.220986    0.136584   -0.107567
    0.227570    0.137190   -0.109190
    0.234223    0.137693   -0.110827
    0.240941    0.138091   -0.112478
    0.247725    0.138382   -0.114146
    0.254571    0.138564   -0.115831
    0.261478    0.138646   -0.117533
    0.268445    0.138651   -0.119252
    0.275470    0.138484   -0.120991
    0.282550    0.138192   -0.122753
    0.289685    0.137782   -0.124533
    0.296872    0.137253   -0.126335
    0.304110    0.136603   -0.128158
    0.311396    0.135831   -0.130004
    0.318730    0.134946   -0.131874
    0.326109    0.133977   -0.133775
    0.333531    0.132819   -0.135696
    0.340994    0.131529   -0.137642
    0.348497    0.130112   -0.139614
    0.356038    0.128567   -0.141613
    0.363615    0.126893   -0.143640
    0.371226    0.125090   -0.145695
    0.378869    0.123158   -0.147791
    0.386542    0.121102   -0.149906
    0.394243    0.118965   -0.152050
    0.401971    0.116626   -0.154225
    0.409723    0.114157   -0.156430
    0.417498    0.111558   -0.158665
    0.425293    0.108830   -0.160932
    0.433107    0.105972   -0.163231
    0.440937    0.102985   -0.165564
    0.448783    0.099869   -0.167941
    0.456641    0.096625   -0.170338
    0.464509    0.093263   -0.172768
    0.472387    0.089818   -0.175230
    0.480272    0.086193   -0.177724
    0.488161    0.082435   -0.180251
    0.496053    0.078554   -0.182810
    0.503947    0.074551   -0.185402
    0.511839    0.070429   -0.188026
    0.519729    0.066188   -0.190681
    0.527613    0.061829   -0.193369
    0.535491    0.057356   -0.196089
    0.543360    0.052769   -0.198839
    0.551217    0.048071   -0.201621
    0.559063    0.043263   -0.204433
    0.566893    0.038348   -0.207274
    0.574707    0.033328   -0.210146
    0.582502    0.028205   -0.213047
    0.590277    0.022982   -0.215976
    0.598029    0.017661   -0.218933
    0.605757    0.012245   -0.221916
    0.613458    0.006737   -0.224926
    0.621131    0.001140   -0.227960
    0.628774   -0.004545   -0.231019
    0.636385   -0.010312   -0.234101
    0.643962   -0.016160   -0.237206
    0.651503   -0.022085   -0.240332
    0.659006   -0.028084   -0.243479
    0.666469   -0.034154   -0.246645
    0.673891   -0.040291   -0.249830
    0.681270   -0.046491   -0.253032
    0.688604   -0.052752   -0.256250
    0.695890   -0.059069   -0.259482
    0.703128   -0.065438   -0.262728
    0.710315   -0.071857   -0.265986
    0.717450   -0.078321   -0.269254
    0.724530   -0.084826   -0.272532
    0.731555   -0.091369   -0.275817
    0.738522   -0.097945   -0.279109
    0.745429   -0.104551   -0.282406
    0.752275   -0.111182   -0.285705
    0.759059   -0.117835   -0.289007
    0.765777   -0.124504   -0.292308
    0.772430   -0.131187   -0.295609
    0.779015   -0.137879   -0.298906
    0.785530   -0.144575   -0.302198
    0.791974   -0.151272   -0.305484
    0.798345   -0.157965   -0.308761
    0.804642   -0.164650   -0.312029
    0.810863   -0.171323   -0.315283
    0.817006   -0.177979   -0.318514
    0.823070   -0.184615   -0.321742
    0.829054   -0.191225   -0.324954
    0.834956   -0.197806   -0.328148
    0.840775   -0.204354   -0.331322
    0.846508   -0.210865   -0.334474
    0.852155   -0.217337   -0.337601
    0.857715   -0.223785   -0.340703
    0.863185   -0.230157   -0.343777
    0.868565   -0.236474   -0.346822
    0.873852   -0.242732   -0.349836
    0.879047   -0.248927   -0.352816
    0.884147   -0.255054   -0.355762
    0.889152   -0.261110   -0.358672
    0.894059   -0.267091   -0.361543
    0.898869   -0.272992   -0.364374
    0.903579   -0.278809   -0.367164
    0.908188   -0.284540   -0.369908
    0.912695   -0.290179   -0.372603
    0.917100   -0.295723   -0.375257
    0.921401   -0.301169   -0.377863
    0.925597   -0.306512   -0.380420
    0.929686   -0.311749   -0.382925
    0.933669   -0.316878   -0.385376
    0.937544   -0.321894   -0.387772
    0.941309   -0.326795   -0.390112
    0.944965   -0.331583   -0.392394
    0.948509   -0.336239   -0.394616
    0.951942   -0.340767   -0.396778
    0.955262   -0.345167   -0.398877
    0.958469   -0.349434   -0.400912
    0.961561   -0.353565   -0.402883
    0.964539   -0.357559   -0.404787
    0.967400   -0.361411   -0.406623
    0.970146   -0.365119   -0.408391
    0.972774   -0.368682   -0.410088
    0.975284   -0.372095   -0.411715
    0.977675   -0.375358   -0.413269
    0.979948   -0.378467   -0.414746
    0.982101   -0.381420   -0.416037
    0.984134   -0.384216   -0.417013
    0.986046   -0.386853   -0.417750
    0.987838   -0.389327   -0.418303
    0.989507   -0.391638   -0.418702
    0.991055   -0.393785   -0.418966
    0.992480   -0.395766   -0.419106
    0.993782   -0.397580   -0.419130
    0.994962   -0.399225   -0.419039
    0.996018   -0.400760   -0.418834
    0.996950   -0.402289   -0.418513
    0.997759   -0.403861   -0.418085
    0.998443   -0.405455   -0.417524
    0.999003   -0.407042   -0.416823
    0.999439   -0.408592   -0.416005
    0.999751   -0.410098   -0.415052
    0.999938   -0.411525   -0.413937
    1.000000   -0.412901   -0.412901
  BLADE PROFILES IN CARTESIAN COORDINATES (3D) 
  VARIABLES = "X", "YSS", "YPS" "R" 
  BLADE           2  SECTION           2
   23.081556   -5.389378   -5.389378  225.875671
   24.185036   -5.165623   -5.165623  225.875458
   25.174364   -4.965005   -4.965005  225.874817
   26.061357   -4.785133   -4.785133  225.874008
   26.856596   -4.623837   -4.623837  225.871536
   27.569576   -4.479233   -4.479233  225.869827
   28.208799   -4.349597   -4.349597  225.868759
   28.781900   -4.233378   -4.233378  225.868179
   29.295712   -4.129189   -4.129189  225.868011
   29.756386   -4.035786   -4.035786  225.868317
   30.169395   -3.952048   -3.952048  225.868790
   30.539684   -3.876976   -3.876976  225.869415
   30.871666   -3.809671   -3.809671  225.870117
   31.169312   -3.749330   -3.749330  225.870834
   31.436165   -3.695232   -3.695232  225.871536
   31.675409   -3.646731   -3.646731  225.872238
   31.889915   -3.603249   -3.603249  225.872925
   32.082230   -3.564264   -3.564264  225.873596
   32.254642   -3.529313   -3.529313  225.874207
   32.409225   -3.497977   -3.497977  225.874802
   32.547817   -3.469883   -3.469883  225.875137
   32.686409   -2.612851   -4.296543  225.875351
   32.831318   -2.308589   -4.570432  225.875549
   32.983128   -2.106267   -4.805787  225.875778
   33.142422   -1.932495   -5.012738  225.875961
   33.309769   -1.762226   -5.182707  225.876205
   33.485771   -1.594362   -5.314002  225.876404
   33.670990   -1.428684   -5.420686  225.876663
   33.866028   -1.263939   -5.522698  225.876831
   34.071449   -1.100019   -5.623393  225.877090
   34.287857   -0.936401   -5.723179  225.877258
   34.515820   -0.773031   -5.821804  225.877487
   34.755917   -0.610004   -5.921232  225.877686
   35.008736   -0.446297   -6.020761  225.877869
   35.274857   -0.284203   -6.120627  225.877991
   35.554733   -0.123930   -6.220931  225.878159
   35.848431    0.033991   -6.321419  225.878296
   36.156635    0.189492   -6.422300  225.878372
   36.480110    0.342051   -6.524745  225.878525
   36.819717    0.492142   -6.628439  225.878571
   37.176376    0.637878   -6.733612  225.878647
   37.551128    0.777229   -6.840146  225.878571
   37.944855    0.910589   -6.949428  225.878540
   38.358326    1.036962   -7.061202  225.878448
   38.792927    1.157174   -7.175569  225.878296
   39.250202    1.265588   -7.293819  225.878021
   39.731876    1.362580   -7.416268  225.877792
   40.239822    1.447081   -7.543403  225.877441
   40.776134    1.519111   -7.676490  225.876953
   41.347282    1.571043   -7.817279  225.876434
   41.961514    1.603084   -7.968302  225.875702
   42.619499    1.612635   -8.130405  225.874908
   43.320713    1.590937   -8.304424  225.873993
   44.063507    1.534529   -8.490746  225.872757
   44.844994    1.442236   -8.690143  225.871490
   45.661114    1.304837   -8.902641  225.869934
   46.498642    1.124176   -9.126041  225.868332
   47.344212    0.903856   -9.358556  225.866638
   48.193241    0.641329   -9.598785  225.864883
   49.042053    0.339085   -9.846739  225.862885
   49.887714    0.000000  -10.102933  225.860947
   50.728260   -0.371866  -10.365869  225.858902
   51.562496   -0.780538  -10.635983  225.856842
   52.396027   -1.224426  -10.915438  225.854721
   53.232651   -1.705375  -11.205936  225.852676
   54.071678   -2.223056  -11.507726  225.850479
   54.911995   -2.776735  -11.820883  225.848251
   55.752113   -3.365208  -12.145111  225.846054
   56.590057   -3.986691  -12.479899  225.843857
   57.423496   -4.638767  -12.824436  225.841736
   58.244995   -5.314386  -13.175610  225.839584
   59.049927   -6.007826  -13.531071  225.837585
   59.836090   -6.714950  -13.889270  225.835632
   60.601734   -7.431771  -14.248748  225.833771
   61.345501   -8.154568  -14.608133  225.832077
   62.066463   -8.879951  -14.966200  225.830383
   62.764114   -9.604958  -15.321891  225.828857
   63.441002  -10.329989  -15.675291  225.827347
   64.097809  -11.053774  -16.026970  225.826050
   64.734543  -11.774504  -16.375975  225.824829
   65.351181  -12.491364  -16.721422  225.823669
   65.947723  -13.200370  -17.062664  225.822632
   66.524185  -13.900918  -17.399054  225.821671
   67.080551  -14.591382  -17.729694  225.820801
   67.616844  -15.270213  -18.054533  225.820038
   68.133064  -15.936066  -18.372728  225.819336
   68.629189  -16.587713  -18.683584  225.818710
   69.105225  -17.222980  -18.986546  225.818176
   69.561165  -17.841003  -19.281038  225.817688
   69.997032  -18.440470  -19.486868  225.817276
   70.412804  -19.270979  -19.271299  225.817169
   70.828583  -19.701771  -19.701931  225.818115
   71.277443  -20.166668  -20.166668  225.819153
   71.761993  -20.668545  -20.668545  225.820251
   72.285095  -21.210352  -21.210352  225.821518
   72.849808  -21.795263  -21.795263  225.822861
   73.459465  -22.426718  -22.426718  225.824341
   74.117599  -23.108408  -23.108408  225.825912
   74.828102  -23.844339  -23.844339  225.827667
   75.595123  -24.638819  -24.638819  225.829590
   76.423172  -25.496513  -25.496513  225.831650
   77.317078  -26.422447  -26.422447  225.833939
   78.282089  -27.422049  -27.422049  225.836334
   79.323891  -28.501184  -28.501184  225.838959
   80.448555  -29.666176  -29.666176  225.841782
   81.662682  -30.923862  -30.923862  225.844757
   82.973412  -32.281601  -32.281601  225.847961
   84.388397  -33.747364  -33.747364  225.851242
   85.915962  -35.329731  -35.329731  225.854691
   87.565033  -37.037968  -37.037968  225.858200
   89.345306  -38.882080  -38.882080  225.861664
  BLADE PROFILES IN CARTESIAN COORDINATES (2D) BEFORE   PROJECTION, SCALING, MESHING AND STACKING 
  VARIABLES = "X", "YSS", "YPS" 
  BLADE           2  SECTION           3
    0.000000   -0.001569   -0.001569
    0.000062    0.000986   -0.003702
    0.000249    0.003764   -0.005898
    0.000561    0.006876   -0.008025
    0.000997    0.010212   -0.010164
    0.001557    0.013376   -0.012400
    0.002241    0.016508   -0.014744
    0.003050    0.019623   -0.017266
    0.003982    0.022737   -0.019975
    0.005038    0.025818   -0.022796
    0.006218    0.028830   -0.025683
    0.007520    0.031734   -0.028596
    0.008945    0.034501   -0.031484
    0.010493    0.037131   -0.034299
    0.012162    0.039534   -0.036988
    0.013954    0.041733   -0.039502
    0.015866    0.043775   -0.041783
    0.017899    0.045725   -0.043881
    0.020052    0.047672   -0.045805
    0.022325    0.049644   -0.047651
    0.024716    0.051644   -0.049512
    0.027226    0.053666   -0.051402
    0.029854    0.055706   -0.053320
    0.032600    0.057762   -0.055265
    0.035461    0.059828   -0.057235
    0.038439    0.061901   -0.059227
    0.041531    0.063977   -0.061242
    0.044738    0.066053   -0.063276
    0.048058    0.068128   -0.065329
    0.051491    0.070228   -0.067374
    0.055036    0.072273   -0.069461
    0.058691    0.074303   -0.071565
    0.062456    0.076314   -0.073684
    0.066331    0.078303   -0.075818
    0.070314    0.080266   -0.077967
    0.074403    0.082199   -0.080130
    0.078599    0.084099   -0.082305
    0.082900    0.085963   -0.084494
    0.087305    0.087787   -0.086695
    0.091812    0.089569   -0.088886
    0.096421    0.091306   -0.091109
    0.101131    0.093027   -0.093344
    0.105941    0.094652   -0.095590
    0.110848    0.096218   -0.097848
    0.115853    0.097725   -0.100118
    0.120953    0.099169   -0.102399
    0.126148    0.100548   -0.104692
    0.131435    0.101859   -0.106979
    0.136815    0.103098   -0.109294
    0.142285    0.104269   -0.111620
    0.147845    0.105399   -0.113959
    0.153492    0.106396   -0.116310
    0.159225    0.107307   -0.118675
    0.165044    0.108132   -0.121052
    0.170946    0.108869   -0.123431
    0.176930    0.109516   -0.125834
    0.182994    0.110068   -0.128252
    0.189138    0.110525   -0.130684
    0.195358    0.110890   -0.133131
    0.201655    0.111194   -0.135594
    0.208026    0.111336   -0.138072
    0.214470    0.111370   -0.140560
    0.220986    0.111297   -0.143071
    0.227570    0.111115   -0.145599
    0.234223    0.110821   -0.148146
    0.240941    0.110414   -0.150710
    0.247725    0.109891   -0.153293
    0.254571    0.109258   -0.155896
    0.261478    0.108551   -0.158517
    0.268445    0.107658   -0.161160
    0.275470    0.106643   -0.163823
    0.282550    0.105505   -0.166508
    0.289685    0.104242   -0.169215
    0.296872    0.102854   -0.171944
    0.304110    0.101339   -0.174696
    0.311396    0.099696   -0.177471
    0.318730    0.097925   -0.180273
    0.326109    0.096027   -0.183097
    0.333531    0.094045   -0.185945
    0.340994    0.091871   -0.188818
    0.348497    0.089563   -0.191716
    0.356038    0.087123   -0.194639
    0.363615    0.084551   -0.197589
    0.371226    0.081846   -0.200564
    0.378869    0.079009   -0.203566
    0.386542    0.076039   -0.206595
    0.394243    0.072936   -0.209660
    0.401971    0.069700   -0.212744
    0.409723    0.066333   -0.215856
    0.417498    0.062836   -0.218994
    0.425293    0.059261   -0.222161
    0.433107    0.055490   -0.225355
    0.440937    0.051589   -0.228576
    0.448783    0.047559   -0.231825
    0.456641    0.043401   -0.235102
    0.464509    0.039116   -0.238406
    0.472387    0.034705   -0.241737
    0.480272    0.030169   -0.245096
    0.488161    0.025511   -0.248481
    0.496053    0.020730   -0.251893
    0.503947    0.015830   -0.255331
    0.511839    0.010810   -0.258796
    0.519729    0.005675   -0.262286
    0.527613    0.000424   -0.265802
    0.535491   -0.004940   -0.269342
    0.543360   -0.010414   -0.272907
    0.551217   -0.015996   -0.276495
    0.559063   -0.021685   -0.280107
    0.566893   -0.027477   -0.283741
    0.574707   -0.033371   -0.287397
    0.582502   -0.039363   -0.291075
    0.590277   -0.045451   -0.294773
    0.598029   -0.051632   -0.298490
    0.605757   -0.057903   -0.302226
    0.613458   -0.064261   -0.305980
    0.621131   -0.070703   -0.309751
    0.628774   -0.077227   -0.313538
    0.636385   -0.083828   -0.317340
    0.643962   -0.090503   -0.321156
    0.651503   -0.097249   -0.324984
    0.659006   -0.104063   -0.328824
    0.666469   -0.110941   -0.332675
    0.673891   -0.117879   -0.336535
    0.681270   -0.124874   -0.340403
    0.688604   -0.131922   -0.344277
    0.695890   -0.139019   -0.348157
    0.703128   -0.146161   -0.352041
    0.710315   -0.153345   -0.355928
    0.717450   -0.160566   -0.359816
    0.724530   -0.167820   -0.363704
    0.731555   -0.175104   -0.367590
    0.738522   -0.182414   -0.371473
    0.745429   -0.189744   -0.375350
    0.752275   -0.197092   -0.379209
    0.759059   -0.204452   -0.383075
    0.765777   -0.211821   -0.386931
    0.772430   -0.219194   -0.390777
    0.779015   -0.226572   -0.394610
    0.785530   -0.233979   -0.398429
    0.791974   -0.241342   -0.402232
    0.798345   -0.248691   -0.406017
    0.804642   -0.256023   -0.409783
    0.810863   -0.263334   -0.413528
    0.817006   -0.270618   -0.417250
    0.823070   -0.277871   -0.420947
    0.829054   -0.285090   -0.424618
    0.834956   -0.292269   -0.428261
    0.840775   -0.299405   -0.431874
    0.846508   -0.306493   -0.435455
    0.852155   -0.313528   -0.438994
    0.857715   -0.320507   -0.442508
    0.863185   -0.327425   -0.445985
    0.868565   -0.334278   -0.449425
    0.873852   -0.341063   -0.452824
    0.879047   -0.347778   -0.456180
    0.884147   -0.354431   -0.459493
    0.889152   -0.360983   -0.462760
    0.894059   -0.367448   -0.465980
    0.898869   -0.373823   -0.469151
    0.903579   -0.380104   -0.472271
    0.908188   -0.386286   -0.475339
    0.912695   -0.392367   -0.478352
    0.917100   -0.398341   -0.481310
    0.921401   -0.404206   -0.484211
    0.925597   -0.409958   -0.487052
    0.929686   -0.415592   -0.489829
    0.933669   -0.421105   -0.492548
    0.937544   -0.426495   -0.495204
    0.941309   -0.431756   -0.497796
    0.944965   -0.436887   -0.500320
    0.948509   -0.441885   -0.502777
    0.951942   -0.446744   -0.505165
    0.955262   -0.451464   -0.507482
    0.958469   -0.456046   -0.509727
    0.961561   -0.460473   -0.511898
    0.964539   -0.464751   -0.513995
    0.967400   -0.468876   -0.516016
    0.970146   -0.472846   -0.517959
    0.972774   -0.476658   -0.519825
    0.975284   -0.480310   -0.521612
    0.977675   -0.483799   -0.523319
    0.979948   -0.487123   -0.524923
    0.982101   -0.490281   -0.526293
    0.984134   -0.493269   -0.527345
    0.986046   -0.496085   -0.528158
    0.987838   -0.498727   -0.528782
    0.989507   -0.501197   -0.529247
    0.991055   -0.503490   -0.529570
    0.992480   -0.505606   -0.529762
    0.993782   -0.507542   -0.529828
    0.994962   -0.509298   -0.529771
    0.996018   -0.510922   -0.529591
    0.996950   -0.512497   -0.529285
    0.997759   -0.514111   -0.528883
    0.998443   -0.515759   -0.528321
    0.999003   -0.517433   -0.527578
    0.999439   -0.519066   -0.526733
    0.999751   -0.520638   -0.525741
    0.999938   -0.522138   -0.524569
    1.000000   -0.523791   -0.523791
  BLADE PROFILES IN CARTESIAN COORDINATES (3D) 
  VARIABLES = "X", "YSS", "YPS" "R" 
  BLADE           2  SECTION           3
   24.018566   -2.088323   -2.088323  243.644760
   25.088428   -2.027097   -2.027097  243.769165
   26.048876   -1.972086   -1.972086  243.869537
   26.911287   -1.922652   -1.922652  243.944565
   27.686659   -1.878162   -1.878162  243.995789
   28.381790   -1.838272   -1.838272  244.042496
   29.004971   -1.802509   -1.802509  244.085281
   29.563625   -1.770446   -1.770446  244.124634
   30.064430   -1.741702   -1.741702  244.160950
   30.513330   -1.715937   -1.715937  244.194656
   30.915756   -1.692838   -1.692838  244.225494
   31.276508   -1.672130   -1.672130  244.253677
   31.599909   -1.653565   -1.653565  244.279358
   31.889826   -1.636921   -1.636921  244.302734
   32.149727   -1.621999   -1.621999  244.323959
   32.382729   -1.608621   -1.608621  244.343216
   32.591610   -1.596627   -1.596627  244.360687
   32.778870   -1.585875   -1.585875  244.376480
   32.946747   -1.576234   -1.576234  244.390793
   33.097256   -1.567591   -1.567591  244.403671
   33.232178   -1.559842   -1.559842  244.417252
   33.366802   -0.796504   -2.305117  244.431030
   33.507538   -0.428223   -2.655277  244.445709
   33.654934   -0.170806   -2.930267  244.461334
   33.809559    0.013742   -3.139153  244.477936
   33.971973    0.166338   -3.296861  244.495728
   34.142731    0.312637   -3.433316  244.514771
   34.322392    0.455909   -3.567557  244.535141
   34.511524    0.596808   -3.701127  244.557022
   34.710670    0.735705   -3.834728  244.580505
   34.920387    0.872735   -3.968934  244.605667
   35.141243    1.009464   -4.102943  244.632706
   35.373768    1.142249   -4.239355  244.661743
   35.618549    1.272888   -4.377412  244.692993
   35.876099    1.400992   -4.517421  244.726578
   36.146873    1.526091   -4.659563  244.762589
   36.430897    1.647489   -4.803826  244.801208
   36.728840    1.764707   -4.949566  244.842575
   37.041405    1.878503   -5.098853  244.887009
   37.369419    1.984806   -5.251212  244.934692
   37.713764    2.085011   -5.407083  244.985718
   38.075397    2.178204   -5.566144  245.040695
   38.455196    2.263683   -5.730039  245.099564
   38.853828    2.340795   -5.898516  245.162933
   39.272617    2.405385   -6.072196  245.231003
   39.713039    2.458123   -6.251274  245.304169
   40.176720    2.497390   -6.437389  245.383041
   40.665451    2.523301   -6.631030  245.468063
   41.181171    2.528359   -6.832859  245.559662
   41.730083    2.513134   -7.046120  245.659622
   42.320091    2.473607   -7.273886  245.769363
   42.951740    2.407263   -7.516784  245.889481
   43.624504    2.304184   -7.775398  246.020355
   44.336720    2.163611   -8.049789  246.162048
   45.085594    1.981520   -8.340064  246.314056
   45.867214    1.755789   -8.645601  246.475967
   46.668911    1.483315   -8.962671  246.645294
   47.477867    1.169738   -9.287436  246.819046
   48.289753    0.816498   -9.618927  246.996078
   49.101089    0.427442   -9.956202  247.175308
   49.909126    0.000000  -10.298863  247.355911
   50.712013   -0.460988  -10.646562  247.536972
   51.508659   -0.953752  -10.999189  247.718231
   52.304482   -1.480824  -11.359510  247.900330
   53.103081   -2.044386  -11.729606  248.083862
   53.903889   -2.644005  -12.109674  248.268509
   54.705868   -3.278809  -12.499641  248.453690
   55.507626   -3.947424  -12.899178  248.638809
   56.307358   -4.647883  -13.307630  248.823135
   57.102814   -5.377543  -13.724012  249.005859
   57.886963   -6.128685  -14.144579  249.185242
   58.655422   -6.895207  -14.566662  249.359818
   59.406120   -7.672840  -14.988663  249.529144
   60.137398   -8.457513  -15.409090  249.692596
   60.847992   -9.245440  -15.826073  249.849930
   61.536980  -10.033544  -16.239588  250.000748
   62.203911  -10.819720  -16.647953  250.144928
   62.851234  -11.602261  -17.051977  250.283096
   63.479557  -12.381193  -17.451447  250.415390
   64.088928  -13.154664  -17.845505  250.541809
   64.679298  -13.920891  -18.234068  250.662415
   65.250679  -14.678916  -18.616449  250.777252
   65.803062  -15.426046  -18.991880  250.886383
   66.336426  -16.160679  -19.359797  250.990005
   66.850754  -16.881603  -19.719578  251.088135
   67.346039  -17.587378  -20.070677  251.180923
   67.822250  -18.276722  -20.412823  251.268448
   68.279388  -18.948460  -20.745272  251.350906
   68.717438  -19.600708  -21.067564  251.428421
   69.136383  -20.232492  -21.292477  251.501144
   69.536163  -21.100536  -21.100851  251.559174
   69.940475  -21.556082  -21.556238  251.596146
   70.377052  -22.047705  -22.047705  251.635254
   70.848450  -22.578434  -22.578434  251.676498
   71.357475  -23.151392  -23.151392  251.720016
   71.907104  -23.769926  -23.769926  251.765701
   72.500618  -24.437651  -24.437651  251.813583
   73.141518  -25.158482  -25.158482  251.863693
   73.833588  -25.936626  -25.936626  251.915878
   74.580925  -26.776625  -26.776625  251.969986
   75.387970  -27.683388  -27.683388  252.025925
   76.259460  -28.662197  -28.662197  252.083511
   77.200592  -29.718750  -29.718750  252.142426
   78.216911  -30.859198  -30.859198  252.202301
   79.314423  -32.090164  -32.090164  252.262833
   80.499634  -33.418774  -33.418774  252.323395
   81.779526  -34.852726  -34.852726  252.383438
   83.161652  -36.400307  -36.400307  252.442276
   84.654167  -38.070427  -38.070427  252.499039
   86.265800  -39.872696  -39.872696  252.552963
   88.006050  -41.817455  -41.817455  252.602875
