  BLADE PROFILES IN CARTESIAN COORDINATES (2D) BEFORE   PROJECTION, SCALING, MESHING AND STACKING 
  VARIABLES = "X", "YSS", "YPS" 
  BLADE           1  SECTION           1
    0.000000   -0.019486   -0.019486
    0.000062   -0.018268   -0.023218
    0.000249   -0.015379   -0.025604
    0.000561   -0.012552   -0.027914
    0.000997   -0.009850   -0.030160
    0.001557   -0.007077   -0.032081
    0.002241   -0.004257   -0.033909
    0.003050   -0.001427   -0.035837
    0.003982    0.001391   -0.037795
    0.005038    0.004180   -0.039908
    0.006218    0.006923   -0.042204
    0.007520    0.009610   -0.044689
    0.008945    0.012237   -0.047368
    0.010493    0.014807   -0.050194
    0.012162    0.017299   -0.053186
    0.013954    0.019734   -0.056337
    0.015866    0.022109   -0.059641
    0.017899    0.024445   -0.063091
    0.020052    0.026752   -0.066680
    0.022325    0.029028   -0.070401
    0.024716    0.031280   -0.074248
    0.027226    0.033517   -0.078214
    0.029854    0.035733   -0.082324
    0.032600    0.037925   -0.086501
    0.035461    0.040086   -0.090774
    0.038439    0.042202   -0.095136
    0.041531    0.044260   -0.099579
    0.044738    0.046230   -0.104097
    0.048058    0.048076   -0.108682
    0.051491    0.049763   -0.113327
    0.055036    0.051261   -0.118023
    0.058691    0.052555   -0.122764
    0.062456    0.053694   -0.127546
    0.066331    0.054819   -0.132393
    0.070314    0.055971   -0.137206
    0.074403    0.057149   -0.142027
    0.078599    0.058358   -0.146854
    0.082900    0.059597   -0.151679
    0.087305    0.060873   -0.156504
    0.091812    0.062183   -0.161347
    0.096421    0.063530   -0.166089
    0.101131    0.064916   -0.170794
    0.105941    0.066352   -0.175463
    0.110848    0.067827   -0.180093
    0.115853    0.069349   -0.184674
    0.120953    0.070917   -0.189143
    0.126148    0.072553   -0.193557
    0.131435    0.074229   -0.197939
    0.136815    0.075977   -0.202102
    0.142285    0.077770   -0.206184
    0.147845    0.079642   -0.210193
    0.153492    0.081559   -0.214082
    0.159225    0.083565   -0.217805
    0.165044    0.085640   -0.221424
    0.170946    0.087787   -0.224897
    0.176930    0.090010   -0.228178
    0.182994    0.092309   -0.231341
    0.189138    0.094688   -0.234306
    0.195358    0.097148   -0.237130
    0.201655    0.099723   -0.239826
    0.208026    0.102357   -0.242156
    0.214470    0.105117   -0.244385
    0.220986    0.107942   -0.246439
    0.227570    0.110904   -0.248191
    0.234223    0.113937   -0.249802
    0.240941    0.117079   -0.251139
    0.247725    0.120332   -0.252305
    0.254571    0.123699   -0.253264
    0.261478    0.127182   -0.253827
    0.268445    0.130740   -0.254245
    0.275470    0.134465   -0.254391
    0.282550    0.138260   -0.254297
    0.289685    0.142234   -0.254021
    0.296872    0.146281   -0.253252
    0.304110    0.150458   -0.252332
    0.311396    0.154810   -0.251185
    0.318730    0.159244   -0.249625
    0.326109    0.163806   -0.247865
    0.333531    0.168499   -0.245831
    0.340994    0.173335   -0.243424
    0.348497    0.178357   -0.240782
    0.356038    0.183464   -0.237859
    0.363615    0.188709   -0.234554
    0.371226    0.194092   -0.231000
    0.378869    0.199614   -0.227200
    0.386542    0.205276   -0.222950
    0.394243    0.211079   -0.218469
    0.401971    0.217023   -0.213760
    0.409723    0.223109   -0.208583
    0.417498    0.229337   -0.203085
    0.425293    0.235705   -0.197301
    0.433107    0.242206   -0.191251
    0.440937    0.248802   -0.184992
    0.448783    0.255594   -0.178237
    0.456641    0.262538   -0.171185
    0.464509    0.269621   -0.163833
    0.472387    0.276844   -0.156180
    0.480272    0.284204   -0.148223
    0.488161    0.291701   -0.139988
    0.496053    0.299332   -0.131548
    0.503947    0.307097   -0.122681
    0.511839    0.314983   -0.113503
    0.519729    0.322952   -0.104025
    0.527613    0.331122   -0.094257
    0.535491    0.339424   -0.084201
    0.543360    0.347850   -0.073862
    0.551217    0.356398   -0.063243
    0.559063    0.365066   -0.052348
    0.566893    0.373832   -0.041183
    0.574707    0.382680   -0.029740
    0.582502    0.391691   -0.018032
    0.590277    0.400834   -0.006042
    0.598029    0.410081    0.006290
    0.605757    0.419431    0.018748
    0.613458    0.428879    0.031444
    0.621131    0.438423    0.044371
    0.628774    0.448047    0.057522
    0.636385    0.457716    0.070889
    0.643962    0.467542    0.084467
    0.651503    0.477454    0.098251
    0.659006    0.487442    0.112271
    0.666469    0.497502    0.126567
    0.673891    0.507631    0.140930
    0.681270    0.517809    0.155462
    0.688604    0.528011    0.170156
    0.695890    0.538325    0.185003
    0.703128    0.548701    0.199994
    0.710315    0.559123    0.215160
    0.717450    0.569584    0.230541
    0.724530    0.580081    0.245934
    0.731555    0.590590    0.261433
    0.738522    0.601101    0.277031
    0.745429    0.611673    0.292716
    0.752275    0.622271    0.308480
    0.759059    0.632884    0.324352
    0.765777    0.643500    0.340353
    0.772430    0.654113    0.356312
    0.779015    0.664720    0.372307
    0.785530    0.675297    0.388330
    0.791974    0.685839    0.404370
    0.798345    0.696389    0.420417
    0.804642    0.706913    0.436479
    0.810863    0.717411    0.452549
    0.817006    0.727866    0.468634
    0.823070    0.738274    0.484616
    0.829054    0.748628    0.500552
    0.834956    0.758923    0.516431
    0.840775    0.769138    0.532241
    0.846508    0.779271    0.547978
    0.852155    0.789353    0.563634
    0.857715    0.799353    0.579210
    0.863185    0.809265    0.594702
    0.868565    0.819089    0.610022
    0.873852    0.828811    0.625210
    0.879047    0.838427    0.640255
    0.884147    0.847931    0.655147
    0.889152    0.857316    0.669875
    0.894059    0.866577    0.684435
    0.898869    0.875697    0.698815
    0.903579    0.884680    0.712999
    0.908188    0.893538    0.726979
    0.912695    0.902249    0.740765
    0.917100    0.910809    0.754329
    0.921401    0.919213    0.767634
    0.925597    0.927454    0.780695
    0.929686    0.935528    0.793505
    0.933669    0.943430    0.806053
    0.937544    0.951155    0.818331
    0.941309    0.958697    0.830331
    0.944965    0.966051    0.842045
    0.948509    0.973214    0.853461
    0.951942    0.980180    0.864572
    0.955262    0.986944    0.875370
    0.958469    0.993503    0.885847
    0.961561    0.999852    0.895995
    0.964539    1.005986    0.905807
    0.967400    1.011902    0.915276
    0.970146    1.017595    0.924395
    0.972774    1.023070    0.933157
    0.975284    1.028018    0.941556
    0.977675    1.032081    0.949585
    0.979948    1.035492    0.957239
    0.982101    1.038384    0.964512
    0.984134    1.040830    0.971399
    0.986046    1.042885    0.977894
    0.987838    1.044574    0.983990
    0.989507    1.045916    0.989685
    0.991055    1.046925    0.994978
    0.992480    1.047606    0.999862
    0.993782    1.047963    1.004332
    0.994962    1.048048    1.008389
    0.996018    1.047770    1.012026
    0.996950    1.047145    1.015279
    0.997759    1.046262    1.018235
    0.998443    1.045094    1.021234
    0.999003    1.043624    1.024125
    0.999439    1.041863    1.026903
    0.999751    1.039845    1.029825
    0.999938    1.037577    1.032638
    1.000000    1.033819    1.033819
  BLADE PROFILES IN CARTESIAN COORDINATES (3D) 
  VARIABLES = "X", "YSS", "YPS" "R" 
  BLADE           1  SECTION           1
  -24.955132    1.305207    1.305207  798.853943
  -22.085011   -0.707623   -0.707623  798.850952
  -19.526007   -2.502263   -2.502263  798.847595
  -17.244389   -4.102361   -4.102361  798.844360
  -15.210089   -5.529006   -5.529006  798.840820
  -13.396303   -6.801001   -6.801001  798.837585
  -11.779124   -7.935108   -7.935108  798.834412
  -10.337241   -8.946277   -8.946277  798.831360
   -9.051661   -9.847833   -9.847833  798.828369
   -7.905427  -10.651655  -10.651655  798.825745
   -6.883446  -11.368349  -11.368349  798.823120
   -5.972239  -12.007347  -12.007347  798.820679
   -5.159808  -12.577078  -12.577078  798.818665
   -4.435440  -13.085053  -13.085053  798.816589
   -3.789594  -13.537960  -13.537960  798.814697
   -3.213756  -13.941774  -13.941774  798.813049
   -2.700335  -14.301814  -14.301814  798.811584
   -2.242566  -14.622826  -14.622826  798.810120
   -1.834418  -14.909039  -14.909039  798.808899
   -1.470511  -15.164228  -15.164228  798.807678
   -1.146055  -15.391756  -15.391756  798.806641
   -0.856766  -15.594619  -15.594619  798.805786
   -0.598836  -15.775493  -15.775493  798.804932
   -0.368860  -15.936760  -15.936760  798.804199
   -0.163817  -16.080545  -16.080545  798.803650
    0.019000  -16.208744  -16.208744  798.802979
    0.201815  -15.229812  -17.107958  798.801941
    0.392963  -14.776106  -17.481949  798.800903
    0.593213  -14.436974  -17.850142  798.799744
    0.803330  -14.158281  -18.217892  798.798340
    1.024082  -13.912973  -18.589233  798.797058
    1.256238  -13.687929  -18.965704  798.795715
    1.500567  -13.475882  -19.349895  798.794189
    1.757838  -13.274423  -19.738792  798.792603
    2.028817  -13.084086  -20.134321  798.791199
    2.314269  -12.908653  -20.536612  798.789185
    2.614968  -12.756189  -20.945431  798.787476
    2.931678  -12.633780  -21.360363  798.785522
    3.265170  -12.533774  -21.782438  798.783264
    3.616208  -12.432367  -22.206991  798.781189
    3.985385  -12.326006  -22.633619  798.778625
    4.372798  -12.214005  -23.062206  798.776123
    4.779340  -12.095579  -23.491859  798.773499
    5.206032  -11.969527  -23.915953  798.770630
    5.653996  -11.834703  -24.338812  798.767700
    6.124463  -11.690043  -24.754854  798.764465
    6.618790  -11.533400  -25.166748  798.760986
    7.138157  -11.363612  -25.559860  798.757507
    7.683566  -11.179098  -25.943901  798.753601
    8.256836  -10.976606  -26.308472  798.749573
    8.860012  -10.754791  -26.651241  798.745300
    9.495372  -10.510986  -26.968927  798.740723
   10.165408  -10.240471  -27.259302  798.735718
   10.872837   -9.940449  -27.504719  798.730591
   11.626225   -9.602874  -27.707968  798.724976
   12.436439   -9.219826  -27.860912  798.718933
   13.304364   -8.784633  -27.944607  798.712280
   14.229327   -8.291779  -27.951014  798.704956
   15.209135   -7.735958  -27.854944  798.697449
   16.239960   -7.111530  -27.648726  798.689453
   17.316486   -6.416170  -27.317608  798.680969
   18.421255   -5.655982  -26.855742  798.671997
   19.536621   -4.839786  -26.265711  798.663147
   20.656567   -3.969354  -25.548872  798.654175
   21.776199   -3.048912  -24.705763  798.645081
   22.891697   -2.079852  -23.741844  798.636292
   24.000437   -1.061882  -22.661367  798.627319
   25.100834    0.000000  -21.480030  798.618530
   26.200369    1.109300  -20.173073  798.609802
   27.303919    2.281209  -18.745075  798.601135
   28.410650    3.507887  -17.196417  798.592773
   29.519112    4.790606  -15.525304  798.584106
   30.627281    6.130920  -13.734029  798.575378
   31.732603    7.518878  -11.837743  798.567261
   32.831966    8.958625   -9.836529  798.558899
   33.915573   10.431196   -7.745385  798.551086
   34.977345   11.923850   -5.596771  798.543335
   36.014366   13.435977   -3.387721  798.536011
   37.024315   14.952610   -1.146915  798.528931
   38.005402   16.475557    1.123616  798.522461
   38.956409   17.994802    3.412548  798.515991
   39.876678   19.502550    5.703288  798.509827
   40.769558   21.006931    8.006861  798.504211
   41.635925   22.502909   10.308525  798.499146
   42.475822   23.984829   12.605792  798.493896
   43.289223   25.454382   14.897315  798.489197
   44.076126   26.906694   17.167978  798.484802
   44.836536   28.337791   19.416965  798.480591
   45.570442   29.744825   21.639503  798.476746
   46.277859   31.126656   23.828779  798.472961
   46.958790   32.479698   25.978203  798.469543
   47.613224   33.801392   28.084702  798.466431
   48.241146   35.089111   30.142826  798.463440
   48.842594   36.283348   32.148045  798.460938
   49.417542   36.969265   34.095745  798.458313
   49.965992   36.383934   36.383068  798.455872
   50.514454   37.919247   37.918808  798.455078
   51.094223   39.542690   39.542690  798.453796
   51.707130   41.258846   41.258846  798.452515
   52.355026   43.072998   43.072998  798.450867
   53.039909   44.990746   44.990746  798.448853
   53.763931   47.017994   47.017994  798.446472
   54.529289   49.161011   49.161011  798.443481
   55.338356   51.426373   51.426373  798.440186
   56.193626   53.821072   53.821072  798.436096
   57.097740   56.352482   56.352482  798.430969
   58.053501   59.028389   59.028389  798.425049
   59.063831   61.857063   61.857063  798.418030
   60.131851   64.847206   64.847206  798.410095
   61.260868   68.008018   68.008018  798.400757
   62.454357   71.349251   71.349251  798.390015
  BLADE PROFILES IN CARTESIAN COORDINATES (2D) BEFORE   PROJECTION, SCALING, MESHING AND STACKING 
  VARIABLES = "X", "YSS", "YPS" 
  BLADE           1  SECTION           2
    0.000000   -0.019488   -0.019488
    0.000062   -0.018258   -0.023197
    0.000249   -0.015363   -0.025571
    0.000561   -0.012534   -0.027888
    0.000997   -0.009823   -0.030139
    0.001557   -0.007051   -0.032056
    0.002241   -0.004232   -0.033887
    0.003050   -0.001402   -0.035815
    0.003982    0.001415   -0.037771
    0.005038    0.004202   -0.039884
    0.006218    0.006942   -0.042178
    0.007520    0.009630   -0.044661
    0.008945    0.012255   -0.047337
    0.010493    0.014824   -0.050162
    0.012162    0.017314   -0.053151
    0.013954    0.019746   -0.056300
    0.015866    0.022121   -0.059602
    0.017899    0.024454   -0.063049
    0.020052    0.026752   -0.066636
    0.022325    0.029031   -0.070354
    0.024716    0.031282   -0.074198
    0.027226    0.033517   -0.078162
    0.029854    0.035730   -0.082268
    0.032600    0.037920   -0.086443
    0.035461    0.040078   -0.090712
    0.038439    0.042191   -0.095072
    0.041531    0.044246   -0.099512
    0.044738    0.046212   -0.104027
    0.048058    0.048054   -0.108609
    0.051491    0.049735   -0.113251
    0.055036    0.051228   -0.117944
    0.058691    0.052517   -0.122682
    0.062456    0.053651   -0.127460
    0.066331    0.054775   -0.132304
    0.070314    0.055925   -0.137114
    0.074403    0.057103   -0.141933
    0.078599    0.058309   -0.146756
    0.082900    0.059547   -0.151578
    0.087305    0.060821   -0.156401
    0.091812    0.062130   -0.161240
    0.096421    0.063475   -0.165980
    0.101131    0.064860   -0.170683
    0.105941    0.066294   -0.175348
    0.110848    0.067767   -0.179976
    0.115853    0.069286   -0.184554
    0.120953    0.070854   -0.189022
    0.126148    0.072486   -0.193433
    0.131435    0.074160   -0.197813
    0.136815    0.075906   -0.201974
    0.142285    0.077697   -0.206054
    0.147845    0.079565   -0.210062
    0.153492    0.081480   -0.213949
    0.159225    0.083483   -0.217671
    0.165044    0.085555   -0.221289
    0.170946    0.087699   -0.224761
    0.176930    0.089919   -0.228041
    0.182994    0.092215   -0.231202
    0.189138    0.094591   -0.234168
    0.195358    0.097047   -0.236992
    0.201655    0.099619   -0.239690
    0.208026    0.102249   -0.242018
    0.214470    0.105006   -0.244246
    0.220986    0.107827   -0.246304
    0.227570    0.110784   -0.248054
    0.234223    0.113814   -0.249666
    0.240941    0.116950   -0.251007
    0.247725    0.120199   -0.252172
    0.254571    0.123561   -0.253136
    0.261478    0.127039   -0.253699
    0.268445    0.130592   -0.254117
    0.275470    0.134311   -0.254270
    0.282550    0.138101   -0.254177
    0.289685    0.142069   -0.253908
    0.296872    0.146110   -0.253139
    0.304110    0.150279   -0.252221
    0.311396    0.154626   -0.251083
    0.318730    0.159054   -0.249523
    0.326109    0.163610   -0.247767
    0.333531    0.168296   -0.245742
    0.340994    0.173123   -0.243336
    0.348497    0.178138   -0.240700
    0.356038    0.183238   -0.237788
    0.363615    0.188475   -0.234484
    0.371226    0.193850   -0.230937
    0.378869    0.199364   -0.227149
    0.386542    0.205018   -0.222902
    0.394243    0.210813   -0.218376
    0.401971    0.216749   -0.213589
    0.409723    0.222826   -0.208537
    0.417498    0.229044   -0.203069
    0.425293    0.235403   -0.197292
    0.433107    0.241895   -0.191252
    0.440937    0.248481   -0.185004
    0.448783    0.255264   -0.178258
    0.456641    0.262198   -0.171215
    0.464509    0.269271   -0.163873
    0.472387    0.276483   -0.156229
    0.480272    0.283833   -0.148282
    0.488161    0.291318   -0.140060
    0.496053    0.298939   -0.131630
    0.503947    0.306693   -0.122774
    0.511839    0.314567   -0.113612
    0.519729    0.322525   -0.104146
    0.527613    0.330684   -0.094390
    0.535491    0.338974   -0.084348
    0.543360    0.347388   -0.074022
    0.551217    0.355924   -0.063416
    0.559063    0.364579   -0.052535
    0.566893    0.373334   -0.041384
    0.574707    0.382169   -0.029954
    0.582502    0.391168   -0.018244
    0.590277    0.400297   -0.006167
    0.598029    0.409531    0.006032
    0.605757    0.418868    0.018475
    0.613458    0.428303    0.031155
    0.621131    0.437833    0.044066
    0.628774    0.447444    0.057200
    0.636385    0.457099    0.070552
    0.643962    0.466911    0.084112
    0.651503    0.476810    0.097881
    0.659006    0.486784    0.111884
    0.666469    0.496830    0.126163
    0.673891    0.506944    0.140509
    0.681270    0.517108    0.155024
    0.688604    0.527296    0.169700
    0.695890    0.537596    0.184529
    0.703128    0.547958    0.199503
    0.710315    0.558365    0.214652
    0.717450    0.568812    0.230014
    0.724530    0.579293    0.245389
    0.731555    0.589788    0.260870
    0.738522    0.600285    0.276449
    0.745429    0.610843    0.292116
    0.752275    0.621425    0.307862
    0.759059    0.632024    0.323715
    0.765777    0.642625    0.339698
    0.772430    0.653224    0.355638
    0.779015    0.663816    0.371615
    0.785530    0.674379    0.387620
    0.791974    0.684905    0.403641
    0.798345    0.695442    0.419670
    0.804642    0.705951    0.435713
    0.810863    0.716434    0.451765
    0.817006    0.726876    0.467831
    0.823070    0.737269    0.483795
    0.829054    0.747609    0.499713
    0.834956    0.757889    0.515573
    0.840775    0.768091    0.531366
    0.846508    0.778210    0.547084
    0.852155    0.788278    0.562723
    0.857715    0.798264    0.578281
    0.863185    0.808163    0.593756
    0.868565    0.817973    0.609059
    0.873852    0.827682    0.624229
    0.879047    0.837285    0.639257
    0.884147    0.846776    0.654132
    0.889152    0.856148    0.668844
    0.894059    0.865397    0.683387
    0.898869    0.874505    0.697750
    0.903579    0.883475    0.711919
    0.908188    0.892321    0.725883
    0.912695    0.901020    0.739654
    0.917100    0.909569    0.753202
    0.921401    0.917961    0.766492
    0.925597    0.926191    0.779539
    0.929686    0.934254    0.792334
    0.933669    0.942145    0.804868
    0.937544    0.949859    0.817132
    0.941309    0.957391    0.829119
    0.944965    0.964736    0.840819
    0.948509    0.971889    0.852223
    0.951942    0.978845    0.863322
    0.955262    0.985600    0.874108
    0.958469    0.992150    0.884573
    0.961561    0.998491    0.894710
    0.964539    1.004616    0.904511
    0.967400    1.010524    0.913969
    0.970146    1.016210    0.923077
    0.972774    1.021677    0.931830
    0.975284    1.026617    0.940219
    0.977675    1.030673    0.948239
    0.979948    1.034078    0.955885
    0.982101    1.036965    0.963150
    0.984134    1.039407    0.970029
    0.986046    1.041457    0.976516
    0.987838    1.043142    0.982606
    0.989507    1.044481    0.988294
    0.991055    1.045488    0.993582
    0.992480    1.046166    0.998460
    0.993782    1.046521    1.002925
    0.994962    1.046605    1.006978
    0.996018    1.046326    1.010611
    0.996950    1.045699    1.013859
    0.997759    1.044815    1.016814
    0.998443    1.043646    1.019808
    0.999003    1.042179    1.022695
    0.999439    1.040417    1.025472
    0.999751    1.038400    1.028393
    0.999938    1.036132    1.031204
    1.000000    1.032385    1.032385
  BLADE PROFILES IN CARTESIAN COORDINATES (3D) 
  VARIABLES = "X", "YSS", "YPS" "R" 
  BLADE           1  SECTION           2
  -25.006395    1.318361    1.318361  799.403076
  -22.133305   -0.695189   -0.695189  799.403015
  -19.571646   -2.490476   -2.490476  799.403015
  -17.287661   -4.091160   -4.091160  799.403015
  -15.251250   -5.518335   -5.518335  799.403015
  -13.435581   -6.790810   -6.790810  799.403015
  -11.816725   -7.925353   -7.925353  799.403015
  -10.373347   -8.936914   -8.936914  799.403076
   -9.086427   -9.838826   -9.838826  799.402954
   -7.939001  -10.642976  -10.642976  799.402954
   -6.915952  -11.359955  -11.359955  799.403076
   -6.003800  -11.999219  -11.999219  799.403076
   -5.190525  -12.569187  -12.569187  799.403015
   -4.465401  -13.077373  -13.077373  799.403076
   -3.818881  -13.530473  -13.530473  799.403076
   -3.242444  -13.934461  -13.934461  799.403015
   -2.728488  -14.294655  -14.294655  799.402954
   -2.270241  -14.615807  -14.615807  799.403015
   -1.861669  -14.902145  -14.902145  799.402954
   -1.497384  -15.157449  -15.157449  799.403015
   -1.172587  -15.385076  -15.385076  799.402954
   -0.882998  -15.588030  -15.588030  799.403015
   -0.624794  -15.768985  -15.768985  799.402954
   -0.394583  -15.930323  -15.930323  799.403015
   -0.189327  -16.074177  -16.074177  799.403076
   -0.006318  -16.202433  -16.202433  799.403076
    0.176690  -15.222467  -17.102629  799.403076
    0.368040  -14.768555  -17.476767  799.403076
    0.568502  -14.429268  -17.845091  799.403076
    0.778840  -14.150516  -18.212982  799.403015
    0.999827  -13.905569  -18.584475  799.403015
    1.232229  -13.680218  -18.961100  799.403015
    1.476817  -13.468198  -19.345413  799.402954
    1.734357  -13.266789  -19.734484  799.403015
    2.005622  -13.076554  -20.130186  799.403076
    2.291378  -12.901326  -20.532652  799.403076
    2.592396  -12.749160  -20.941656  799.403015
    2.909441  -12.627128  -21.356787  799.403015
    3.243287  -12.527352  -21.779034  799.403137
    3.594697  -12.425984  -22.203804  799.403076
    3.964266  -12.319677  -22.630655  799.403076
    4.352088  -12.207739  -23.059469  799.402893
    4.759062  -12.089379  -23.489338  799.402954
    5.186205  -11.963399  -23.913689  799.403015
    5.634644  -11.828661  -24.336796  799.403137
    6.105609  -11.684074  -24.753101  799.403137
    6.600460  -11.527552  -25.165272  799.403015
    7.120378  -11.357871  -25.558662  799.402954
    7.666366  -11.173470  -25.943014  799.403076
    8.240243  -10.971104  -26.307861  799.402954
    8.844069  -10.749430  -26.650961  799.402954
    9.480103  -10.505767  -26.969034  799.402954
   10.150850  -10.235399  -27.259794  799.402954
   10.859030   -9.935538  -27.505524  799.403198
   11.613216   -9.598169  -27.709063  799.402954
   12.424297   -9.215343  -27.862478  799.403076
   13.293143   -8.780409  -27.946531  799.402893
   14.219105   -8.287838  -27.953516  799.402954
   15.199948   -7.732442  -27.857803  799.403076
   16.231869   -7.108253  -27.652012  799.403076
   17.309547   -6.413329  -27.321369  799.402893
   18.415506   -5.653499  -26.860003  799.402954
   19.532055   -4.837697  -26.269339  799.402954
   20.653193   -3.967683  -25.553934  799.403015
   21.773991   -3.047644  -24.711462  799.402954
   22.890701   -2.078980  -23.747946  799.402954
   24.000610   -1.061449  -22.667772  799.403015
   25.102209    0.000000  -21.486753  799.402954
   26.202873    1.108873  -20.180321  799.403015
   27.307629    2.280362  -18.752645  799.403015
   28.415546    3.506607  -17.204306  799.402893
   29.525167    4.788886  -15.527654  799.402771
   30.634501    6.128760  -13.742443  799.402771
   31.741016    7.516279  -11.846437  799.402771
   32.841557    8.955586   -9.845430  799.402710
   33.926308   10.427724   -7.754552  799.402771
   34.989212   11.919966   -5.606148  799.402954
   36.027325   13.431674   -3.397269  799.403137
   37.038361   14.947911   -1.156655  799.402954
   38.020477   16.470455    1.113736  799.402954
   38.972500   17.989328    3.402529  799.403015
   39.893723   19.496689    5.693133  799.402954
   40.787548   21.000713    7.996601  799.403015
   41.654858   22.496340   10.298182  799.402893
   42.495632   23.977907   12.595333  799.402893
   43.309891   25.447109   14.886773  799.403076
   44.097622   26.899097   17.157368  799.402893
   44.858833   28.329885   19.406284  799.402832
   45.593513   29.736593   21.628771  799.403137
   46.301674   31.118122   23.817995  799.403076
   46.983322   32.470871   25.967358  799.402832
   47.638439   33.792244   28.073812  799.402893
   48.267036   35.079693   30.131897  799.402954
   48.869106   36.273540   32.137074  799.403076
   49.444653   36.958950   34.084709  799.402954
   49.993675   36.373093   36.372227  799.403076
   50.542698   37.908188   37.907753  799.403015
   51.123074   39.531410   39.531410  799.403076
   51.736607   41.247349   41.247349  799.402954
   52.385178   43.061291   43.061291  799.403015
   53.070789   44.978809   44.978809  799.403015
   53.795555   47.005859   47.005859  799.403076
   54.561710   49.148674   49.148674  799.402954
   55.371628   51.413876   51.413876  799.403015
   56.227795   53.808434   53.808434  799.403076
   57.132866   56.339752   56.339752  799.402893
   58.089619   59.015640   59.015640  799.403015
   59.101021   61.844353   61.844353  799.402954
   60.170185   64.834625   64.834625  799.403076
   61.300415   67.995667   67.995667  799.403076
   62.495193   71.337257   71.337257  799.403015
  BLADE PROFILES IN CARTESIAN COORDINATES (2D) BEFORE   PROJECTION, SCALING, MESHING AND STACKING 
  VARIABLES = "X", "YSS", "YPS" 
  BLADE           1  SECTION           3
    0.000000   -0.019489   -0.019489
    0.000062   -0.018247   -0.023177
    0.000249   -0.015346   -0.025538
    0.000561   -0.012516   -0.027863
    0.000997   -0.009796   -0.030119
    0.001557   -0.007024   -0.032031
    0.002241   -0.004206   -0.033865
    0.003050   -0.001377   -0.035793
    0.003982    0.001439   -0.037747
    0.005038    0.004225   -0.039859
    0.006218    0.006963   -0.042151
    0.007520    0.009649   -0.044633
    0.008945    0.012272   -0.047307
    0.010493    0.014842   -0.050129
    0.012162    0.017329   -0.053117
    0.013954    0.019758   -0.056263
    0.015866    0.022132   -0.059563
    0.017899    0.024463   -0.063008
    0.020052    0.026759   -0.066592
    0.022325    0.029035   -0.070308
    0.024716    0.031284   -0.074149
    0.027226    0.033517   -0.078110
    0.029854    0.035727   -0.082213
    0.032600    0.037915   -0.086385
    0.035461    0.040071   -0.090652
    0.038439    0.042181   -0.095008
    0.041531    0.044232   -0.099446
    0.044738    0.046191   -0.103958
    0.048058    0.048027   -0.108537
    0.051491    0.049708   -0.113175
    0.055036    0.051195   -0.117865
    0.058691    0.052479   -0.122600
    0.062456    0.053609   -0.127375
    0.066331    0.054732   -0.132215
    0.070314    0.055880   -0.137023
    0.074403    0.057056   -0.141838
    0.078599    0.058262   -0.146659
    0.082900    0.059499   -0.151478
    0.087305    0.060771   -0.156298
    0.091812    0.062077   -0.161134
    0.096421    0.063421   -0.165871
    0.101131    0.064804   -0.170571
    0.105941    0.066236   -0.175235
    0.110848    0.067708   -0.179860
    0.115853    0.069224   -0.184435
    0.120953    0.070790   -0.188901
    0.126148    0.072420   -0.193309
    0.131435    0.074092   -0.197688
    0.136815    0.075835   -0.201847
    0.142285    0.077623   -0.205925
    0.147845    0.079490   -0.209931
    0.153492    0.081402   -0.213817
    0.159225    0.083402   -0.217537
    0.165044    0.085471   -0.221154
    0.170946    0.087612   -0.224626
    0.176930    0.089829   -0.227904
    0.182994    0.092122   -0.231064
    0.189138    0.094494   -0.234031
    0.195358    0.096947   -0.236854
    0.201655    0.099516   -0.239553
    0.208026    0.102143   -0.241880
    0.214470    0.104895   -0.244108
    0.220986    0.107712   -0.246169
    0.227570    0.110666   -0.247918
    0.234223    0.113690   -0.249529
    0.240941    0.116823   -0.250875
    0.247725    0.120067   -0.252040
    0.254571    0.123424   -0.253009
    0.261478    0.126896   -0.253571
    0.268445    0.130445   -0.253990
    0.275470    0.134158   -0.254150
    0.282550    0.137944   -0.254057
    0.289685    0.141904   -0.253795
    0.296872    0.145940   -0.253026
    0.304110    0.150101   -0.252111
    0.311396    0.154443   -0.250981
    0.318730    0.158865   -0.249421
    0.326109    0.163414   -0.247669
    0.333531    0.168094   -0.245654
    0.340994    0.172911   -0.243249
    0.348497    0.177920   -0.240617
    0.356038    0.183013   -0.237717
    0.363615    0.188243   -0.234415
    0.371226    0.193610   -0.230874
    0.378869    0.199116   -0.227098
    0.386542    0.204762   -0.222854
    0.394243    0.210548   -0.218333
    0.401971    0.216475   -0.213554
    0.409723    0.222543   -0.208516
    0.417498    0.228752   -0.203052
    0.425293    0.235103   -0.197283
    0.433107    0.241586   -0.191252
    0.440937    0.248162   -0.185011
    0.448783    0.254936   -0.178279
    0.456641    0.261860   -0.171245
    0.464509    0.268923   -0.163912
    0.472387    0.276124   -0.156278
    0.480272    0.283463   -0.148342
    0.488161    0.290938   -0.140132
    0.496053    0.298548   -0.131711
    0.503947    0.306290   -0.122867
    0.511839    0.314154   -0.113720
    0.519729    0.322100   -0.104267
    0.527613    0.330248   -0.094523
    0.535491    0.338526   -0.084494
    0.543360    0.346928   -0.074181
    0.551217    0.355452   -0.063589
    0.559063    0.364095   -0.052721
    0.566893    0.372837   -0.041582
    0.574707    0.381660   -0.030166
    0.582502    0.390646   -0.018471
    0.590277    0.399762   -0.006409
    0.598029    0.408984    0.005774
    0.605757    0.418307    0.018202
    0.613458    0.427729    0.030866
    0.621131    0.437246    0.043761
    0.628774    0.446843    0.056880
    0.636385    0.456484    0.070215
    0.643962    0.466283    0.083760
    0.651503    0.476168    0.097512
    0.659006    0.486128    0.111499
    0.666469    0.496160    0.125761
    0.673891    0.506260    0.140089
    0.681270    0.516410    0.154587
    0.688604    0.526584    0.169246
    0.695890    0.536869    0.184057
    0.703128    0.547217    0.199013
    0.710315    0.557610    0.214145
    0.717450    0.568042    0.229489
    0.724530    0.578509    0.244846
    0.731555    0.588989    0.260309
    0.738522    0.599472    0.275869
    0.745429    0.610015    0.291518
    0.752275    0.620583    0.307246
    0.759059    0.631167    0.323081
    0.765777    0.641753    0.339045
    0.772430    0.652338    0.354966
    0.779015    0.662915    0.370925
    0.785530    0.673463    0.386911
    0.791974    0.683975    0.402914
    0.798345    0.694497    0.418924
    0.804642    0.704992    0.434949
    0.810863    0.715461    0.450983
    0.817006    0.725888    0.467031
    0.823070    0.736267    0.482977
    0.829054    0.746593    0.498876
    0.834956    0.756859    0.514718
    0.840775    0.767047    0.530493
    0.846508    0.777152    0.546194
    0.852155    0.787207    0.561815
    0.857715    0.797179    0.577354
    0.863185    0.807064    0.592812
    0.868565    0.816861    0.608098
    0.873852    0.826557    0.623251
    0.879047    0.836147    0.638262
    0.884147    0.845624    0.653120
    0.889152    0.854984    0.667815
    0.894059    0.864220    0.682342
    0.898869    0.873316    0.696689
    0.903579    0.882274    0.710842
    0.908188    0.891107    0.724790
    0.912695    0.899795    0.738545
    0.917100    0.908332    0.752078
    0.921401    0.916713    0.765353
    0.925597    0.924932    0.778386
    0.929686    0.932984    0.791167
    0.933669    0.940864    0.803686
    0.937544    0.948568    0.815936
    0.941309    0.956089    0.827910
    0.944965    0.963424    0.839597
    0.948509    0.970567    0.850988
    0.951942    0.977514    0.862074
    0.955262    0.984260    0.872848
    0.958469    0.990801    0.883302
    0.961561    0.997133    0.893427
    0.964539    1.003251    0.903217
    0.967400    1.009151    0.912665
    0.970146    1.014828    0.921763
    0.972774    1.020288    0.930506
    0.975284    1.025220    0.938886
    0.977675    1.029269    0.946897
    0.979948    1.032668    0.954534
    0.982101    1.035550    0.961791
    0.984134    1.037987    0.968662
    0.986046    1.040033    0.975143
    0.987838    1.041715    0.981225
    0.989507    1.043051    0.986907
    0.991055    1.044054    0.992189
    0.992480    1.044730    0.997062
    0.993782    1.045083    1.001522
    0.994962    1.045166    1.005570
    0.996018    1.044886    1.009199
    0.996950    1.044258    1.012444
    0.997759    1.043374    1.015394
    0.998443    1.042205    1.018386
    0.999003    1.040738    1.021270
    0.999439    1.038978    1.024045
    0.999751    1.036961    1.026962
    0.999938    1.034694    1.029771
    1.000000    1.030955    1.030955
  BLADE PROFILES IN CARTESIAN COORDINATES (3D) 
  VARIABLES = "X", "YSS", "YPS" "R" 
  BLADE           1  SECTION           3
  -25.058750    1.331500    1.331500  799.951965
  -22.182541   -0.682862   -0.682862  799.954956
  -19.618103   -2.478880   -2.478880  799.958191
  -17.331640   -4.080225   -4.080225  799.961731
  -15.293030   -5.507997   -5.507997  799.965027
  -13.475387   -6.781011   -6.781011  799.968384
  -11.854783   -7.916041   -7.916041  799.971497
  -10.409845   -8.928044   -8.928044  799.974609
   -9.121530   -9.830354   -9.830354  799.977600
   -7.972866  -10.634862  -10.634862  799.980164
   -6.948713  -11.352169  -11.352169  799.982788
   -6.035576  -11.991725  -11.991725  799.985229
   -5.221417  -12.561956  -12.561956  799.987305
   -4.495513  -13.070380  -13.070380  799.989197
   -3.848296  -13.523695  -13.523695  799.991211
   -3.271233  -13.927875  -13.927875  799.992859
   -2.756725  -14.288241  -14.288241  799.994385
   -2.297983  -14.609548  -14.609548  799.995850
   -1.888971  -14.896025  -14.896025  799.997009
   -1.524293  -15.151452  -15.151452  799.998169
   -1.199144  -15.379192  -15.379192  799.999268
   -0.909244  -15.582245  -15.582245  800.000061
   -0.650763  -15.763287  -15.763287  800.000916
   -0.420303  -15.924707  -15.924707  800.001709
   -0.214824  -16.068632  -16.068632  800.002441
   -0.031619  -16.196953  -16.196953  800.002930
    0.151583  -15.215895  -17.098167  800.004089
    0.343137  -14.761755  -17.472477  800.005188
    0.543811  -14.422301  -17.840950  800.006348
    0.754372  -14.143481  -18.209005  800.007446
    0.975593  -13.898544  -18.580662  800.008728
    1.208244  -13.673207  -18.957455  800.010193
    1.453091  -13.461206  -19.341913  800.011841
    1.710909  -13.259839  -19.731176  800.013184
    1.982463  -13.069681  -20.127064  800.014954
    2.268522  -12.894851  -20.529728  800.016602
    2.569859  -12.742778  -20.938942  800.018433
    2.887244  -12.621115  -21.354286  800.020508
    3.221438  -12.521564  -21.776720  800.022583
    3.573219  -12.420228  -22.201729  800.024719
    3.943185  -12.313958  -22.628824  800.027161
    4.331416  -12.202082  -23.057882  800.029785
    4.738820  -12.083789  -23.487989  800.032410
    5.166421  -11.957873  -23.912617  800.035156
    5.615331  -11.823212  -24.335989  800.038269
    6.086800  -11.678695  -24.752581  800.041443
    6.582169  -11.522278  -25.165043  800.044800
    7.102646  -11.352699  -25.558737  800.048340
    7.649208  -11.168414  -25.943426  800.052307
    8.223692  -10.966155  -26.308571  800.056213
    8.828154  -10.744606  -26.652012  800.060547
    9.464869  -10.501079  -26.970484  800.065186
   10.136321  -10.230843  -27.261646  800.070068
   10.845245   -9.931132  -27.507706  800.075195
   11.600228   -9.593947  -27.711533  800.080872
   12.412167   -9.211326  -27.865435  800.087097
   13.281940   -8.776629  -27.949850  800.093933
   14.208870   -8.284308  -27.957401  800.100769
   15.190744   -7.729311  -27.862041  800.108459
   16.223753   -7.105332  -27.656679  800.116394
   17.302578   -6.410809  -27.326492  800.125244
   18.409689   -5.651291  -26.865601  800.133972
   19.527418   -4.835846  -26.275383  800.142883
   20.649740   -3.966202  -25.560570  800.151794
   21.771742   -3.046524  -24.718287  800.160706
   22.889612   -2.078203  -23.755219  800.169617
   24.000698   -1.061061  -22.675297  800.178345
   25.103441    0.000000  -21.494541  800.187256
   26.205288    1.108518  -20.188553  800.195984
   27.311193    2.279630  -18.761135  800.204712
   28.420286    3.505502  -17.212955  800.213257
   29.531101    4.787413  -15.536524  800.221619
   30.641602    6.126909  -13.751533  800.230591
   31.749279    7.514058  -11.855720  800.238708
   32.850975    8.952993   -9.854818  800.247009
   33.936890   10.424777   -7.764098  800.254761
   35.000889   11.916664   -5.615811  800.262695
   36.040112   13.428030   -3.407019  800.270142
   37.052216   14.943933   -1.166462  800.276855
   38.035393   16.466154    1.103891  800.283875
   38.988411   17.984707    3.392631  800.290222
   39.910622   19.491766    5.683230  800.296021
   40.805408   20.995499    7.986681  800.301636
   41.673637   22.490850   10.288284  800.306946
   42.515301   23.972141   12.585463  800.312073
   43.330425   25.441057   14.876929  800.316711
   44.118992   26.892801   17.147560  800.321228
   44.881023   28.323318   19.396513  800.325256
   45.616486   29.729782   21.619038  800.329468
   46.325417   31.111076   23.808325  800.333008
   47.007778   32.463581   25.957729  800.336365
   47.663593   33.784725   28.064228  800.339478
   48.292870   35.071960   30.122372  800.342468
   48.895584   36.265461   32.127613  800.345154
   49.471760   36.950439   34.075306  800.347595
   50.021366   36.364014   36.363148  800.349976
   50.570995   37.898972   37.898537  800.350952
   51.152012   39.522064   39.522064  800.352112
   51.766193   41.237854   41.237854  800.353455
   52.415474   43.051659   43.051659  800.355225
   53.101814   44.969063   44.969063  800.357239
   53.827362   46.995998   46.995998  800.359619
   54.594353   49.138729   49.138729  800.362366
   55.405132   51.403858   51.403858  800.365784
   56.262226   53.798405   53.798405  800.369995
   57.168243   56.329765   56.329765  800.374939
   58.126034   59.005760   59.005760  800.380859
   59.138515   61.834648   61.834648  800.387878
   60.208805   64.825203   64.825203  800.396057
   61.340221   67.986649   67.986649  800.405396
   62.536240   71.328758   71.328758  800.416077
  BLADE PROFILES IN CARTESIAN COORDINATES (2D) BEFORE   PROJECTION, SCALING, MESHING AND STACKING 
  VARIABLES = "X", "YSS", "YPS" 
  BLADE           2  SECTION           1
    0.000000    0.025829    0.025829
    0.000062    0.027288    0.022309
    0.000249    0.030119    0.019525
    0.000561    0.031830    0.016471
    0.000997    0.033767    0.013362
    0.001557    0.035624    0.010216
    0.002241    0.037568    0.007122
    0.003050    0.039692    0.004002
    0.003982    0.041906    0.000847
    0.005038    0.044343   -0.002316
    0.006218    0.046968   -0.005465
    0.007520    0.049737   -0.008576
    0.008945    0.052653   -0.011634
    0.010493    0.055711   -0.014629
    0.012162    0.058914   -0.017547
    0.013954    0.062250   -0.020426
    0.015866    0.065713   -0.023180
    0.017899    0.069305   -0.025824
    0.020052    0.073034   -0.028435
    0.022325    0.076826   -0.030983
    0.024716    0.080705   -0.033480
    0.027226    0.084668   -0.035938
    0.029854    0.088710   -0.038340
    0.032600    0.092826   -0.040700
    0.035461    0.097007   -0.043022
    0.038439    0.101247   -0.045275
    0.041531    0.105539   -0.047463
    0.044738    0.109885   -0.049540
    0.048058    0.114309   -0.051498
    0.051491    0.118699   -0.053264
    0.055036    0.123106   -0.054794
    0.058691    0.127528   -0.056046
    0.062456    0.131959   -0.056944
    0.066331    0.136410   -0.057698
    0.070314    0.140888   -0.058431
    0.074403    0.145294   -0.059152
    0.078599    0.149658   -0.059885
    0.082900    0.153996   -0.060623
    0.087305    0.158326   -0.061366
    0.091812    0.162648   -0.062117
    0.096421    0.166847   -0.062885
    0.101131    0.170969   -0.063668
    0.105941    0.175034   -0.064473
    0.110848    0.179052   -0.065300
    0.115853    0.183017   -0.066151
    0.120953    0.186818   -0.067040
    0.126148    0.190558   -0.067953
    0.131435    0.194252   -0.068915
    0.136815    0.197713   -0.069905
    0.142285    0.201069   -0.070953
    0.147845    0.204343   -0.072032
    0.153492    0.207499   -0.073182
    0.159225    0.210453   -0.074387
    0.165044    0.213300   -0.075631
    0.170946    0.216014   -0.076954
    0.176930    0.218492   -0.078346
    0.182994    0.220852   -0.079808
    0.189138    0.223052   -0.081343
    0.195358    0.225005   -0.082960
    0.201655    0.226823   -0.084661
    0.208026    0.228440   -0.086466
    0.214470    0.229866   -0.088338
    0.220986    0.231152   -0.090305
    0.227570    0.232053   -0.092372
    0.234223    0.232822   -0.094546
    0.240941    0.233457   -0.096828
    0.247725    0.233684   -0.099226
    0.254571    0.233774   -0.101742
    0.261478    0.233687   -0.104341
    0.268445    0.233219   -0.107088
    0.275470    0.232585   -0.109977
    0.282550    0.231743   -0.112942
    0.289685    0.230533   -0.116046
    0.296872    0.229134   -0.119329
    0.304110    0.227515   -0.122697
    0.311396    0.225515   -0.126199
    0.318730    0.223315   -0.129917
    0.326109    0.220909   -0.133718
    0.333531    0.218076   -0.137664
    0.340994    0.215047   -0.141758
    0.348497    0.211819   -0.146003
    0.356038    0.208150   -0.150401
    0.363615    0.204205   -0.154954
    0.371226    0.200044   -0.159664
    0.378869    0.195678   -0.164534
    0.386542    0.190867   -0.169565
    0.394243    0.185770   -0.174757
    0.401971    0.180403   -0.180112
    0.409723    0.174791   -0.185631
    0.417498    0.168973   -0.191314
    0.425293    0.162726   -0.197161
    0.433107    0.156179   -0.203174
    0.440937    0.149352   -0.209350
    0.448783    0.142243   -0.215691
    0.456641    0.134850   -0.222196
    0.464509    0.127173   -0.228850
    0.472387    0.119213   -0.235618
    0.480272    0.110995   -0.242612
    0.488161    0.102583   -0.249787
    0.496053    0.093779   -0.257123
    0.503947    0.084697   -0.264619
    0.511839    0.075341   -0.272272
    0.519729    0.065714   -0.280082
    0.527613    0.055818   -0.288047
    0.535491    0.045659   -0.296148
    0.543360    0.035240   -0.304350
    0.551217    0.024539   -0.312775
    0.559063    0.013506   -0.321362
    0.566893    0.002336   -0.330093
    0.574707   -0.009075   -0.338965
    0.582502   -0.020721   -0.347975
    0.590277   -0.032597   -0.357120
    0.598029   -0.044698   -0.366379
    0.605757   -0.057016   -0.375721
    0.613458   -0.069547   -0.385257
    0.621131   -0.082283   -0.394934
    0.628774   -0.095225   -0.404728
    0.636385   -0.108375   -0.414635
    0.643962   -0.121741   -0.424652
    0.651503   -0.135345   -0.434774
    0.659006   -0.149029   -0.444978
    0.666469   -0.162876   -0.455241
    0.673891   -0.176880   -0.465653
    0.681270   -0.191032   -0.476169
    0.688604   -0.205325   -0.486771
    0.695890   -0.219766   -0.497450
    0.703128   -0.234359   -0.508200
    0.710315   -0.249132   -0.519016
    0.717450   -0.263924   -0.529868
    0.724530   -0.278814   -0.540756
    0.731555   -0.293795   -0.551740
    0.738522   -0.308855   -0.562767
    0.745429   -0.323988   -0.573841
    0.752275   -0.339189   -0.584955
    0.759059   -0.354456   -0.596095
    0.765777   -0.369791   -0.607254
    0.772430   -0.385204   -0.618426
    0.779015   -0.400572   -0.629606
    0.785530   -0.415954   -0.640764
    0.791974   -0.431343   -0.651903
    0.798345   -0.446728   -0.663068
    0.804642   -0.462099   -0.674214
    0.810863   -0.477449   -0.685336
    0.817006   -0.492776   -0.696430
    0.823070   -0.508060   -0.707491
    0.829054   -0.523290   -0.718507
    0.834956   -0.538486   -0.729471
    0.840775   -0.553620   -0.740375
    0.846508   -0.568628   -0.751215
    0.852155   -0.583543   -0.761982
    0.857715   -0.598355   -0.772670
    0.863185   -0.613054   -0.783255
    0.868565   -0.627632   -0.793742
    0.873852   -0.642080   -0.804155
    0.879047   -0.656391   -0.814462
    0.884147   -0.670550   -0.824656
    0.889152   -0.684548   -0.834732
    0.894059   -0.698375   -0.844683
    0.898869   -0.712021   -0.854501
    0.903579   -0.725478   -0.864181
    0.908188   -0.738759   -0.873717
    0.912695   -0.751827   -0.883101
    0.917100   -0.764658   -0.892328
    0.921401   -0.777264   -0.901391
    0.925597   -0.789636   -0.910285
    0.929686   -0.801764   -0.919002
    0.933669   -0.813642   -0.927538
    0.937544   -0.825260   -0.935885
    0.941309   -0.836611   -0.944041
    0.944965   -0.847688   -0.951997
    0.948509   -0.858481   -0.959748
    0.951942   -0.868983   -0.967290
    0.955262   -0.879188   -0.974617
    0.958469   -0.889086   -0.981723
    0.961561   -0.898671   -0.988604
    0.964539   -0.907938   -0.995255
    0.967400   -0.916878   -1.001671
    0.970146   -0.925485   -1.007858
    0.972774   -0.933755   -1.013793
    0.975284   -0.941680   -1.019393
    0.977675   -0.949253   -1.024196
    0.979948   -0.956465   -1.028138
    0.982101   -0.963326   -1.031409
    0.984134   -0.969820   -1.034144
    0.986046   -0.975945   -1.036430
    0.987838   -0.981696   -1.038301
    0.989507   -0.987066   -1.039793
    0.991055   -0.992055   -1.040921
    0.992480   -0.996659   -1.041706
    0.993782   -1.000873   -1.042156
    0.994962   -1.004694   -1.042289
    0.996018   -1.008121   -1.042094
    0.996950   -1.011257   -1.041594
    0.997759   -1.014154   -1.040764
    0.998443   -1.017074   -1.039661
    0.999003   -1.020032   -1.038278
    0.999439   -1.022877   -1.036626
    0.999751   -1.025569   -1.034705
    0.999938   -1.028058   -1.032429
    1.000000   -1.031083   -1.031083
  BLADE PROFILES IN CARTESIAN COORDINATES (3D) 
  VARIABLES = "X", "YSS", "YPS" "R" 
  BLADE           2  SECTION           1
   52.437634  -10.640267  -10.640267  798.450623
   53.606537   -9.814382   -9.814382  798.447021
   54.654526   -9.073922   -9.073922  798.443054
   55.594097   -8.410058   -8.410058  798.439026
   56.436485   -7.814864   -7.814864  798.434814
   57.191719   -7.281234   -7.281234  798.430481
   57.868839   -6.802807   -6.802807  798.426331
   58.475906   -6.373868   -6.373868  798.422302
   59.020168   -5.989302   -5.989302  798.418396
   59.508144   -5.644516   -5.644516  798.414856
   59.945629   -5.335397   -5.335397  798.411499
   60.337864   -5.058254   -5.058254  798.408508
   60.689529   -4.809781   -4.809781  798.405579
   61.004810   -4.587011   -4.587011  798.402832
   61.287472   -4.387286   -4.387286  798.400574
   61.540897   -4.208220   -4.208220  798.398376
   61.768112   -4.047679   -4.047679  798.396240
   61.971825   -3.903745   -3.903745  798.394531
   62.154446   -3.774700   -3.774700  798.392944
   62.318188   -3.659004   -3.659004  798.391296
   62.465000   -3.555276   -3.555276  798.389954
   62.611797   -2.805506   -4.380524  798.388489
   62.765293   -2.464168   -4.797344  798.386719
   62.926090   -2.144107   -5.114810  798.384888
   63.094818   -1.832286   -5.377139  798.382935
   63.272060   -1.522111   -5.600184  798.381042
   63.458488   -1.215727   -5.801464  798.378967
   63.654690   -0.909841   -5.987356  798.376587
   63.861282   -0.602942   -6.161401  798.374146
   64.078865   -0.294564   -6.324219  798.371460
   64.308083    0.016712   -6.473188  798.368774
   64.549530    0.329091   -6.601851  798.365723
   64.803833    0.640821   -6.699864  798.362305
   65.071625    0.953860   -6.760627  798.358887
   65.353500    1.269293   -6.812188  798.355164
   65.649918    1.579706   -6.863983  798.351135
   65.960999    1.888805   -6.916844  798.346680
   66.287453    2.195877   -6.971263  798.342407
   66.630066    2.494068   -7.028368  798.337524
   66.989777    2.788881   -7.088969  798.332336
   67.367523    3.074456   -7.154397  798.326721
   67.764442    3.353673   -7.225750  798.320618
   68.181473    3.614416   -7.304340  798.314148
   68.619400    3.865474   -7.391547  798.307190
   69.079697    4.096788   -7.489134  798.299683
   69.564026    4.308429   -7.599811  798.291870
   70.074181    4.497861   -7.725382  798.283203
   70.612183    4.657135   -7.869123  798.274048
   71.180183    4.787008   -8.033971  798.264099
   71.785110    4.873803   -8.224728  798.253540
   72.435631    4.917023   -8.449767  798.241638
   73.132507    4.905296   -8.712884  798.228821
   73.875191    4.826024   -9.020827  798.214722
   74.661873    4.668355   -9.378811  798.199524
   75.489540    4.422019   -9.792603  798.183228
   76.353874    4.077710  -10.263517  798.166016
   77.240929    3.628451  -10.791687  798.147766
   78.136444    3.087348  -11.372314  798.129150
   79.035637    2.450751  -12.004159  798.110413
   79.934563    1.720531  -12.685353  798.091248
   80.830193    0.901121  -13.413709  798.072266
   81.720398    0.000000  -14.184083  798.052917
   82.603897   -0.977470  -15.003328  798.033691
   83.486656   -2.044753  -15.871521  798.014526
   84.372696   -3.202006  -16.789640  797.995056
   85.261292   -4.453334  -17.767355  797.975586
   86.151268   -5.786674  -18.798243  797.955872
   87.040955   -7.204434  -19.877722  797.936523
   87.928421   -8.703388  -21.012497  797.917053
   88.811081  -10.283658  -22.192665  797.897827
   89.681076  -11.916384  -23.405336  797.878906
   90.533554  -13.594820  -24.647779  797.860657
   91.366173  -15.312741  -25.907036  797.843018
   92.177063  -17.051266  -27.180086  797.825867
   92.964767  -18.806932  -28.462593  797.809448
   93.728333  -20.574677  -29.746790  797.793640
   94.467186  -22.339209  -31.025824  797.778564
   95.184059  -24.105846  -32.305779  797.764038
   95.879692  -25.872633  -33.583179  797.750427
   96.554039  -27.634251  -34.854015  797.737122
   97.207108  -29.382935  -36.114113  797.724731
   97.838913  -31.117178  -37.363060  797.712891
   98.449448  -32.832382  -38.597389  797.701477
   99.038712  -34.525723  -39.814083  797.690735
   99.606712  -36.190060  -41.010532  797.680603
  100.153442  -37.823349  -42.184082  797.671082
  100.678894  -39.422325  -43.332336  797.661987
  101.183067  -40.983200  -44.452717  797.653503
  101.665993  -42.502548  -45.517113  797.645386
  102.127625  -43.977100  -46.138592  797.638000
  102.567978  -45.804775  -45.805389  797.630981
  103.008423  -47.035404  -47.035709  797.627075
  103.483856  -48.363598  -48.363598  797.622803
  103.997131  -49.797459  -49.797459  797.618530
  104.551224  -51.345383  -51.345383  797.613770
  105.149406  -53.016434  -53.016434  797.608887
  105.795174  -54.820431  -54.820431  797.603760
  106.492332  -56.767933  -56.767933  797.598450
  107.244934  -58.870365  -58.870365  797.592896
  108.057404  -61.140034  -61.140034  797.587036
  108.934532  -63.590275  -63.590275  797.581055
  109.881409  -66.235435  -66.235435  797.574829
  110.903641  -69.091042  -69.091042  797.568481
  112.007217  -72.173820  -72.173820  797.562134
  113.198547  -75.501846  -75.501846  797.555542
  114.484650  -79.094650  -79.094650  797.548950
  115.873093  -82.973282  -82.973282  797.542603
  117.371986  -87.160507  -87.160507  797.536072
  118.990120  -91.680870  -91.680870  797.530029
  120.737000  -96.560883  -96.560883  797.524231
  122.622818 -101.829185 -101.829185  797.518799
  BLADE PROFILES IN CARTESIAN COORDINATES (2D) BEFORE   PROJECTION, SCALING, MESHING AND STACKING 
  VARIABLES = "X", "YSS", "YPS" 
  BLADE           2  SECTION           2
    0.000000    0.025905    0.025905
    0.000062    0.027339    0.022282
    0.000249    0.030185    0.019541
    0.000561    0.031890    0.016481
    0.000997    0.033849    0.013361
    0.001557    0.035742    0.010203
    0.002241    0.037675    0.007090
    0.003050    0.039759    0.003957
    0.003982    0.041969    0.000788
    0.005038    0.044404   -0.002389
    0.006218    0.047026   -0.005550
    0.007520    0.049792   -0.008675
    0.008945    0.052703   -0.011754
    0.010493    0.055757   -0.014766
    0.012162    0.058954   -0.017701
    0.013954    0.062285   -0.020599
    0.015866    0.065759   -0.023372
    0.017899    0.069366   -0.026034
    0.020052    0.073049   -0.028665
    0.022325    0.076834   -0.031235
    0.024716    0.080702   -0.033750
    0.027226    0.084656   -0.036221
    0.029854    0.088689   -0.038661
    0.032600    0.092794   -0.041045
    0.035461    0.096965   -0.043392
    0.038439    0.101194   -0.045671
    0.041531    0.105489   -0.047884
    0.044738    0.109857   -0.049988
    0.048058    0.114220   -0.051971
    0.051491    0.118591   -0.053761
    0.055036    0.122985   -0.055314
    0.058691    0.127393   -0.056587
    0.062456    0.131810   -0.057499
    0.066331    0.136244   -0.058279
    0.070314    0.140710   -0.059039
    0.074403    0.145090   -0.059787
    0.078599    0.149438   -0.060549
    0.082900    0.153760   -0.061316
    0.087305    0.158070   -0.062088
    0.091812    0.162380   -0.062869
    0.096421    0.166548   -0.063667
    0.101131    0.170653   -0.064481
    0.105941    0.174727   -0.065317
    0.110848    0.178772   -0.066174
    0.115853    0.182641   -0.067058
    0.120953    0.186414   -0.067978
    0.126148    0.190133   -0.068923
    0.131435    0.193801   -0.069918
    0.136815    0.197235   -0.070940
    0.142285    0.200608   -0.072023
    0.147845    0.203913   -0.073139
    0.153492    0.206961   -0.074318
    0.159225    0.209921   -0.075557
    0.165044    0.212794   -0.076855
    0.170946    0.215395   -0.078197
    0.176930    0.217882   -0.079622
    0.182994    0.220273   -0.081120
    0.189138    0.222353   -0.082693
    0.195358    0.224312   -0.084366
    0.201655    0.226171   -0.086097
    0.208026    0.227663   -0.087914
    0.214470    0.229040   -0.089821
    0.220986    0.230292   -0.091831
    0.227570    0.231163   -0.093941
    0.234223    0.231909   -0.096152
    0.240941    0.232483   -0.098468
    0.247725    0.232704   -0.100893
    0.254571    0.232770   -0.103448
    0.261478    0.232622   -0.106122
    0.268445    0.232147   -0.108867
    0.275470    0.231487   -0.111796
    0.282550    0.230584   -0.114796
    0.289685    0.229365   -0.117987
    0.296872    0.227937   -0.121259
    0.304110    0.226257   -0.124662
    0.311396    0.224247   -0.128210
    0.318730    0.222016   -0.131959
    0.326109    0.219550   -0.135797
    0.333531    0.216704   -0.139779
    0.340994    0.213641   -0.143909
    0.348497    0.210392   -0.148190
    0.356038    0.206670   -0.152624
    0.363615    0.202699   -0.157213
    0.371226    0.198501   -0.161960
    0.378869    0.194107   -0.166865
    0.386542    0.189249   -0.171932
    0.394243    0.184122   -0.177160
    0.401971    0.178725   -0.182550
    0.409723    0.173074   -0.188104
    0.417498    0.167231   -0.193822
    0.425293    0.160932   -0.199705
    0.433107    0.154353   -0.205752
    0.440937    0.147494   -0.211963
    0.448783    0.140351   -0.218338
    0.456641    0.132924   -0.224877
    0.464509    0.125213   -0.231563
    0.472387    0.117246   -0.238366
    0.480272    0.109078   -0.245392
    0.488161    0.100518   -0.252599
    0.496053    0.091678   -0.259967
    0.503947    0.082561   -0.267495
    0.511839    0.073170   -0.275180
    0.519729    0.063507   -0.283022
    0.527613    0.053576   -0.291018
    0.535491    0.043381   -0.299149
    0.543360    0.032927   -0.307383
    0.551217    0.022194   -0.315836
    0.559063    0.011123   -0.324454
    0.566893   -0.000082   -0.333214
    0.574707   -0.011528   -0.342115
    0.582502   -0.023209   -0.351154
    0.590277   -0.035119   -0.360328
    0.598029   -0.047254   -0.369614
    0.605757   -0.059606   -0.378985
    0.613458   -0.072171   -0.388547
    0.621131   -0.084941   -0.398250
    0.628774   -0.097914   -0.408071
    0.636385   -0.111097   -0.418005
    0.643962   -0.124495   -0.428048
    0.651503   -0.138133   -0.438196
    0.659006   -0.151850   -0.448424
    0.666469   -0.165730   -0.458713
    0.673891   -0.179766   -0.469149
    0.681270   -0.193950   -0.479688
    0.688604   -0.208275   -0.490313
    0.695890   -0.222745   -0.501016
    0.703128   -0.237368   -0.511789
    0.710315   -0.252173   -0.522627
    0.717450   -0.266996   -0.533527
    0.724530   -0.281916   -0.544463
    0.731555   -0.296926   -0.555416
    0.738522   -0.312017   -0.566464
    0.745429   -0.327179   -0.577558
    0.752275   -0.342408   -0.588692
    0.759059   -0.357704   -0.599851
    0.765777   -0.373066   -0.611030
    0.772430   -0.388508   -0.622221
    0.779015   -0.403903   -0.633420
    0.785530   -0.419313   -0.644596
    0.791974   -0.434729   -0.655754
    0.798345   -0.450140   -0.666935
    0.804642   -0.465537   -0.678099
    0.810863   -0.480912   -0.689237
    0.817006   -0.496265   -0.700347
    0.823070   -0.511573   -0.711424
    0.829054   -0.526828   -0.722455
    0.834956   -0.542048   -0.733434
    0.840775   -0.557206   -0.744354
    0.846508   -0.572237   -0.755208
    0.852155   -0.587175   -0.765989
    0.857715   -0.602010   -0.776691
    0.863185   -0.616732   -0.787289
    0.868565   -0.631331   -0.797790
    0.873852   -0.645800   -0.808215
    0.879047   -0.660132   -0.818534
    0.884147   -0.674312   -0.828741
    0.889152   -0.688330   -0.838829
    0.894059   -0.702177   -0.848791
    0.898869   -0.715842   -0.858621
    0.903579   -0.729318   -0.868311
    0.908188   -0.742617   -0.877857
    0.912695   -0.755703   -0.887252
    0.917100   -0.768552   -0.896488
    0.921401   -0.781175   -0.905561
    0.925597   -0.793563   -0.914464
    0.929686   -0.805708   -0.923190
    0.933669   -0.817601   -0.931734
    0.937544   -0.829235   -0.940090
    0.941309   -0.840601   -0.948254
    0.944965   -0.851692   -0.956217
    0.948509   -0.862499   -0.963976
    0.951942   -0.873015   -0.971525
    0.955262   -0.883232   -0.978858
    0.958469   -0.893143   -0.985972
    0.961561   -0.902740   -0.992859
    0.964539   -0.912018   -0.999516
    0.967400   -0.920969   -1.005938
    0.970146   -0.929588   -1.012130
    0.972774   -0.937867   -1.018070
    0.975284   -0.945802   -1.023673
    0.977675   -0.953385   -1.028472
    0.979948   -0.960606   -1.032412
    0.982101   -0.967474   -1.035677
    0.984134   -0.973977   -1.038410
    0.986046   -0.980109   -1.040693
    0.987838   -0.985867   -1.042563
    0.989507   -0.991243   -1.044053
    0.991055   -0.996238   -1.045178
    0.992480   -1.000848   -1.045960
    0.993782   -1.005067   -1.046407
    0.994962   -1.008892   -1.046539
    0.996018   -1.012323   -1.046341
    0.996950   -1.015462   -1.045837
    0.997759   -1.018359   -1.045006
    0.998443   -1.021284   -1.043899
    0.999003   -1.024243   -1.042513
    0.999439   -1.027089   -1.040858
    0.999751   -1.029778   -1.038934
    0.999938   -1.032279   -1.036656
    1.000000   -1.035324   -1.035324
  BLADE PROFILES IN CARTESIAN COORDINATES (3D) 
  VARIABLES = "X", "YSS", "YPS" "R" 
  BLADE           2  SECTION           2
   52.511147  -10.478001  -10.478001  799.403137
   53.676941   -9.660982   -9.660982  799.403076
   54.722130   -8.928478   -8.928478  799.403015
   55.659203   -8.271749   -8.271749  799.403015
   56.499348   -7.682954   -7.682954  799.403015
   57.252586   -7.155066   -7.155066  799.403015
   57.927895   -6.681782   -6.681782  799.403015
   58.533363   -6.257460   -6.257460  799.403076
   59.076183   -5.877028   -5.877028  799.402954
   59.562862   -5.535951   -5.535951  799.403015
   59.999203   -5.230157   -5.230157  799.403015
   60.390392   -4.955995   -4.955995  799.403015
   60.741131   -4.710194   -4.710194  799.403015
   61.055576   -4.489818   -4.489818  799.403015
   61.337490   -4.292239   -4.292239  799.403015
   61.590252   -4.115098   -4.115098  799.403076
   61.816860   -3.956282   -3.956282  799.403076
   62.020042   -3.813893   -3.813893  799.403076
   62.202198   -3.686234   -3.686234  799.403015
   62.365501   -3.571781   -3.571781  799.403076
   62.511921   -3.469167   -3.469167  799.403015
   62.658348   -2.720129   -4.295569  799.403015
   62.811428   -2.379972   -4.713088  799.403015
   62.971809   -2.061297   -5.031629  799.402954
   63.140102   -1.750217   -5.295017  799.402832
   63.316891   -1.442076   -5.519091  799.403076
   63.502827   -1.137246   -5.721363  799.403015
   63.698509   -0.832877   -5.908698  799.403015
   63.904575   -0.527548   -6.084151  799.403015
   64.121605   -0.220546   -6.248393  799.402893
   64.350227    0.090167   -6.398811  799.403076
   64.591049    0.399202   -6.528838  799.402954
   64.844696    0.709137   -6.628158  799.402954
   65.111801    1.020248   -6.690040  799.402954
   65.392960    1.333735   -6.743401  799.403015
   65.688622    1.641959   -6.797043  799.402954
   65.998909    1.948935   -6.851804  799.402832
   66.324509    2.253746   -6.908215  799.403015
   66.666252    2.550275   -6.967369  799.402954
   67.025024    2.844332   -7.030089  799.402954
   67.401825    3.125342   -7.097672  799.403076
   67.797737    3.401965   -7.171269  799.402954
   68.213707    3.661917   -7.252161  799.403015
   68.650520    3.909188   -7.341690  799.403015
   69.109657    4.141222   -7.442486  799.403137
   69.592773    4.348172   -7.554947  799.403076
   70.101639    4.533408   -7.683279  799.402893
   70.638268    4.693413   -7.829938  799.402954
   71.204849    4.816284   -7.996792  799.403076
   71.808235    4.900400   -8.190736  799.403076
   72.457153    4.940553   -8.418105  799.402954
   73.152290    4.925337   -8.684867  799.403076
   73.893097    4.842637   -8.995801  799.402893
   74.677841    4.681740   -9.356219  799.403015
   75.503456    4.432479   -9.773067  799.402954
   76.365646    4.086373  -10.246807  799.403198
   77.250488    3.634021  -10.777695  799.402832
   78.143799    3.090188  -11.360872  799.403137
   79.040764    2.451680  -11.995065  799.403015
   79.937477    1.719118  -12.678391  799.402954
   80.830910    0.898073  -13.408648  799.403259
   81.718895    0.000000  -14.180660  799.403137
   82.600235   -0.983315  -15.001332  799.403015
   83.480850   -2.051736  -15.870794  799.403076
   84.364708   -3.209875  -16.789961  799.402954
   85.251106   -4.461965  -17.768482  799.403015
   86.138885   -5.795807  -18.800039  799.403076
   87.026436   -7.213862  -19.879930  799.402954
   87.911682   -8.712776  -21.014957  799.403076
   88.792191  -10.292908  -22.195183  799.402954
   89.660065  -11.925298  -23.407724  799.403015
   90.510452  -13.603111  -24.649851  799.403076
   91.341003  -15.320354  -25.910318  799.402954
   92.149872  -17.058022  -27.181082  799.402954
   92.935631  -18.812647  -28.462811  799.403015
   93.697327  -20.579248  -29.746130  799.403015
   94.434357  -22.342552  -31.024199  799.402954
   95.149452  -24.107815  -32.303043  799.403015
   95.843361  -25.873152  -33.579266  799.402954
   96.516037  -27.633263  -34.848862  799.403015
   97.167496  -29.380383  -36.107643  799.403015
   97.797714  -31.112965  -37.355217  799.402954
   98.406731  -32.826492  -38.588142  799.402954
   98.994522  -34.518101  -39.803368  799.403015
   99.561096  -36.180698  -40.998299  799.403015
  100.106445  -37.812222  -42.170341  799.402954
  100.630577  -39.409416  -43.317051  799.403015
  101.133492  -40.968498  -44.435894  799.402954
  101.615189  -42.486095  -45.498432  799.403015
  102.075668  -43.958874  -46.117989  799.403076
  102.514923  -45.784679  -45.785294  799.403015
  102.954178  -47.013504  -47.013809  799.403076
  103.428360  -48.339748  -48.339748  799.403015
  103.940269  -49.771500  -49.771500  799.403076
  104.492943  -51.317150  -51.317150  799.402954
  105.089531  -52.985756  -52.985756  799.403015
  105.733604  -54.787113  -54.787113  799.403015
  106.428902  -56.731762  -56.731762  799.402954
  107.179527  -58.831108  -58.831108  799.403015
  107.989830  -61.097462  -61.097462  799.403015
  108.864655  -63.544117  -63.544117  799.403015
  109.809044  -66.185410  -66.185410  799.403076
  110.828552  -69.036804  -69.036804  799.403076
  111.929161  -72.115036  -72.115036  799.403015
  113.117355  -75.438164  -75.438164  799.403015
  114.400032  -79.025635  -79.025635  799.403076
  115.784775  -82.898499  -82.898499  799.403076
  117.279633  -87.079453  -87.079453  799.403015
  118.893471  -91.593018  -91.593018  799.403015
  120.635658  -96.465645  -96.465645  799.403076
  122.516449 -101.725899 -101.725899  799.403015
  BLADE PROFILES IN CARTESIAN COORDINATES (2D) BEFORE   PROJECTION, SCALING, MESHING AND STACKING 
  VARIABLES = "X", "YSS", "YPS" 
  BLADE           2  SECTION           3
    0.000000    0.025983    0.025983
    0.000062    0.027392    0.022246
    0.000249    0.030252    0.019556
    0.000561    0.031951    0.016490
    0.000997    0.033917    0.013360
    0.001557    0.035807    0.010189
    0.002241    0.037744    0.007055
    0.003050    0.039827    0.003910
    0.003982    0.042033    0.000727
    0.005038    0.044465   -0.002465
    0.006218    0.047086   -0.005640
    0.007520    0.049848   -0.008782
    0.008945    0.052753   -0.011877
    0.010493    0.055803   -0.014905
    0.012162    0.058995   -0.017858
    0.013954    0.062321   -0.020776
    0.015866    0.065787   -0.023567
    0.017899    0.069389   -0.026247
    0.020052    0.073066   -0.028899
    0.022325    0.076842   -0.031490
    0.024716    0.080700   -0.034026
    0.027226    0.084644   -0.036521
    0.029854    0.088668   -0.038984
    0.032600    0.092764   -0.041394
    0.035461    0.096924   -0.043765
    0.038439    0.101143   -0.046070
    0.041531    0.105424   -0.048309
    0.044738    0.109783   -0.050439
    0.048058    0.114127   -0.052446
    0.051491    0.118485   -0.054259
    0.055036    0.122865   -0.055836
    0.058691    0.127260   -0.057123
    0.062456    0.131662   -0.058055
    0.066331    0.136079   -0.058860
    0.070314    0.140534   -0.059648
    0.074403    0.144888   -0.060424
    0.078599    0.149220   -0.061214
    0.082900    0.153526   -0.062009
    0.087305    0.157816   -0.062806
    0.091812    0.162110   -0.063621
    0.096421    0.166251   -0.064449
    0.101131    0.170339   -0.065294
    0.105941    0.174392   -0.066160
    0.110848    0.178426   -0.067049
    0.115853    0.182258   -0.067970
    0.120953    0.186015   -0.068916
    0.126148    0.189711   -0.069896
    0.131435    0.193338   -0.070922
    0.136815    0.196762   -0.071979
    0.142285    0.200111   -0.073092
    0.147845    0.203398   -0.074256
    0.153492    0.206409   -0.075454
    0.159225    0.209347   -0.076727
    0.165044    0.212213   -0.078060
    0.170946    0.214763   -0.079456
    0.176930    0.217228   -0.080918
    0.182994    0.219607   -0.082451
    0.189138    0.221639   -0.084058
    0.195358    0.223575   -0.085743
    0.201655    0.225393   -0.087509
    0.208026    0.226865   -0.089364
    0.214470    0.228219   -0.091316
    0.220986    0.229413   -0.093385
    0.227570    0.230279   -0.095529
    0.234223    0.231001   -0.097778
    0.240941    0.231515   -0.100137
    0.247725    0.231784   -0.102572
    0.254571    0.231879   -0.105153
    0.261478    0.231594   -0.107866
    0.268445    0.231129   -0.110652
    0.275470    0.230511   -0.113615
    0.282550    0.229466   -0.116650
    0.289685    0.228249   -0.119881
    0.296872    0.226867   -0.123189
    0.304110    0.225041   -0.126627
    0.311396    0.223036   -0.130220
    0.318730    0.220840   -0.134002
    0.326109    0.218224   -0.137875
    0.333531    0.215336   -0.141893
    0.340994    0.212241   -0.146060
    0.348497    0.208932   -0.150376
    0.356038    0.205194   -0.154846
    0.363615    0.201197   -0.159472
    0.371226    0.196963   -0.164254
    0.378869    0.192513   -0.169196
    0.386542    0.187634   -0.174298
    0.394243    0.182479   -0.179562
    0.401971    0.177092   -0.184988
    0.409723    0.171481   -0.190577
    0.417498    0.165474   -0.196330
    0.425293    0.159143   -0.202248
    0.433107    0.152531   -0.208329
    0.440937    0.145638   -0.214575
    0.448783    0.138462   -0.220984
    0.456641    0.131001   -0.227557
    0.464509    0.123289   -0.234276
    0.472387    0.115364   -0.241113
    0.480272    0.107051   -0.248172
    0.488161    0.098456   -0.255409
    0.496053    0.089581   -0.262810
    0.503947    0.080428   -0.270371
    0.511839    0.071001   -0.278088
    0.519729    0.061303   -0.285962
    0.527613    0.051337   -0.293989
    0.535491    0.041107   -0.302150
    0.543360    0.030617   -0.310416
    0.551217    0.019872   -0.318897
    0.559063    0.008849   -0.327544
    0.566893   -0.002497   -0.336335
    0.574707   -0.013978   -0.345265
    0.582502   -0.025694   -0.354333
    0.590277   -0.037639   -0.363535
    0.598029   -0.049808   -0.372849
    0.605757   -0.062195   -0.382249
    0.613458   -0.074793   -0.391836
    0.621131   -0.087597   -0.401567
    0.628774   -0.100600   -0.411415
    0.636385   -0.113817   -0.421375
    0.643962   -0.127247   -0.431444
    0.651503   -0.140920   -0.441618
    0.659006   -0.154669   -0.451870
    0.666469   -0.168581   -0.462185
    0.673891   -0.182650   -0.472646
    0.681270   -0.196866   -0.483206
    0.688604   -0.211222   -0.493856
    0.695890   -0.225722   -0.504581
    0.703128   -0.240356   -0.515377
    0.710315   -0.255137   -0.526239
    0.717450   -0.270066   -0.537160
    0.724530   -0.285017   -0.548118
    0.731555   -0.300057   -0.559093
    0.738522   -0.315177   -0.570162
    0.745429   -0.330369   -0.581275
    0.752275   -0.345625   -0.592429
    0.759059   -0.360950   -0.603608
    0.765777   -0.376340   -0.614806
    0.772430   -0.391810   -0.626017
    0.779015   -0.407233   -0.637234
    0.785530   -0.422670   -0.648451
    0.791974   -0.438113   -0.659644
    0.798345   -0.453551   -0.670803
    0.804642   -0.468974   -0.681984
    0.810863   -0.484374   -0.693139
    0.817006   -0.499752   -0.704264
    0.823070   -0.515086   -0.715357
    0.829054   -0.530366   -0.726404
    0.834956   -0.545609   -0.737398
    0.840775   -0.560791   -0.748333
    0.846508   -0.575847   -0.759202
    0.852155   -0.590808   -0.769997
    0.857715   -0.605666   -0.780713
    0.863185   -0.620409   -0.791325
    0.868565   -0.635031   -0.801839
    0.873852   -0.649520   -0.812277
    0.879047   -0.663874   -0.822609
    0.884147   -0.678074   -0.832828
    0.889152   -0.692112   -0.842927
    0.894059   -0.705979   -0.852901
    0.898869   -0.719664   -0.862741
    0.903579   -0.733158   -0.872443
    0.908188   -0.746476   -0.881999
    0.912695   -0.759580   -0.891404
    0.917100   -0.772446   -0.900650
    0.921401   -0.785086   -0.909732
    0.925597   -0.797491   -0.918644
    0.929686   -0.809653   -0.927379
    0.933669   -0.821562   -0.935932
    0.937544   -0.833211   -0.944297
    0.941309   -0.844591   -0.952468
    0.944965   -0.855696   -0.960440
    0.948509   -0.866518   -0.968206
    0.951942   -0.877047   -0.975762
    0.955262   -0.887277   -0.983103
    0.958469   -0.897201   -0.990222
    0.961561   -0.906811   -0.997116
    0.964539   -0.916100   -1.003779
    0.967400   -0.925062   -1.010207
    0.970146   -0.933691   -1.016405
    0.972774   -0.941981   -1.022350
    0.975284   -0.949926   -1.027955
    0.977675   -0.957518   -1.032751
    0.979948   -0.964748   -1.036688
    0.982101   -0.971624   -1.039947
    0.984134   -0.978135   -1.042678
    0.986046   -0.984275   -1.044960
    0.987838   -0.990040   -1.046828
    0.989507   -0.995422   -1.048315
    0.991055   -1.000424   -1.049439
    0.992480   -1.005039   -1.050218
    0.993782   -1.009263   -1.050662
    0.994962   -1.013092   -1.050792
    0.996018   -1.016528   -1.050591
    0.996950   -1.019669   -1.050084
    0.997759   -1.022567   -1.049252
    0.998443   -1.025497   -1.048142
    0.999003   -1.028457   -1.046752
    0.999439   -1.031302   -1.045094
    0.999751   -1.033987   -1.043167
    0.999938   -1.036504   -1.040890
    1.000000   -1.039568   -1.039568
  BLADE PROFILES IN CARTESIAN COORDINATES (3D) 
  VARIABLES = "X", "YSS", "YPS" "R" 
  BLADE           2  SECTION           3
   52.581184  -10.315812  -10.315812  800.355652
   53.744259   -9.507323   -9.507323  800.359253
   54.787025   -8.782472   -8.782472  800.363220
   55.721916   -8.132606   -8.132606  800.367249
   56.560101   -7.549967   -7.549967  800.371460
   57.311573   -7.027599   -7.027599  800.375671
   57.985306   -6.559268   -6.559268  800.380066
   58.589352   -6.139384   -6.139384  800.384033
   59.130901   -5.762931   -5.762931  800.387878
   59.616444   -5.425423   -5.425423  800.391357
   60.051746   -5.122825   -5.122825  800.394775
   60.442039   -4.851530   -4.851530  800.397888
   60.791935   -4.608297   -4.608297  800.400818
   61.105648   -4.390225   -4.390225  800.403198
   61.386898   -4.194711   -4.194711  800.405762
   61.639069   -4.019422   -4.019422  800.407898
   61.865143   -3.862263   -3.862263  800.409851
   62.067837   -3.721363   -3.721363  800.411743
   62.249554   -3.595037   -3.595037  800.413269
   62.412491   -3.481779   -3.481779  800.414856
   62.558563   -3.380237   -3.380237  800.416260
   62.704632   -2.631695   -4.208343  800.417908
   62.857338   -2.292701   -4.626898  800.419495
   63.017345   -1.975296   -4.946445  800.421326
   63.185215   -1.665491   -5.210987  800.423157
   63.361599   -1.358597   -5.436149  800.425232
   63.547096   -1.055225   -5.639679  800.427246
   63.742317   -0.752256   -5.828351  800.429749
   63.947872   -0.448379   -6.005221  800.432190
   64.164375   -0.142930   -6.170931  800.434875
   64.392448    0.166204   -6.322834  800.437744
   64.632690    0.473454   -6.454248  800.440674
   64.885727    0.781713   -6.554608  800.443970
   65.152184    1.091020   -6.617858  800.447327
   65.432655    1.402689   -6.672997  800.451050
   65.727608    1.708846   -6.728512  800.455200
   66.037132    2.013828   -6.785038  800.459412
   66.361954    2.316447   -6.843594  800.464050
   66.702866    2.610878   -6.904802  800.468933
   67.060760    2.902925   -6.969718  800.474182
   67.436646    3.181536   -7.039406  800.479797
   67.831581    3.455099   -7.115259  800.485718
   68.246529    3.713202   -7.198468  800.492188
   68.682274    3.957794   -7.290314  800.499329
   69.140289    4.188132   -7.393571  800.506531
   69.622185    4.391715   -7.509418  800.514526
   70.129791    4.574096   -7.640209  800.522949
   70.665115    4.731110   -7.788620  800.532288
   71.230293    4.851223   -7.959049  800.542175
   71.832199    4.933151   -8.156237  800.552979
   72.479492    4.972711   -8.385633  800.564636
   73.172882    4.952882   -8.655274  800.577698
   73.911865    4.866627   -8.969133  800.591797
   74.694626    4.702647   -9.332648  800.606812
   75.518143    4.450791   -9.752682  800.623169
   76.378189    4.099773  -10.229402  800.640564
   77.260788    3.645381  -10.763182  800.658569
   78.151848    3.098522  -11.349098  800.677185
   79.046547    2.460439  -11.985847  800.696045
   79.940994    1.722759  -12.671534  800.714844
   80.832184    0.899938  -13.403936  800.734070
   81.717941    0.000000  -14.177920  800.753235
   82.597023   -0.985054  -15.000221  800.772522
   83.475410   -2.054980  -15.871251  800.791870
   84.357040   -3.214302  -16.791784  800.811279
   85.241165   -4.467889  -17.771442  800.830872
   86.126678   -5.802502  -18.804024  800.850403
   87.011978   -7.221339  -19.884699  800.869812
   87.895004   -8.720753  -21.020386  800.889282
   88.773262  -10.301298  -22.201078  800.908447
   89.638939  -11.933932  -23.413923  800.927185
   90.487144  -13.611412  -24.656162  800.945618
   91.315605  -15.329068  -25.916607  800.963257
   92.122444  -17.066313  -27.187216  800.980591
   92.906219  -18.820501  -28.468609  800.997070
   93.665947  -20.586597  -29.751574  801.012695
   94.401131  -22.349283  -31.029146  801.027893
   95.114464  -24.113810  -32.307259  801.042236
   95.806602  -25.878325  -33.582756  801.055969
   96.477608  -27.637577  -34.851566  801.069214
   97.127411  -29.383739  -36.109482  801.081665
   97.756065  -31.115294  -37.356140  801.093628
   98.363564  -32.827740  -38.588078  801.104980
   98.949890  -34.518227  -39.802265  801.115662
   99.515045  -36.179661  -40.996113  801.125854
  100.059044  -37.810028  -42.167095  801.135498
  100.581879  -39.405998  -43.312683  801.144409
  101.083549  -40.963879  -44.430382  801.153076
  101.564041  -42.480228  -45.491432  801.160889
  102.023369  -43.951797  -46.109329  801.168457
  102.461540  -45.776417  -45.777027  801.175232
  102.899773  -47.003872  -47.004177  801.179138
  103.372849  -48.328640  -48.328640  801.183289
  103.883560  -49.758816  -49.758816  801.187805
  104.434891  -51.302746  -51.302746  801.192261
  105.030106  -52.969501  -52.969501  801.197205
  105.672646  -54.768867  -54.768867  801.202271
  106.366310  -56.711361  -56.711361  801.207703
  107.115173  -58.808399  -58.808399  801.213196
  107.923607  -61.072235  -61.072235  801.218994
  108.796349  -63.516186  -63.516186  801.225037
  109.738518  -66.154549  -66.154549  801.231201
  110.755646  -69.002785  -69.002785  801.237488
  111.853691  -72.077591  -72.077591  801.243835
  113.039101  -75.396996  -75.396996  801.250366
  114.318794  -78.980453  -78.980453  801.256775
  115.700302  -82.848938  -82.848938  801.263367
  117.191727  -87.025154  -87.025154  801.269531
  118.801804  -91.533546  -91.533546  801.275696
  120.539940  -96.400536  -96.400536  801.281494
  122.416374 -101.654633 -101.654633  801.286804
