  BLADE PROFILES IN CARTESIAN COORDINATES (2D) BEFORE   PROJECTION, SCALING, MESHING AND STACKING 
  VARIABLES = "X", "YSS", "YPS" 
  BLADE           1  SECTION           1
    0.000000   -0.015828   -0.015828
    0.000062   -0.012526   -0.017369
    0.000249   -0.009791   -0.020125
    0.000561   -0.007107   -0.022623
    0.000997   -0.004466   -0.024919
    0.001557   -0.001881   -0.026757
    0.002241    0.000629   -0.028624
    0.003050    0.003048   -0.030520
    0.003982    0.005361   -0.032359
    0.005038    0.007573   -0.034247
    0.006218    0.009706   -0.036271
    0.007520    0.011714   -0.038453
    0.008945    0.013610   -0.040781
    0.010493    0.015457   -0.043258
    0.012162    0.017243   -0.045886
    0.013954    0.018985   -0.048660
    0.015866    0.020678   -0.051574
    0.017899    0.022342   -0.054621
    0.020052    0.023965   -0.057797
    0.022325    0.025559   -0.061095
    0.024716    0.027103   -0.064511
    0.027226    0.028608   -0.068043
    0.029854    0.030053   -0.071700
    0.032600    0.031410   -0.075433
    0.035461    0.032671   -0.079260
    0.038439    0.033802   -0.083176
    0.041531    0.034771   -0.087170
    0.044738    0.035541   -0.091240
    0.048058    0.036131   -0.095379
    0.051491    0.036636   -0.099581
    0.055036    0.037128   -0.103840
    0.058691    0.037624   -0.108149
    0.062456    0.038124   -0.112502
    0.066331    0.038630   -0.116892
    0.070314    0.039142   -0.121314
    0.074403    0.039661   -0.125760
    0.078599    0.040189   -0.130225
    0.082900    0.040727   -0.134701
    0.087305    0.041279   -0.139191
    0.091812    0.041844   -0.143718
    0.096421    0.042425   -0.148182
    0.101131    0.043022   -0.152626
    0.105941    0.043638   -0.157047
    0.110848    0.044274   -0.161441
    0.115853    0.044932   -0.165801
    0.120953    0.045621   -0.170135
    0.126148    0.046331   -0.174461
    0.131435    0.047069   -0.178667
    0.136815    0.047836   -0.182799
    0.142285    0.048634   -0.186867
    0.147845    0.049479   -0.190866
    0.153492    0.050350   -0.194799
    0.159225    0.051258   -0.198683
    0.165044    0.052206   -0.202397
    0.170946    0.053212   -0.206012
    0.176930    0.054247   -0.209551
    0.182994    0.055331   -0.213033
    0.189138    0.056478   -0.216279
    0.195358    0.057658   -0.219414
    0.201655    0.058914   -0.222455
    0.208026    0.060202   -0.225415
    0.214470    0.061573   -0.228111
    0.220986    0.062980   -0.230676
    0.227570    0.064470   -0.233125
    0.234223    0.066026   -0.235448
    0.240941    0.067622   -0.237521
    0.247725    0.069312   -0.239468
    0.254571    0.071074   -0.241311
    0.261478    0.072884   -0.242822
    0.268445    0.074786   -0.244179
    0.275470    0.076773   -0.245392
    0.282550    0.078838   -0.246426
    0.289685    0.080953   -0.247202
    0.296872    0.083179   -0.247813
    0.304110    0.085493   -0.248263
    0.311396    0.087860   -0.248393
    0.318730    0.090345   -0.248368
    0.326109    0.092923   -0.248204
    0.333531    0.095555   -0.247655
    0.340994    0.098318   -0.246964
    0.348497    0.101135   -0.246107
    0.356038    0.104053   -0.244907
    0.363615    0.107095   -0.243466
    0.371226    0.110195   -0.241855
    0.378869    0.113441   -0.240082
    0.386542    0.116743   -0.237919
    0.394243    0.120139   -0.235545
    0.401971    0.123633   -0.232980
    0.409723    0.127280   -0.230231
    0.417498    0.130982   -0.227120
    0.425293    0.134782   -0.223782
    0.433107    0.138682   -0.220246
    0.440937    0.142682   -0.216542
    0.448783    0.146783   -0.212451
    0.456641    0.150987   -0.208133
    0.464509    0.155296   -0.203588
    0.472387    0.159712   -0.198834
    0.480272    0.164261   -0.193919
    0.488161    0.168869   -0.188627
    0.496053    0.173577   -0.183106
    0.503947    0.178382   -0.177358
    0.511839    0.183286   -0.171382
    0.519729    0.188286   -0.165205
    0.527613    0.193382   -0.158865
    0.535491    0.198572   -0.152208
    0.543360    0.203855   -0.145300
    0.551217    0.209222   -0.138175
    0.559063    0.214647   -0.130834
    0.566893    0.220201   -0.123279
    0.574707    0.225843   -0.115515
    0.582502    0.231571   -0.107544
    0.590277    0.237388   -0.099369
    0.598029    0.243286   -0.090995
    0.605757    0.249264   -0.082425
    0.613458    0.255319   -0.073665
    0.621131    0.261448   -0.064718
    0.628774    0.267650   -0.055590
    0.636385    0.273922   -0.046287
    0.643962    0.280260   -0.036812
    0.651503    0.286650   -0.027172
    0.659006    0.293081   -0.017374
    0.666469    0.299604   -0.007421
    0.673891    0.306184    0.002678
    0.681270    0.312825    0.012919
    0.688604    0.319517    0.023294
    0.695890    0.326256    0.033797
    0.703128    0.333037    0.044422
    0.710315    0.339858    0.055162
    0.717450    0.346715    0.066021
    0.724530    0.353592    0.076981
    0.731555    0.360482    0.088056
    0.738522    0.367427    0.099260
    0.745429    0.374395    0.110477
    0.752275    0.381390    0.121764
    0.759059    0.388400    0.133114
    0.765777    0.395420    0.144521
    0.772430    0.402447    0.155976
    0.779015    0.409477    0.167471
    0.785530    0.416506    0.179004
    0.791974    0.423519    0.190569
    0.798345    0.430509    0.202168
    0.804642    0.437511    0.213810
    0.810863    0.444496    0.225398
    0.817006    0.451467    0.236978
    0.823070    0.458412    0.248542
    0.829054    0.465327    0.260081
    0.834956    0.472209    0.271589
    0.840775    0.479052    0.283056
    0.846508    0.485853    0.294485
    0.852155    0.492598    0.305857
    0.857715    0.499285    0.317163
    0.863185    0.505935    0.328418
    0.868565    0.512527    0.339598
    0.873852    0.519055    0.350658
    0.879047    0.525518    0.361621
    0.884147    0.531912    0.372478
    0.889152    0.538230    0.383222
    0.894059    0.544468    0.393847
    0.898869    0.550623    0.404347
    0.903579    0.556691    0.414710
    0.908188    0.562666    0.424929
    0.912695    0.568546    0.434995
    0.917100    0.574319    0.444919
    0.921401    0.579989    0.454674
    0.925597    0.585560    0.464238
    0.929686    0.591021    0.473621
    0.933669    0.596367    0.482816
    0.937544    0.601596    0.491815
    0.941309    0.606703    0.500613
    0.944965    0.611685    0.509204
    0.948509    0.616539    0.517581
    0.951942    0.621262    0.525737
    0.955262    0.625849    0.533665
    0.958469    0.630298    0.541360
    0.961561    0.634606    0.548815
    0.964539    0.638776    0.556025
    0.967400    0.642794    0.562984
    0.970146    0.646661    0.569688
    0.972774    0.650318    0.576131
    0.975284    0.653434    0.582308
    0.977675    0.655924    0.588214
    0.979948    0.657952    0.593846
    0.982101    0.659614    0.599198
    0.984134    0.660970    0.604266
    0.986046    0.662046    0.609046
    0.987838    0.662869    0.613533
    0.989507    0.663446    0.617729
    0.991055    0.663790    0.621627
    0.992480    0.663903    0.625224
    0.993782    0.663790    0.628517
    0.994962    0.663512    0.631504
    0.996018    0.662970    0.634184
    0.996950    0.662121    0.636561
    0.997759    0.661136    0.638758
    0.998443    0.659949    0.640934
    0.999003    0.658573    0.643035
    0.999439    0.657025    0.645263
    0.999751    0.655347    0.647532
    0.999938    0.653517    0.649844
    1.000000    0.651054    0.651054
  BLADE PROFILES IN CARTESIAN COORDINATES (3D) 
  VARIABLES = "X", "YSS", "YPS" "R" 
  BLADE           1  SECTION           1
  -10.527260    3.164665    3.164665  177.749176
   -9.279909    2.320978    2.320978  177.717209
   -8.167995    1.568812    1.568812  177.683243
   -7.176836    0.898268    0.898268  177.648376
   -6.293335    0.300508    0.300508  177.613373
   -5.505805   -0.232358   -0.232358  177.579010
   -4.803818   -0.707369   -0.707369  177.545731
   -4.178078   -1.130805   -1.130805  177.513855
   -3.620301   -1.508264   -1.508264  177.483688
   -3.123093   -1.844741   -1.844741  177.455368
   -2.679876   -2.144686   -2.144686  177.428925
   -2.284780   -2.412069   -2.412069  177.404404
   -1.932574   -2.650427   -2.650427  177.381805
   -1.618599   -2.862912   -2.862912  177.361008
   -1.338700   -3.052336   -3.052336  177.341965
   -1.089176   -3.221202   -3.221202  177.324615
   -0.866729   -3.371745   -3.371745  177.308807
   -0.668417   -3.505953   -3.505953  177.294464
   -0.491620   -3.625599   -3.625599  177.281479
   -0.334002   -3.732266   -3.732266  177.269760
   -0.193481   -3.827363   -3.827363  177.259125
   -0.068201   -3.912143   -3.912143  177.249557
    0.043490   -3.987728   -3.987728  177.240936
    0.143069   -4.055116   -4.055116  177.233170
    0.231848   -4.115195   -4.115195  177.226227
    0.311000   -4.168759   -4.168759  177.220001
    0.389548   -3.769451   -4.558621  177.208893
    0.471668   -3.616043   -4.702592  177.197205
    0.557689   -3.509775   -4.842211  177.184845
    0.647939   -3.422993   -4.982692  177.171829
    0.742747   -3.347270   -5.125081  177.158035
    0.842442   -3.279278   -5.269940  177.143417
    0.947351   -3.217896   -5.418260  177.127945
    1.057800   -3.164485   -5.569109  177.111526
    1.174121   -3.120938   -5.723103  177.094040
    1.296638   -3.090581   -5.880229  177.075546
    1.425680   -3.070099   -6.040527  177.055832
    1.561574   -3.050865   -6.203874  177.034943
    1.704645   -3.031337   -6.370072  177.012695
    1.855222   -3.011341   -6.538860  176.989075
    2.013553   -2.990694   -6.709823  176.964020
    2.179675   -2.969176   -6.882444  176.937454
    2.353975   -2.946517   -7.056965  176.909332
    2.536878   -2.922470   -7.230610  176.879517
    2.728865   -2.896732   -7.404403  176.847900
    2.930464   -2.868743   -7.578497  176.814377
    3.142241   -2.838402   -7.751412  176.778763
    3.364711   -2.805175   -7.920884  176.740997
    3.598289   -2.768237   -8.087877  176.700928
    3.843747   -2.727576   -8.251154  176.658386
    4.101969   -2.681885   -8.408237  176.613174
    4.373913   -2.630641   -8.559145  176.565109
    4.660645   -2.572958   -8.701184  176.513855
    4.963320   -2.507742   -8.832417  176.459244
    5.285597   -2.432847   -8.952785  176.400513
    5.632119   -2.346380   -9.057998  176.336792
    6.003263   -2.246315   -9.143923  176.267944
    6.398728   -2.130255   -9.206856  176.193863
    6.817570   -1.997261   -9.240716  176.114777
    7.258167   -1.845481   -9.239618  176.031006
    7.718234   -1.674015   -9.198090  175.943024
    8.190343   -1.483544   -9.112224  175.852249
    8.666942   -1.275618   -8.985109  175.760300
    9.145489   -1.050884   -8.816079  175.667770
    9.623895   -0.811094   -8.603157  175.575287
   10.100572   -0.555887   -8.349005  175.483292
   10.574386   -0.284565   -8.058119  175.391983
   11.044698    0.000000   -7.725290  175.301788
   11.514689    0.300739   -7.356027  175.212128
   11.986494    0.619236   -6.944497  175.122818
   12.459751    0.954538   -6.490956  175.034012
   12.933852    1.308712   -5.997350  174.946030
   13.407965    1.680309   -5.464435  174.859039
   13.881015    2.068273   -4.893673  174.773483
   14.351663    2.470535   -4.287272  174.689743
   14.815742    2.884748   -3.651928  174.608551
   15.270639    3.307715   -2.993306  174.530487
   15.715120    3.736464   -2.315285  174.455826
   16.148186    4.168323   -1.620024  174.384705
   16.569054    4.603428   -0.916132  174.317108
   16.977213    5.038834   -0.204964  174.253204
   17.372351    5.472130    0.511111  174.193024
   17.755930    5.905437    1.232014  174.136063
   18.128296    6.337633    1.954057  174.082367
   18.489450    6.767235    2.676679  174.031799
   18.839388    7.193101    3.398542  173.984375
   19.178089    7.615223    4.115710  173.939880
   19.505545    8.032268    4.826899  173.898285
   19.821756    8.443170    5.530622  173.859451
   20.126686    8.846725    6.225425  173.823318
   20.420353    9.242866    6.908130  173.789795
   20.702717    9.630379    7.578027  173.758713
   20.973774   10.008592    8.233347  173.730011
   21.233519   10.347459    8.872500  173.703568
   21.481930   10.509527    9.493921  173.679276
   21.718992   10.242667   10.242389  173.656998
   21.956717   10.718899   10.718760  173.640656
   22.208031   11.222428   11.222428  173.623428
   22.473700   11.754666   11.754666  173.605301
   22.754559   12.317246   12.317246  173.586227
   23.051466   12.911893   12.911893  173.566086
   23.365335   13.540427   13.540427  173.544830
   23.697134   14.204769   14.204769  173.522354
   24.047890   14.906960   14.906960  173.498535
   24.418665   15.649137   15.649137  173.473267
   24.810575   16.433540   16.433540  173.446045
   25.224854   17.262583   17.262583  173.417023
   25.662762   18.138788   18.138788  173.386063
   26.125656   19.064837   19.064837  173.352951
   26.614946   20.043531   20.043531  173.317612
   27.132133   21.077839   21.077839  173.279709
  BLADE PROFILES IN CARTESIAN COORDINATES (2D) BEFORE   PROJECTION, SCALING, MESHING AND STACKING 
  VARIABLES = "X", "YSS", "YPS" 
  BLADE           1  SECTION           2
    0.000000   -0.013117   -0.013117
    0.000062   -0.011507   -0.016509
    0.000249   -0.008672   -0.019241
    0.000561   -0.005957   -0.021890
    0.000997   -0.003311   -0.023864
    0.001557   -0.000744   -0.025838
    0.002241    0.001729   -0.027780
    0.003050    0.004095   -0.029611
    0.003982    0.006343   -0.031438
    0.005038    0.008482   -0.033324
    0.006218    0.010529   -0.035272
    0.007520    0.012463   -0.037346
    0.008945    0.014310   -0.039573
    0.010493    0.016109   -0.041951
    0.012162    0.017850   -0.044474
    0.013954    0.019546   -0.047142
    0.015866    0.021215   -0.049955
    0.017899    0.022847   -0.052879
    0.020052    0.024455   -0.055926
    0.022325    0.026022   -0.059091
    0.024716    0.027552   -0.062365
    0.027226    0.029030   -0.065746
    0.029854    0.030435   -0.069229
    0.032600    0.031738   -0.072808
    0.035461    0.032921   -0.076477
    0.038439    0.033955   -0.080231
    0.041531    0.034810   -0.084064
    0.044738    0.035488   -0.087970
    0.048058    0.036036   -0.091943
    0.051491    0.036555   -0.095977
    0.055036    0.037084   -0.100067
    0.058691    0.037616   -0.104206
    0.062456    0.038152   -0.108388
    0.066331    0.038693   -0.112608
    0.070314    0.039239   -0.116868
    0.074403    0.039792   -0.121180
    0.078599    0.040353   -0.125476
    0.082900    0.040923   -0.129781
    0.087305    0.041503   -0.134086
    0.091812    0.042094   -0.138390
    0.096421    0.042699   -0.142687
    0.101131    0.043320   -0.146971
    0.105941    0.043956   -0.151237
    0.110848    0.044609   -0.155478
    0.115853    0.045282   -0.159699
    0.120953    0.045975   -0.163924
    0.126148    0.046692   -0.168037
    0.131435    0.047437   -0.172096
    0.136815    0.048204   -0.176101
    0.142285    0.048998   -0.180045
    0.147845    0.049821   -0.183938
    0.153492    0.050678   -0.187804
    0.159225    0.051576   -0.191499
    0.165044    0.052499   -0.195110
    0.170946    0.053458   -0.198634
    0.176930    0.054472   -0.202081
    0.182994    0.055512   -0.205471
    0.189138    0.056594   -0.208654
    0.195358    0.057738   -0.211728
    0.201655    0.058911   -0.214713
    0.208026    0.060151   -0.217624
    0.214470    0.061423   -0.220294
    0.220986    0.062766   -0.222830
    0.227570    0.064145   -0.225264
    0.234223    0.065599   -0.227609
    0.240941    0.067090   -0.229673
    0.247725    0.068665   -0.231595
    0.254571    0.070275   -0.233395
    0.261478    0.071976   -0.235075
    0.268445    0.073741   -0.236473
    0.275470    0.075548   -0.237748
    0.282550    0.077451   -0.238894
    0.289685    0.079398   -0.239752
    0.296872    0.081441   -0.240412
    0.304110    0.083562   -0.240932
    0.311396    0.085726   -0.241320
    0.318730    0.088002   -0.241371
    0.326109    0.090320   -0.241245
    0.333531    0.092755   -0.240956
    0.340994    0.095234   -0.240488
    0.348497    0.097834   -0.239729
    0.356038    0.100477   -0.238801
    0.363615    0.103245   -0.237727
    0.371226    0.106061   -0.236292
    0.378869    0.108961   -0.234653
    0.386542    0.111989   -0.232845
    0.394243    0.115065   -0.230887
    0.401971    0.118225   -0.228555
    0.409723    0.121488   -0.226020
    0.417498    0.124864   -0.223309
    0.425293    0.128296   -0.220443
    0.433107    0.131815   -0.217210
    0.440937    0.135422   -0.213760
    0.448783    0.139129   -0.210099
    0.456641    0.142960   -0.206243
    0.464509    0.146843   -0.202232
    0.472387    0.150814   -0.197866
    0.480272    0.154873   -0.193284
    0.488161    0.159022   -0.188488
    0.496053    0.163258   -0.183506
    0.503947    0.167582   -0.178361
    0.511839    0.171993   -0.172909
    0.519729    0.176490   -0.167213
    0.527613    0.181073   -0.161308
    0.535491    0.185740   -0.155195
    0.543360    0.190491   -0.148874
    0.551217    0.195324   -0.142348
    0.559063    0.200238   -0.135618
    0.566893    0.205232   -0.128709
    0.574707    0.210304   -0.121664
    0.582502    0.215453   -0.114339
    0.590277    0.220676   -0.106822
    0.598029    0.225972   -0.099110
    0.605757    0.231339   -0.091212
    0.613458    0.236775   -0.083136
    0.621131    0.242278   -0.074885
    0.628774    0.247846   -0.066465
    0.636385    0.253476   -0.057880
    0.643962    0.259158   -0.049136
    0.651503    0.264872   -0.040236
    0.659006    0.270676   -0.031186
    0.666469    0.276533   -0.021993
    0.673891    0.282447   -0.012661
    0.681270    0.288408   -0.003192
    0.688604    0.294414    0.006407
    0.695890    0.300461    0.016128
    0.703128    0.306548    0.025963
    0.710315    0.312669    0.035927
    0.717450    0.318824    0.046040
    0.724530    0.324997    0.056180
    0.731555    0.331181    0.066409
    0.738522    0.337414    0.076720
    0.745429    0.343669    0.087105
    0.752275    0.349945    0.097559
    0.759059    0.356237    0.108073
    0.765777    0.362538    0.118641
    0.772430    0.368845    0.129255
    0.779015    0.375154    0.139911
    0.785530    0.381463    0.150608
    0.791974    0.387756    0.161328
    0.798345    0.394032    0.172086
    0.804642    0.400317    0.182877
    0.810863    0.406587    0.193623
    0.817006    0.412838    0.204363
    0.823070    0.419072    0.215089
    0.829054    0.425279    0.225794
    0.834956    0.431456    0.236471
    0.840775    0.437599    0.247112
    0.846508    0.443704    0.257717
    0.852155    0.449767    0.268270
    0.857715    0.455776    0.278764
    0.863185    0.461730    0.289209
    0.868565    0.467647    0.299589
    0.873852    0.473508    0.309857
    0.879047    0.479308    0.320034
    0.884147    0.485044    0.330115
    0.889152    0.490715    0.340091
    0.894059    0.496315    0.349956
    0.898869    0.501841    0.359706
    0.903579    0.507288    0.369331
    0.908188    0.512652    0.378821
    0.912695    0.517931    0.388171
    0.917100    0.523121    0.397374
    0.921401    0.528218    0.406421
    0.925597    0.533219    0.415324
    0.929686    0.538113    0.424053
    0.933669    0.542907    0.432595
    0.937544    0.547602    0.440956
    0.941309    0.552187    0.449130
    0.944965    0.556660    0.457112
    0.948509    0.561017    0.464895
    0.951942    0.565257    0.472473
    0.955262    0.569375    0.479841
    0.958469    0.573376    0.486991
    0.961561    0.577245    0.493919
    0.964539    0.580983    0.500620
    0.967400    0.584590    0.507088
    0.970146    0.588062    0.513318
    0.972774    0.591311    0.519306
    0.975284    0.593987    0.525048
    0.977675    0.596089    0.530537
    0.979948    0.597775    0.535772
    0.982101    0.599132    0.540747
    0.984134    0.600216    0.545456
    0.986046    0.601050    0.549897
    0.987838    0.601654    0.554071
    0.989507    0.602032    0.557972
    0.991055    0.602198    0.561595
    0.992480    0.602155    0.564937
    0.993782    0.601906    0.568000
    0.994962    0.601485    0.570778
    0.996018    0.600844    0.573268
    0.996950    0.599952    0.575470
    0.997759    0.598912    0.577517
    0.998443    0.597690    0.579510
    0.999003    0.596297    0.581427
    0.999439    0.594742    0.583579
    0.999751    0.593044    0.585712
    0.999938    0.591219    0.587920
    1.000000    0.589275    0.589275
  BLADE PROFILES IN CARTESIAN COORDINATES (3D) 
  VARIABLES = "X", "YSS", "YPS" "R" 
  BLADE           1  SECTION           2
  -11.302309    3.361904    3.361904  188.971268
  -10.019013    2.545406    2.545406  188.969330
   -8.874824    1.817419    1.817419  188.967407
   -7.854659    1.168348    1.168348  188.965591
   -6.945076    0.589639    0.589639  188.963928
   -6.134091    0.073665    0.073665  188.962387
   -5.411013   -0.386376   -0.386376  188.960983
   -4.766314   -0.796547   -0.796547  188.959763
   -4.191499   -1.162255   -1.162255  188.958633
   -3.678990   -1.488320   -1.488320  188.957657
   -3.222036   -1.779038   -1.779038  188.956772
   -2.814615   -2.038244   -2.038244  188.955994
   -2.451356   -2.269351   -2.269351  188.955322
   -2.127475   -2.475406   -2.475406  188.954697
   -1.838700   -2.659125   -2.659125  188.954147
   -1.581228   -2.822929   -2.822929  188.953690
   -1.351664   -2.968977   -2.968977  188.953278
   -1.146986   -3.099194   -3.099194  188.952911
   -0.964492   -3.215296   -3.215296  188.952560
   -0.801781   -3.318812   -3.318812  188.952286
   -0.656707   -3.411107   -3.411107  188.952011
   -0.527360   -3.493398   -3.493398  188.951797
   -0.412030   -3.566768   -3.566768  188.951599
   -0.309205   -3.632186   -3.632186  188.951385
   -0.217524   -3.690513   -3.690513  188.951248
   -0.135782   -3.742517   -3.742517  188.951111
   -0.054040   -3.331718   -4.145689  188.951004
    0.031429   -3.179786   -4.289995  188.951096
    0.120966   -3.073490   -4.427966  188.951157
    0.214916   -2.986366   -4.567447  188.951218
    0.313621   -2.909827   -4.708343  188.951248
    0.417427   -2.841038   -4.851570  188.951355
    0.526674   -2.779573   -4.997577  188.951416
    0.641708   -2.727510   -5.146651  188.951492
    0.762871   -2.687109   -5.298921  188.951614
    0.890506   -2.659807   -5.454427  188.951706
    1.024959   -2.639115   -5.613132  188.951813
    1.166571   -2.618251   -5.774930  188.951935
    1.315684   -2.597149   -5.939632  188.952072
    1.472645   -2.575628   -6.107573  188.952225
    1.637717   -2.553514   -6.277729  188.952438
    1.810940   -2.530652   -6.448727  188.952591
    1.992721   -2.506794   -6.620787  188.952789
    2.183508   -2.481652   -6.793611  188.953033
    2.383807   -2.454979   -6.966799  188.953262
    2.594171   -2.426451   -7.141140  188.953537
    2.815200   -2.395508   -7.312368  188.953796
    3.047427   -2.362054   -7.482035  188.954086
    3.291297   -2.325491   -7.650807  188.954453
    3.547626   -2.285098   -7.813019  188.954834
    3.817327   -2.240347   -7.971237  188.955231
    4.101420   -2.190872   -8.123702  188.955658
    4.401017   -2.135130   -8.267909  188.956146
    4.717333   -2.072468   -8.402068  188.956665
    5.054199   -2.001184   -8.526446  188.957199
    5.416471   -1.919087   -8.634796  188.957901
    5.804554   -1.824319   -8.727879  188.958557
    6.218143   -1.715667   -8.798258  188.959305
    6.656242   -1.590919   -8.837981  188.960144
    7.117169   -1.449652   -8.845752  188.960999
    7.598517   -1.289325   -8.816528  188.961945
    8.092505   -1.111766   -8.746797  188.962952
    8.591222   -0.918650   -8.634084  188.963898
    9.091990   -0.710640   -8.478397  188.964920
    9.592615   -0.487915   -8.284122  188.965927
   10.091398   -0.250292   -8.048834  188.966934
   10.587154    0.000000   -7.775623  188.967896
   11.079185    0.263454   -7.466936  188.968872
   11.570817    0.541895   -7.117692  188.969788
   12.064260    0.836861   -6.728462  188.970749
   12.559119    1.148440   -6.300987  188.971664
   13.054752    1.476464   -5.835147  188.972534
   13.550252    1.820494   -5.329094  188.973389
   14.044477    2.179778   -4.786435  188.974197
   14.536043    2.552201   -4.209298  188.974976
   15.020564    2.936389   -3.603985  188.975708
   15.495317    3.328306   -2.975519  188.976379
   15.959004    3.725706   -2.326247  188.976959
   16.410582    4.126088   -1.664551  188.977493
   16.849270    4.529498   -0.991959  188.977966
   17.274496    4.933283   -0.312039  188.978394
   17.685972    5.335186    0.373001  188.978745
   18.085203    5.737036    1.062646  188.979034
   18.472591    6.137973    1.753714  188.979263
   18.848137    6.536682    2.445559  188.979538
   19.211834    6.931695    3.136849  188.979630
   19.563675    7.323325    3.823810  188.979721
   19.903685    7.710253    4.505129  188.979782
   20.231842    8.091537    5.179466  188.979828
   20.548145    8.466308    5.845127  188.979782
   20.852608    8.833593    6.499691  188.979736
   21.145224    9.193139    7.141793  188.979660
   21.425991    9.544075    7.770028  188.979568
   21.694916    9.852334    8.382799  188.979370
   21.951986    9.986053    8.978589  188.979248
   22.197210    9.703302    9.703049  188.979034
   22.442446   10.154072   10.153945  188.978516
   22.701675   10.630716   10.630716  188.977875
   22.975718   11.134588   11.134588  188.977249
   23.265408   11.667238   11.667238  188.976685
   23.571638   12.230312   12.230312  188.976151
   23.895361   12.825548   12.825548  188.975693
   24.237577   13.454793   13.454793  188.975342
   24.599331   14.119976   14.119976  188.975098
   24.981750   14.823165   14.823165  188.975021
   25.386003   15.566536   15.566536  188.975220
   25.813356   16.352385   16.352385  188.975662
   26.265104   17.183130   17.183130  188.976318
   26.742657   18.061354   18.061354  188.977249
   27.247482   18.989758   18.989758  188.978531
   27.781143   19.971203   19.971203  188.980026
  BLADE PROFILES IN CARTESIAN COORDINATES (2D) BEFORE   PROJECTION, SCALING, MESHING AND STACKING 
  VARIABLES = "X", "YSS", "YPS" 
  BLADE           1  SECTION           3
    0.000000   -0.013344   -0.013344
    0.000062   -0.010270   -0.015302
    0.000249   -0.007524   -0.018126
    0.000561   -0.004847   -0.020739
    0.000997   -0.002244   -0.023026
    0.001557    0.000268   -0.025083
    0.002241    0.002673   -0.026975
    0.003050    0.004966   -0.028821
    0.003982    0.007143   -0.030682
    0.005038    0.009282   -0.032547
    0.006218    0.011242   -0.034419
    0.007520    0.013066   -0.036425
    0.008945    0.014882   -0.038584
    0.010493    0.016642   -0.040891
    0.012162    0.018364   -0.043325
    0.013954    0.020051   -0.045893
    0.015866    0.021708   -0.048586
    0.017899    0.023339   -0.051402
    0.020052    0.024938   -0.054336
    0.022325    0.026507   -0.057385
    0.024716    0.028025   -0.060541
    0.027226    0.029475   -0.063801
    0.029854    0.030848   -0.067159
    0.032600    0.032109   -0.070609
    0.035461    0.033224   -0.074147
    0.038439    0.034166   -0.077767
    0.041531    0.034937   -0.081463
    0.044738    0.035564   -0.085230
    0.048058    0.036136   -0.089062
    0.051491    0.036703   -0.092954
    0.055036    0.037273   -0.096907
    0.058691    0.037844   -0.100933
    0.062456    0.038414   -0.104971
    0.066331    0.038995   -0.109046
    0.070314    0.039582   -0.113147
    0.074403    0.040174   -0.117271
    0.078599    0.040773   -0.121414
    0.082900    0.041380   -0.125569
    0.087305    0.041997   -0.129731
    0.091812    0.042623   -0.133893
    0.096421    0.043261   -0.138051
    0.101131    0.043911   -0.142198
    0.105941    0.044576   -0.146340
    0.110848    0.045256   -0.150493
    0.115853    0.045952   -0.154570
    0.120953    0.046667   -0.158600
    0.126148    0.047401   -0.162589
    0.131435    0.048156   -0.166532
    0.136815    0.048933   -0.170424
    0.142285    0.049741   -0.174274
    0.147845    0.050569   -0.178100
    0.153492    0.051423   -0.181788
    0.159225    0.052306   -0.185392
    0.165044    0.053230   -0.188917
    0.170946    0.054178   -0.192360
    0.176930    0.055158   -0.195726
    0.182994    0.056174   -0.199032
    0.189138    0.057240   -0.202159
    0.195358    0.058333   -0.205178
    0.201655    0.059467   -0.208113
    0.208026    0.060656   -0.210974
    0.214470    0.061875   -0.213620
    0.220986    0.063158   -0.216131
    0.227570    0.064470   -0.218548
    0.234223    0.065850   -0.220866
    0.240941    0.067264   -0.222960
    0.247725    0.068733   -0.224887
    0.254571    0.070268   -0.226708
    0.261478    0.071863   -0.228414
    0.268445    0.073495   -0.229872
    0.275470    0.075209   -0.231148
    0.282550    0.076959   -0.232303
    0.289685    0.078797   -0.233338
    0.296872    0.080671   -0.234086
    0.304110    0.082640   -0.234651
    0.311396    0.084646   -0.235081
    0.318730    0.086749   -0.235389
    0.326109    0.088892   -0.235368
    0.333531    0.091135   -0.235173
    0.340994    0.093417   -0.234826
    0.348497    0.095807   -0.234340
    0.356038    0.098236   -0.233527
    0.363615    0.100774   -0.232529
    0.371226    0.103355   -0.231367
    0.378869    0.106010   -0.230054
    0.386542    0.108779   -0.228414
    0.394243    0.111590   -0.226579
    0.401971    0.114476   -0.224575
    0.409723    0.117482   -0.222425
    0.417498    0.120531   -0.219928
    0.425293    0.123657   -0.217234
    0.433107    0.126860   -0.214373
    0.440937    0.130153   -0.211351
    0.448783    0.133553   -0.208020
    0.456641    0.137001   -0.204455
    0.464509    0.140527   -0.200690
    0.472387    0.144132   -0.196754
    0.480272    0.147816   -0.192655
    0.488161    0.151578   -0.188267
    0.496053    0.155421   -0.183638
    0.503947    0.159345   -0.178808
    0.511839    0.163353   -0.173777
    0.519729    0.167463   -0.168547
    0.527613    0.171616   -0.163140
    0.535491    0.175845   -0.157591
    0.543360    0.180148   -0.151761
    0.551217    0.184524   -0.145712
    0.559063    0.188972   -0.139473
    0.566893    0.193491   -0.133046
    0.574707    0.198080   -0.126434
    0.582502    0.202737   -0.119638
    0.590277    0.207461   -0.112663
    0.598029    0.212250   -0.105510
    0.605757    0.217092   -0.098184
    0.613458    0.221977   -0.090689
    0.621131    0.226952   -0.083028
    0.628774    0.231984   -0.075206
    0.636385    0.237072   -0.067227
    0.643962    0.242214   -0.059118
    0.651503    0.247410   -0.050909
    0.659006    0.252659   -0.042463
    0.666469    0.257955   -0.033836
    0.673891    0.263296   -0.025145
    0.681270    0.268680   -0.016328
    0.688604    0.274104   -0.007390
    0.695890    0.279565    0.001663
    0.703128    0.285061    0.010825
    0.710315    0.290589    0.020091
    0.717450    0.296135    0.029453
    0.724530    0.301696    0.038907
    0.731555    0.307304    0.048445
    0.738522    0.312933    0.058061
    0.745429    0.318580    0.067749
    0.752275    0.324248    0.077502
    0.759059    0.329928    0.087313
    0.765777    0.335617    0.097176
    0.772430    0.341310    0.107090
    0.779015    0.347007    0.117045
    0.785530    0.352702    0.127031
    0.791974    0.358393    0.137060
    0.798345    0.364069    0.147132
    0.804642    0.369723    0.157167
    0.810863    0.375383    0.167205
    0.817006    0.381026    0.177238
    0.823070    0.386650    0.187259
    0.829054    0.392253    0.197262
    0.834956    0.397829    0.207239
    0.840775    0.403375    0.217186
    0.846508    0.408886    0.227098
    0.852155    0.414359    0.236962
    0.857715    0.419791    0.246772
    0.863185    0.425171    0.256537
    0.868565    0.430499    0.266242
    0.873852    0.435789    0.275842
    0.879047    0.441025    0.285359
    0.884147    0.446204    0.294786
    0.889152    0.451321    0.304116
    0.894059    0.456374    0.313341
    0.898869    0.461361    0.322460
    0.903579    0.466278    0.331462
    0.908188    0.471120    0.340340
    0.912695    0.475886    0.349087
    0.917100    0.480570    0.357695
    0.921401    0.485171    0.366160
    0.925597    0.489686    0.374489
    0.929686    0.494110    0.382656
    0.933669    0.498443    0.390649
    0.937544    0.502679    0.398473
    0.941309    0.506818    0.406122
    0.944965    0.510855    0.413590
    0.948509    0.514788    0.420872
    0.951942    0.518614    0.427965
    0.955262    0.522331    0.434859
    0.958469    0.525936    0.441552
    0.961561    0.529428    0.448036
    0.964539    0.532803    0.454307
    0.967400    0.536059    0.460361
    0.970146    0.539192    0.466193
    0.972774    0.542094    0.471798
    0.975284    0.544376    0.477171
    0.977675    0.546129    0.482310
    0.979948    0.547524    0.487210
    0.982101    0.548628    0.491867
    0.984134    0.549477    0.496276
    0.986046    0.550099    0.500432
    0.987838    0.550512    0.504340
    0.989507    0.550724    0.507991
    0.991055    0.550741    0.511384
    0.992480    0.550570    0.514513
    0.993782    0.550208    0.517380
    0.994962    0.549663    0.519981
    0.996018    0.548936    0.522312
    0.996950    0.548001    0.524373
    0.997759    0.546913    0.526286
    0.998443    0.545660    0.528125
    0.999003    0.544251    0.529953
    0.999439    0.542697    0.531976
    0.999751    0.541001    0.533987
    0.999938    0.539094    0.536062
    1.000000    0.537603    0.537603
  BLADE PROFILES IN CARTESIAN COORDINATES (3D) 
  VARIABLES = "X", "YSS", "YPS" "R" 
  BLADE           1  SECTION           3
  -12.329146    3.079679    3.079679  200.164490
  -10.976422    2.267552    2.267552  200.192535
   -9.770497    1.543413    1.543413  200.223526
   -8.695479    0.897702    0.897702  200.255981
   -7.737177    0.321906    0.321906  200.289047
   -6.882925   -0.191555   -0.191555  200.321899
   -6.121429   -0.649438   -0.649438  200.353989
   -5.442614   -1.057760   -1.057760  200.384872
   -4.837501   -1.421886   -1.421886  200.414291
   -4.298082   -1.746599   -1.746599  200.442001
   -3.817218   -2.036165   -2.036165  200.467941
   -3.388551   -2.294385   -2.294385  200.492020
   -3.006408   -2.524650   -2.524650  200.514374
   -2.665737   -2.729986   -2.729986  200.534882
   -2.362034   -2.913089   -2.913089  200.553680
   -2.091283   -3.076365   -3.076365  200.570862
   -1.849907   -3.221960   -3.221960  200.586548
   -1.634717   -3.351786   -3.351786  200.600739
   -1.442870   -3.467552   -3.467552  200.613663
   -1.271833   -3.570777   -3.570777  200.625351
   -1.119348   -3.662822   -3.662822  200.635834
   -0.983400   -3.744894   -3.744894  200.645370
   -0.862195   -3.818075   -3.818075  200.653931
   -0.754136   -3.883328   -3.883328  200.661636
   -0.657793   -3.941511   -3.941511  200.668564
   -0.571898   -3.993389   -3.993389  200.674789
   -0.486546   -3.560737   -4.419848  200.680969
   -0.397313   -3.405865   -4.568515  200.690857
   -0.303841   -3.296046   -4.709579  200.702774
   -0.205773   -3.205034   -4.850995  200.715424
   -0.102751   -3.124828   -4.994156  200.728836
    0.005580   -3.052805   -5.139840  200.743057
    0.119579   -2.989605   -5.288419  200.758133
    0.239600   -2.937194   -5.440135  200.774155
    0.366001   -2.898664   -5.595128  200.791168
    0.499135   -2.872040   -5.753450  200.809311
    0.639361   -2.848726   -5.915082  200.828552
    0.787032   -2.825370   -6.080739  200.849075
    0.942505   -2.801926   -6.248739  200.870865
    1.106136   -2.777907   -6.419259  200.894073
    1.278193   -2.753333   -6.592061  200.918762
    1.458719   -2.728051   -6.766528  200.944931
    1.648130   -2.701850   -6.942312  200.972656
    1.846897   -2.674480   -7.119114  201.002121
    2.055532   -2.645636   -7.297595  201.033447
    2.274613   -2.615041   -7.474133  201.066696
    2.504761   -2.582362   -7.649875  201.102020
    2.746525   -2.547032   -7.824603  201.139572
    3.000365   -2.508933   -7.997294  201.179474
    3.267119   -2.467221   -8.164612  201.221878
    3.547742   -2.421668   -8.328012  201.267059
    3.843281   -2.371113   -8.485869  201.315155
    4.154891   -2.315259   -8.635800  201.366516
    4.483827   -2.252629   -8.776102  201.421326
    4.834067   -2.181779   -8.906591  201.480301
    5.210658   -2.100988   -9.022216  201.544434
    5.614004   -2.007885   -9.123050  201.613953
    6.043782   -1.901666   -9.199633  201.688675
    6.498963   -1.780333   -9.248515  201.768661
    6.977785   -1.643313   -9.266578  201.853607
    7.477764   -1.488425   -9.246488  201.942917
    7.990819   -1.317328   -9.183684  202.035126
    8.508751   -1.131675   -9.081137  202.128723
    9.028789   -0.931625   -8.938406  202.223007
    9.548668   -0.718636   -8.752558  202.317398
   10.066644   -0.491141   -8.527205  202.411438
   10.581521   -0.251832   -8.265639  202.504791
   11.092547    0.000000   -7.964110  202.597168
   11.603223    0.267137   -7.625091  202.689056
   12.115868    0.548879   -7.248962  202.780670
   12.630062    0.846399   -6.830092  202.871872
   13.145162    1.159546   -6.372691  202.962311
   13.660257    1.487054   -5.877351  203.051727
   14.174162    1.829940   -5.345343  203.139694
   14.685451    2.186523   -4.780682  203.226044
   15.189564    2.553331   -4.183819  203.309601
   15.683688    2.927406   -3.565896  203.390015
   16.166479    3.306314   -2.929090  203.467041
   16.636848    3.689036   -2.277426  203.540482
   17.093948    4.074218   -1.614743  203.610199
   17.537214    4.459756   -0.944198  203.676224
   17.966330    4.844008   -0.267629  203.738419
   18.382854    5.227314    0.411672  203.797150
   18.787193    5.610117    1.093651  203.852646
   19.179348    5.990886    1.776638  203.904892
   19.559286    6.368286    2.459186  203.953918
   19.927025    6.742204    3.137619  203.999893
   20.282530    7.111640    3.810571  204.042892
   20.625799    7.475786    4.476752  204.083023
   20.956829    7.833714    5.134436  204.120316
   21.275591    8.184695    5.781281  204.154999
   21.582087    8.527997    6.415816  204.187119
   21.876301    8.862940    7.036721  204.216751
   22.158216    9.150333    7.642399  204.244110
   22.427813    9.261224    8.231297  204.269196
   22.685099    8.954521    8.954277  204.292221
   22.943035    9.394324    9.394202  204.311050
   23.215700    9.859414    9.859414  204.328110
   23.503937   10.351116   10.351116  204.346222
   23.808624   10.870955   10.870955  204.365509
   24.130709   11.420546   11.420546  204.386078
   24.471165   12.001600   12.001600  204.408081
   24.831053   12.615933   12.615933  204.431717
   25.211468   13.265455   13.265455  204.457077
   25.613558   13.952213   13.952213  204.484512
   26.038534   14.678357   14.678357  204.514572
   26.487738   15.446147   15.446147  204.547150
   26.962519   16.257988   16.257988  204.582443
   27.464338   17.116432   17.116432  204.620789
   27.994707   18.024178   18.024178  204.662491
   28.554432   18.984600   18.984600  204.711853
  BLADE PROFILES IN CARTESIAN COORDINATES (2D) BEFORE   PROJECTION, SCALING, MESHING AND STACKING 
  VARIABLES = "X", "YSS", "YPS" 
  BLADE           2  SECTION           1
    0.000000    0.020151    0.020151
    0.000062    0.021064    0.016246
    0.000249    0.023488    0.013354
    0.000561    0.025008    0.010510
    0.000997    0.026859    0.007696
    0.001557    0.028712    0.004920
    0.002241    0.030560    0.002216
    0.003050    0.032535   -0.000393
    0.003982    0.034594   -0.002872
    0.005038    0.036789   -0.005201
    0.006218    0.039161   -0.007354
    0.007520    0.041711   -0.009322
    0.008945    0.044429   -0.011135
    0.010493    0.047296   -0.012754
    0.012162    0.050314   -0.014241
    0.013954    0.053480   -0.015590
    0.015866    0.056785   -0.016831
    0.017899    0.060243   -0.017979
    0.020052    0.063828   -0.019059
    0.022325    0.067514   -0.020044
    0.024716    0.071315   -0.020966
    0.027226    0.075224   -0.021787
    0.029854    0.079236   -0.022532
    0.032600    0.083345   -0.023165
    0.035461    0.087545   -0.023647
    0.038439    0.091830   -0.023986
    0.041531    0.096194   -0.024129
    0.044738    0.100632   -0.024041
    0.048058    0.105136   -0.023698
    0.051491    0.109699   -0.023135
    0.055036    0.114317   -0.022458
    0.058691    0.118983   -0.021726
    0.062456    0.123692   -0.020949
    0.066331    0.128438   -0.020128
    0.070314    0.133215   -0.019265
    0.074403    0.138016   -0.018360
    0.078599    0.142836   -0.017425
    0.082900    0.147669   -0.016456
    0.087305    0.152507   -0.015457
    0.091812    0.157347   -0.014428
    0.096421    0.162180   -0.013374
    0.101131    0.167019   -0.012297
    0.105941    0.171866   -0.011199
    0.110848    0.176648   -0.010084
    0.115853    0.181402   -0.008955
    0.120953    0.186104   -0.007816
    0.126148    0.190763   -0.006674
    0.131435    0.195374   -0.005523
    0.136815    0.199931   -0.004370
    0.142285    0.204429   -0.003219
    0.147845    0.208883   -0.002072
    0.153492    0.213299   -0.000933
    0.159225    0.217589    0.000193
    0.165044    0.221769    0.001299
    0.170946    0.225862    0.002375
    0.176930    0.229863    0.003443
    0.182994    0.233794    0.004487
    0.189138    0.237656    0.005503
    0.195358    0.241345    0.006481
    0.201655    0.244892    0.007403
    0.208026    0.248324    0.008307
    0.214470    0.251665    0.009171
    0.220986    0.254915    0.009985
    0.227570    0.257955    0.010723
    0.234223    0.260830    0.011436
    0.240941    0.263571    0.012095
    0.247725    0.266194    0.012657
    0.254571    0.268718    0.013192
    0.261478    0.270968    0.013655
    0.268445    0.273067    0.014023
    0.275470    0.275037    0.014352
    0.282550    0.276893    0.014563
    0.289685    0.278452    0.014741
    0.296872    0.279849    0.014788
    0.304110    0.281103    0.014799
    0.311396    0.282220    0.014674
    0.318730    0.283040    0.014503
    0.326109    0.283722    0.014201
    0.333531    0.284257    0.013798
    0.340994    0.284504    0.013346
    0.348497    0.284529    0.012740
    0.356038    0.284410    0.012087
    0.363615    0.284148    0.011270
    0.371226    0.283557    0.010404
    0.378869    0.282759    0.009367
    0.386542    0.281805    0.008282
    0.394243    0.280709    0.007016
    0.401971    0.279262    0.005699
    0.409723    0.277614    0.004204
    0.417498    0.275803    0.002646
    0.425293    0.273842    0.000978
    0.433107    0.271541   -0.000881
    0.440937    0.269025   -0.002801
    0.448783    0.266311   -0.004837
    0.456641    0.263413   -0.007000
    0.464509    0.260361   -0.009348
    0.472387    0.256980   -0.011761
    0.480272    0.253392   -0.014295
    0.488161    0.249601   -0.016952
    0.496053    0.245628   -0.019731
    0.503947    0.241518   -0.022636
    0.511839    0.237074   -0.025679
    0.519729    0.232427   -0.028891
    0.527613    0.227581   -0.032171
    0.535491    0.222538   -0.035573
    0.543360    0.217297   -0.039095
    0.551217    0.211878   -0.042738
    0.559063    0.206332   -0.046499
    0.566893    0.200499   -0.050379
    0.574707    0.194464   -0.054375
    0.582502    0.188244   -0.058486
    0.590277    0.181843   -0.062710
    0.598029    0.175263   -0.067046
    0.605757    0.168509   -0.071492
    0.613458    0.161582   -0.076045
    0.621131    0.154488   -0.080704
    0.628774    0.147230   -0.085466
    0.636385    0.139812   -0.090328
    0.643962    0.132238   -0.095276
    0.651503    0.124515   -0.100285
    0.659006    0.116646   -0.105434
    0.666469    0.108635   -0.110672
    0.673891    0.100490   -0.115997
    0.681270    0.092214   -0.121413
    0.688604    0.083814   -0.126909
    0.695890    0.075295   -0.132483
    0.703128    0.066662   -0.138130
    0.710315    0.057922   -0.143848
    0.717450    0.049081   -0.149631
    0.724530    0.040144   -0.155477
    0.731555    0.031118   -0.161382
    0.738522    0.022009   -0.167342
    0.745429    0.012824   -0.173353
    0.752275    0.003569   -0.179400
    0.759059   -0.005750   -0.185463
    0.765777   -0.015125   -0.191604
    0.772430   -0.024558   -0.197779
    0.779015   -0.034035   -0.203991
    0.785530   -0.043548   -0.210230
    0.791974   -0.053107   -0.216491
    0.798345   -0.062720   -0.222769
    0.804642   -0.072299   -0.229059
    0.810863   -0.081887   -0.235357
    0.817006   -0.091477   -0.241659
    0.823070   -0.101061   -0.247960
    0.829054   -0.110632   -0.254254
    0.834956   -0.120184   -0.260528
    0.840775   -0.129709   -0.266772
    0.846508   -0.139201   -0.273023
    0.852155   -0.148651   -0.279250
    0.857715   -0.158057   -0.285448
    0.863185   -0.167411   -0.291613
    0.868565   -0.176702   -0.297743
    0.873852   -0.185924   -0.303830
    0.879047   -0.195082   -0.309869
    0.884147   -0.204172   -0.315856
    0.889152   -0.213142   -0.321786
    0.894059   -0.222015   -0.327653
    0.898869   -0.230785   -0.333455
    0.903579   -0.239444   -0.339185
    0.908188   -0.247986   -0.344841
    0.912695   -0.256405   -0.350417
    0.917100   -0.264694   -0.355909
    0.921401   -0.272846   -0.361312
    0.925597   -0.280856   -0.366623
    0.929686   -0.288716   -0.371830
    0.933669   -0.296424   -0.376933
    0.937544   -0.303971   -0.381942
    0.941309   -0.311350   -0.386841
    0.944965   -0.318557   -0.391628
    0.948509   -0.325585   -0.396298
    0.951942   -0.332429   -0.400846
    0.955262   -0.339085   -0.405271
    0.958469   -0.345545   -0.409574
    0.961561   -0.351806   -0.413742
    0.964539   -0.357863   -0.417771
    0.967400   -0.363710   -0.421662
    0.970146   -0.369344   -0.425411
    0.972774   -0.374759   -0.429017
    0.975284   -0.379952   -0.432476
    0.977675   -0.384919   -0.435728
    0.979948   -0.389654   -0.438506
    0.982101   -0.394156   -0.440753
    0.984134   -0.398419   -0.442594
    0.986046   -0.402442   -0.444107
    0.987838   -0.406219   -0.445336
    0.989507   -0.409746   -0.446305
    0.991055   -0.413027   -0.447035
    0.992480   -0.416056   -0.447534
    0.993782   -0.418828   -0.447814
    0.994962   -0.421342   -0.447878
    0.996018   -0.423607   -0.447731
    0.996950   -0.425705   -0.447392
    0.997759   -0.427811   -0.446842
    0.998443   -0.429883   -0.446058
    0.999003   -0.431905   -0.445105
    0.999439   -0.433928   -0.443966
    0.999751   -0.435919   -0.442647
    0.999938   -0.437820   -0.441152
    1.000000   -0.440427   -0.440427
  BLADE PROFILES IN CARTESIAN COORDINATES (3D) 
  VARIABLES = "X", "YSS", "YPS" "R" 
  BLADE           2  SECTION           1
   18.878489  -15.498315  -15.498315  173.979141
   19.844934  -14.615287  -14.615287  173.856674
   20.712662  -13.825008  -13.825008  173.757645
   21.491705  -13.117586  -13.117586  173.678329
   22.192087  -12.484875  -12.484875  173.624512
   22.820654  -11.918159  -11.918159  173.581741
   23.384222  -11.410192  -11.410192  173.543564
   23.889507  -10.954865  -10.954865  173.509308
   24.342518  -10.546706  -10.546706  173.478455
   24.748632  -10.180804  -10.180804  173.450348
   25.112717   -9.852788   -9.852788  173.424911
   25.439127   -9.558734   -9.558734  173.401901
   25.731756   -9.295123   -9.295123  173.381165
   25.994102   -9.058802   -9.058802  173.362411
   26.229305   -8.846942   -8.846942  173.345551
   26.440172   -8.657012   -8.657012  173.330307
   26.629211   -8.486738   -8.486738  173.316574
   26.798693   -8.334088   -8.334088  173.304214
   26.950645   -8.197236   -8.197236  173.293060
   27.086870   -8.074545   -8.074545  173.283020
   27.209002   -7.964550   -7.964550  173.274002
   27.330904   -7.353236   -8.556862  173.263092
   27.458332   -7.093598   -8.797493  173.251465
   27.591816   -6.843128   -8.944253  173.239120
   27.731840   -6.595426   -9.045969  173.225906
   27.878927   -6.346006   -9.124402  173.211807
   28.033585   -6.095986   -9.187223  173.196686
   28.196310   -5.842961   -9.236731  173.180542
   28.367622   -5.586240   -9.271975  173.163147
   28.548019   -5.325366   -9.289568  173.144440
   28.737999   -5.060065   -9.283837  173.124405
   28.938078   -4.790356   -9.253266  173.102859
   29.148758   -4.516265   -9.211020  173.079666
   29.370537   -4.237864   -9.163945  173.054764
   29.603920   -3.955435   -9.112267  173.027985
   29.849283   -3.669511   -9.056550  172.999298
   30.106699   -3.381084   -8.997209  172.968384
   30.376734   -3.090627   -8.934399  172.935303
   30.660055   -2.797125   -8.868434  172.899765
   30.957403   -2.503408   -8.799671  172.861679
   31.269581   -2.210639   -8.728661  172.820740
   31.597462   -1.918852   -8.655857  172.776642
   31.941835   -1.628736   -8.581594  172.729355
   32.303333   -1.339217   -8.506675  172.678543
   32.683144   -1.057135   -8.432044  172.623901
   33.082626   -0.781606   -8.358830  172.565109
   33.503239   -0.510331   -8.286957  172.501709
   33.946629   -0.252825   -8.219244  172.433426
   34.414566   -0.005295   -8.155037  172.359650
   34.912666    0.227303   -8.097867  172.279251
   35.448116    0.443823   -8.048374  172.190872
   36.021435    0.638006   -8.009469  172.094070
   36.632160    0.804914   -7.985878  171.988663
   37.278782    0.930135   -7.980453  171.874527
   37.958771    1.013204   -7.999023  171.751907
   38.668568    1.043573   -8.044600  171.621323
   39.396698    1.018110   -8.118745  171.484863
   40.131508    0.931335   -8.224379  171.344803
   40.869080    0.783114   -8.361661  171.202118
   41.606197    0.579578   -8.529686  171.057587
   42.340412    0.317012   -8.727256  170.912155
   43.070011    0.000000   -8.957366  170.766266
   43.793968   -0.367517   -9.215477  170.620361
   44.517231   -0.793672   -9.508162  170.473846
   45.243080   -1.274966   -9.831864  170.326157
   45.970974   -1.808286  -10.189353  170.177795
   46.699951   -2.401201  -10.580539  170.029037
   47.428757   -3.047308  -11.004987  169.880508
   48.155724   -3.744945  -11.461742  169.732773
   48.878819   -4.491409  -11.947148  169.586456
   49.591652   -5.278317  -12.460412  169.443008
   50.290215   -6.098391  -12.995362  169.303467
   50.972641   -6.946006  -13.548022  169.168350
   51.637398   -7.815615  -14.115029  169.038147
   52.283306   -8.701910  -14.691368  168.912994
   52.909584   -9.600515  -15.277849  168.793167
   53.515770  -10.508807  -15.870049  168.678787
   54.104130  -11.422091  -16.467466  168.569382
   54.675213  -12.340292  -17.068541  168.464813
   55.229015  -13.260539  -17.670898  168.365112
   55.765526  -14.180451  -18.274632  168.270172
   56.284748  -15.097942  -18.877056  168.179932
   56.786674  -16.008368  -19.476097  168.094315
   57.271301  -16.909698  -20.070107  168.013260
   57.738602  -17.799843  -20.657423  167.936646
   58.188587  -18.676653  -21.236046  167.864365
   58.621212  -19.537672  -21.805490  167.796326
   59.036480  -20.380672  -22.363987  167.732422
   59.434376  -21.203562  -22.907932  167.672485
   59.814884  -22.004217  -23.253138  167.616379
   60.177990  -23.058008  -23.058401  167.564011
   60.544094  -23.711287  -23.711483  167.534622
   60.939392  -24.416279  -24.416279  167.503586
   61.366192  -25.177326  -25.177326  167.470825
   61.827034  -25.998875  -25.998875  167.436340
   62.324627  -26.885754  -26.885754  167.400131
   62.861904  -27.843159  -27.843159  167.362259
   63.442036  -28.876705  -28.876705  167.322678
   64.068451  -29.992474  -29.992474  167.281525
   64.744858  -31.197014  -31.197014  167.238907
   65.475227  -32.497417  -32.497417  167.194962
   66.263878  -33.901352  -33.901352  167.149872
   67.115463  -35.417091  -35.417091  167.103851
   68.034996  -37.053593  -37.053593  167.057312
   69.027962  -38.820553  -38.820553  167.010498
   70.100121  -40.728466  -40.728466  166.963974
   71.257843  -42.788651  -42.788651  166.918213
   72.507919  -45.013401  -45.013401  166.873886
   73.857719  -47.416042  -47.416042  166.831726
   75.315117  -50.010971  -50.010971  166.792572
   76.888657  -52.813812  -52.813812  166.757339
  BLADE PROFILES IN CARTESIAN COORDINATES (2D) BEFORE   PROJECTION, SCALING, MESHING AND STACKING 
  VARIABLES = "X", "YSS", "YPS" 
  BLADE           2  SECTION           2
    0.000000    0.018352    0.018352
    0.000062    0.022298    0.016593
    0.000249    0.024056    0.013250
    0.000561    0.026020    0.009989
    0.000997    0.027961    0.006748
    0.001557    0.029711    0.003538
    0.002241    0.031601    0.000387
    0.003050    0.033490   -0.002676
    0.003982    0.035382   -0.005611
    0.005038    0.037401   -0.008410
    0.006218    0.039561   -0.011008
    0.007520    0.041852   -0.013481
    0.008945    0.044312   -0.015787
    0.010493    0.046896   -0.017907
    0.012162    0.049592   -0.019967
    0.013954    0.052407   -0.021939
    0.015866    0.055334   -0.023853
    0.017899    0.058367   -0.025707
    0.020052    0.061490   -0.027516
    0.022325    0.064709   -0.029273
    0.024716    0.068015   -0.030986
    0.027226    0.071404   -0.032633
    0.029854    0.074869   -0.034213
    0.032600    0.078404   -0.035703
    0.035461    0.082022   -0.037048
    0.038439    0.085709   -0.038241
    0.041531    0.089423   -0.039232
    0.044738    0.093185   -0.039954
    0.048058    0.096989   -0.040430
    0.051491    0.100828   -0.040773
    0.055036    0.104691   -0.041093
    0.058691    0.108578   -0.041391
    0.062456    0.112485   -0.041667
    0.066331    0.116405   -0.041920
    0.070314    0.120333   -0.042150
    0.074403    0.124264   -0.042374
    0.078599    0.128207   -0.042583
    0.082900    0.132167   -0.042780
    0.087305    0.136075   -0.042966
    0.091812    0.139950   -0.043140
    0.096421    0.143794   -0.043305
    0.101131    0.147607   -0.043471
    0.105941    0.151384   -0.043634
    0.110848    0.155141   -0.043796
    0.115853    0.158872   -0.043960
    0.120953    0.162512   -0.044129
    0.126148    0.166069   -0.044306
    0.131435    0.169560   -0.044492
    0.136815    0.172983   -0.044689
    0.142285    0.176356   -0.044901
    0.147845    0.179679   -0.045137
    0.153492    0.182860   -0.045386
    0.159225    0.185927   -0.045656
    0.165044    0.188903   -0.045956
    0.170946    0.191807   -0.046290
    0.176930    0.194642   -0.046644
    0.182994    0.197293   -0.047037
    0.189138    0.199811   -0.047475
    0.195358    0.202217   -0.047937
    0.201655    0.204523   -0.048463
    0.208026    0.206745   -0.049013
    0.214470    0.208732   -0.049615
    0.220986    0.210589   -0.050280
    0.227570    0.212334   -0.050982
    0.234223    0.213987   -0.051760
    0.240941    0.215370   -0.052575
    0.247725    0.216610   -0.053475
    0.254571    0.217727   -0.054415
    0.261478    0.218736   -0.055447
    0.268445    0.219457   -0.056522
    0.275470    0.220022   -0.057696
    0.282550    0.220449   -0.058918
    0.289685    0.220754   -0.060243
    0.296872    0.220760   -0.061619
    0.304110    0.220596   -0.063108
    0.311396    0.220284   -0.064646
    0.318730    0.219837   -0.066309
    0.326109    0.219082   -0.068017
    0.333531    0.218145   -0.069863
    0.340994    0.217052   -0.071757
    0.348497    0.215823   -0.073746
    0.356038    0.214265   -0.075872
    0.363615    0.212520   -0.078052
    0.371226    0.210616   -0.080329
    0.378869    0.208563   -0.082757
    0.386542    0.206197   -0.085240
    0.394243    0.203618   -0.087822
    0.401971    0.200843   -0.090505
    0.409723    0.197895   -0.093312
    0.417498    0.194802   -0.096253
    0.425293    0.191385   -0.099259
    0.433107    0.187758   -0.102372
    0.440937    0.183932   -0.105590
    0.448783    0.179905   -0.108916
    0.456641    0.175692   -0.112350
    0.464509    0.171344   -0.115898
    0.472387    0.166675   -0.119555
    0.480272    0.161802   -0.123331
    0.488161    0.156729   -0.127248
    0.496053    0.151458   -0.131230
    0.503947    0.145989   -0.135320
    0.511839    0.140322   -0.139517
    0.519729    0.134479   -0.143820
    0.527613    0.128504   -0.148229
    0.535491    0.122255   -0.152744
    0.543360    0.115805   -0.157362
    0.551217    0.109164   -0.162083
    0.559063    0.102341   -0.166906
    0.566893    0.095338   -0.171828
    0.574707    0.088158   -0.176839
    0.582502    0.080804   -0.181913
    0.590277    0.073280   -0.187126
    0.598029    0.065589   -0.192433
    0.605757    0.057735   -0.197830
    0.613458    0.049722   -0.203321
    0.621131    0.041555   -0.208902
    0.628774    0.033237   -0.214567
    0.636385    0.024774   -0.220315
    0.643962    0.016170   -0.226142
    0.651503    0.007430   -0.232046
    0.659006   -0.001441   -0.238024
    0.666469   -0.010437   -0.244074
    0.673891   -0.019554   -0.250192
    0.681270   -0.028786   -0.256375
    0.688604   -0.038127   -0.262606
    0.695890   -0.047573   -0.268875
    0.703128   -0.057124   -0.275235
    0.710315   -0.066766   -0.281647
    0.717450   -0.076495   -0.288112
    0.724530   -0.086323   -0.294627
    0.731555   -0.096262   -0.301183
    0.738522   -0.106210   -0.307777
    0.745429   -0.116219   -0.314405
    0.752275   -0.126283   -0.321063
    0.759059   -0.136395   -0.327747
    0.765777   -0.146548   -0.334453
    0.772430   -0.156736   -0.341177
    0.779015   -0.166951   -0.347905
    0.785530   -0.177188   -0.354623
    0.791974   -0.187440   -0.361378
    0.798345   -0.197704   -0.368135
    0.804642   -0.207972   -0.374893
    0.810863   -0.218233   -0.381647
    0.817006   -0.228496   -0.388389
    0.823070   -0.238762   -0.395116
    0.829054   -0.248960   -0.401822
    0.834956   -0.259123   -0.408504
    0.840775   -0.269245   -0.415157
    0.846508   -0.279319   -0.421777
    0.852155   -0.289337   -0.428359
    0.857715   -0.299293   -0.434890
    0.863185   -0.309180   -0.441365
    0.868565   -0.318990   -0.447809
    0.873852   -0.328723   -0.454198
    0.879047   -0.338365   -0.460527
    0.884147   -0.347911   -0.466793
    0.889152   -0.357353   -0.472990
    0.894059   -0.366697   -0.479118
    0.898869   -0.375933   -0.485168
    0.903579   -0.385022   -0.491137
    0.908188   -0.393982   -0.497020
    0.912695   -0.402805   -0.502814
    0.917100   -0.411485   -0.508515
    0.921401   -0.420016   -0.514117
    0.925597   -0.428392   -0.519617
    0.929686   -0.436606   -0.525012
    0.933669   -0.444654   -0.530297
    0.937544   -0.452528   -0.535469
    0.941309   -0.460224   -0.540523
    0.944965   -0.467737   -0.545457
    0.948509   -0.475060   -0.550266
    0.951942   -0.482188   -0.554947
    0.955262   -0.489115   -0.559496
    0.958469   -0.495836   -0.563911
    0.961561   -0.502347   -0.568187
    0.964539   -0.508643   -0.572323
    0.967400   -0.514718   -0.576315
    0.970146   -0.520569   -0.580160
    0.972774   -0.526191   -0.583854
    0.975284   -0.531581   -0.587395
    0.977675   -0.536733   -0.590680
    0.979948   -0.541645   -0.593317
    0.982101   -0.546312   -0.595462
    0.984134   -0.550731   -0.597229
    0.986046   -0.554899   -0.598679
    0.987838   -0.558809   -0.599845
    0.989507   -0.562467   -0.600754
    0.991055   -0.565865   -0.601421
    0.992480   -0.568999   -0.601856
    0.993782   -0.571868   -0.602068
    0.994962   -0.574471   -0.602062
    0.996018   -0.576805   -0.601875
    0.996950   -0.578970   -0.601444
    0.997759   -0.581080   -0.600778
    0.998443   -0.583152   -0.599946
    0.999003   -0.585252   -0.598928
    0.999439   -0.587372   -0.597731
    0.999751   -0.589433   -0.596321
    0.999938   -0.591472   -0.594719
    1.000000   -0.592525   -0.592525
  BLADE PROFILES IN CARTESIAN COORDINATES (3D) 
  VARIABLES = "X", "YSS", "YPS" "R" 
  BLADE           2  SECTION           2
   19.909258   -9.657626   -9.657626  188.979767
   20.831936   -9.070588   -9.070588  188.979782
   21.659176   -8.544266   -8.544266  188.979416
   22.400835   -8.072370   -8.072370  188.978622
   23.065779   -7.649249   -7.649249  188.977097
   23.661940   -7.269913   -7.269913  188.976028
   24.196430   -6.929832   -6.929832  188.975372
   24.675631   -6.624938   -6.624938  188.975082
   25.105259   -6.351593   -6.351593  188.975006
   25.490450   -6.106533   -6.106533  188.975311
   25.835791   -5.886828   -5.886828  188.975693
   26.145409   -5.689853   -5.689853  188.976105
   26.423000   -5.513256   -5.513256  188.976639
   26.671875   -5.354928   -5.354928  188.977127
   26.895004   -5.212979   -5.212979  188.977646
   27.095055   -5.085716   -5.085716  188.978104
   27.274410   -4.971617   -4.971617  188.978607
   27.435213   -4.869320   -4.869320  188.979065
   27.579384   -4.777608   -4.777608  188.979477
   27.708635   -4.695382   -4.695382  188.979858
   27.824520   -4.621662   -4.621662  188.980087
   27.940409   -4.025073   -5.272789  188.980240
   28.061569   -3.802068   -5.550331  188.980362
   28.188507   -3.588951   -5.732359  188.980515
   28.321701   -3.381193   -5.875616  188.980667
   28.461632   -3.175273   -5.998328  188.980789
   28.608795   -2.969558   -6.107574  188.980957
   28.763670   -2.762847   -6.205078  188.981079
   28.926746   -2.554184   -6.289244  188.981201
   29.098522   -2.342889   -6.355408  188.981369
   29.279467   -2.130578   -6.396642  188.981491
   29.470081   -1.916164   -6.417710  188.981644
   29.670835   -1.700178   -6.434910  188.981720
   29.882236   -1.482403   -6.449934  188.981842
   30.104755   -1.263183   -6.462885  188.981964
   30.338776   -1.042238   -6.474811  188.982056
   30.584339   -0.820870   -6.485523  188.982056
   30.842051   -0.601760   -6.495210  188.982178
   31.112526   -0.383939   -6.504631  188.982208
   31.396494   -0.166434   -6.514037  188.982193
   31.694717    0.048236   -6.523909  188.982254
   32.008064    0.257394   -6.534816  188.982178
   32.337288    0.463036   -6.547310  188.982086
   32.683010    0.663515   -6.562272  188.981949
   33.046413    0.853720   -6.580199  188.981812
   33.428761    1.038323   -6.602325  188.981552
   33.831505    1.208273   -6.629809  188.981323
   34.256237    1.366943   -6.663735  188.981049
   34.704670    1.509453   -6.705225  188.980637
   35.182240    1.635924   -6.757224  188.980118
   35.695827    1.737537   -6.822230  188.979553
   36.246002    1.815608   -6.902706  188.978958
   36.832333    1.857532   -7.002072  188.978149
   37.453423    1.858887   -7.123555  188.977249
   38.106857    1.815833   -7.268836  188.976242
   38.789276    1.719842   -7.441640  188.975082
   39.489578    1.565514   -7.641880  188.973785
   40.196602    1.358926   -7.868721  188.972473
   40.906521    1.097301   -8.120963  188.971054
   41.616241    0.781159   -8.398829  188.969574
   42.323360    0.414836   -8.700893  188.968079
   43.026188    0.000000   -9.028214  188.966568
   43.723732   -0.463793   -9.380385  188.964935
   44.420704   -0.973807   -9.757416  188.963287
   45.120243   -1.536329  -10.162819  188.961685
   45.821808   -2.151352  -10.596811  188.960022
   46.524441   -2.816240  -11.057593  188.958298
   47.226898   -3.529770  -11.548132  188.956696
   47.927567   -4.289901  -12.066089  188.955048
   48.624447   -5.093694  -12.609398  188.953400
   49.311337   -5.932355  -13.172574  188.951782
   49.984383   -6.798734  -13.749469  188.950333
   50.641754   -7.687998  -14.340590  188.948807
   51.281948   -8.596099  -14.941360  188.947479
   51.903847   -9.513736  -15.548278  188.946091
   52.506683  -10.438591  -16.158222  188.944885
   53.090027  -11.366767  -16.768816  188.943741
   53.656010  -12.299241  -17.382242  188.942688
   54.205208  -13.234044  -17.996084  188.941696
   54.737602  -14.166174  -18.608683  188.940735
   55.253204  -15.094480  -19.217484  188.939911
   55.752010  -16.016891  -19.823036  188.939102
   56.234032  -16.931503  -20.422892  188.938431
   56.699245  -17.834211  -21.015539  188.937775
   57.147663  -18.723417  -21.599453  188.937210
   57.579296  -19.597221  -22.173300  188.936722
   57.994129  -20.453695  -22.735744  188.936249
   58.392170  -21.290695  -23.285511  188.935867
   58.773418  -22.106293  -23.818857  188.935516
   59.137856  -22.898563  -24.136858  188.935211
   59.485516  -23.883970  -23.884331  188.935135
   59.833164  -24.523510  -24.523689  188.935883
   60.208481  -25.213743  -25.213743  188.936646
   60.613640  -25.958887  -25.958887  188.937515
   61.051044  -26.763313  -26.763313  188.938477
   61.523239  -27.631733  -27.631733  188.939529
   62.032990  -28.569248  -28.569248  188.940643
   62.583298  -29.581364  -29.581364  188.941879
   63.177391  -30.673990  -30.673990  188.943268
   63.818737  -31.853554  -31.853554  188.944733
   64.511108  -33.126972  -33.126972  188.946320
   65.258545  -34.501694  -34.501694  188.948044
   66.065445  -35.985798  -35.985798  188.949921
   66.936554  -37.587978  -37.587978  188.951950
   67.876953  -39.317635  -39.317635  188.954117
   68.892151  -41.184898  -41.184898  188.956421
   69.988129  -43.200729  -43.200729  188.958862
   71.171280  -45.376934  -45.376934  188.961426
   72.448555  -47.726254  -47.726254  188.964081
   73.827446  -50.262482  -50.262482  188.966812
   75.316040  -53.000439  -53.000439  188.969513
  BLADE PROFILES IN CARTESIAN COORDINATES (2D) BEFORE   PROJECTION, SCALING, MESHING AND STACKING 
  VARIABLES = "X", "YSS", "YPS" 
  BLADE           2  SECTION           3
    0.000000    0.018822    0.018822
    0.000062    0.020858    0.012823
    0.000249    0.023879    0.008682
    0.000561    0.026315    0.004591
    0.000997    0.028420    0.000616
    0.001557    0.030666   -0.003124
    0.002241    0.032843   -0.006642
    0.003050    0.034836   -0.009960
    0.003982    0.036878   -0.013078
    0.005038    0.038934   -0.016025
    0.006218    0.040915   -0.018765
    0.007520    0.043004   -0.021385
    0.008945    0.045208   -0.023936
    0.010493    0.047526   -0.026455
    0.012162    0.049945   -0.028933
    0.013954    0.052446   -0.031407
    0.015866    0.055067   -0.033885
    0.017899    0.057759   -0.036348
    0.020052    0.060514   -0.038815
    0.022325    0.063341   -0.041237
    0.024716    0.066232   -0.043596
    0.027226    0.069181   -0.045882
    0.029854    0.072172   -0.048026
    0.032600    0.075211   -0.049950
    0.035461    0.078292   -0.051643
    0.038439    0.081432   -0.053066
    0.041531    0.084605   -0.054337
    0.044738    0.087781   -0.055587
    0.048058    0.090977   -0.056853
    0.051491    0.094184   -0.058119
    0.055036    0.097387   -0.059383
    0.058691    0.100595   -0.060641
    0.062456    0.103801   -0.061900
    0.066331    0.107020   -0.063174
    0.070314    0.110241   -0.064451
    0.074403    0.113413   -0.065727
    0.078599    0.116552   -0.067003
    0.082900    0.119651   -0.068297
    0.087305    0.122717   -0.069600
    0.091812    0.125769   -0.070909
    0.096421    0.128790   -0.072222
    0.101131    0.131731   -0.073558
    0.105941    0.134595   -0.074907
    0.110848    0.137392   -0.076269
    0.115853    0.140127   -0.077646
    0.120953    0.142813   -0.079047
    0.126148    0.145458   -0.080468
    0.131435    0.147954   -0.081911
    0.136815    0.150353   -0.083380
    0.142285    0.152667   -0.084876
    0.147845    0.154908   -0.086402
    0.153492    0.157094   -0.087956
    0.159225    0.159078   -0.089545
    0.165044    0.160958   -0.091171
    0.170946    0.162755   -0.092830
    0.176930    0.164469   -0.094536
    0.182994    0.165984   -0.096274
    0.189138    0.167356   -0.098069
    0.195358    0.168635   -0.099897
    0.201655    0.169807   -0.101777
    0.208026    0.170776   -0.103713
    0.214470    0.171571   -0.105693
    0.220986    0.172229   -0.107740
    0.227570    0.172761   -0.109827
    0.234223    0.173182   -0.111996
    0.240941    0.173342   -0.114203
    0.247725    0.173345   -0.116481
    0.254571    0.173215   -0.118835
    0.261478    0.172971   -0.121236
    0.268445    0.172433   -0.123736
    0.275470    0.171728   -0.126280
    0.282550    0.170883   -0.128896
    0.289685    0.169902   -0.131617
    0.296872    0.168644   -0.134387
    0.304110    0.167184   -0.137232
    0.311396    0.165545   -0.140165
    0.318730    0.163744   -0.143203
    0.326109    0.161811   -0.146296
    0.333531    0.159561   -0.149471
    0.340994    0.157120   -0.152732
    0.348497    0.154488   -0.156094
    0.356038    0.151684   -0.159564
    0.363615    0.148737   -0.163095
    0.371226    0.145482   -0.166715
    0.378869    0.142018   -0.170427
    0.386542    0.138354   -0.174230
    0.394243    0.134491   -0.178126
    0.401971    0.130448   -0.182120
    0.409723    0.126256   -0.186211
    0.417498    0.121771   -0.190403
    0.425293    0.117063   -0.194719
    0.433107    0.112152   -0.199096
    0.440937    0.107040   -0.203569
    0.448783    0.101725   -0.208138
    0.456641    0.096209   -0.212804
    0.464509    0.090491   -0.217566
    0.472387    0.084592   -0.222424
    0.480272    0.078552   -0.227377
    0.488161    0.072235   -0.232426
    0.496053    0.065721   -0.237569
    0.503947    0.059001   -0.242806
    0.511839    0.052090   -0.248125
    0.519729    0.044989   -0.253512
    0.527613    0.037702   -0.259026
    0.535491    0.030231   -0.264630
    0.543360    0.022578   -0.270322
    0.551217    0.014747   -0.276103
    0.559063    0.006740   -0.281971
    0.566893   -0.001438   -0.287928
    0.574707   -0.009785   -0.293968
    0.582502   -0.018296   -0.300090
    0.590277   -0.026969   -0.306290
    0.598029   -0.035797   -0.312569
    0.605757   -0.044779   -0.318922
    0.613458   -0.053908   -0.325348
    0.621131   -0.063181   -0.331846
    0.628774   -0.072592   -0.338411
    0.636385   -0.082143   -0.345029
    0.643962   -0.091826   -0.351690
    0.651503   -0.101632   -0.358445
    0.659006   -0.111558   -0.365258
    0.666469   -0.121618   -0.372130
    0.673891   -0.131825   -0.379059
    0.681270   -0.142073   -0.386037
    0.688604   -0.152418   -0.393060
    0.695890   -0.162853   -0.400126
    0.703128   -0.173373   -0.407232
    0.710315   -0.183972   -0.414373
    0.717450   -0.194643   -0.421547
    0.724530   -0.205381   -0.428739
    0.731555   -0.216179   -0.435938
    0.738522   -0.227032   -0.443190
    0.745429   -0.237941   -0.450460
    0.752275   -0.248891   -0.457749
    0.759059   -0.259891   -0.465053
    0.765777   -0.270950   -0.472363
    0.772430   -0.281979   -0.479676
    0.779015   -0.293023   -0.486988
    0.785530   -0.304073   -0.494295
    0.791974   -0.315123   -0.501593
    0.798345   -0.326167   -0.508878
    0.804642   -0.337197   -0.516137
    0.810863   -0.348207   -0.523361
    0.817006   -0.359193   -0.530584
    0.823070   -0.370148   -0.537777
    0.829054   -0.381062   -0.544937
    0.834956   -0.391941   -0.552065
    0.840775   -0.402784   -0.559150
    0.846508   -0.413529   -0.566189
    0.852155   -0.424204   -0.573178
    0.857715   -0.434803   -0.580111
    0.863185   -0.445317   -0.586986
    0.868565   -0.455742   -0.593798
    0.873852   -0.466070   -0.600542
    0.879047   -0.476293   -0.607206
    0.884147   -0.486407   -0.613790
    0.889152   -0.496407   -0.620309
    0.894059   -0.506283   -0.626744
    0.898869   -0.516027   -0.633092
    0.903579   -0.525634   -0.639347
    0.908188   -0.535098   -0.645507
    0.912695   -0.544423   -0.651567
    0.917100   -0.553594   -0.657524
    0.921401   -0.562586   -0.663373
    0.925597   -0.571410   -0.669111
    0.929686   -0.580058   -0.674733
    0.933669   -0.588526   -0.680237
    0.937544   -0.596808   -0.685619
    0.941309   -0.604897   -0.690875
    0.944965   -0.612789   -0.696002
    0.948509   -0.620478   -0.700996
    0.951942   -0.627959   -0.705853
    0.955262   -0.635226   -0.710571
    0.958469   -0.642276   -0.715147
    0.961561   -0.649102   -0.719576
    0.964539   -0.655699   -0.723857
    0.967400   -0.662064   -0.727986
    0.970146   -0.668192   -0.731961
    0.972774   -0.674078   -0.735783
    0.975284   -0.679718   -0.739420
    0.977675   -0.685109   -0.742608
    0.979948   -0.690246   -0.745170
    0.982101   -0.695127   -0.747264
    0.984134   -0.699742   -0.748982
    0.986046   -0.704100   -0.750384
    0.987838   -0.708191   -0.751501
    0.989507   -0.712012   -0.752357
    0.991055   -0.715561   -0.752966
    0.992480   -0.718835   -0.753339
    0.993782   -0.721831   -0.753483
    0.994962   -0.724549   -0.753402
    0.996018   -0.726986   -0.753159
    0.996950   -0.729228   -0.752658
    0.997759   -0.731343   -0.751857
    0.998443   -0.733455   -0.750925
    0.999003   -0.735670   -0.749793
    0.999439   -0.737835   -0.748472
    0.999751   -0.739944   -0.746967
    0.999938   -0.742042   -0.745233
    1.000000   -0.743661   -0.743661
  BLADE PROFILES IN CARTESIAN COORDINATES (3D) 
  VARIABLES = "X", "YSS", "YPS" "R" 
  BLADE           2  SECTION           3
   20.742439   -5.132241   -5.132241  204.096313
   21.635872   -4.772733   -4.772733  204.192612
   22.437826   -4.450070   -4.450070  204.270142
   23.158098   -4.160424   -4.160424  204.324463
   23.805090   -3.900434   -3.900434  204.365295
   24.385132   -3.667306   -3.667306  204.402512
   24.905134   -3.458270   -3.458270  204.436615
   25.371304   -3.270839   -3.270839  204.467880
   25.789207   -3.102784   -3.102784  204.496857
   26.163813   -2.952105   -2.952105  204.523544
   26.499634   -2.817004   -2.817004  204.548050
   26.800694   -2.695869   -2.695869  204.570297
   27.070580   -2.587258   -2.587258  204.590637
   27.312536   -2.489877   -2.489877  204.609085
   27.529438   -2.402563   -2.402563  204.625854
   27.723888   -2.324277   -2.324277  204.641037
   27.898212   -2.254086   -2.254086  204.654816
   28.054499   -2.191154   -2.191154  204.667267
   28.194609   -2.134729   -2.134729  204.678528
   28.320221   -2.084139   -2.084139  204.689178
   28.432829   -2.038781   -2.038781  204.699982
   28.545212   -1.332449   -2.822450  204.710953
   28.662691   -1.124089   -3.108109  204.722580
   28.785742   -0.937786   -3.313348  204.734955
   28.914825   -0.757057   -3.489670  204.748184
   29.050421   -0.579381   -3.650646  204.762283
   29.192982   -0.403668   -3.797454  204.777344
   29.342985   -0.228996   -3.928072  204.793503
   29.500895   -0.054786   -4.033285  204.810883
   29.667177    0.120856   -4.111530  204.829437
   29.842293    0.295923   -4.180405  204.849380
   30.026714    0.470809   -4.249507  204.870865
   30.220884    0.645050   -4.317958  204.893784
   30.425293    0.819472   -4.386495  204.918533
   30.640390    0.994379   -4.455863  204.945053
   30.866516    1.166366   -4.525495  204.973557
   31.103743    1.335606   -4.596652  205.004120
   31.352591    1.503990   -4.668866  205.036819
   31.613674    1.667693   -4.743170  205.071915
   31.887669    1.825944   -4.819723  205.109497
   32.175323    1.980580   -4.899212  205.149918
   32.477448    2.128977   -4.982214  205.193253
   32.794731    2.268247   -5.069429  205.239838
   33.127792    2.401855   -5.161522  205.289810
   33.477722    2.521099   -5.259475  205.343506
   33.845734    2.631941   -5.364300  205.401245
   34.233212    2.725094   -5.477193  205.463425
   34.641647    2.805295   -5.599299  205.530441
   35.072662    2.862565   -5.732702  205.602829
   35.531452    2.901048   -5.880239  205.681473
   36.024616    2.909964   -6.045352  205.767990
   36.552620    2.890055   -6.231262  205.862640
   37.115044    2.829284   -6.439350  205.965851
   37.710491    2.724222   -6.672486  206.077393
   38.336628    2.571422   -6.933031  206.197128
   38.990170    2.359605   -7.221047  206.324661
   39.660564    2.096623   -7.536673  206.458038
   40.337074    1.775426   -7.874265  206.594757
   41.016071    1.407013   -8.234657  206.734039
   41.694603    0.983552   -8.618035  206.875183
   42.370453    0.512894   -9.020966  207.017258
   43.042007    0.000000   -9.443938  207.159851
   43.708340   -0.559669   -9.886377  207.302292
   44.374020   -1.166378  -10.349811  207.445541
   45.042049   -1.821949  -10.839932  207.590042
   45.711914   -2.526124  -11.355571  207.735214
   46.382778   -3.278060  -11.896569  207.880844
   47.053463   -4.076239  -12.462041  208.026443
   47.722424   -4.918491  -13.050526  208.171249
   48.387840   -5.802099  -13.659744  208.315018
   49.043770   -6.719800  -14.286370  208.455978
   49.686573   -7.658459  -14.924260  208.593185
   50.314499   -8.615500  -15.569982  208.726334
   50.926170   -9.585690  -16.219637  208.854767
   51.520496  -10.565552  -16.873121  208.978363
   52.096760  -11.549081  -17.526443  209.096848
   52.654549  -12.530978  -18.177166  209.210159
   53.195889  -13.513114  -18.824993  209.318695
   53.721355  -14.494531  -19.471373  209.422562
   54.230919  -15.472691  -20.113949  209.521851
   54.724590  -16.442930  -20.750959  209.616531
   55.202351  -17.404200  -21.380516  209.706680
   55.664207  -18.354597  -22.002333  209.792435
   56.110126  -19.291801  -22.614788  209.873688
   56.540134  -20.213522  -23.216505  209.950714
   56.954174  -21.117018  -23.806242  210.023514
   57.352272  -22.000933  -24.382807  210.092255
   57.734394  -22.863487  -24.945009  210.156921
   58.100540  -23.702751  -25.482824  210.217743
   58.450687  -24.516897  -25.789644  210.274796
   58.784824  -25.534496  -25.534836  210.317749
   59.122322  -26.184822  -26.184994  210.346771
   59.486710  -26.886713  -26.886713  210.377441
   59.880169  -27.644463  -27.644463  210.409882
   60.305023  -28.462524  -28.462524  210.444000
   60.763756  -29.345669  -29.345669  210.479889
   61.259113  -30.299086  -30.299086  210.517548
   61.793991  -31.328354  -31.328354  210.556854
   62.371552  -32.439484  -32.439484  210.597809
   62.995224  -33.639000  -33.639000  210.640335
   63.668682  -34.933907  -34.933907  210.684296
   64.395920  -36.331730  -36.331730  210.729553
   65.181244  -37.840668  -37.840668  210.775818
   66.029259  -39.469486  -39.469486  210.822937
   66.945007  -41.227676  -41.227676  210.870483
   67.933884  -43.125446  -43.125446  210.918106
   69.001724  -45.173801  -45.173801  210.965332
   70.154823  -47.384605  -47.384605  211.011642
   71.399971  -49.770634  -49.770634  211.056320
   72.744492  -52.345657  -52.345657  211.098785
   74.196236  -55.124474  -55.124474  211.138184
