 DATA SET FOR "multall" . GENERATED BY "stagen" .                       
    CP   and   GAMMA 
  -10.0000    1.0000
287.0491            1.4492              
       ITIMST 
         3
     CFL,    DAMP,    MACHLIM,    F_PDOWN 
  0.400000 10.000000  2.000000  0.000000
  IF_RESTART 
         0
  NSTEPS_MAX, CONLIM 
     10000  0.000150
   SFX,      SFT,      FAC_4TH,     NCHANGE 
  0.005000  0.005000  0.800000      1000
       NUMBER OF BLADE ROWS 
         2
        IM        KM 
        37        37
  FP(I),I=1,IMM1 
  1.000000  1.250000  1.562500  1.953125  2.441406  3.051758  3.814697  4.768372
  5.960464  7.450581  9.313226 11.641532 14.551915 18.189894 20.000000 20.000000
 20.000000 20.000000 20.000000 20.000000 20.000000 20.000000 18.189894 14.551915
 11.641532  9.313226  7.450581  5.960464  4.768372  3.814697  3.051758  2.441406
  1.953125  1.562500  1.250000  1.000000
  FR(K),K=1,KMM1 
  1.000000  1.250000  1.562500  1.953125  2.441406  3.051758  3.814697  4.768372
  5.960464  7.450581  9.313226 11.641532 14.551915 18.189894 20.000000 20.000000
 20.000000 20.000000 20.000000 20.000000 20.000000 20.000000 18.189894 14.551915
 11.641532  9.313226  7.450581  5.960464  4.768372  3.814697  3.051758  2.441406
  1.953125  1.562500  1.250000  1.000000
        IR        JR        KR        IRBB      JRBB      KRBB 
         3         3         3         9         9         9
   FBLK1,     FBLK2,     FBLK3  
  0.400000  0.200000  0.100000
       IFMIX 
         1
   RFMIX,    FEXTRAP,   FSMTHB,    FANGLE 
  0.025000  0.800000  1.000000  0.800000
      IFCOOL    IFBLEED    IF_ROUGH 
         0         0         0
       NSECS_IN 
         3
       IN_PRESS  IN_VTAN   IN_VR    IN_FLOW  IF_REPEAT  RFIN 
         0         0         1         0         0   0.50000
  IPOUT  SFEXIT  NSFEXIT 
    1  0.000000    0
  PLATE_LOSS  THROTTLE_EXIT 
  0.000000  0.000000
        ILOS      NLOS      IBOUND 
       100         5         0
   REYNO,     RF_VIS,   FTRANS, TURBVIS_LIM, PRANDTL, YPLUSWALL
       0.0     0.500     0.000  3000.000       1.0     0.000
   YPLAM      YPTURB 
  5.000000 25.000000
      ISHIFT    NEXTRAP_LE  NEXTRAP_TE 
         2        10        10
  (NSTG(N),N=1,NROWS) 
         1         1
  5  TIME STEPS FOR PRINTOUT 
 10010 10010 10010 10010 10010
  MARKER FOR VARIABLES TO BE SENT TO THE OUTPUT FILE.
 0 0 0 0 0 0 0 0 0 0 0 0 0 0 0 0 0 0 0 0
  STREAM SURFACES ON WHICH RESULTS ARE TO BE SENT TO   THE OUTPUT FILE 
 0 0 0 0 0 0 0 0 0 0 0 0 0 0 0 0 0 0 0 0 0 0 0 0 0 0 0 0 0 0 0 0 0 0 0 0 0
 ***************************************************************
 ************STARTING THE INPUT FOR EACH BLADE ROW**************
  BLADE ROW NUMBER =        1                                           
    NUMBER OF BLADES IN ROW 
        32
        JM        JLE       JTE 
       111        26        96
      KTIPSTART  KTIPEND 
         0         0
       BOUNDARY LAYER TRANSITION POINTS 
         0         0         0         0
  SET NEWGRID= 1 TO GENERATE A NEW GRID WITH DIFFERENT "J" POINTS AND SPACINGS.
         0
   RPMROW,    RPMHUB 
       0.0       0.0
       JROTHS    JROTHE    JROTTS    JROTTE 
         1         1         1         1
   PUPROW    PLEROW   PTEROW    PDROW 
 3208091.2 3208091.2 2058417.9 2058417.9
      NSECS_ROW   INSURF  
         3         0
  IF_CUSP_OUT   IFANGLES 
         1         0
         0         3         0
 ***************************************************************
  ROW NUMBER           1  SECTION NUMBER            1
           0           0           0  IF_DESIGN etc 
   1.00000   0.00000    0
 -0.010527 -0.009280 -0.008168 -0.007177 -0.006293 -0.005506 -0.004804 -0.004178
 -0.003620 -0.003123 -0.002680 -0.002285 -0.001933 -0.001619 -0.001339 -0.001089
 -0.000867 -0.000668 -0.000492 -0.000334 -0.000193 -0.000068  0.000043  0.000143
  0.000232  0.000311  0.000390  0.000472  0.000558  0.000648  0.000743  0.000842
  0.000947  0.001058  0.001174  0.001297  0.001426  0.001562  0.001705  0.001855
  0.002014  0.002180  0.002354  0.002537  0.002729  0.002930  0.003142  0.003365
  0.003598  0.003844  0.004102  0.004374  0.004661  0.004963  0.005286  0.005632
  0.006003  0.006399  0.006818  0.007258  0.007718  0.008190  0.008667  0.009145
  0.009624  0.010101  0.010574  0.011045  0.011515  0.011986  0.012460  0.012934
  0.013408  0.013881  0.014352  0.014816  0.015271  0.015715  0.016148  0.016569
  0.016977  0.017372  0.017756  0.018128  0.018489  0.018839  0.019178  0.019506
  0.019822  0.020127  0.020420  0.020703  0.020974  0.021234  0.021482  0.021719
  0.021957  0.022208  0.022474  0.022755  0.023051  0.023365  0.023697  0.024048
  0.024419  0.024811  0.025225  0.025663  0.026126  0.026615  0.027132
  1.000000  0.000000
  0.003165  0.002321  0.001569  0.000898  0.000301 -0.000232 -0.000707 -0.001131
 -0.001508 -0.001845 -0.002145 -0.002412 -0.002650 -0.002863 -0.003052 -0.003221
 -0.003372 -0.003506 -0.003626 -0.003732 -0.003827 -0.003912 -0.003988 -0.004055
 -0.004115 -0.004169 -0.003769 -0.003616 -0.003510 -0.003423 -0.003347 -0.003279
 -0.003218 -0.003164 -0.003121 -0.003091 -0.003070 -0.003051 -0.003031 -0.003011
 -0.002991 -0.002969 -0.002947 -0.002922 -0.002897 -0.002869 -0.002838 -0.002805
 -0.002768 -0.002728 -0.002682 -0.002631 -0.002573 -0.002508 -0.002433 -0.002346
 -0.002246 -0.002130 -0.001997 -0.001845 -0.001674 -0.001484 -0.001276 -0.001051
 -0.000811 -0.000556 -0.000285  0.000000  0.000301  0.000619  0.000955  0.001309
  0.001680  0.002068  0.002471  0.002885  0.003308  0.003736  0.004168  0.004603
  0.005039  0.005472  0.005905  0.006338  0.006767  0.007193  0.007615  0.008032
  0.008443  0.008847  0.009243  0.009630  0.010009  0.010347  0.010510  0.010243
  0.010719  0.011222  0.011755  0.012317  0.012912  0.013540  0.014205  0.014907
  0.015649  0.016434  0.017263  0.018139  0.019065  0.020044  0.021078
  1.000000
  0.000000  0.000000  0.000000  0.000000  0.000000  0.000000  0.000000  0.000000
  0.000000  0.000000  0.000000  0.000000  0.000000  0.000000  0.000000  0.000000
  0.000000  0.000000  0.000000  0.000000  0.000000  0.000000  0.000000  0.000000
  0.000000  0.000000  0.000789  0.001087  0.001332  0.001560  0.001778  0.001991
  0.002200  0.002405  0.002602  0.002790  0.002970  0.003153  0.003339  0.003528
  0.003719  0.003913  0.004110  0.004308  0.004508  0.004710  0.004913  0.005116
  0.005320  0.005524  0.005726  0.005929  0.006128  0.006325  0.006520  0.006712
  0.006898  0.007077  0.007243  0.007394  0.007524  0.007629  0.007709  0.007765
  0.007792  0.007793  0.007774  0.007725  0.007657  0.007564  0.007445  0.007306
  0.007145  0.006962  0.006758  0.006537  0.006301  0.006052  0.005788  0.005520
  0.005244  0.004961  0.004673  0.004384  0.004091  0.003795  0.003500  0.003205
  0.002913  0.002621  0.002335  0.002052  0.001775  0.001475  0.001016  0.000000
  0.000000  0.000000  0.000000  0.000000  0.000000  0.000000  0.000000  0.000000
  0.000000  0.000000  0.000000  0.000000  0.000000  0.000000  0.000000
  1.000000  0.000000
  0.177749  0.177717  0.177683  0.177648  0.177613  0.177579  0.177546  0.177514
  0.177484  0.177455  0.177429  0.177404  0.177382  0.177361  0.177342  0.177325
  0.177309  0.177294  0.177281  0.177270  0.177259  0.177250  0.177241  0.177233
  0.177226  0.177220  0.177209  0.177197  0.177185  0.177172  0.177158  0.177143
  0.177128  0.177112  0.177094  0.177076  0.177056  0.177035  0.177013  0.176989
  0.176964  0.176937  0.176909  0.176880  0.176848  0.176814  0.176779  0.176741
  0.176701  0.176658  0.176613  0.176565  0.176514  0.176459  0.176401  0.176337
  0.176268  0.176194  0.176115  0.176031  0.175943  0.175852  0.175760  0.175668
  0.175575  0.175483  0.175392  0.175302  0.175212  0.175123  0.175034  0.174946
  0.174859  0.174773  0.174690  0.174609  0.174530  0.174456  0.174385  0.174317
  0.174253  0.174193  0.174136  0.174082  0.174032  0.173984  0.173940  0.173898
  0.173859  0.173823  0.173790  0.173759  0.173730  0.173704  0.173679  0.173657
  0.173641  0.173623  0.173605  0.173586  0.173566  0.173545  0.173522  0.173499
  0.173473  0.173446  0.173417  0.173386  0.173353  0.173318  0.173280
 ***************************************************************
  ROW NUMBER           1  SECTION NUMBER            2
           0           0           0  IF_DESIGN etc 
   1.00000   0.00000    0
 -0.011302 -0.010019 -0.008875 -0.007855 -0.006945 -0.006134 -0.005411 -0.004766
 -0.004191 -0.003679 -0.003222 -0.002815 -0.002451 -0.002127 -0.001839 -0.001581
 -0.001352 -0.001147 -0.000964 -0.000802 -0.000657 -0.000527 -0.000412 -0.000309
 -0.000218 -0.000136 -0.000054  0.000031  0.000121  0.000215  0.000314  0.000417
  0.000527  0.000642  0.000763  0.000891  0.001025  0.001167  0.001316  0.001473
  0.001638  0.001811  0.001993  0.002184  0.002384  0.002594  0.002815  0.003047
  0.003291  0.003548  0.003817  0.004101  0.004401  0.004717  0.005054  0.005416
  0.005805  0.006218  0.006656  0.007117  0.007599  0.008093  0.008591  0.009092
  0.009593  0.010091  0.010587  0.011079  0.011571  0.012064  0.012559  0.013055
  0.013550  0.014044  0.014536  0.015021  0.015495  0.015959  0.016411  0.016849
  0.017274  0.017686  0.018085  0.018473  0.018848  0.019212  0.019564  0.019904
  0.020232  0.020548  0.020853  0.021145  0.021426  0.021695  0.021952  0.022197
  0.022442  0.022702  0.022976  0.023265  0.023572  0.023895  0.024238  0.024599
  0.024982  0.025386  0.025813  0.026265  0.026743  0.027247  0.027781
  1.000000  0.000000
  0.003362  0.002545  0.001817  0.001168  0.000590  0.000074 -0.000386 -0.000797
 -0.001162 -0.001488 -0.001779 -0.002038 -0.002269 -0.002475 -0.002659 -0.002823
 -0.002969 -0.003099 -0.003215 -0.003319 -0.003411 -0.003493 -0.003567 -0.003632
 -0.003691 -0.003743 -0.003332 -0.003180 -0.003073 -0.002986 -0.002910 -0.002841
 -0.002780 -0.002728 -0.002687 -0.002660 -0.002639 -0.002618 -0.002597 -0.002576
 -0.002554 -0.002531 -0.002507 -0.002482 -0.002455 -0.002426 -0.002396 -0.002362
 -0.002325 -0.002285 -0.002240 -0.002191 -0.002135 -0.002072 -0.002001 -0.001919
 -0.001824 -0.001716 -0.001591 -0.001450 -0.001289 -0.001112 -0.000919 -0.000711
 -0.000488 -0.000250  0.000000  0.000263  0.000542  0.000837  0.001148  0.001476
  0.001820  0.002180  0.002552  0.002936  0.003328  0.003726  0.004126  0.004529
  0.004933  0.005335  0.005737  0.006138  0.006537  0.006932  0.007323  0.007710
  0.008092  0.008466  0.008834  0.009193  0.009544  0.009852  0.009986  0.009703
  0.010154  0.010631  0.011135  0.011667  0.012230  0.012826  0.013455  0.014120
  0.014823  0.015567  0.016352  0.017183  0.018061  0.018990  0.019971
  1.000000
  0.000000  0.000000  0.000000  0.000000  0.000000  0.000000  0.000000  0.000000
  0.000000  0.000000  0.000000  0.000000  0.000000  0.000000  0.000000  0.000000
  0.000000  0.000000  0.000000  0.000000  0.000000  0.000000  0.000000  0.000000
  0.000000  0.000000  0.000814  0.001110  0.001354  0.001581  0.001799  0.002011
  0.002218  0.002419  0.002612  0.002795  0.002974  0.003157  0.003342  0.003532
  0.003724  0.003918  0.004114  0.004312  0.004512  0.004715  0.004917  0.005120
  0.005325  0.005528  0.005731  0.005933  0.006133  0.006330  0.006525  0.006716
  0.006904  0.007083  0.007247  0.007396  0.007527  0.007635  0.007715  0.007768
  0.007796  0.007799  0.007776  0.007730  0.007660  0.007565  0.007449  0.007312
  0.007150  0.006966  0.006761  0.006540  0.006304  0.006052  0.005791  0.005521
  0.005245  0.004962  0.004674  0.004384  0.004091  0.003795  0.003500  0.003205
  0.002912  0.002621  0.002334  0.002051  0.001774  0.001470  0.001007  0.000000
  0.000000  0.000000  0.000000  0.000000  0.000000  0.000000  0.000000  0.000000
  0.000000  0.000000  0.000000  0.000000  0.000000  0.000000  0.000000
  1.000000  0.000000
  0.188971  0.188969  0.188967  0.188966  0.188964  0.188962  0.188961  0.188960
  0.188959  0.188958  0.188957  0.188956  0.188955  0.188955  0.188954  0.188954
  0.188953  0.188953  0.188953  0.188952  0.188952  0.188952  0.188952  0.188951
  0.188951  0.188951  0.188951  0.188951  0.188951  0.188951  0.188951  0.188951
  0.188951  0.188951  0.188952  0.188952  0.188952  0.188952  0.188952  0.188952
  0.188952  0.188953  0.188953  0.188953  0.188953  0.188954  0.188954  0.188954
  0.188954  0.188955  0.188955  0.188956  0.188956  0.188957  0.188957  0.188958
  0.188959  0.188959  0.188960  0.188961  0.188962  0.188963  0.188964  0.188965
  0.188966  0.188967  0.188968  0.188969  0.188970  0.188971  0.188972  0.188973
  0.188973  0.188974  0.188975  0.188976  0.188976  0.188977  0.188977  0.188978
  0.188978  0.188979  0.188979  0.188979  0.188980  0.188980  0.188980  0.188980
  0.188980  0.188980  0.188980  0.188980  0.188980  0.188979  0.188979  0.188979
  0.188979  0.188978  0.188977  0.188977  0.188976  0.188976  0.188975  0.188975
  0.188975  0.188975  0.188976  0.188976  0.188977  0.188979  0.188980
 ***************************************************************
  ROW NUMBER           1  SECTION NUMBER            3
           0           0           0  IF_DESIGN etc 
   1.00000   0.00000    0
 -0.012329 -0.010976 -0.009770 -0.008695 -0.007737 -0.006883 -0.006121 -0.005443
 -0.004838 -0.004298 -0.003817 -0.003389 -0.003006 -0.002666 -0.002362 -0.002091
 -0.001850 -0.001635 -0.001443 -0.001272 -0.001119 -0.000983 -0.000862 -0.000754
 -0.000658 -0.000572 -0.000487 -0.000397 -0.000304 -0.000206 -0.000103  0.000006
  0.000120  0.000240  0.000366  0.000499  0.000639  0.000787  0.000943  0.001106
  0.001278  0.001459  0.001648  0.001847  0.002056  0.002275  0.002505  0.002747
  0.003000  0.003267  0.003548  0.003843  0.004155  0.004484  0.004834  0.005211
  0.005614  0.006044  0.006499  0.006978  0.007478  0.007991  0.008509  0.009029
  0.009549  0.010067  0.010582  0.011093  0.011603  0.012116  0.012630  0.013145
  0.013660  0.014174  0.014685  0.015190  0.015684  0.016166  0.016637  0.017094
  0.017537  0.017966  0.018383  0.018787  0.019179  0.019559  0.019927  0.020283
  0.020626  0.020957  0.021276  0.021582  0.021876  0.022158  0.022428  0.022685
  0.022943  0.023216  0.023504  0.023809  0.024131  0.024471  0.024831  0.025211
  0.025614  0.026039  0.026488  0.026963  0.027464  0.027995  0.028554
  1.000000  0.000000
  0.003080  0.002268  0.001543  0.000898  0.000322 -0.000192 -0.000649 -0.001058
 -0.001422 -0.001747 -0.002036 -0.002294 -0.002525 -0.002730 -0.002913 -0.003076
 -0.003222 -0.003352 -0.003468 -0.003571 -0.003663 -0.003745 -0.003818 -0.003883
 -0.003942 -0.003993 -0.003561 -0.003406 -0.003296 -0.003205 -0.003125 -0.003053
 -0.002990 -0.002937 -0.002899 -0.002872 -0.002849 -0.002825 -0.002802 -0.002778
 -0.002753 -0.002728 -0.002702 -0.002674 -0.002646 -0.002615 -0.002582 -0.002547
 -0.002509 -0.002467 -0.002422 -0.002371 -0.002315 -0.002253 -0.002182 -0.002101
 -0.002008 -0.001902 -0.001780 -0.001643 -0.001488 -0.001317 -0.001132 -0.000932
 -0.000719 -0.000491 -0.000252  0.000000  0.000267  0.000549  0.000846  0.001160
  0.001487  0.001830  0.002187  0.002553  0.002927  0.003306  0.003689  0.004074
  0.004460  0.004844  0.005227  0.005610  0.005991  0.006368  0.006742  0.007112
  0.007476  0.007834  0.008185  0.008528  0.008863  0.009150  0.009261  0.008955
  0.009394  0.009859  0.010351  0.010871  0.011421  0.012002  0.012616  0.013265
  0.013952  0.014678  0.015446  0.016258  0.017116  0.018024  0.018985
  1.000000
  0.000000  0.000000  0.000000  0.000000  0.000000  0.000000  0.000000  0.000000
  0.000000  0.000000  0.000000  0.000000  0.000000  0.000000  0.000000  0.000000
  0.000000  0.000000  0.000000  0.000000  0.000000  0.000000  0.000000  0.000000
  0.000000  0.000000  0.000859  0.001163  0.001414  0.001646  0.001869  0.002087
  0.002299  0.002503  0.002696  0.002881  0.003066  0.003255  0.003447  0.003641
  0.003839  0.004038  0.004240  0.004445  0.004652  0.004859  0.005068  0.005278
  0.005488  0.005697  0.005906  0.006115  0.006321  0.006523  0.006725  0.006921
  0.007115  0.007298  0.007468  0.007623  0.007758  0.007866  0.007949  0.008007
  0.008034  0.008036  0.008014  0.007964  0.007892  0.007798  0.007676  0.007532
  0.007364  0.007175  0.006967  0.006737  0.006493  0.006235  0.005966  0.005689
  0.005404  0.005112  0.004816  0.004516  0.004214  0.003909  0.003605  0.003301
  0.002999  0.002699  0.002403  0.002112  0.001826  0.001508  0.001030  0.000000
  0.000000  0.000000  0.000000  0.000000  0.000000  0.000000  0.000000  0.000000
  0.000000  0.000000  0.000000  0.000000  0.000000  0.000000  0.000000
  1.000000  0.000000
  0.200164  0.200193  0.200224  0.200256  0.200289  0.200322  0.200354  0.200385
  0.200414  0.200442  0.200468  0.200492  0.200514  0.200535  0.200554  0.200571
  0.200587  0.200601  0.200614  0.200625  0.200636  0.200645  0.200654  0.200662
  0.200669  0.200675  0.200681  0.200691  0.200703  0.200715  0.200729  0.200743
  0.200758  0.200774  0.200791  0.200809  0.200829  0.200849  0.200871  0.200894
  0.200919  0.200945  0.200973  0.201002  0.201033  0.201067  0.201102  0.201140
  0.201179  0.201222  0.201267  0.201315  0.201367  0.201421  0.201480  0.201544
  0.201614  0.201689  0.201769  0.201854  0.201943  0.202035  0.202129  0.202223
  0.202317  0.202411  0.202505  0.202597  0.202689  0.202781  0.202872  0.202962
  0.203052  0.203140  0.203226  0.203310  0.203390  0.203467  0.203540  0.203610
  0.203676  0.203738  0.203797  0.203853  0.203905  0.203954  0.204000  0.204043
  0.204083  0.204120  0.204155  0.204187  0.204217  0.204244  0.204269  0.204292
  0.204311  0.204328  0.204346  0.204366  0.204386  0.204408  0.204432  0.204457
  0.204485  0.204515  0.204547  0.204582  0.204621  0.204662  0.204712
 ***************************************************************
 ************STARTING THE INPUT FOR EACH BLADE ROW**************
  BLADE ROW NUMBER =        2                                           
    NUMBER OF BLADES IN ROW 
        22
        JM        JLE       JTE 
       111        21        91
      KTIPSTART  KTIPEND 
         0         0
       BOUNDARY LAYER TRANSITION POINTS 
         0         0         0         0
  SET NEWGRID= 1 TO GENERATE A NEW GRID WITH DIFFERENT "J" POINTS AND SPACINGS.
         0
   RPMROW,    RPMHUB 
    9000.0    9000.0
       JROTHS    JROTHE    JROTTS    JROTTE 
         1         1         1         1
   PUPROW    PLEROW   PTEROW    PDROW 
 2058417.9 2058417.9 1258866.9 1258866.9
      NSECS_ROW   INSURF  
         3         0
  IF_CUSP_OUT   IFANGLES 
         1         0
         0         3         0
 ***************************************************************
  ROW NUMBER           2  SECTION NUMBER            1
           0           0           0  IF_DESIGN etc 
   1.00000   0.00000    0
  0.018878  0.019845  0.020713  0.021492  0.022192  0.022821  0.023384  0.023890
  0.024343  0.024749  0.025113  0.025439  0.025732  0.025994  0.026229  0.026440
  0.026629  0.026799  0.026951  0.027087  0.027209  0.027331  0.027458  0.027592
  0.027732  0.027879  0.028034  0.028196  0.028368  0.028548  0.028738  0.028938
  0.029149  0.029371  0.029604  0.029849  0.030107  0.030377  0.030660  0.030957
  0.031270  0.031597  0.031942  0.032303  0.032683  0.033083  0.033503  0.033947
  0.034415  0.034913  0.035448  0.036021  0.036632  0.037279  0.037959  0.038669
  0.039397  0.040132  0.040869  0.041606  0.042340  0.043070  0.043794  0.044517
  0.045243  0.045971  0.046700  0.047429  0.048156  0.048879  0.049592  0.050290
  0.050973  0.051637  0.052283  0.052910  0.053516  0.054104  0.054675  0.055229
  0.055766  0.056285  0.056787  0.057271  0.057739  0.058189  0.058621  0.059036
  0.059434  0.059815  0.060178  0.060544  0.060939  0.061366  0.061827  0.062325
  0.062862  0.063442  0.064068  0.064745  0.065475  0.066264  0.067115  0.068035
  0.069028  0.070100  0.071258  0.072508  0.073858  0.075315  0.076889
  1.000000  0.000000
 -0.015498 -0.014615 -0.013825 -0.013118 -0.012485 -0.011918 -0.011410 -0.010955
 -0.010547 -0.010181 -0.009853 -0.009559 -0.009295 -0.009059 -0.008847 -0.008657
 -0.008487 -0.008334 -0.008197 -0.008075 -0.007965 -0.007353 -0.007094 -0.006843
 -0.006595 -0.006346 -0.006096 -0.005843 -0.005586 -0.005325 -0.005060 -0.004790
 -0.004516 -0.004238 -0.003955 -0.003670 -0.003381 -0.003091 -0.002797 -0.002503
 -0.002211 -0.001919 -0.001629 -0.001339 -0.001057 -0.000782 -0.000510 -0.000253
 -0.000005  0.000227  0.000444  0.000638  0.000805  0.000930  0.001013  0.001044
  0.001018  0.000931  0.000783  0.000580  0.000317  0.000000 -0.000368 -0.000794
 -0.001275 -0.001808 -0.002401 -0.003047 -0.003745 -0.004491 -0.005278 -0.006098
 -0.006946 -0.007816 -0.008702 -0.009601 -0.010509 -0.011422 -0.012340 -0.013261
 -0.014180 -0.015098 -0.016008 -0.016910 -0.017800 -0.018677 -0.019538 -0.020381
 -0.021204 -0.022004 -0.023058 -0.023711 -0.024416 -0.025177 -0.025999 -0.026886
 -0.027843 -0.028877 -0.029992 -0.031197 -0.032497 -0.033901 -0.035417 -0.037054
 -0.038821 -0.040728 -0.042789 -0.045013 -0.047416 -0.050011 -0.052814
  1.000000
  0.000000  0.000000  0.000000  0.000000  0.000000  0.000000  0.000000  0.000000
  0.000000  0.000000  0.000000  0.000000  0.000000  0.000000  0.000000  0.000000
  0.000000  0.000000  0.000000  0.000000  0.000000  0.001204  0.001704  0.002101
  0.002451  0.002778  0.003091  0.003394  0.003686  0.003964  0.004224  0.004463
  0.004695  0.004926  0.005157  0.005387  0.005616  0.005844  0.006071  0.006296
  0.006518  0.006737  0.006953  0.007167  0.007375  0.007577  0.007777  0.007966
  0.008150  0.008325  0.008492  0.008647  0.008791  0.008911  0.009012  0.009088
  0.009137  0.009156  0.009145  0.009109  0.009044  0.008957  0.008848  0.008714
  0.008557  0.008381  0.008179  0.007958  0.007717  0.007456  0.007182  0.006897
  0.006602  0.006299  0.005989  0.005677  0.005361  0.005045  0.004728  0.004410
  0.004094  0.003779  0.003468  0.003160  0.002858  0.002559  0.002268  0.001983
  0.001704  0.001249  0.000000  0.000000  0.000000  0.000000  0.000000  0.000000
  0.000000  0.000000  0.000000  0.000000  0.000000  0.000000  0.000000  0.000000
  0.000000  0.000000  0.000000  0.000000  0.000000  0.000000  0.000000
  1.000000  0.000000
  0.173979  0.173857  0.173758  0.173678  0.173625  0.173582  0.173544  0.173509
  0.173478  0.173450  0.173425  0.173402  0.173381  0.173362  0.173346  0.173330
  0.173317  0.173304  0.173293  0.173283  0.173274  0.173263  0.173251  0.173239
  0.173226  0.173212  0.173197  0.173181  0.173163  0.173144  0.173124  0.173103
  0.173080  0.173055  0.173028  0.172999  0.172968  0.172935  0.172900  0.172862
  0.172821  0.172777  0.172729  0.172679  0.172624  0.172565  0.172502  0.172433
  0.172360  0.172279  0.172191  0.172094  0.171989  0.171875  0.171752  0.171621
  0.171485  0.171345  0.171202  0.171058  0.170912  0.170766  0.170620  0.170474
  0.170326  0.170178  0.170029  0.169881  0.169733  0.169586  0.169443  0.169303
  0.169168  0.169038  0.168913  0.168793  0.168679  0.168569  0.168465  0.168365
  0.168270  0.168180  0.168094  0.168013  0.167937  0.167864  0.167796  0.167732
  0.167672  0.167616  0.167564  0.167535  0.167504  0.167471  0.167436  0.167400
  0.167362  0.167323  0.167282  0.167239  0.167195  0.167150  0.167104  0.167057
  0.167011  0.166964  0.166918  0.166874  0.166832  0.166793  0.166757
 ***************************************************************
  ROW NUMBER           2  SECTION NUMBER            2
           0           0           0  IF_DESIGN etc 
   1.00000   0.00000    0
  0.019909  0.020832  0.021659  0.022401  0.023066  0.023662  0.024196  0.024676
  0.025105  0.025490  0.025836  0.026145  0.026423  0.026672  0.026895  0.027095
  0.027274  0.027435  0.027579  0.027709  0.027825  0.027940  0.028062  0.028189
  0.028322  0.028462  0.028609  0.028764  0.028927  0.029099  0.029279  0.029470
  0.029671  0.029882  0.030105  0.030339  0.030584  0.030842  0.031113  0.031396
  0.031695  0.032008  0.032337  0.032683  0.033046  0.033429  0.033832  0.034256
  0.034705  0.035182  0.035696  0.036246  0.036832  0.037453  0.038107  0.038789
  0.039490  0.040197  0.040907  0.041616  0.042323  0.043026  0.043724  0.044421
  0.045120  0.045822  0.046524  0.047227  0.047928  0.048624  0.049311  0.049984
  0.050642  0.051282  0.051904  0.052507  0.053090  0.053656  0.054205  0.054738
  0.055253  0.055752  0.056234  0.056699  0.057148  0.057579  0.057994  0.058392
  0.058773  0.059138  0.059486  0.059833  0.060208  0.060614  0.061051  0.061523
  0.062033  0.062583  0.063177  0.063819  0.064511  0.065259  0.066065  0.066937
  0.067877  0.068892  0.069988  0.071171  0.072449  0.073827  0.075316
  1.000000  0.000000
 -0.009658 -0.009071 -0.008544 -0.008072 -0.007649 -0.007270 -0.006930 -0.006625
 -0.006352 -0.006107 -0.005887 -0.005690 -0.005513 -0.005355 -0.005213 -0.005086
 -0.004972 -0.004869 -0.004778 -0.004695 -0.004622 -0.004025 -0.003802 -0.003589
 -0.003381 -0.003175 -0.002970 -0.002763 -0.002554 -0.002343 -0.002131 -0.001916
 -0.001700 -0.001482 -0.001263 -0.001042 -0.000821 -0.000602 -0.000384 -0.000166
  0.000048  0.000257  0.000463  0.000664  0.000854  0.001038  0.001208  0.001367
  0.001509  0.001636  0.001738  0.001816  0.001858  0.001859  0.001816  0.001720
  0.001566  0.001359  0.001097  0.000781  0.000415  0.000000 -0.000464 -0.000974
 -0.001536 -0.002151 -0.002816 -0.003530 -0.004290 -0.005094 -0.005932 -0.006799
 -0.007688 -0.008596 -0.009514 -0.010439 -0.011367 -0.012299 -0.013234 -0.014166
 -0.015094 -0.016017 -0.016932 -0.017834 -0.018723 -0.019597 -0.020454 -0.021291
 -0.022106 -0.022899 -0.023884 -0.024524 -0.025214 -0.025959 -0.026763 -0.027632
 -0.028569 -0.029581 -0.030674 -0.031854 -0.033127 -0.034502 -0.035986 -0.037588
 -0.039318 -0.041185 -0.043201 -0.045377 -0.047726 -0.050262 -0.053000
  1.000000
  0.000000  0.000000  0.000000  0.000000  0.000000  0.000000  0.000000  0.000000
  0.000000  0.000000  0.000000  0.000000  0.000000  0.000000  0.000000  0.000000
  0.000000  0.000000  0.000000  0.000000  0.000000  0.001248  0.001748  0.002143
  0.002494  0.002823  0.003138  0.003442  0.003735  0.004013  0.004266  0.004502
  0.004735  0.004968  0.005200  0.005433  0.005665  0.005893  0.006121  0.006348
  0.006572  0.006792  0.007010  0.007226  0.007434  0.007641  0.007838  0.008031
  0.008215  0.008393  0.008560  0.008718  0.008860  0.008982  0.009085  0.009161
  0.009207  0.009228  0.009218  0.009180  0.009116  0.009028  0.008917  0.008784
  0.008626  0.008445  0.008241  0.008018  0.007776  0.007516  0.007240  0.006951
  0.006653  0.006345  0.006035  0.005720  0.005402  0.005083  0.004762  0.004443
  0.004123  0.003806  0.003491  0.003181  0.002876  0.002576  0.002282  0.001995
  0.001713  0.001238  0.000000  0.000000  0.000000  0.000000  0.000000  0.000000
  0.000000  0.000000  0.000000  0.000000  0.000000  0.000000  0.000000  0.000000
  0.000000  0.000000  0.000000  0.000000  0.000000  0.000000  0.000000
  1.000000  0.000000
  0.188980  0.188980  0.188979  0.188979  0.188977  0.188976  0.188975  0.188975
  0.188975  0.188975  0.188976  0.188976  0.188977  0.188977  0.188978  0.188978
  0.188979  0.188979  0.188979  0.188980  0.188980  0.188980  0.188980  0.188981
  0.188981  0.188981  0.188981  0.188981  0.188981  0.188981  0.188981  0.188982
  0.188982  0.188982  0.188982  0.188982  0.188982  0.188982  0.188982  0.188982
  0.188982  0.188982  0.188982  0.188982  0.188982  0.188982  0.188981  0.188981
  0.188981  0.188980  0.188980  0.188979  0.188978  0.188977  0.188976  0.188975
  0.188974  0.188972  0.188971  0.188970  0.188968  0.188967  0.188965  0.188963
  0.188962  0.188960  0.188958  0.188957  0.188955  0.188953  0.188952  0.188950
  0.188949  0.188947  0.188946  0.188945  0.188944  0.188943  0.188942  0.188941
  0.188940  0.188939  0.188938  0.188938  0.188937  0.188937  0.188936  0.188936
  0.188936  0.188935  0.188935  0.188936  0.188937  0.188938  0.188938  0.188940
  0.188941  0.188942  0.188943  0.188945  0.188946  0.188948  0.188950  0.188952
  0.188954  0.188956  0.188959  0.188961  0.188964  0.188967  0.188970
 ***************************************************************
  ROW NUMBER           2  SECTION NUMBER            3
           0           0           0  IF_DESIGN etc 
   1.00000   0.00000    0
  0.020742  0.021636  0.022438  0.023158  0.023805  0.024385  0.024905  0.025371
  0.025789  0.026164  0.026500  0.026801  0.027071  0.027313  0.027529  0.027724
  0.027898  0.028054  0.028195  0.028320  0.028433  0.028545  0.028663  0.028786
  0.028915  0.029050  0.029193  0.029343  0.029501  0.029667  0.029842  0.030027
  0.030221  0.030425  0.030640  0.030867  0.031104  0.031353  0.031614  0.031888
  0.032175  0.032477  0.032795  0.033128  0.033478  0.033846  0.034233  0.034642
  0.035073  0.035531  0.036025  0.036553  0.037115  0.037710  0.038337  0.038990
  0.039661  0.040337  0.041016  0.041695  0.042370  0.043042  0.043708  0.044374
  0.045042  0.045712  0.046383  0.047053  0.047722  0.048388  0.049044  0.049687
  0.050314  0.050926  0.051520  0.052097  0.052655  0.053196  0.053721  0.054231
  0.054725  0.055202  0.055664  0.056110  0.056540  0.056954  0.057352  0.057734
  0.058101  0.058451  0.058785  0.059122  0.059487  0.059880  0.060305  0.060764
  0.061259  0.061794  0.062372  0.062995  0.063669  0.064396  0.065181  0.066029
  0.066945  0.067934  0.069002  0.070155  0.071400  0.072744  0.074196
  1.000000  0.000000
 -0.005132 -0.004773 -0.004450 -0.004160 -0.003900 -0.003667 -0.003458 -0.003271
 -0.003103 -0.002952 -0.002817 -0.002696 -0.002587 -0.002490 -0.002403 -0.002324
 -0.002254 -0.002191 -0.002135 -0.002084 -0.002039 -0.001332 -0.001124 -0.000938
 -0.000757 -0.000579 -0.000404 -0.000229 -0.000055  0.000121  0.000296  0.000471
  0.000645  0.000819  0.000994  0.001166  0.001336  0.001504  0.001668  0.001826
  0.001981  0.002129  0.002268  0.002402  0.002521  0.002632  0.002725  0.002805
  0.002863  0.002901  0.002910  0.002890  0.002829  0.002724  0.002571  0.002360
  0.002097  0.001775  0.001407  0.000984  0.000513  0.000000 -0.000560 -0.001166
 -0.001822 -0.002526 -0.003278 -0.004076 -0.004918 -0.005802 -0.006720 -0.007658
 -0.008616 -0.009586 -0.010566 -0.011549 -0.012531 -0.013513 -0.014495 -0.015473
 -0.016443 -0.017404 -0.018355 -0.019292 -0.020214 -0.021117 -0.022001 -0.022863
 -0.023703 -0.024517 -0.025534 -0.026185 -0.026887 -0.027644 -0.028463 -0.029346
 -0.030299 -0.031328 -0.032439 -0.033639 -0.034934 -0.036332 -0.037841 -0.039469
 -0.041228 -0.043125 -0.045174 -0.047385 -0.049771 -0.052346 -0.055124
  1.000000
  0.000000  0.000000  0.000000  0.000000  0.000000  0.000000  0.000000  0.000000
  0.000000  0.000000  0.000000  0.000000  0.000000  0.000000  0.000000  0.000000
  0.000000  0.000000  0.000000  0.000000  0.000000  0.001490  0.001984  0.002376
  0.002733  0.003071  0.003394  0.003699  0.003978  0.004232  0.004476  0.004720
  0.004963  0.005206  0.005450  0.005692  0.005932  0.006173  0.006411  0.006646
  0.006880  0.007111  0.007338  0.007563  0.007781  0.007996  0.008202  0.008405
  0.008595  0.008781  0.008955  0.009121  0.009269  0.009397  0.009504  0.009581
  0.009633  0.009650  0.009642  0.009602  0.009534  0.009444  0.009327  0.009183
  0.009018  0.008829  0.008619  0.008386  0.008132  0.007858  0.007567  0.007266
  0.006954  0.006634  0.006308  0.005977  0.005646  0.005312  0.004977  0.004641
  0.004308  0.003976  0.003648  0.003323  0.003003  0.002689  0.002382  0.002082
  0.001780  0.001273  0.000000  0.000000  0.000000  0.000000  0.000000  0.000000
  0.000000  0.000000  0.000000  0.000000  0.000000  0.000000  0.000000  0.000000
  0.000000  0.000000  0.000000  0.000000  0.000000  0.000000  0.000000
  1.000000  0.000000
  0.204096  0.204193  0.204270  0.204324  0.204365  0.204403  0.204437  0.204468
  0.204497  0.204524  0.204548  0.204570  0.204591  0.204609  0.204626  0.204641
  0.204655  0.204667  0.204679  0.204689  0.204700  0.204711  0.204723  0.204735
  0.204748  0.204762  0.204777  0.204793  0.204811  0.204829  0.204849  0.204871
  0.204894  0.204919  0.204945  0.204974  0.205004  0.205037  0.205072  0.205109
  0.205150  0.205193  0.205240  0.205290  0.205343  0.205401  0.205463  0.205530
  0.205603  0.205681  0.205768  0.205863  0.205966  0.206077  0.206197  0.206325
  0.206458  0.206595  0.206734  0.206875  0.207017  0.207160  0.207302  0.207446
  0.207590  0.207735  0.207881  0.208026  0.208171  0.208315  0.208456  0.208593
  0.208726  0.208855  0.208978  0.209097  0.209210  0.209319  0.209423  0.209522
  0.209617  0.209707  0.209792  0.209874  0.209951  0.210024  0.210092  0.210157
  0.210218  0.210275  0.210318  0.210347  0.210377  0.210410  0.210444  0.210480
  0.210518  0.210557  0.210598  0.210640  0.210684  0.210730  0.210776  0.210823
  0.210870  0.210918  0.210965  0.211012  0.211056  0.211099  0.211138
  STARTING INLET BOUNDARY CONDITION DATA .
  NUMBER OF POINTS FOR INLET BOUNDARY CONDITIONS 
        37
  SPACING OF INLET BOUNDARY CONDITION POINTS 
  1.000000  1.250000  1.562500  1.953125  2.441406  3.051758  3.814697  4.768372
  5.960464  7.450581  9.313226 11.641532 14.551915 18.189894 20.000000 20.000000
 20.000000 20.000000 20.000000 20.000000 20.000000 20.000000 18.189894 14.551915
 11.641532  9.313226  7.450581  5.960464  4.768372  3.814697  3.051758  2.441406
  1.953125  1.562500  1.250000  1.000000
   INLET STAGNATION PRESSURES 
 3786000.0 3786000.0 3786000.0 3786000.0 3786000.0 3785999.8 3786000.0 3786000.2
 3785999.8 3786000.0 3786000.2 3786000.0 3786000.2 3786000.0 3786000.0 3786000.0
 3786000.0 3786000.0 3786000.0 3786000.0 3786000.0 3786000.0 3786000.0 3786000.0
 3786000.0 3786000.0 3786000.0 3786000.0 3786000.0 3786000.0 3786000.0 3786000.0
 3786000.0 3786000.0 3786000.0 3786000.0 3786000.0
   INLET STAGNATION TEMPERATURES 
  332.8109  332.8109  332.8109  332.8109  332.8109  332.8109  332.8109  332.8109
  332.8109  332.8109  332.8109  332.8109  332.8109  332.8109  332.8109  332.8109
  332.8109  332.8109  332.8109  332.8109  332.8109  332.8109  332.8109  332.8109
  332.8109  332.8109  332.8109  332.8109  332.8109  332.8109  332.8109  332.8109
  332.8109  332.8109  332.8109  332.8109  332.8109
   INLET ABSOLUTE TANGENTIAL VELOCITY 
    0.0000    0.0000    0.0000    0.0000    0.0000    0.0000    0.0000    0.0000
    0.0000    0.0000    0.0000    0.0000    0.0000    0.0000    0.0000    0.0000
    0.0000    0.0000    0.0000    0.0000    0.0000    0.0000    0.0000    0.0000
    0.0000    0.0000    0.0000    0.0000    0.0000    0.0000    0.0000    0.0000
    0.0000    0.0000    0.0000    0.0000    0.0000
   INLET MERIDIONAL VELOCITY 
  151.3876  151.3876  151.3876  151.3876  151.3876  151.3876  151.3876  151.3876
  151.3876  151.3876  151.3876  151.3876  151.3876  151.3876  151.3876  151.3876
  151.3876  151.3876  151.3876  151.3876  151.3876  151.3876  151.3876  151.3876
  151.3876  151.3876  151.3876  151.3876  151.3876  151.3876  151.3876  151.3876
  151.3876  151.3876  151.3876  151.3876  151.3876
   INLET MERIDIONAL YAW ANGLE  
  -30.4656  -30.4656  -30.4656  -30.4656  -30.4656  -30.4656  -30.4656  -30.4656
  -30.4656  -30.4656  -30.4656  -30.4656  -30.4656  -30.4656  -30.4656  -30.4656
  -30.4656  -30.4656  -30.4656  -30.4656  -30.4656  -30.4656  -30.4656  -30.4656
  -30.4656  -30.4656  -30.4656  -30.4656  -30.4656  -30.4656  -30.4656  -30.4656
  -30.4656  -30.4656  -30.4656  -30.4656  -30.4656
   INLET PITCH ANGLE 
   -0.3034   -0.3016   -0.2994   -0.2966   -0.2931   -0.2888   -0.2833   -0.2765
   -0.2680   -0.2574   -0.2442   -0.2276   -0.2069   -0.1810   -0.1486   -0.1130
   -0.0774   -0.0418   -0.0062    0.0294    0.0649    0.1005    0.1361    0.1685
    0.1944    0.2151    0.2317    0.2450    0.2556    0.2640    0.2708    0.2763
    0.2806    0.2841    0.2869    0.2891    0.2909
   PDOWN_HUB   PDOWN_TIP 
 1258866.9 1258866.9
 MIXING LENGTH LIMITS ON ALL BLADE ROWS
  0.020000  0.030000  0.040000  0.050000  1.000000  0.500000
  0.020000  0.030000  0.040000  0.050000  1.000000  0.500000
  FACTOR TO INCREASE THE TURBULENT VISCOSITY OVER THE FIRST NMIXUP STEPS 
   2.00000 1000
