  BLADE PROFILES IN CARTESIAN COORDINATES (2D) BEFORE   PROJECTION, SCALING, MESHING AND STACKING 
  VARIABLES = "X", "YSS", "YPS" 
  BLADE           1  SECTION           1
    0.000000    0.001414    0.001414
    0.000062    0.002938   -0.002159
    0.000249    0.005634   -0.004297
    0.000561    0.008441   -0.006322
    0.000997    0.011445   -0.008591
    0.001557    0.014401   -0.010876
    0.002241    0.017315   -0.013201
    0.003050    0.020204   -0.015564
    0.003982    0.023060   -0.017976
    0.005038    0.025860   -0.020471
    0.006218    0.028567   -0.023009
    0.007520    0.031145   -0.025567
    0.008945    0.033565   -0.028117
    0.010493    0.035810   -0.030631
    0.012162    0.037887   -0.033079
    0.013954    0.039837   -0.035430
    0.015866    0.041749   -0.037649
    0.017899    0.043721   -0.039718
    0.020052    0.045775   -0.041633
    0.022325    0.047908   -0.043412
    0.024716    0.050117   -0.045110
    0.027226    0.052402   -0.046811
    0.029854    0.054760   -0.048539
    0.032600    0.057188   -0.050293
    0.035461    0.059686   -0.052070
    0.038439    0.062252   -0.053866
    0.041531    0.064883   -0.055677
    0.044738    0.067578   -0.057499
    0.048058    0.070335   -0.059328
    0.051491    0.073154   -0.061161
    0.055036    0.076031   -0.062994
    0.058691    0.078963   -0.064822
    0.062456    0.081938   -0.066643
    0.066331    0.084982   -0.068456
    0.070314    0.088079   -0.070279
    0.074403    0.091229   -0.072050
    0.078599    0.094429   -0.073794
    0.082900    0.097679   -0.075511
    0.087305    0.100977   -0.077197
    0.091812    0.104322   -0.078848
    0.096421    0.107695   -0.080460
    0.101131    0.111128   -0.082030
    0.105941    0.114604   -0.083553
    0.110848    0.118122   -0.085035
    0.115853    0.121682   -0.086489
    0.120953    0.125282   -0.087851
    0.126148    0.128921   -0.089142
    0.131435    0.132595   -0.090369
    0.136815    0.136294   -0.091527
    0.142285    0.140042   -0.092613
    0.147845    0.143825   -0.093624
    0.153492    0.147642   -0.094557
    0.159225    0.151492   -0.095417
    0.165044    0.155375   -0.096223
    0.170946    0.159275   -0.096896
    0.176930    0.163218   -0.097467
    0.182994    0.167191   -0.097942
    0.189138    0.171193   -0.098320
    0.195358    0.175224   -0.098596
    0.201655    0.179282   -0.098768
    0.208026    0.183364   -0.098833
    0.214470    0.187463   -0.098796
    0.220986    0.191597   -0.098687
    0.227570    0.195755   -0.098401
    0.234223    0.199938   -0.097994
    0.240941    0.204143   -0.097466
    0.247725    0.208371   -0.096816
    0.254571    0.212610   -0.096041
    0.261478    0.216880   -0.095138
    0.268445    0.221170   -0.094119
    0.275470    0.225479   -0.093005
    0.282550    0.229808   -0.091706
    0.289685    0.234156   -0.090257
    0.296872    0.238521   -0.088671
    0.304110    0.242901   -0.086946
    0.311396    0.247293   -0.085081
    0.318730    0.251707   -0.083075
    0.326109    0.256137   -0.080925
    0.333531    0.260581   -0.078632
    0.340994    0.265040   -0.076204
    0.348497    0.269512   -0.073675
    0.356038    0.273997   -0.070940
    0.363615    0.278494   -0.068046
    0.371226    0.283001   -0.065004
    0.378869    0.287518   -0.061814
    0.386542    0.292048   -0.058474
    0.394243    0.296589   -0.054986
    0.401971    0.301138   -0.051348
    0.409723    0.305697   -0.047561
    0.417498    0.310263   -0.043625
    0.425293    0.314837   -0.039540
    0.433107    0.319418   -0.035321
    0.440937    0.324004   -0.030994
    0.448783    0.328596   -0.026466
    0.456641    0.333193   -0.021791
    0.464509    0.337794   -0.016969
    0.472387    0.342399   -0.011997
    0.480272    0.347006   -0.006882
    0.488161    0.351615   -0.001626
    0.496053    0.356226    0.003770
    0.503947    0.360838    0.009304
    0.511839    0.365449    0.014974
    0.519729    0.370060    0.020779
    0.527613    0.374669    0.026717
    0.535491    0.379276    0.032785
    0.543360    0.383880    0.038982
    0.551217    0.388480    0.045304
    0.559063    0.393075    0.051749
    0.566893    0.397665    0.058315
    0.574707    0.402248    0.064999
    0.582502    0.406824    0.071798
    0.590277    0.411392    0.078709
    0.598029    0.415952    0.085729
    0.605757    0.420501    0.092855
    0.613458    0.425040    0.100083
    0.621131    0.429567    0.107410
    0.628774    0.434080    0.114832
    0.636385    0.438581    0.122346
    0.643962    0.443069    0.129948
    0.651503    0.447540    0.137635
    0.659006    0.451996    0.145401
    0.666469    0.456434    0.153244
    0.673891    0.460855    0.161159
    0.681270    0.465256    0.169142
    0.688604    0.469637    0.177191
    0.695890    0.473997    0.185302
    0.703128    0.478334    0.193468
    0.710315    0.482649    0.201684
    0.717450    0.486939    0.209946
    0.724530    0.491204    0.218251
    0.731555    0.495442    0.226608
    0.738522    0.499653    0.235013
    0.745429    0.503835    0.243412
    0.752275    0.507987    0.251833
    0.759059    0.512109    0.260272
    0.765777    0.516197    0.268723
    0.772430    0.520252    0.277182
    0.779015    0.524274    0.285644
    0.785530    0.528262    0.294103
    0.791974    0.532213    0.302555
    0.798345    0.536127    0.310998
    0.804642    0.540002    0.319425
    0.810863    0.543837    0.327830
    0.817006    0.547632    0.336207
    0.823070    0.551386    0.344552
    0.829054    0.555096    0.352874
    0.834956    0.558762    0.361156
    0.840775    0.562382    0.369370
    0.846508    0.565956    0.377531
    0.852155    0.569483    0.385634
    0.857715    0.572960    0.393673
    0.863185    0.576387    0.401644
    0.868565    0.579764    0.409545
    0.873852    0.583090    0.417369
    0.879047    0.586363    0.425109
    0.884147    0.589581    0.432761
    0.889152    0.592745    0.440320
    0.894059    0.595853    0.447781
    0.898869    0.598903    0.455140
    0.903579    0.601895    0.462405
    0.908188    0.604828    0.469551
    0.912695    0.607700    0.476572
    0.917100    0.610512    0.483473
    0.921401    0.613261    0.490248
    0.925597    0.615947    0.496896
    0.929686    0.618569    0.503409
    0.933669    0.621126    0.509784
    0.937544    0.623617    0.516016
    0.941309    0.626041    0.522101
    0.944965    0.628398    0.528035
    0.948509    0.630686    0.533814
    0.951942    0.632904    0.539436
    0.955262    0.635053    0.544895
    0.958469    0.637130    0.550188
    0.961561    0.639135    0.555312
    0.964539    0.641068    0.560263
    0.967400    0.642886    0.565039
    0.970146    0.644263    0.569635
    0.972774    0.645100    0.574050
    0.975284    0.645577    0.578279
    0.977675    0.645792    0.582321
    0.979948    0.645799    0.586172
    0.982101    0.645633    0.589829
    0.984134    0.645313    0.593291
    0.986046    0.644852    0.596553
    0.987838    0.644259    0.599617
    0.989507    0.643542    0.602478
    0.991055    0.642703    0.605135
    0.992480    0.641798    0.607586
    0.993782    0.640725    0.609830
    0.994962    0.639503    0.611864
    0.996018    0.638228    0.613688
    0.996950    0.636865    0.615300
    0.997759    0.635411    0.616741
    0.998443    0.633852    0.618055
    0.999003    0.632226    0.619494
    0.999439    0.630549    0.620851
    0.999751    0.628834    0.622524
    0.999938    0.627116    0.624382
    1.000000    0.625295    0.625295
  BLADE PROFILES IN CARTESIAN COORDINATES (3D) 
  VARIABLES = "X", "YSS", "YPS" "R" 
  BLADE           1  SECTION           1
  -16.423897  -13.231705  -13.231705  281.450592
  -14.479291  -13.059294  -13.059294  281.399017
  -12.745849  -12.905194  -12.905194  281.344208
  -11.200688  -12.767486  -12.767486  281.287842
   -9.823392  -12.644450  -12.644450  281.231354
   -8.595725  -12.534539  -12.534539  281.175751
   -7.501435  -12.436374  -12.436374  281.121979
   -6.526020  -12.348711  -12.348711  281.070465
   -5.656560  -12.270444  -12.270444  281.021729
   -4.881532  -12.200571  -12.200571  280.975861
   -4.190672  -12.138196  -12.138196  280.933044
   -3.574831  -12.082526  -12.082526  280.893433
   -3.025849  -12.032846  -12.032846  280.856812
   -2.536464  -11.988515  -11.988515  280.823212
   -2.100203  -11.948957  -11.948957  280.792419
   -1.711284  -11.913668  -11.913668  280.764343
   -1.364575  -11.882180  -11.882180  280.738770
   -1.055485  -11.854095  -11.854095  280.715485
   -0.779928  -11.829040  -11.829040  280.694519
   -0.534268  -11.806689  -11.806689  280.675476
   -0.315255  -11.786757  -11.786757  280.658325
   -0.120002  -11.768979  -11.768979  280.642822
    0.054076  -11.753122  -11.753122  280.628937
    0.209274  -11.738982  -11.738982  280.616394
    0.347639  -11.726370  -11.726370  280.605133
    0.471000  -11.715123  -11.715123  280.595001
    0.593347  -11.039017  -12.368505  280.576965
    0.721255  -10.735080  -12.649701  280.558105
    0.855239  -10.530981  -12.873210  280.538177
    0.995806  -10.378108  -13.052993  280.516998
    1.143472  -10.233432  -13.194991  280.494690
    1.298748  -10.086237  -13.311073  280.471100
    1.462142   -9.935758  -13.420703  280.446045
    1.634167   -9.781396  -13.530004  280.419403
    1.815333   -9.622643  -13.639125  280.391083
    2.006148   -9.459081  -13.748024  280.361145
    2.207124   -9.290328  -13.856549  280.329254
    2.418767   -9.116149  -13.964474  280.295380
    2.641588   -8.936728  -14.071517  280.259430
    2.876088   -8.750634  -14.178362  280.221222
    3.122668   -8.558292  -14.281862  280.180664
    3.381376   -8.359762  -14.382805  280.137665
    3.652816   -8.155168  -14.480644  280.092133
    3.937648   -7.943544  -14.574766  280.043884
    4.236628   -7.724536  -14.665271  279.992676
    4.550562   -7.497821  -14.750460  279.938385
    4.880346   -7.263095  -14.828300  279.880768
    5.226773   -7.020192  -14.899006  279.819611
    5.590495   -6.768074  -14.961373  279.754791
    5.972718   -6.506449  -15.015821  279.685944
    6.374799   -6.235167  -15.056964  279.612762
    6.798236   -5.952399  -15.084929  279.534943
    7.244700   -5.657667  -15.098158  279.451965
    7.715980   -5.350505  -15.095435  279.363586
    8.217772   -5.026528  -15.071830  279.268494
    8.757306   -4.681882  -15.022826  279.165375
    9.335168   -4.316792  -14.945474  279.053864
    9.950898   -3.931229  -14.836537  278.934021
   10.603002   -3.526657  -14.686642  278.805969
   11.288975   -3.104819  -14.495034  278.670441
   12.005259   -2.667464  -14.260055  278.527985
   12.740270   -2.221705  -13.978280  278.380981
   13.482284   -1.774369  -13.653840  278.232147
   14.227320   -1.327155  -13.289142  278.082489
   14.972143   -0.881711  -12.887033  277.932739
   15.714272   -0.439104  -12.448486  277.783752
   16.451958    0.000000  -11.973543  277.636047
   17.184183    0.435367  -11.465617  277.489868
   17.915913    0.870276  -10.922200  277.344879
   18.650492    1.306967  -10.340952  277.200287
   19.387339    1.745380   -9.722232  277.056549
   20.125523    2.185213   -9.066863  276.913971
   20.863733    2.625924   -8.376198  276.773285
   21.600302    3.066637   -7.652208  276.634705
   22.333153    3.506505   -6.897569  276.499146
   23.055792    3.941684   -6.120228  276.367706
   23.764174    4.369849   -5.326138  276.241394
   24.456348    4.789886   -4.519907  276.120422
   25.130753    5.200852   -3.704062  276.005219
   25.786221    5.601989   -2.886278  275.895874
   26.421894    5.992645   -2.068082  275.792389
   27.037331    6.372691   -1.252511  275.694855
   27.634762    6.743321   -0.438538  275.602661
   28.214754    7.104847    0.373154  275.515808
   28.777317    7.457136    1.178646  275.433929
   29.322430    7.799973    1.976933  275.356995
   29.850056    8.133471    2.766693  275.285004
   30.360184    8.457398    3.545784  275.217651
   30.852814    8.771630    4.313300  275.154755
   31.327900    9.076035    5.066204  275.096283
   31.785429    9.370496    5.803861  275.042023
   32.225384    9.654860    6.524593  274.991730
   32.647736    9.929255    7.227019  274.945221
   33.052475   10.066566    7.909826  274.902405
   33.439564    9.996993    8.571665  274.863068
   33.808990    9.370866    9.370550  274.826996
   34.179520    9.813170    9.813012  274.800568
   34.571232   10.280861   10.280861  274.772705
   34.985329   10.775213   10.775213  274.743378
   35.423107   11.297747   11.297747  274.712433
   35.885880   11.850060   11.850060  274.679901
   36.375103   12.433844   12.433844  274.645508
   36.892277   13.050893   13.050893  274.609131
   37.438980   13.703088   13.703088  274.570526
   38.016907   14.392422   14.392422  274.529510
   38.627758   15.120970   15.120970  274.485474
   39.273476   15.890973   15.890973  274.438446
   39.956017   16.704781   16.704781  274.388184
   40.677498   17.564873   17.564873  274.334564
   41.440121   18.473856   18.473856  274.277222
   42.246220   19.434492   19.434492  274.215698
  BLADE PROFILES IN CARTESIAN COORDINATES (2D) BEFORE   PROJECTION, SCALING, MESHING AND STACKING 
  VARIABLES = "X", "YSS", "YPS" 
  BLADE           1  SECTION           2
    0.000000    0.001605    0.001605
    0.000062    0.002890   -0.002175
    0.000249    0.005435   -0.004269
    0.000561    0.008135   -0.006272
    0.000997    0.011003   -0.008491
    0.001557    0.013854   -0.010728
    0.002241    0.016681   -0.013000
    0.003050    0.019496   -0.015318
    0.003982    0.022293   -0.017709
    0.005038    0.025045   -0.020163
    0.006218    0.027713   -0.022656
    0.007520    0.030280   -0.025164
    0.008945    0.032680   -0.027660
    0.010493    0.034910   -0.030115
    0.012162    0.036971   -0.032500
    0.013954    0.038895   -0.034781
    0.015866    0.040761   -0.036921
    0.017899    0.042681   -0.038930
    0.020052    0.044679   -0.040790
    0.022325    0.046752   -0.042538
    0.024716    0.048885   -0.044197
    0.027226    0.051106   -0.045871
    0.029854    0.053398   -0.047574
    0.032600    0.055757   -0.049304
    0.035461    0.058183   -0.051056
    0.038439    0.060674   -0.052828
    0.041531    0.063227   -0.054616
    0.044738    0.065842   -0.056416
    0.048058    0.068517   -0.058225
    0.051491    0.071249   -0.060039
    0.055036    0.074038   -0.061853
    0.058691    0.076881   -0.063665
    0.062456    0.079778   -0.065471
    0.066331    0.082726   -0.067267
    0.070314    0.085721   -0.069050
    0.074403    0.088752   -0.070816
    0.078599    0.091845   -0.072565
    0.082900    0.094985   -0.074315
    0.087305    0.098169   -0.076005
    0.091812    0.101396   -0.077659
    0.096421    0.104666   -0.079277
    0.101131    0.107978   -0.080855
    0.105941    0.111329   -0.082391
    0.110848    0.114715   -0.083880
    0.115853    0.118127   -0.085319
    0.120953    0.121588   -0.086705
    0.126148    0.125085   -0.088034
    0.131435    0.128616   -0.089307
    0.136815    0.132180   -0.090551
    0.142285    0.135777   -0.091680
    0.147845    0.139404   -0.092736
    0.153492    0.143046   -0.093719
    0.159225    0.146730   -0.094624
    0.165044    0.150443   -0.095449
    0.170946    0.154184   -0.096191
    0.176930    0.157951   -0.096846
    0.182994    0.161744   -0.097420
    0.189138    0.165560   -0.097936
    0.195358    0.169387   -0.098307
    0.201655    0.173249   -0.098573
    0.208026    0.177133   -0.098738
    0.214470    0.181039   -0.098800
    0.220986    0.184965   -0.098755
    0.227570    0.188912   -0.098601
    0.234223    0.192876   -0.098336
    0.240941    0.196848   -0.097967
    0.247725    0.200847   -0.097519
    0.254571    0.204864   -0.096900
    0.261478    0.208897   -0.096152
    0.268445    0.212945   -0.095281
    0.275470    0.217009   -0.094286
    0.282550    0.221085   -0.093165
    0.289685    0.225166   -0.091916
    0.296872    0.229269   -0.090538
    0.304110    0.233384   -0.089042
    0.311396    0.237510   -0.087448
    0.318730    0.241647   -0.085673
    0.326109    0.245795   -0.083749
    0.333531    0.249953   -0.081688
    0.340994    0.254119   -0.079489
    0.348497    0.258292   -0.077152
    0.356038    0.262468   -0.074676
    0.363615    0.266658   -0.072061
    0.371226    0.270854   -0.069305
    0.378869    0.275056   -0.066409
    0.386542    0.279264   -0.063386
    0.394243    0.283477   -0.060258
    0.401971    0.287694   -0.056939
    0.409723    0.291915   -0.053476
    0.417498    0.296138   -0.049863
    0.425293    0.300364   -0.046110
    0.433107    0.304592   -0.042216
    0.440937    0.308821   -0.038183
    0.448783    0.313048   -0.034011
    0.456641    0.317278   -0.029700
    0.464509    0.321508   -0.025252
    0.472387    0.325737   -0.020668
    0.480272    0.329964   -0.015949
    0.488161    0.334189   -0.011095
    0.496053    0.338411   -0.006109
    0.503947    0.342629   -0.000992
    0.511839    0.346843    0.004255
    0.519729    0.351052    0.009629
    0.527613    0.355256    0.015113
    0.535491    0.359453    0.020689
    0.543360    0.363644    0.026435
    0.551217    0.367827    0.032301
    0.559063    0.372002    0.038283
    0.566893    0.376167    0.044381
    0.574707    0.380324    0.050590
    0.582502    0.384469    0.056909
    0.590277    0.388604    0.063334
    0.598029    0.392728    0.069863
    0.605757    0.396838    0.076492
    0.613458    0.400936    0.083219
    0.621131    0.405019    0.090040
    0.628774    0.409088    0.096952
    0.636385    0.413141    0.103951
    0.643962    0.417177    0.111034
    0.651503    0.421197    0.118198
    0.659006    0.425199    0.125438
    0.666469    0.429182    0.132767
    0.673891    0.433146    0.140187
    0.681270    0.437089    0.147634
    0.688604    0.441011    0.155141
    0.695890    0.444911    0.162705
    0.703128    0.448788    0.170322
    0.710315    0.452642    0.177987
    0.717450    0.456471    0.185697
    0.724530    0.460274    0.193447
    0.731555    0.464051    0.201232
    0.738522    0.467800    0.209048
    0.745429    0.471522    0.216890
    0.752275    0.475215    0.224755
    0.759059    0.478878    0.232637
    0.765777    0.482510    0.240532
    0.772430    0.486111    0.248437
    0.779015    0.489680    0.256348
    0.785530    0.493215    0.264258
    0.791974    0.496715    0.272163
    0.798345    0.500181    0.280056
    0.804642    0.503610    0.287934
    0.810863    0.507003    0.295807
    0.817006    0.510357    0.303659
    0.823070    0.513672    0.311460
    0.829054    0.516948    0.319227
    0.834956    0.520183    0.326954
    0.840775    0.523375    0.334637
    0.846508    0.526525    0.342270
    0.852155    0.529633    0.349850
    0.857715    0.532696    0.357374
    0.863185    0.535713    0.364836
    0.868565    0.538685    0.372229
    0.873852    0.541610    0.379551
    0.879047    0.544487    0.386794
    0.884147    0.547315    0.393955
    0.889152    0.550094    0.401030
    0.894059    0.552822    0.408026
    0.898869    0.555499    0.414922
    0.903579    0.558124    0.421708
    0.908188    0.560696    0.428390
    0.912695    0.563214    0.434964
    0.917100    0.565678    0.441425
    0.921401    0.568086    0.447771
    0.925597    0.570438    0.453995
    0.929686    0.572733    0.460093
    0.933669    0.574971    0.466062
    0.937544    0.577150    0.471898
    0.941309    0.579270    0.477596
    0.944965    0.581331    0.483154
    0.948509    0.583331    0.488566
    0.951942    0.585269    0.493831
    0.955262    0.587146    0.498943
    0.958469    0.588961    0.503901
    0.961561    0.590712    0.508700
    0.964539    0.592400    0.513338
    0.967400    0.594003    0.517812
    0.970146    0.595229    0.522117
    0.972774    0.595908    0.526252
    0.975284    0.596227    0.530214
    0.977675    0.596287    0.534000
    0.979948    0.596146    0.537607
    0.982101    0.595839    0.541034
    0.984134    0.595388    0.544277
    0.986046    0.594805    0.547333
    0.987838    0.594101    0.550203
    0.989507    0.593282    0.552884
    0.991055    0.592353    0.555374
    0.992480    0.591355    0.557671
    0.993782    0.590212    0.559772
    0.994962    0.588946    0.561678
    0.996018    0.587624    0.563387
    0.996950    0.586215    0.564897
    0.997759    0.584704    0.566256
    0.998443    0.583124    0.567490
    0.999003    0.581489    0.568886
    0.999439    0.579815    0.570226
    0.999751    0.578128    0.571806
    0.999938    0.576620    0.573610
    1.000000    0.574432    0.574432
  BLADE PROFILES IN CARTESIAN COORDINATES (3D) 
  VARIABLES = "X", "YSS", "YPS" "R" 
  BLADE           1  SECTION           2
  -17.618141  -12.839984  -12.839984  298.790527
  -15.619795  -12.675214  -12.675214  298.787354
  -13.838062  -12.528291  -12.528291  298.784302
  -12.249457  -12.397290  -12.397290  298.781464
  -10.833052  -12.280484  -12.280484  298.778748
   -9.570184  -12.176338  -12.176338  298.776276
   -8.444207  -12.083482  -12.083482  298.774048
   -7.440279  -12.000690  -12.000690  298.772034
   -6.545176  -11.926875  -11.926875  298.770294
   -5.747097  -11.861061  -11.861061  298.768677
   -5.035529  -11.802380  -11.802380  298.767242
   -4.401091  -11.750060  -11.750060  298.766022
   -3.835424  -11.703414  -11.703414  298.764954
   -3.331076  -11.661825  -11.661825  298.763916
   -2.881393  -11.624744  -11.624744  298.763123
   -2.480456  -11.591682  -11.591682  298.762329
   -2.122981  -11.562204  -11.562204  298.761658
   -1.804254  -11.535921  -11.535921  298.761078
   -1.520074  -11.512488  -11.512488  298.760498
   -1.266703  -11.491596  -11.491596  298.760071
   -1.040791  -11.472967  -11.472967  298.759674
   -0.839372  -11.456359  -11.456359  298.759308
   -0.659783  -11.441551  -11.441551  298.758911
   -0.499660  -11.428349  -11.428349  298.758698
   -0.356896  -11.416576  -11.416576  298.758423
   -0.229606  -11.406081  -11.406081  298.758209
   -0.102317  -10.728987  -12.060433  298.758057
    0.030776  -10.421366  -12.345318  298.758087
    0.170203  -10.213882  -12.570560  298.758209
    0.316502  -10.060123  -12.750337  298.758362
    0.470207   -9.916236  -12.892864  298.758453
    0.631851   -9.770541  -13.010654  298.758636
    0.801974   -9.621087  -13.122546  298.758820
    0.981105   -9.467888  -13.234269  298.758911
    1.169779   -9.310443  -13.345962  298.759064
    1.368535   -9.148343  -13.457593  298.759308
    1.577903   -8.981228  -13.569030  298.759460
    1.798421   -8.808776  -13.680056  298.759644
    2.030623   -8.630693  -13.790375  298.759949
    2.275043   -8.447107  -13.899610  298.760223
    2.532090   -8.257555  -14.007635  298.760437
    2.801838   -8.061785  -14.113836  298.760834
    3.084905   -7.859793  -14.216040  298.761230
    3.382001   -7.651235  -14.314826  298.761536
    3.693907   -7.436110  -14.409549  298.761993
    4.021486   -7.213767  -14.499460  298.762451
    4.365672   -6.983376  -14.584072  298.762939
    4.727295   -6.744876  -14.662514  298.763489
    5.107051   -6.498614  -14.731508  298.764038
    5.506208   -6.242991  -14.791396  298.764740
    5.926190   -5.977726  -14.840787  298.765411
    6.368577   -5.702141  -14.879852  298.766205
    6.835111   -5.415814  -14.902271  298.767029
    7.327680   -5.116992  -14.908271  298.767914
    7.852249   -4.802771  -14.895279  298.768860
    8.416385   -4.469555  -14.861509  298.769989
    9.020703   -4.116544  -14.797311  298.771149
    9.664746   -3.744896  -14.701102  298.772461
   10.346956   -3.355931  -14.569107  298.773834
   11.064699   -2.950863  -14.397720  298.775360
   11.814264   -2.532135  -14.179833  298.776855
   12.583511   -2.106613  -13.918532  298.778564
   13.360104   -1.680277  -13.617964  298.780121
   14.139900   -1.255222  -13.276985  298.781860
   14.919473   -0.832911  -12.896571  298.783539
   15.696181   -0.414390  -12.480345  298.785156
   16.468176    0.000000  -12.030140  298.786774
   17.234365    0.409920  -11.547633  298.788422
   17.999941    0.818480  -11.030495  298.789948
   18.768328    1.227816  -10.478075  298.791443
   19.538933    1.637866   -9.886928  298.792969
   20.310728    2.048365   -9.259865  298.794373
   21.082317    2.458818   -8.598199  298.795776
   21.851940    2.868515   -7.903845  298.797058
   22.617397    3.276516   -7.179429  298.798431
   23.371902    3.679370   -6.430583  298.799500
   24.111179    4.074958   -5.667516  298.800537
   24.833242    4.462303   -4.892343  298.801453
   25.536453    4.840525   -4.109237  298.802216
   26.219549    5.209144   -3.322022  298.802948
   26.881723    5.567633   -2.533931  298.803558
   27.522465    5.915747   -1.747928  298.804077
   28.144167    6.254718   -0.962512  298.804504
   28.747408    6.584842   -0.181189  298.804718
   29.332203    6.905996    0.595181  298.805054
   29.898554    7.218279    1.365183  298.805115
   30.446440    7.521549    2.126829  298.805237
   30.975895    7.815745    2.878999  298.805237
   31.486898    8.100786    3.618690  298.805115
   31.979456    8.376587    4.345193  298.804993
   32.453568    8.643058    5.056923  298.804749
   32.909222    8.900114    5.752385  298.804504
   33.346436    9.148044    6.430226  298.804291
   33.765205    9.264620    7.089150  298.803925
   34.165524    9.168977    7.727839  298.803467
   34.547390    8.504719    8.504353  298.803101
   34.929260    8.923237    8.923055  298.802063
   35.332939    9.365850    9.365850  298.800812
   35.759674    9.833746    9.833746  298.799622
   36.210777   10.328365   10.328365  298.798462
   36.687641   10.851235   10.851235  298.797455
   37.191757   11.403978   11.403978  298.796539
   37.724636   11.988295   11.988295  298.795807
   38.287968   12.605989   12.605989  298.795288
   38.883461   13.258978   13.258978  298.794983
   39.512970   13.949284   13.949284  298.795349
   40.178440   14.679037   14.679037  298.796082
   40.881908   15.450487   15.450487  298.797302
   41.625553   16.266024   16.266024  298.798981
   42.411671   17.128170   17.128170  298.801239
   43.242680   18.039568   18.039568  298.804108
  BLADE PROFILES IN CARTESIAN COORDINATES (2D) BEFORE   PROJECTION, SCALING, MESHING AND STACKING 
  VARIABLES = "X", "YSS", "YPS" 
  BLADE           1  SECTION           3
    0.000000   -0.000481   -0.000481
    0.000062    0.002675   -0.002084
    0.000249    0.005187   -0.004175
    0.000561    0.007827   -0.006187
    0.000997    0.010611   -0.008372
    0.001557    0.013401   -0.010578
    0.002241    0.016152   -0.012817
    0.003050    0.018905   -0.015108
    0.003982    0.021651   -0.017473
    0.005038    0.024368   -0.019900
    0.006218    0.027003   -0.022361
    0.007520    0.029523   -0.024824
    0.008945    0.031902   -0.027268
    0.010493    0.034119   -0.029677
    0.012162    0.036172   -0.032013
    0.013954    0.038085   -0.034246
    0.015866    0.039931   -0.036349
    0.017899    0.041811   -0.038306
    0.020052    0.043765   -0.040116
    0.022325    0.045792   -0.041806
    0.024716    0.047892   -0.043442
    0.027226    0.050061   -0.045096
    0.029854    0.052299   -0.046781
    0.032600    0.054600   -0.048495
    0.035461    0.056952   -0.050253
    0.038439    0.059381   -0.052010
    0.041531    0.061871   -0.053784
    0.044738    0.064419   -0.055569
    0.048058    0.067025   -0.057363
    0.051491    0.069686   -0.059164
    0.055036    0.072401   -0.060966
    0.058691    0.075168   -0.062768
    0.062456    0.077986   -0.064566
    0.066331    0.080853   -0.066355
    0.070314    0.083768   -0.068132
    0.074403    0.086729   -0.069894
    0.078599    0.089735   -0.071637
    0.082900    0.092767   -0.073358
    0.087305    0.095856   -0.075053
    0.091812    0.098986   -0.076724
    0.096421    0.102155   -0.078388
    0.101131    0.105363   -0.079982
    0.105941    0.108608   -0.081532
    0.110848    0.111888   -0.083039
    0.115853    0.115203   -0.084499
    0.120953    0.118551   -0.085908
    0.126148    0.121927   -0.087264
    0.131435    0.125323   -0.088564
    0.136815    0.128761   -0.089803
    0.142285    0.132229   -0.090978
    0.147845    0.135724   -0.092093
    0.153492    0.139247   -0.093172
    0.159225    0.142794   -0.094131
    0.165044    0.146367   -0.095012
    0.170946    0.149947   -0.095814
    0.176930    0.153564   -0.096533
    0.182994    0.157203   -0.097167
    0.189138    0.160862   -0.097714
    0.195358    0.164542   -0.098171
    0.201655    0.168241   -0.098534
    0.208026    0.171959   -0.098807
    0.214470    0.175691   -0.099022
    0.220986    0.179429   -0.099078
    0.227570    0.183194   -0.099030
    0.234223    0.186975   -0.098876
    0.240941    0.190769   -0.098614
    0.247725    0.194578   -0.098242
    0.254571    0.198399   -0.097758
    0.261478    0.202231   -0.097159
    0.268445    0.206063   -0.096454
    0.275470    0.209916   -0.095667
    0.282550    0.213779   -0.094711
    0.289685    0.217652   -0.093622
    0.296872    0.221533   -0.092410
    0.304110    0.225422   -0.091074
    0.311396    0.229318   -0.089611
    0.318730    0.233221   -0.088021
    0.326109    0.237126   -0.086303
    0.333531    0.241032   -0.084454
    0.340994    0.244949   -0.082489
    0.348497    0.248871   -0.080426
    0.356038    0.252797   -0.078184
    0.363615    0.256725   -0.075803
    0.371226    0.260656   -0.073281
    0.378869    0.264588   -0.070627
    0.386542    0.268521   -0.067838
    0.394243    0.272455   -0.064914
    0.401971    0.276387   -0.061857
    0.409723    0.280314   -0.058665
    0.417498    0.284246   -0.055339
    0.425293    0.288176   -0.051878
    0.433107    0.292104   -0.048285
    0.440937    0.296030   -0.044572
    0.448783    0.299952   -0.040760
    0.456641    0.303870   -0.036769
    0.464509    0.307783   -0.032646
    0.472387    0.311692   -0.028393
    0.480272    0.315595   -0.024006
    0.488161    0.319492   -0.019489
    0.496053    0.323382   -0.014847
    0.503947    0.327264   -0.010080
    0.511839    0.331139   -0.005190
    0.519729    0.335005   -0.000178
    0.527613    0.338863    0.004953
    0.535491    0.342711    0.010203
    0.543360    0.346548    0.015568
    0.551217    0.350373    0.021047
    0.559063    0.354189    0.026637
    0.566893    0.357993    0.032337
    0.574707    0.361785    0.038143
    0.582502    0.365564    0.044054
    0.590277    0.369329    0.050066
    0.598029    0.373080    0.056177
    0.605757    0.376815    0.062384
    0.613458    0.380536    0.068683
    0.621131    0.384240    0.075073
    0.628774    0.387927    0.081550
    0.636385    0.391597    0.088110
    0.643962    0.395249    0.094750
    0.651503    0.398882    0.101468
    0.659006    0.402496    0.108258
    0.666469    0.406090    0.115119
    0.673891    0.409663    0.122045
    0.681270    0.413215    0.129034
    0.688604    0.416745    0.136081
    0.695890    0.420252    0.143184
    0.703128    0.423735    0.150337
    0.710315    0.427195    0.157536
    0.717450    0.430629    0.164779
    0.724530    0.434039    0.172060
    0.731555    0.437422    0.179376
    0.738522    0.440778    0.186724
    0.745429    0.444107    0.194100
    0.752275    0.447407    0.201498
    0.759059    0.450678    0.208913
    0.765777    0.453920    0.216341
    0.772430    0.457131    0.223778
    0.779015    0.460310    0.231219
    0.785530    0.463458    0.238674
    0.791974    0.466573    0.246133
    0.798345    0.469655    0.253558
    0.804642    0.472703    0.260970
    0.810863    0.475716    0.268363
    0.817006    0.478693    0.275734
    0.823070    0.481633    0.283077
    0.829054    0.484537    0.290388
    0.834956    0.487403    0.297662
    0.840775    0.490231    0.304896
    0.846508    0.493019    0.312088
    0.852155    0.495768    0.319229
    0.857715    0.498476    0.326316
    0.863185    0.501142    0.333343
    0.868565    0.503766    0.340306
    0.873852    0.506348    0.347202
    0.879047    0.508886    0.354025
    0.884147    0.511380    0.360784
    0.889152    0.513830    0.367458
    0.894059    0.516233    0.374036
    0.898869    0.518590    0.380525
    0.903579    0.520901    0.386919
    0.908188    0.523164    0.393216
    0.912695    0.525379    0.399413
    0.917100    0.527544    0.405503
    0.921401    0.529660    0.411484
    0.925597    0.531726    0.417350
    0.929686    0.533742    0.423098
    0.933669    0.535706    0.428724
    0.937544    0.537619    0.434224
    0.941309    0.539479    0.439596
    0.944965    0.541286    0.444834
    0.948509    0.543039    0.449937
    0.951942    0.544739    0.454900
    0.955262    0.546383    0.459720
    0.958469    0.547973    0.464394
    0.961561    0.549506    0.468919
    0.964539    0.550984    0.473292
    0.967400    0.552405    0.477510
    0.970146    0.553530    0.481569
    0.972774    0.554089    0.485469
    0.975284    0.554280    0.489205
    0.977675    0.554213    0.492775
    0.979948    0.553947    0.496177
    0.982101    0.553521    0.499408
    0.984134    0.552957    0.502466
    0.986046    0.552269    0.505350
    0.987838    0.551468    0.508055
    0.989507    0.550560    0.510583
    0.991055    0.549551    0.512931
    0.992480    0.548466    0.515097
    0.993782    0.547260    0.517079
    0.994962    0.545960    0.518876
    0.996018    0.544578    0.520488
    0.996950    0.543108    0.521912
    0.997759    0.541566    0.523203
    0.998443    0.539965    0.524372
    0.999003    0.538319    0.525739
    0.999439    0.536649    0.527076
    0.999751    0.535004    0.528570
    0.999938    0.533381    0.530321
    1.000000    0.531058    0.531058
  BLADE PROFILES IN CARTESIAN COORDINATES (3D) 
  VARIABLES = "X", "YSS", "YPS" "R" 
  BLADE           1  SECTION           3
  -19.236664  -12.867352  -12.867352  316.080902
  -17.128218  -12.705035  -12.705035  316.126160
  -15.248601  -12.560673  -12.560673  316.176056
  -13.573046  -12.432255  -12.432255  316.228516
  -12.079427  -12.317999  -12.317999  316.281982
  -10.748007  -12.216324  -12.216324  316.335083
   -9.561170  -12.125828  -12.125828  316.386993
   -8.503219  -12.045266  -12.045266  316.436951
   -7.560145  -11.973544  -11.973544  316.484497
   -6.719468  -11.909676  -11.909676  316.529388
   -5.970062  -11.852798  -11.852798  316.571350
   -5.302009  -11.802137  -11.802137  316.610382
   -4.706470  -11.757010  -11.757010  316.646454
   -4.175568  -11.716807  -11.716807  316.679749
   -3.702279  -11.680992  -11.680992  316.710205
   -3.280349  -11.649079  -11.649079  316.737976
   -2.904201  -11.620643  -11.620643  316.763367
   -2.568858  -11.595302  -11.595302  316.786407
   -2.269898  -11.572721  -11.572721  316.807281
   -2.003366  -11.552592  -11.552592  316.826172
   -1.765742  -11.534657  -11.534657  316.843170
   -1.553895  -11.518669  -11.518669  316.858612
   -1.365021  -11.504419  -11.504419  316.872437
   -1.196632  -11.491715  -11.491715  316.884949
   -1.046501  -11.480392  -11.480392  316.896179
   -0.912654  -11.470301  -11.470301  316.906250
   -0.779720  -10.772628  -12.145810  316.916351
   -0.640738  -10.453436  -12.442846  316.931183
   -0.495159  -10.236690  -12.676339  316.950470
   -0.342419  -10.076324  -12.862949  316.970947
   -0.181969   -9.928441  -13.010038  316.992676
   -0.013249   -9.778352  -13.132093  317.015656
    0.164294   -9.625120  -13.249509  317.040070
    0.351214   -9.468689  -13.367709  317.066010
    0.548069   -9.307650  -13.485526  317.093567
    0.755410   -9.141837  -13.603155  317.122833
    0.973792   -8.971015  -13.720737  317.154053
    1.203766   -8.794861  -13.838075  317.187195
    1.445886   -8.613105  -13.954882  317.222443
    1.700705   -8.425484  -14.070783  317.260010
    1.968650   -8.232005  -14.185290  317.299957
    2.249775   -8.033159  -14.297700  317.342377
    2.544734   -7.827682  -14.408554  317.387177
    2.854254   -7.615741  -14.515178  317.434906
    3.179139   -7.396979  -14.617465  317.485565
    3.520289   -7.171028  -14.715128  317.539307
    3.878660   -6.938197  -14.807314  317.596436
    4.255121   -6.696850  -14.893014  317.657227
    4.650369   -6.447372  -14.972668  317.721771
    5.065733   -6.189169  -15.041224  317.790436
    5.502678   -5.922297  -15.099332  317.863525
    5.962838   -5.644833  -15.145514  317.941437
    6.448020   -5.356499  -15.177889  318.024506
    6.960171   -5.056780  -15.196143  318.113159
    7.505481   -4.742232  -15.192714  318.208710
    8.091813   -4.408488  -15.166931  318.312561
    8.719782   -4.056330  -15.114379  318.424988
    9.388908   -3.686192  -15.031923  318.546051
   10.097563   -3.299260  -14.910331  318.675385
   10.843017   -2.897576  -14.748560  318.812775
   11.621408   -2.483621  -14.544878  318.957397
   12.420140   -2.063419  -14.295782  319.106689
   13.226460   -1.643712  -14.004247  319.258118
   14.036059   -1.226642  -13.672852  319.410675
   14.845411   -0.812960  -13.303315  319.563568
   15.651814   -0.403901  -12.899538  319.715851
   16.453363    0.000000  -12.458823  319.866943
   17.248978    0.398573  -11.984867  320.016541
   18.044018    0.794867  -11.475751  320.165161
   18.842119    1.190935  -10.929309  320.313629
   19.642677    1.586802  -10.345900  320.461243
   20.444643    1.982236   -9.726314  320.607635
   21.246593    2.376716   -9.071851  320.752380
   22.046730    2.769587   -8.384416  320.894897
   22.842810    3.159961   -7.666587  321.034546
   23.627747    3.544571   -6.925992  321.170013
   24.397150    3.921428   -6.168694  321.300201
   25.148916    4.289672   -5.399004  321.424927
   25.881361    4.648608   -4.620925  321.543823
   26.593201    4.997705   -3.838112  321.656738
   27.283493    5.336582   -3.054309  321.763611
   27.951777    5.665062   -2.271281  321.864410
   28.600477    5.984343   -1.491146  321.959656
   29.230223    6.294777   -0.713719  322.049438
   29.840994    6.596390    0.059297  322.134064
   30.432774    6.889156    0.825983  322.213531
   31.005575    7.173069    1.584663  322.287964
   31.559341    7.448091    2.333540  322.357544
   32.094070    7.714186    3.070302  322.422577
   32.609737    7.971283    3.794080  322.483124
   33.106327    8.219405    4.503143  322.539215
   33.583820    8.458482    5.196057  322.591248
   34.042187    8.688896    5.871475  322.639313
   34.481411    8.791595    6.528102  322.683502
   34.901466    8.668631    7.164527  322.724182
   35.302341    7.944013    7.943621  322.761444
   35.704315    8.353009    8.352814  322.792328
   36.129250    8.785613    8.785613  322.819763
   36.578457    9.242966    9.242966  322.848938
   37.053288    9.726493    9.726493  322.880066
   37.555225   10.237699   10.237699  322.913269
   38.085800   10.778173   10.778173  322.948792
   38.646641   11.349599   11.349599  322.987000
   39.239460   11.953765   11.953765  323.028046
   39.866043   12.592566   12.592566  323.072510
   40.528282   13.268010   13.268010  323.121429
   41.228260   13.982203   13.982203  323.174408
   41.968082   14.737381   14.737381  323.231934
   42.750015   15.535914   15.535914  323.294495
   43.576435   16.380316   16.380316  323.362549
   44.448421   17.273733   17.273733  323.442902
  BLADE PROFILES IN CARTESIAN COORDINATES (2D) BEFORE   PROJECTION, SCALING, MESHING AND STACKING 
  VARIABLES = "X", "YSS", "YPS" 
  BLADE           2  SECTION           1
    0.000000   -0.001499   -0.001499
    0.000062    0.001143   -0.003845
    0.000249    0.004147   -0.006040
    0.000561    0.007583   -0.008114
    0.000997    0.011281   -0.010167
    0.001557    0.014711   -0.012225
    0.002241    0.017867   -0.014342
    0.003050    0.020966   -0.016507
    0.003982    0.023978   -0.018789
    0.005038    0.026900   -0.021201
    0.006218    0.029703   -0.023736
    0.007520    0.032358   -0.026360
    0.008945    0.034855   -0.029014
    0.010493    0.037196   -0.031650
    0.012162    0.039338   -0.034223
    0.013954    0.041340   -0.036684
    0.015866    0.043258   -0.038989
    0.017899    0.045197   -0.041098
    0.020052    0.047176   -0.042986
    0.022325    0.049192   -0.044732
    0.024716    0.051242   -0.046398
    0.027226    0.053321   -0.048071
    0.029854    0.055426   -0.049763
    0.032600    0.057552   -0.051474
    0.035461    0.059696   -0.053201
    0.038439    0.061854   -0.054944
    0.041531    0.064022   -0.056700
    0.044738    0.066197   -0.058469
    0.048058    0.068380   -0.060249
    0.051491    0.070589   -0.062040
    0.055036    0.072763   -0.063836
    0.058691    0.074924   -0.065619
    0.062456    0.077073   -0.067433
    0.066331    0.079208   -0.069253
    0.070314    0.081325   -0.071080
    0.074403    0.083421   -0.072912
    0.078599    0.085493   -0.074749
    0.082900    0.087537   -0.076591
    0.087305    0.089551   -0.078438
    0.091812    0.091530   -0.080288
    0.096421    0.093472   -0.082142
    0.101131    0.095379   -0.083999
    0.105941    0.097274   -0.085840
    0.110848    0.099081   -0.087702
    0.115853    0.100834   -0.089567
    0.120953    0.102535   -0.091436
    0.126148    0.104179   -0.093307
    0.131435    0.105765   -0.095183
    0.136815    0.107290   -0.097061
    0.142285    0.108751   -0.098943
    0.147845    0.110145   -0.100828
    0.153492    0.111469   -0.102703
    0.159225    0.112724   -0.104595
    0.165044    0.113940   -0.106492
    0.170946    0.115030   -0.108394
    0.176930    0.116038   -0.110301
    0.182994    0.116963   -0.112214
    0.189138    0.117803   -0.114133
    0.195358    0.118556   -0.116048
    0.201655    0.119220   -0.117978
    0.208026    0.119793   -0.119916
    0.214470    0.120278   -0.121862
    0.220986    0.120706   -0.123815
    0.227570    0.120979   -0.125778
    0.234223    0.121151   -0.127749
    0.240941    0.121221   -0.129730
    0.247725    0.121188   -0.131716
    0.254571    0.121050   -0.133717
    0.261478    0.120805   -0.135730
    0.268445    0.120452   -0.137754
    0.275470    0.119997   -0.139791
    0.282550    0.119470   -0.141840
    0.289685    0.118776   -0.143902
    0.296872    0.117962   -0.145978
    0.304110    0.117034   -0.148068
    0.311396    0.115990   -0.150174
    0.318730    0.114830   -0.152294
    0.326109    0.113551   -0.154431
    0.333531    0.112155   -0.156583
    0.340994    0.110639   -0.158752
    0.348497    0.109012   -0.160938
    0.356038    0.107305   -0.163141
    0.363615    0.105422   -0.165367
    0.371226    0.103413   -0.167607
    0.378869    0.101283   -0.169866
    0.386542    0.099031   -0.172144
    0.394243    0.096659   -0.174441
    0.401971    0.094165   -0.176758
    0.409723    0.091551   -0.179094
    0.417498    0.088816   -0.181451
    0.425293    0.085960   -0.183828
    0.433107    0.082985   -0.186225
    0.440937    0.079890   -0.188643
    0.448783    0.076680   -0.191090
    0.456641    0.073400   -0.193551
    0.464509    0.069943   -0.196033
    0.472387    0.066370   -0.198535
    0.480272    0.062683   -0.201058
    0.488161    0.058882   -0.203603
    0.496053    0.054968   -0.206168
    0.503947    0.050944   -0.208753
    0.511839    0.046810   -0.211360
    0.519729    0.042568   -0.213987
    0.527613    0.038220   -0.216634
    0.535491    0.033767   -0.219301
    0.543360    0.029211   -0.221987
    0.551217    0.024555   -0.224693
    0.559063    0.019799   -0.227418
    0.566893    0.014947   -0.230162
    0.574707    0.010001   -0.232924
    0.582502    0.004962   -0.235704
    0.590277   -0.000167   -0.238501
    0.598029   -0.005383   -0.241314
    0.605757   -0.010684   -0.244144
    0.613458   -0.016067   -0.246989
    0.621131   -0.021530   -0.249849
    0.628774   -0.027069   -0.252723
    0.636385   -0.032682   -0.255611
    0.643962   -0.038366   -0.258511
    0.651503   -0.044118   -0.261423
    0.659006   -0.049935   -0.264346
    0.666469   -0.055813   -0.267280
    0.673891   -0.061750   -0.270222
    0.681270   -0.067742   -0.273173
    0.688604   -0.073785   -0.276131
    0.695890   -0.079877   -0.279096
    0.703128   -0.086014   -0.282066
    0.710315   -0.092192   -0.285040
    0.717450   -0.098408   -0.288017
    0.724530   -0.104659   -0.290996
    0.731555   -0.110940   -0.293976
    0.738522   -0.117248   -0.296956
    0.745429   -0.123579   -0.299935
    0.752275   -0.129930   -0.302910
    0.759059   -0.136296   -0.305882
    0.765777   -0.142675   -0.308849
    0.772430   -0.149061   -0.311809
    0.779015   -0.155452   -0.314762
    0.785530   -0.161843   -0.317705
    0.791974   -0.168230   -0.320638
    0.798345   -0.174610   -0.323549
    0.804642   -0.180978   -0.326459
    0.810863   -0.187331   -0.329354
    0.817006   -0.193665   -0.332234
    0.823070   -0.199976   -0.335096
    0.829054   -0.206259   -0.337939
    0.834956   -0.212513   -0.340763
    0.840775   -0.218759   -0.343565
    0.846508   -0.224938   -0.346344
    0.852155   -0.231075   -0.349099
    0.857715   -0.237165   -0.351828
    0.863185   -0.243204   -0.354530
    0.868565   -0.249189   -0.357203
    0.873852   -0.255115   -0.359846
    0.879047   -0.260979   -0.362458
    0.884147   -0.266777   -0.365037
    0.889152   -0.272505   -0.367581
    0.894059   -0.278160   -0.370084
    0.898869   -0.283738   -0.372557
    0.903579   -0.289235   -0.374992
    0.908188   -0.294648   -0.377386
    0.912695   -0.299973   -0.379740
    0.917100   -0.305207   -0.382051
    0.921401   -0.310346   -0.384318
    0.925597   -0.315388   -0.386540
    0.929686   -0.320341   -0.388716
    0.933669   -0.325176   -0.390843
    0.937544   -0.329904   -0.392922
    0.941309   -0.334520   -0.394951
    0.944965   -0.339023   -0.396928
    0.948509   -0.343408   -0.398852
    0.951942   -0.347673   -0.400723
    0.955262   -0.351815   -0.402539
    0.958469   -0.355832   -0.404300
    0.961561   -0.359721   -0.406003
    0.964539   -0.363478   -0.407648
    0.967400   -0.367103   -0.409234
    0.970146   -0.370591   -0.410760
    0.972774   -0.373942   -0.412225
    0.975284   -0.377152   -0.413628
    0.977675   -0.380219   -0.414968
    0.979948   -0.383142   -0.416245
    0.982101   -0.385919   -0.417430
    0.984134   -0.388547   -0.418410
    0.986046   -0.391025   -0.419147
    0.987838   -0.393350   -0.419699
    0.989507   -0.395523   -0.420105
    0.991055   -0.397540   -0.420390
    0.992480   -0.399401   -0.420564
    0.993782   -0.401104   -0.420638
    0.994962   -0.402659   -0.420615
    0.996018   -0.404116   -0.420494
    0.996950   -0.405662   -0.420275
    0.997759   -0.407234   -0.419953
    0.998443   -0.408804   -0.419554
    0.999003   -0.410341   -0.419018
    0.999439   -0.411816   -0.418317
    0.999751   -0.413207   -0.417524
    0.999938   -0.414508   -0.416577
    1.000000   -0.415967   -0.415967
  BLADE PROFILES IN CARTESIAN COORDINATES (3D) 
  VARIABLES = "X", "YSS", "YPS" "R" 
  BLADE           2  SECTION           1
   29.156170   -5.209420   -5.209420  275.380219
   30.685612   -5.035929   -5.035929  275.175934
   32.058979   -4.880816   -4.880816  275.010529
   33.292141   -4.742098   -4.742098  274.877899
   34.400738   -4.618220   -4.618220  274.784729
   35.396183   -4.507406   -4.507406  274.714386
   36.288727   -4.408082   -4.408082  274.651550
   37.088951   -4.319051   -4.319051  274.595215
   37.806396   -4.239242   -4.239242  274.544495
   38.449570   -4.167692   -4.167692  274.498352
   39.026173   -4.103545   -4.103545  274.456512
   39.543095   -4.046036   -4.046036  274.418610
   40.006531   -3.994482   -3.994482  274.384460
   40.422016   -3.948262   -3.948262  274.353668
   40.794495   -3.906825   -3.906825  274.325806
   41.128429   -3.869676   -3.869676  274.300720
   41.427818   -3.836370   -3.836370  274.278137
   41.696220   -3.806513   -3.806513  274.257751
   41.936859   -3.779743   -3.779743  274.239380
   42.152592   -3.755743   -3.755743  274.222870
   42.346001   -3.734226   -3.734226  274.208008
   42.539017   -2.619848   -4.793699  274.190033
   42.740799   -2.126674   -5.232052  274.170990
   42.952141   -1.796457   -5.599379  274.150604
   43.173862   -1.553740   -5.894786  274.128937
   43.406734   -1.334237   -6.119282  274.105682
   43.651588   -1.119554   -6.298956  274.080750
   43.909237   -0.908162   -6.468779  274.054077
   44.180454   -0.699148   -6.636889  274.025513
   44.466042   -0.491977   -6.804174  273.994720
   44.766811   -0.286367   -6.971311  273.961700
   45.083549   -0.080260   -7.138837  273.926208
   45.417068    0.121874   -7.305764  273.888000
   45.768147    0.321850   -7.474933  273.846924
   46.137573    0.519508   -7.645686  273.802673
   46.525982    0.714231   -7.818103  273.755249
   46.933414    0.905087   -7.992134  273.704315
   47.360832    1.091462   -8.168112  273.649658
   47.809265    1.274141   -8.345707  273.591095
   48.279881    1.449830   -8.526033  273.528076
   48.773941    1.617350   -8.709867  273.460480
   49.292866    1.776919   -8.897243  273.387787
   49.837841    1.927241   -9.088544  273.309631
   50.409897    2.066817   -9.283254  273.225586
   51.010937    2.196378   -9.483531  273.135284
   51.643051    2.308585   -9.689455  273.038116
   52.308578    2.404619   -9.901786  272.933350
   53.010120    2.482250  -10.120994  272.820282
   53.750450    2.540189  -10.349043  272.698334
   54.538517    2.572681  -10.588439  272.565430
   55.385597    2.574596  -10.842540  272.419250
   56.292553    2.541933  -11.112530  272.259125
   57.258652    2.471738  -11.398476  272.084656
   58.281452    2.350195  -11.700485  271.895905
   59.357014    2.176811  -12.018498  271.692963
   60.479671    1.947314  -12.351972  271.476837
   61.631290    1.663279  -12.697095  271.250977
   62.793411    1.321777  -13.049127  271.019165
   63.959843    0.928671  -13.407350  270.783020
   65.125542    0.486227  -13.771071  270.543823
   66.286621    0.000000  -14.140455  270.302948
   67.440346   -0.534699  -14.514181  270.061310
   68.585144   -1.110954  -14.892606  269.819855
   69.728828   -1.731627  -15.278754  269.577209
   70.876587   -2.399170  -15.674923  269.332733
   72.027542   -3.112983  -16.081352  269.087036
   73.180267   -3.871942  -16.498030  268.840820
   74.332649   -4.674305  -16.924623  268.594818
   75.482155   -5.517606  -17.360514  268.350037
   76.625572   -6.398550  -17.804688  268.107666
   77.752754   -7.307684  -18.253206  267.870056
   78.857407   -8.237448  -18.703285  267.638916
   79.936539   -9.182473  -19.153255  267.415100
   80.987747  -10.137656  -19.601576  267.199402
   82.009193  -11.098230  -20.046827  266.992096
   82.999619  -12.059911  -20.487766  266.793640
   83.958313  -13.018989  -20.922829  266.604034
   84.888802  -13.976175  -21.354172  266.422821
   85.792007  -14.929939  -21.780910  266.249603
   86.667923  -15.879694  -22.202383  266.084320
   87.516525  -16.819887  -22.617970  265.927032
   88.337807  -17.749865  -23.027063  265.777527
   89.131783  -18.667559  -23.428701  265.635681
   89.898384  -19.570972  -23.823154  265.501373
   90.637611  -20.458389  -24.209257  265.374451
   91.349457  -21.328293  -24.586452  265.254639
   92.033897  -22.177784  -24.954147  265.141968
   92.690895  -23.005812  -25.311813  265.036011
   93.320419  -23.810766  -25.658865  264.936737
   93.922470  -24.591141  -25.921970  264.843719
   94.496979  -25.699903  -25.700289  264.757019
   95.076714  -26.246002  -26.246193  264.708344
   95.702660  -26.835333  -26.835333  264.656982
   96.378510  -27.471535  -27.471535  264.602722
   97.108299  -28.158371  -28.158371  264.545715
   97.896278  -28.899841  -28.899841  264.485779
   98.747108  -29.700329  -29.700329  264.423035
   99.665863  -30.564541  -30.564541  264.357574
  100.657898  -31.497549  -31.497549  264.289520
  101.729126  -32.504875  -32.504875  264.219025
  102.885841  -33.592442  -33.592442  264.146362
  104.134888  -34.766701  -34.766701  264.071777
  105.483627  -36.034569  -36.034569  263.995636
  106.940079  -37.403603  -37.403603  263.918701
  108.512749  -38.881905  -38.881905  263.841400
  110.210968  -40.478306  -40.478306  263.764496
  112.044762  -42.202328  -42.202328  263.688934
  114.024849  -44.064301  -44.064301  263.615753
  116.162918  -46.075401  -46.075401  263.546204
  118.471466  -48.247765  -48.247765  263.481628
  120.964050  -50.594536  -50.594536  263.423615
  BLADE PROFILES IN CARTESIAN COORDINATES (2D) BEFORE   PROJECTION, SCALING, MESHING AND STACKING 
  VARIABLES = "X", "YSS", "YPS" 
  BLADE           2  SECTION           2
    0.000000    0.000593    0.000593
    0.000062    0.004401   -0.001032
    0.000249    0.006533   -0.004120
    0.000561    0.008516   -0.007602
    0.000997    0.010705   -0.011514
    0.001557    0.012937   -0.014986
    0.002241    0.015247   -0.018388
    0.003050    0.017631   -0.021733
    0.003982    0.020144   -0.025040
    0.005038    0.022825   -0.028265
    0.006218    0.025597   -0.031360
    0.007520    0.028421   -0.034279
    0.008945    0.031251   -0.036988
    0.010493    0.034048   -0.039472
    0.012162    0.036772   -0.041744
    0.013954    0.039381   -0.043856
    0.015866    0.041825   -0.045908
    0.017899    0.044085   -0.047996
    0.020052    0.046153   -0.050138
    0.022325    0.048041   -0.052330
    0.024716    0.049811   -0.054572
    0.027226    0.051552   -0.056859
    0.029854    0.053293   -0.059190
    0.032600    0.055034   -0.061563
    0.035461    0.056771   -0.063975
    0.038439    0.058502   -0.066426
    0.041531    0.060222   -0.068912
    0.044738    0.061927   -0.071433
    0.048058    0.063614   -0.073987
    0.051491    0.065280   -0.076572
    0.055036    0.066921   -0.079188
    0.058691    0.068535   -0.081832
    0.062456    0.070116   -0.084500
    0.066331    0.071663   -0.087172
    0.070314    0.073172   -0.089894
    0.074403    0.074643   -0.092640
    0.078599    0.076104   -0.095410
    0.082900    0.077474   -0.098204
    0.087305    0.078792   -0.101019
    0.091812    0.080056   -0.103856
    0.096421    0.081263   -0.106713
    0.101131    0.082410   -0.109591
    0.105941    0.083494   -0.112488
    0.110848    0.084513   -0.115382
    0.115853    0.085462   -0.118315
    0.120953    0.086341   -0.121266
    0.126148    0.087145   -0.124235
    0.131435    0.087872   -0.127221
    0.136815    0.088522   -0.130225
    0.142285    0.089127   -0.133245
    0.147845    0.089600   -0.136283
    0.153492    0.089984   -0.139337
    0.159225    0.090278   -0.142406
    0.165044    0.090480   -0.145476
    0.170946    0.090588   -0.148578
    0.176930    0.090599   -0.151695
    0.182994    0.090511   -0.154829
    0.189138    0.090322   -0.157978
    0.195358    0.090029   -0.161144
    0.201655    0.089637   -0.164326
    0.208026    0.089179   -0.167524
    0.214470    0.088556   -0.170738
    0.220986    0.087822   -0.173958
    0.227570    0.086975   -0.177203
    0.234223    0.086013   -0.180466
    0.240941    0.084936   -0.183744
    0.247725    0.083742   -0.187040
    0.254571    0.082430   -0.190352
    0.261478    0.080997   -0.193681
    0.268445    0.079443   -0.197027
    0.275470    0.077767   -0.200390
    0.282550    0.075968   -0.203770
    0.289685    0.074046   -0.207164
    0.296872    0.072045   -0.210579
    0.304110    0.069863   -0.214011
    0.311396    0.067552   -0.217462
    0.318730    0.065114   -0.220930
    0.326109    0.062548   -0.224416
    0.333531    0.059854   -0.227920
    0.340994    0.057032   -0.231442
    0.348497    0.054081   -0.234982
    0.356038    0.051001   -0.238541
    0.363615    0.047792   -0.242117
    0.371226    0.044454   -0.245712
    0.378869    0.040987   -0.249325
    0.386542    0.037392   -0.252956
    0.394243    0.033669   -0.256605
    0.401971    0.029818   -0.260273
    0.409723    0.025840   -0.263962
    0.417498    0.021739   -0.267666
    0.425293    0.017563   -0.271388
    0.433107    0.013205   -0.275127
    0.440937    0.008723   -0.278884
    0.448783    0.004117   -0.282658
    0.456641   -0.000610   -0.286450
    0.464509   -0.005456   -0.290258
    0.472387   -0.010422   -0.294083
    0.480272   -0.015504   -0.297924
    0.488161   -0.020702   -0.301780
    0.496053   -0.026014   -0.305653
    0.503947   -0.031439   -0.309540
    0.511839   -0.036973   -0.313442
    0.519729   -0.042616   -0.317358
    0.527613   -0.048365   -0.321288
    0.535491   -0.054217   -0.325232
    0.543360   -0.060172   -0.329188
    0.551217   -0.066226   -0.333155
    0.559063   -0.072378   -0.337135
    0.566893   -0.078623   -0.341125
    0.574707   -0.084961   -0.345125
    0.582502   -0.091388   -0.349135
    0.590277   -0.097901   -0.353153
    0.598029   -0.104498   -0.357179
    0.605757   -0.111176   -0.361211
    0.613458   -0.117931   -0.365250
    0.621131   -0.124760   -0.369285
    0.628774   -0.131661   -0.373333
    0.636385   -0.138630   -0.377386
    0.643962   -0.145664   -0.381442
    0.651503   -0.152761   -0.385499
    0.659006   -0.159963   -0.389556
    0.666469   -0.167173   -0.393613
    0.673891   -0.174434   -0.397668
    0.681270   -0.181742   -0.401720
    0.688604   -0.189094   -0.405768
    0.695890   -0.196485   -0.409812
    0.703128   -0.203913   -0.413849
    0.710315   -0.211373   -0.417878
    0.717450   -0.218862   -0.421898
    0.724530   -0.226374   -0.425909
    0.731555   -0.233908   -0.429908
    0.738522   -0.241457   -0.433894
    0.745429   -0.249020   -0.437867
    0.752275   -0.256590   -0.441824
    0.759059   -0.264165   -0.445764
    0.765777   -0.271740   -0.449677
    0.772430   -0.279311   -0.453582
    0.779015   -0.286875   -0.457465
    0.785530   -0.294425   -0.461327
    0.791974   -0.301962   -0.465164
    0.798345   -0.309510   -0.468977
    0.804642   -0.317001   -0.472762
    0.810863   -0.324464   -0.476520
    0.817006   -0.331892   -0.480248
    0.823070   -0.339284   -0.483944
    0.829054   -0.346633   -0.487608
    0.834956   -0.353936   -0.491239
    0.840775   -0.361190   -0.494833
    0.846508   -0.368389   -0.498390
    0.852155   -0.375529   -0.501902
    0.857715   -0.382607   -0.505382
    0.863185   -0.389618   -0.508821
    0.868565   -0.396558   -0.512216
    0.873852   -0.403423   -0.515567
    0.879047   -0.410212   -0.518872
    0.884147   -0.416937   -0.522130
    0.889152   -0.423555   -0.525338
    0.894059   -0.430083   -0.528496
    0.898869   -0.436515   -0.531603
    0.903579   -0.442849   -0.534656
    0.908188   -0.449080   -0.537654
    0.912695   -0.455206   -0.540596
    0.917100   -0.461221   -0.543481
    0.921401   -0.467124   -0.546307
    0.925597   -0.472909   -0.549068
    0.929686   -0.478574   -0.551773
    0.933669   -0.484115   -0.554416
    0.937544   -0.489530   -0.556994
    0.941309   -0.494813   -0.559506
    0.944965   -0.499964   -0.561953
    0.948509   -0.504988   -0.564331
    0.951942   -0.509862   -0.566641
    0.955262   -0.514592   -0.568880
    0.958469   -0.519177   -0.571048
    0.961561   -0.523614   -0.573144
    0.964539   -0.527899   -0.575166
    0.967400   -0.532030   -0.577115
    0.970146   -0.536005   -0.578987
    0.972774   -0.539820   -0.580784
    0.975284   -0.543475   -0.582503
    0.977675   -0.546966   -0.584144
    0.979948   -0.550291   -0.585706
    0.982101   -0.553448   -0.587137
    0.984134   -0.556436   -0.588289
    0.986046   -0.559252   -0.589195
    0.987838   -0.561894   -0.589911
    0.989507   -0.564362   -0.590473
    0.991055   -0.566653   -0.590900
    0.992480   -0.568766   -0.591204
    0.993782   -0.570698   -0.591392
    0.994962   -0.572452   -0.591465
    0.996018   -0.574094   -0.591425
    0.996950   -0.575755   -0.591267
    0.997759   -0.577443   -0.590987
    0.998443   -0.579133   -0.590628
    0.999003   -0.580791   -0.590102
    0.999439   -0.582385   -0.589360
    0.999751   -0.583892   -0.588533
    0.999938   -0.585309   -0.587546
    1.000000   -0.586080   -0.586080
  BLADE PROFILES IN CARTESIAN COORDINATES (3D) 
  VARIABLES = "X", "YSS", "YPS" "R" 
  BLADE           2  SECTION           2
   30.771231    1.015447    1.015447  298.805267
   32.230778    0.895198    0.895198  298.804871
   33.539337    0.787387    0.787387  298.804108
   34.712540    0.690727    0.690727  298.802795
   35.764381    0.604062    0.604062  298.799622
   36.707417    0.526363    0.526363  298.797424
   37.552895    0.456704    0.456704  298.795990
   38.310925    0.394251    0.394251  298.795258
   38.990540    0.338260    0.338260  298.795074
   39.599842    0.288061    0.288061  298.795441
   40.146126    0.243055    0.243055  298.796051
   40.635895    0.202704    0.202704  298.796844
   41.074997    0.166528    0.166528  298.797699
   41.468685    0.134094    0.134094  298.798584
   41.821644    0.105015    0.105015  298.799500
   42.138100    0.078944    0.078944  298.800446
   42.421799    0.055569    0.055569  298.801300
   42.676174    0.034613    0.034613  298.802155
   42.904228    0.015824    0.015824  298.802948
   43.108685   -0.001021   -0.001021  298.803680
   43.291996   -0.016124   -0.016124  298.804108
   43.475311    1.036903   -1.129332  298.804382
   43.666977    1.490353   -1.642962  298.804688
   43.867767    1.859369   -1.977017  298.804962
   44.078461    2.155329   -2.220312  298.805237
   44.299816    2.385026   -2.444120  298.805542
   44.532600    2.567039   -2.665240  298.805786
   44.777596    2.733233   -2.885598  298.806061
   45.035568    2.894333   -3.106579  298.806335
   45.307278    3.050967   -3.329221  298.806610
   45.593510    3.203302   -3.554330  298.806824
   45.895020    3.351292   -3.782570  298.807129
   46.212597    3.494717   -4.014492  298.807312
   46.546993    3.633208   -4.249426  298.807587
   46.898983    3.766230   -4.489419  298.807800
   47.269169    3.895344   -4.734623  298.808044
   47.657639    4.014588   -4.984563  298.808228
   48.065277    4.126118   -5.239691  298.808380
   48.493137    4.229023   -5.500558  298.808441
   48.942322    4.322358   -5.766269  298.808533
   49.414070    4.405036   -6.039887  298.808472
   49.909733    4.475799   -6.320844  298.808563
   50.430519    4.535366   -6.609723  298.808411
   50.977413    4.576994   -6.906938  298.808228
   51.552242    4.601819   -7.212504  298.808136
   52.157063    4.607871   -7.528949  298.807800
   52.794155    4.592823   -7.856724  298.807312
   53.466003    4.554782   -8.197040  298.806976
   54.175365    4.490195   -8.551000  298.806244
   54.930813    4.391986   -8.922963  298.805634
   55.743240    4.256233   -9.318686  298.804626
   56.613525    4.077182   -9.738338  298.803619
   57.541027    3.849093  -10.181773  298.802277
   58.523483    3.569032  -10.648366  298.800751
   59.557148    3.226763  -11.137304  298.799103
   60.636589    2.822359  -11.646812  298.797363
   61.744408    2.358601  -12.169716  298.795044
   62.862785    1.841373  -12.698787  298.792877
   63.985779    1.273345  -13.232442  298.790436
   65.108444    0.660578  -13.768967  298.788055
   66.227028    0.000000  -14.307500  298.785461
   67.338776   -0.701927  -14.847433  298.782928
   68.442192   -1.442665  -15.388576  298.780304
   69.544685   -2.226078  -15.935134  298.777435
   70.651276   -3.055334  -16.490149  298.774780
   71.761040   -3.929672  -17.053753  298.771912
   72.872505   -4.847753  -17.625750  298.769073
   73.983681   -5.807539  -18.205534  298.766205
   75.092033   -6.806211  -18.791746  298.763428
   76.194389   -7.841970  -19.384027  298.760681
   77.280952   -8.901212  -19.976633  298.757965
   78.345604   -9.975990  -20.566086  298.755280
   79.385445  -11.061244  -21.150471  298.752777
   80.398148  -12.151650  -21.728069  298.750427
   81.381912  -13.242330  -22.297256  298.748199
   82.335510  -14.328931  -22.856810  298.746094
   83.258270  -15.409550  -23.406267  298.744080
   84.153595  -16.482336  -23.946619  298.742310
   85.022316  -17.547165  -24.477884  298.740601
   85.864487  -18.601854  -24.999298  298.738983
   86.680107  -19.644232  -25.510874  298.737488
   87.469147  -20.672987  -26.011948  298.736145
   88.231613  -21.685175  -26.501822  298.734924
   88.967514  -22.678595  -26.979996  298.733887
   89.676872  -23.651812  -27.445728  298.732819
   90.359634  -24.603088  -27.899088  298.731964
   91.015846  -25.531311  -28.339211  298.731201
   91.645470  -26.433727  -28.765612  298.730469
   92.248550  -27.309309  -29.177813  298.729858
   92.825058  -28.156622  -29.492798  298.729340
   93.375000  -29.280325  -29.280718  298.729248
   93.924934  -29.883673  -29.883869  298.730499
   94.518608  -30.534819  -30.534819  298.731873
   95.159523  -31.237762  -31.237762  298.733337
   95.851410  -31.996637  -31.996637  298.734955
   96.598358  -32.815887  -32.815887  298.736725
   97.404709  -33.700321  -33.700321  298.738647
   98.275230  -34.655117  -34.655117  298.740784
   99.214981  -35.685875  -35.685875  298.743134
  100.229500  -36.798656  -36.798656  298.745667
  101.324722  -37.999966  -37.999966  298.748383
  102.507072  -39.296852  -39.296852  298.751282
  103.783478  -40.696922  -40.696922  298.754547
  105.161415  -42.208393  -42.208393  298.757996
  106.648994  -43.840115  -43.840115  298.761688
  108.254898  -45.601669  -45.601669  298.765625
  109.988541  -47.503357  -47.503357  298.769806
  111.860123  -49.556339  -49.556339  298.774170
  113.880608  -51.772652  -51.772652  298.778687
  116.061775  -54.165253  -54.165253  298.783295
  118.416504  -56.748158  -56.748158  298.787872
  BLADE PROFILES IN CARTESIAN COORDINATES (2D) BEFORE   PROJECTION, SCALING, MESHING AND STACKING 
  VARIABLES = "X", "YSS", "YPS" 
  BLADE           2  SECTION           3
    0.000000   -0.006963   -0.006963
    0.000062   -0.003313   -0.013158
    0.000249    0.000836   -0.018742
    0.000561    0.004712   -0.022640
    0.000997    0.008188   -0.025538
    0.001557    0.011286   -0.028328
    0.002241    0.014109   -0.030999
    0.003050    0.016676   -0.033552
    0.003982    0.019224   -0.035979
    0.005038    0.021726   -0.038213
    0.006218    0.024206   -0.040277
    0.007520    0.026696   -0.042321
    0.008945    0.029200   -0.044418
    0.010493    0.031734   -0.046608
    0.012162    0.034274   -0.048896
    0.013954    0.036848   -0.051279
    0.015866    0.039413   -0.053751
    0.017899    0.041957   -0.056307
    0.020052    0.044432   -0.058944
    0.022325    0.046751   -0.061658
    0.024716    0.048946   -0.064446
    0.027226    0.050950   -0.067305
    0.029854    0.052735   -0.070232
    0.032600    0.054306   -0.073224
    0.035461    0.055715   -0.076279
    0.038439    0.057060   -0.079394
    0.041531    0.058372   -0.082568
    0.044738    0.059652   -0.085798
    0.048058    0.060895   -0.089071
    0.051491    0.062097   -0.092390
    0.055036    0.063256   -0.095777
    0.058691    0.064367   -0.099214
    0.062456    0.065428   -0.102698
    0.066331    0.066436   -0.106228
    0.070314    0.067386   -0.109802
    0.074403    0.068276   -0.113419
    0.078599    0.069103   -0.117077
    0.082900    0.069863   -0.120776
    0.087305    0.070554   -0.124512
    0.091812    0.071172   -0.128285
    0.096421    0.071715   -0.132095
    0.101131    0.072180   -0.135935
    0.105941    0.072575   -0.139799
    0.110848    0.072909   -0.143715
    0.115853    0.073122   -0.147663
    0.120953    0.073245   -0.151645
    0.126148    0.073276   -0.155658
    0.131435    0.073209   -0.159702
    0.136815    0.073042   -0.163776
    0.142285    0.072774   -0.167879
    0.147845    0.072405   -0.172012
    0.153492    0.071931   -0.176170
    0.159225    0.071350   -0.180353
    0.165044    0.070660   -0.184552
    0.170946    0.069859   -0.188793
    0.176930    0.068944   -0.193060
    0.182994    0.067914   -0.197354
    0.189138    0.066767   -0.201672
    0.195358    0.065501   -0.206016
    0.201655    0.064114   -0.210384
    0.208026    0.062615   -0.214777
    0.214470    0.061025   -0.219193
    0.220986    0.059265   -0.223634
    0.227570    0.057379   -0.228097
    0.234223    0.055361   -0.232583
    0.240941    0.053210   -0.237091
    0.247725    0.050927   -0.241620
    0.254571    0.048512   -0.246165
    0.261478    0.045965   -0.250740
    0.268445    0.043282   -0.255338
    0.275470    0.040465   -0.259956
    0.282550    0.037512   -0.264596
    0.289685    0.034423   -0.269257
    0.296872    0.031196   -0.273939
    0.304110    0.027832   -0.278641
    0.311396    0.024330   -0.283364
    0.318730    0.020690   -0.288106
    0.326109    0.016911   -0.292868
    0.333531    0.012994   -0.297650
    0.340994    0.008939   -0.302450
    0.348497    0.004745   -0.307270
    0.356038    0.000413   -0.312108
    0.363615   -0.004057   -0.316965
    0.371226   -0.008664   -0.321839
    0.378869   -0.013408   -0.326731
    0.386542   -0.018288   -0.331640
    0.394243   -0.023304   -0.336567
    0.401971   -0.028454   -0.341509
    0.409723   -0.033738   -0.346468
    0.417498   -0.039155   -0.351443
    0.425293   -0.044703   -0.356433
    0.433107   -0.050381   -0.361438
    0.440937   -0.056188   -0.366457
    0.448783   -0.062123   -0.371490
    0.456641   -0.068183   -0.376536
    0.464509   -0.074367   -0.381596
    0.472387   -0.080674   -0.386667
    0.480272   -0.087101   -0.391750
    0.488161   -0.093647   -0.396844
    0.496053   -0.100309   -0.401948
    0.503947   -0.107085   -0.407062
    0.511839   -0.113973   -0.412185
    0.519729   -0.120971   -0.417317
    0.527613   -0.128075   -0.422456
    0.535491   -0.135285   -0.427601
    0.543360   -0.142596   -0.432752
    0.551217   -0.150006   -0.437909
    0.559063   -0.157513   -0.443070
    0.566893   -0.165113   -0.448233
    0.574707   -0.172803   -0.453400
    0.582502   -0.180581   -0.458568
    0.590277   -0.188443   -0.463736
    0.598029   -0.196386   -0.468903
    0.605757   -0.204406   -0.474069
    0.613458   -0.212501   -0.479225
    0.621131   -0.220666   -0.484385
    0.628774   -0.228899   -0.489540
    0.636385   -0.237197   -0.494690
    0.643962   -0.245562   -0.499833
    0.651503   -0.254022   -0.504968
    0.659006   -0.262491   -0.510092
    0.666469   -0.271008   -0.515207
    0.673891   -0.279569   -0.520309
    0.681270   -0.288171   -0.525398
    0.688604   -0.296810   -0.530472
    0.695890   -0.305480   -0.535531
    0.703128   -0.314179   -0.540572
    0.710315   -0.322902   -0.545595
    0.717450   -0.331645   -0.550597
    0.724530   -0.340404   -0.555578
    0.731555   -0.349174   -0.560528
    0.738522   -0.357951   -0.565464
    0.745429   -0.366730   -0.570373
    0.752275   -0.375516   -0.575256
    0.759059   -0.384326   -0.580110
    0.765777   -0.393091   -0.584933
    0.772430   -0.401840   -0.589725
    0.779015   -0.410570   -0.594484
    0.785530   -0.419275   -0.599208
    0.791974   -0.427952   -0.603895
    0.798345   -0.436596   -0.608545
    0.804642   -0.445202   -0.613154
    0.810863   -0.453766   -0.617717
    0.817006   -0.462283   -0.622244
    0.823070   -0.470750   -0.626729
    0.829054   -0.479160   -0.631167
    0.834956   -0.487517   -0.635558
    0.840775   -0.495830   -0.639901
    0.846508   -0.504050   -0.644193
    0.852155   -0.512195   -0.648433
    0.857715   -0.520263   -0.652619
    0.863185   -0.528248   -0.656751
    0.868565   -0.536147   -0.660826
    0.873852   -0.543955   -0.664842
    0.879047   -0.551667   -0.668799
    0.884147   -0.559280   -0.672689
    0.889152   -0.566789   -0.676523
    0.894059   -0.574190   -0.680293
    0.898869   -0.581481   -0.683997
    0.903579   -0.588673   -0.687634
    0.908188   -0.595727   -0.691202
    0.912695   -0.602658   -0.694700
    0.917100   -0.609460   -0.698126
    0.921401   -0.616131   -0.701480
    0.925597   -0.622666   -0.704759
    0.929686   -0.629062   -0.707963
    0.933669   -0.635315   -0.711089
    0.937544   -0.641422   -0.714138
    0.941309   -0.647379   -0.717106
    0.944965   -0.653182   -0.719991
    0.948509   -0.658829   -0.722797
    0.951942   -0.664317   -0.725520
    0.955262   -0.669641   -0.728159
    0.958469   -0.674801   -0.730712
    0.961561   -0.679792   -0.733178
    0.964539   -0.684617   -0.735557
    0.967400   -0.689260   -0.737846
    0.970146   -0.693726   -0.740046
    0.972774   -0.698012   -0.742155
    0.975284   -0.702116   -0.744173
    0.977675   -0.706035   -0.746098
    0.979948   -0.709767   -0.747923
    0.982101   -0.713310   -0.749550
    0.984134   -0.716662   -0.750856
    0.986046   -0.719820   -0.751918
    0.987838   -0.722783   -0.752785
    0.989507   -0.725548   -0.753487
    0.991055   -0.728117   -0.754042
    0.992480   -0.730485   -0.754461
    0.993782   -0.732653   -0.754748
    0.994962   -0.734618   -0.754904
    0.996018   -0.736438   -0.754925
    0.996950   -0.738220   -0.754812
    0.997759   -0.740029   -0.754558
    0.998443   -0.741844   -0.754172
    0.999003   -0.743630   -0.753623
    0.999439   -0.745351   -0.752896
    0.999751   -0.746979   -0.752022
    0.999938   -0.748510   -0.750978
    1.000000   -0.749728   -0.749728
  BLADE PROFILES IN CARTESIAN COORDINATES (3D) 
  VARIABLES = "X", "YSS", "YPS" "R" 
  BLADE           2  SECTION           3
   32.050877    6.055952    6.055952  322.417480
   33.465458    5.688168    5.688168  322.578491
   34.735329    5.358024    5.358024  322.708282
   35.875660    5.061647    5.061647  322.803375
   36.900654    4.795475    4.795475  322.869995
   37.819576    4.556808    4.556808  322.930939
   38.643379    4.342806    4.342806  322.986786
   39.381886    4.150927    4.150927  323.038086
   40.043911    3.978884    3.978884  323.085541
   40.637333    3.824637    3.824637  323.129608
   41.169312    3.686338    3.686338  323.169922
   41.646206    3.562338    3.562338  323.206726
   42.073723    3.451160    3.451160  323.240265
   42.456978    3.351476    3.351476  323.270813
   42.800560    3.262100    3.262100  323.298584
   43.108574    3.181967    3.181967  323.323761
   43.384705    3.110119    3.110119  323.346588
   43.632263    3.045701    3.045701  323.367279
   43.854183    2.987945    2.987945  323.385895
   44.053143    2.936161    2.936161  323.403076
   44.231510    2.889733    2.889733  323.420929
   44.409496    4.228913    1.608291  323.438873
   44.595551    4.632602    1.262467  323.458099
   44.790413    4.957905    0.983011  323.478516
   44.994846    5.247841    0.711842  323.500305
   45.209572    5.507755    0.443873  323.523560
   45.435329    5.727525    0.176313  323.548523
   45.672867    5.905126   -0.092763  323.575104
   45.922913    6.042348   -0.364789  323.603638
   46.186211    6.161450   -0.640868  323.634338
   46.463501    6.273708   -0.921752  323.667206
   46.755493    6.379217   -1.207152  323.702576
   47.062935    6.477624   -1.500310  323.740601
   47.386578    6.568439   -1.800323  323.781372
   47.727123    6.651034   -2.107735  323.825104
   48.085129    6.724640   -2.422845  323.872162
   48.460682    6.788313   -2.745458  323.922638
   48.854633    6.841185   -3.076022  323.976624
   49.267952    6.882501   -3.414509  324.034637
   49.701675    6.912829   -3.762927  324.096741
   50.157001    6.926742   -4.121819  324.163452
   50.635204    6.924887   -4.491630  324.235138
   51.137405    6.905339   -4.872999  324.312134
   51.664547    6.866691   -5.266303  324.394684
   52.218346    6.806904   -5.671837  324.483398
   52.800785    6.723645   -6.092662  324.578796
   53.413963    6.614222   -6.529286  324.681702
   54.060284    6.475586   -6.983222  324.792389
   54.742298    6.306880   -7.456131  324.911896
   55.468262    6.096747   -7.953532  325.042206
   56.248539    5.839779   -8.482091  325.185181
   57.083927    5.530479   -9.042241  325.341797
   57.973736    5.163275   -9.634079  325.512299
   58.915707    4.733190  -10.256056  325.696930
   59.906200    4.236251  -10.906241  325.895172
   60.939991    3.669844  -11.582016  326.106018
   62.000362    3.039365  -12.273400  326.326538
   63.070377    2.353389  -12.970460  326.552704
   64.144295    1.615611  -13.670559  326.783386
   65.217461    0.829894  -14.371663  327.016846
   66.286301    0.000000  -15.072331  327.251892
   67.348328   -0.870658  -15.771672  327.487823
   68.402100   -1.779256  -16.469395  327.723633
   69.454788   -2.730779  -17.170843  327.960602
   70.511223   -3.729131  -17.879801  328.199677
   71.570511   -4.773401  -18.596325  328.439972
   72.631371   -5.862027  -19.320053  328.681030
   73.691948   -6.992647  -20.049820  328.921936
   74.749840   -8.162131  -20.785120  329.161926
   75.802055   -9.369205  -21.523918  329.399811
   76.839325  -10.595979  -22.259710  329.633118
   77.855873  -11.835853  -22.988298  329.860382
   78.848907  -13.082605  -23.707479  330.080627
   79.816231  -14.330504  -24.414982  330.293457
   80.756142  -15.576824  -25.110041  330.498047
   81.667511  -16.812540  -25.790785  330.694244
   82.549683  -18.035875  -26.456228  330.881897
   83.405914  -19.248526  -27.107954  331.061676
   84.237030  -20.449377  -27.747082  331.233765
   85.043007  -21.637606  -28.372555  331.398193
   85.823883  -22.808012  -28.983923  331.555023
   86.579628  -23.959845  -29.580530  331.704407
   87.310226  -25.091108  -30.162310  331.846375
   88.015663  -26.200939  -30.728666  331.981079
   88.695915  -27.285439  -31.279028  332.108673
   89.350975  -28.343746  -31.812950  332.229340
   89.980812  -29.374186  -32.329880  332.343170
   90.585403  -30.375582  -32.829666  332.450378
   91.164719  -31.345457  -33.311680  332.551208
   91.718781  -32.282722  -33.679176  332.645691
   92.247490  -33.513397  -33.513821  332.719177
   92.782021  -34.186920  -34.187134  332.767242
   93.359169  -34.913788  -34.913788  332.818146
   93.982368  -35.698483  -35.698483  332.871796
   94.655281  -36.545597  -36.545597  332.928345
   95.381912  -37.460075  -37.460075  332.987823
   96.166534  -38.447273  -38.447273  333.050140
   97.013794  -39.512970  -39.512970  333.115265
   97.928673  -40.663380  -40.663380  333.183075
   98.916634  -41.905228  -41.905228  333.253510
   99.983475  -43.245750  -43.245750  333.326324
  101.135567  -44.692764  -44.692764  333.401154
  102.379654  -46.254704  -46.254704  333.477783
  103.723129  -47.940613  -47.940613  333.555725
  105.173935  -49.760311  -49.760311  333.634399
  106.740654  -51.724316  -51.724316  333.713196
  108.432503  -53.844009  -53.844009  333.791321
  110.259468  -56.131615  -56.131615  333.867828
  112.232361  -58.600334  -58.600334  333.941772
  114.362679  -61.264328  -61.264328  334.011902
  116.662971  -64.138885  -64.138885  334.076935
