 DATA SET FOR "multall" . GENERATED BY "stagen" .                       
    CP   and   GAMMA 
  -10.0000    1.0000
287.0491            1.4492              
       ITIMST 
         3
     CFL,    DAMP,    MACHLIM,    F_PDOWN 
  0.400000 10.000000  2.000000  0.000000
  IF_RESTART 
         0
  NSTEPS_MAX, CONLIM 
     10000  0.000150
   SFX,      SFT,      FAC_4TH,     NCHANGE 
  0.005000  0.005000  0.800000      1000
       NUMBER OF BLADE ROWS 
         2
        IM        KM 
        37        37
  FP(I),I=1,IMM1 
  1.000000  1.250000  1.562500  1.953125  2.441406  3.051758  3.814697  4.768372
  5.960464  7.450581  9.313226 11.641532 14.551915 18.189894 20.000000 20.000000
 20.000000 20.000000 20.000000 20.000000 20.000000 20.000000 18.189894 14.551915
 11.641532  9.313226  7.450581  5.960464  4.768372  3.814697  3.051758  2.441406
  1.953125  1.562500  1.250000  1.000000
  FR(K),K=1,KMM1 
  1.000000  1.250000  1.562500  1.953125  2.441406  3.051758  3.814697  4.768372
  5.960464  7.450581  9.313226 11.641532 14.551915 18.189894 20.000000 20.000000
 20.000000 20.000000 20.000000 20.000000 20.000000 20.000000 18.189894 14.551915
 11.641532  9.313226  7.450581  5.960464  4.768372  3.814697  3.051758  2.441406
  1.953125  1.562500  1.250000  1.000000
        IR        JR        KR        IRBB      JRBB      KRBB 
         3         3         3         9         9         9
   FBLK1,     FBLK2,     FBLK3  
  0.400000  0.200000  0.100000
       IFMIX 
         1
   RFMIX,    FEXTRAP,   FSMTHB,    FANGLE 
  0.025000  0.800000  1.000000  0.800000
      IFCOOL    IFBLEED    IF_ROUGH 
         0         0         0
       NSECS_IN 
         3
       IN_PRESS  IN_VTAN   IN_VR    IN_FLOW  IF_REPEAT  RFIN 
         0         0         1         0         0   0.50000
  IPOUT  SFEXIT  NSFEXIT 
    1  0.000000    0
  PLATE_LOSS  THROTTLE_EXIT 
  0.000000  0.000000
        ILOS      NLOS      IBOUND 
       100         5         0
   REYNO,     RF_VIS,   FTRANS, TURBVIS_LIM, PRANDTL, YPLUSWALL
       0.0     0.500     0.000  3000.000       1.0     0.000
   YPLAM      YPTURB 
  5.000000 25.000000
      ISHIFT    NEXTRAP_LE  NEXTRAP_TE 
         2        10        10
  (NSTG(N),N=1,NROWS) 
         1         1
  5  TIME STEPS FOR PRINTOUT 
 10010 10010 10010 10010 10010
  MARKER FOR VARIABLES TO BE SENT TO THE OUTPUT FILE.
 0 0 0 0 0 0 0 0 0 0 0 0 0 0 0 0 0 0 0 0
  STREAM SURFACES ON WHICH RESULTS ARE TO BE SENT TO   THE OUTPUT FILE 
 0 0 0 0 0 0 0 0 0 0 0 0 0 0 0 0 0 0 0 0 0 0 0 0 0 0 0 0 0 0 0 0 0 0 0 0 0
 ***************************************************************
 ************STARTING THE INPUT FOR EACH BLADE ROW**************
  BLADE ROW NUMBER =        1                                           
    NUMBER OF BLADES IN ROW 
        63
        JM        JLE       JTE 
       111        26        96
      KTIPSTART  KTIPEND 
         0         0
       BOUNDARY LAYER TRANSITION POINTS 
         0         0         0         0
  SET NEWGRID= 1 TO GENERATE A NEW GRID WITH DIFFERENT "J" POINTS AND SPACINGS.
         0
   RPMROW,    RPMHUB 
       0.0       0.0
       JROTHS    JROTHE    JROTTS    JROTTE 
         1         1         1         1
   PUPROW    PLEROW   PTEROW    PDROW 
 2751078.8 2751078.8 1731644.6 1731644.6
      NSECS_ROW   INSURF  
         3         0
  IF_CUSP_OUT   IFANGLES 
         1         0
         0         3         0
 ***************************************************************
  ROW NUMBER           1  SECTION NUMBER            1
           0           0           0  IF_DESIGN etc 
   1.00000   0.00000    0
 -0.016424 -0.014479 -0.012746 -0.011201 -0.009823 -0.008596 -0.007501 -0.006526
 -0.005657 -0.004882 -0.004191 -0.003575 -0.003026 -0.002536 -0.002100 -0.001711
 -0.001365 -0.001055 -0.000780 -0.000534 -0.000315 -0.000120  0.000054  0.000209
  0.000348  0.000471  0.000593  0.000721  0.000855  0.000996  0.001143  0.001299
  0.001462  0.001634  0.001815  0.002006  0.002207  0.002419  0.002642  0.002876
  0.003123  0.003381  0.003653  0.003938  0.004237  0.004551  0.004880  0.005227
  0.005590  0.005973  0.006375  0.006798  0.007245  0.007716  0.008218  0.008757
  0.009335  0.009951  0.010603  0.011289  0.012005  0.012740  0.013482  0.014227
  0.014972  0.015714  0.016452  0.017184  0.017916  0.018650  0.019387  0.020126
  0.020864  0.021600  0.022333  0.023056  0.023764  0.024456  0.025131  0.025786
  0.026422  0.027037  0.027635  0.028215  0.028777  0.029322  0.029850  0.030360
  0.030853  0.031328  0.031785  0.032225  0.032648  0.033052  0.033440  0.033809
  0.034180  0.034571  0.034985  0.035423  0.035886  0.036375  0.036892  0.037439
  0.038017  0.038628  0.039273  0.039956  0.040677  0.041440  0.042246
  1.000000  0.000000
 -0.013232 -0.013059 -0.012905 -0.012767 -0.012644 -0.012535 -0.012436 -0.012349
 -0.012270 -0.012201 -0.012138 -0.012083 -0.012033 -0.011989 -0.011949 -0.011914
 -0.011882 -0.011854 -0.011829 -0.011807 -0.011787 -0.011769 -0.011753 -0.011739
 -0.011726 -0.011715 -0.011039 -0.010735 -0.010531 -0.010378 -0.010233 -0.010086
 -0.009936 -0.009781 -0.009623 -0.009459 -0.009290 -0.009116 -0.008937 -0.008751
 -0.008558 -0.008360 -0.008155 -0.007944 -0.007725 -0.007498 -0.007263 -0.007020
 -0.006768 -0.006506 -0.006235 -0.005952 -0.005658 -0.005351 -0.005027 -0.004682
 -0.004317 -0.003931 -0.003527 -0.003105 -0.002667 -0.002222 -0.001774 -0.001327
 -0.000882 -0.000439  0.000000  0.000435  0.000870  0.001307  0.001745  0.002185
  0.002626  0.003067  0.003507  0.003942  0.004370  0.004790  0.005201  0.005602
  0.005993  0.006373  0.006743  0.007105  0.007457  0.007800  0.008133  0.008457
  0.008772  0.009076  0.009370  0.009655  0.009929  0.010067  0.009997  0.009371
  0.009813  0.010281  0.010775  0.011298  0.011850  0.012434  0.013051  0.013703
  0.014392  0.015121  0.015891  0.016705  0.017565  0.018474  0.019434
  1.000000
  0.000000  0.000000  0.000000  0.000000  0.000000  0.000000  0.000000  0.000000
  0.000000  0.000000  0.000000  0.000000  0.000000  0.000000  0.000000  0.000000
  0.000000  0.000000  0.000000  0.000000  0.000000  0.000000  0.000000  0.000000
  0.000000  0.000000  0.001329  0.001915  0.002342  0.002675  0.002962  0.003225
  0.003485  0.003749  0.004016  0.004289  0.004566  0.004848  0.005135  0.005428
  0.005724  0.006023  0.006325  0.006631  0.006941  0.007253  0.007565  0.007879
  0.008193  0.008509  0.008822  0.009133  0.009440  0.009745  0.010045  0.010341
  0.010629  0.010905  0.011160  0.011390  0.011593  0.011757  0.011879  0.011962
  0.012005  0.012009  0.011974  0.011901  0.011792  0.011648  0.011468  0.011252
  0.011002  0.010719  0.010404  0.010062  0.009696  0.009310  0.008905  0.008488
  0.008061  0.007625  0.007182  0.006732  0.006278  0.005823  0.005367  0.004912
  0.004458  0.004010  0.003567  0.003130  0.002702  0.002157  0.001425  0.000000
  0.000000  0.000000  0.000000  0.000000  0.000000  0.000000  0.000000  0.000000
  0.000000  0.000000  0.000000  0.000000  0.000000  0.000000  0.000000
  1.000000  0.000000
  0.281451  0.281399  0.281344  0.281288  0.281231  0.281176  0.281122  0.281070
  0.281022  0.280976  0.280933  0.280893  0.280857  0.280823  0.280792  0.280764
  0.280739  0.280715  0.280695  0.280675  0.280658  0.280643  0.280629  0.280616
  0.280605  0.280595  0.280577  0.280558  0.280538  0.280517  0.280495  0.280471
  0.280446  0.280419  0.280391  0.280361  0.280329  0.280295  0.280259  0.280221
  0.280181  0.280138  0.280092  0.280044  0.279993  0.279938  0.279881  0.279820
  0.279755  0.279686  0.279613  0.279535  0.279452  0.279364  0.279269  0.279165
  0.279054  0.278934  0.278806  0.278670  0.278528  0.278381  0.278232  0.278082
  0.277933  0.277784  0.277636  0.277490  0.277345  0.277200  0.277057  0.276914
  0.276773  0.276635  0.276499  0.276368  0.276241  0.276120  0.276005  0.275896
  0.275792  0.275695  0.275603  0.275516  0.275434  0.275357  0.275285  0.275218
  0.275155  0.275096  0.275042  0.274992  0.274945  0.274902  0.274863  0.274827
  0.274801  0.274773  0.274743  0.274712  0.274680  0.274646  0.274609  0.274571
  0.274530  0.274485  0.274438  0.274388  0.274335  0.274277  0.274216
 ***************************************************************
  ROW NUMBER           1  SECTION NUMBER            2
           0           0           0  IF_DESIGN etc 
   1.00000   0.00000    0
 -0.017618 -0.015620 -0.013838 -0.012249 -0.010833 -0.009570 -0.008444 -0.007440
 -0.006545 -0.005747 -0.005036 -0.004401 -0.003835 -0.003331 -0.002881 -0.002480
 -0.002123 -0.001804 -0.001520 -0.001267 -0.001041 -0.000839 -0.000660 -0.000500
 -0.000357 -0.000230 -0.000102  0.000031  0.000170  0.000317  0.000470  0.000632
  0.000802  0.000981  0.001170  0.001369  0.001578  0.001798  0.002031  0.002275
  0.002532  0.002802  0.003085  0.003382  0.003694  0.004021  0.004366  0.004727
  0.005107  0.005506  0.005926  0.006369  0.006835  0.007328  0.007852  0.008416
  0.009021  0.009665  0.010347  0.011065  0.011814  0.012584  0.013360  0.014140
  0.014919  0.015696  0.016468  0.017234  0.018000  0.018768  0.019539  0.020311
  0.021082  0.021852  0.022617  0.023372  0.024111  0.024833  0.025536  0.026220
  0.026882  0.027522  0.028144  0.028747  0.029332  0.029899  0.030446  0.030976
  0.031487  0.031979  0.032454  0.032909  0.033346  0.033765  0.034166  0.034547
  0.034929  0.035333  0.035760  0.036211  0.036688  0.037192  0.037725  0.038288
  0.038883  0.039513  0.040178  0.040882  0.041626  0.042412  0.043243
  1.000000  0.000000
 -0.012840 -0.012675 -0.012528 -0.012397 -0.012280 -0.012176 -0.012083 -0.012001
 -0.011927 -0.011861 -0.011802 -0.011750 -0.011703 -0.011662 -0.011625 -0.011592
 -0.011562 -0.011536 -0.011512 -0.011492 -0.011473 -0.011456 -0.011442 -0.011428
 -0.011417 -0.011406 -0.010729 -0.010421 -0.010214 -0.010060 -0.009916 -0.009771
 -0.009621 -0.009468 -0.009310 -0.009148 -0.008981 -0.008809 -0.008631 -0.008447
 -0.008258 -0.008062 -0.007860 -0.007651 -0.007436 -0.007214 -0.006983 -0.006745
 -0.006499 -0.006243 -0.005978 -0.005702 -0.005416 -0.005117 -0.004803 -0.004470
 -0.004117 -0.003745 -0.003356 -0.002951 -0.002532 -0.002107 -0.001680 -0.001255
 -0.000833 -0.000414  0.000000  0.000410  0.000818  0.001228  0.001638  0.002048
  0.002459  0.002869  0.003277  0.003679  0.004075  0.004462  0.004841  0.005209
  0.005568  0.005916  0.006255  0.006585  0.006906  0.007218  0.007522  0.007816
  0.008101  0.008377  0.008643  0.008900  0.009148  0.009265  0.009169  0.008505
  0.008923  0.009366  0.009834  0.010328  0.010851  0.011404  0.011988  0.012606
  0.013259  0.013949  0.014679  0.015450  0.016266  0.017128  0.018040
  1.000000
  0.000000  0.000000  0.000000  0.000000  0.000000  0.000000  0.000000  0.000000
  0.000000  0.000000  0.000000  0.000000  0.000000  0.000000  0.000000  0.000000
  0.000000  0.000000  0.000000  0.000000  0.000000  0.000000  0.000000  0.000000
  0.000000  0.000000  0.001331  0.001924  0.002357  0.002690  0.002977  0.003240
  0.003501  0.003766  0.004036  0.004309  0.004588  0.004871  0.005160  0.005453
  0.005750  0.006052  0.006356  0.006664  0.006973  0.007286  0.007601  0.007918
  0.008233  0.008548  0.008863  0.009178  0.009486  0.009791  0.010093  0.010392
  0.010681  0.010956  0.011213  0.011447  0.011648  0.011812  0.011938  0.012022
  0.012064  0.012066  0.012030  0.011958  0.011849  0.011706  0.011525  0.011308
  0.011057  0.010772  0.010456  0.010110  0.009742  0.009355  0.008950  0.008531
  0.008102  0.007664  0.007217  0.006766  0.006311  0.005853  0.005395  0.004937
  0.004482  0.004031  0.003586  0.003148  0.002718  0.002175  0.001441  0.000000
  0.000000  0.000000  0.000000  0.000000  0.000000  0.000000  0.000000  0.000000
  0.000000  0.000000  0.000000  0.000000  0.000000  0.000000  0.000000
  1.000000  0.000000
  0.298791  0.298787  0.298784  0.298781  0.298779  0.298776  0.298774  0.298772
  0.298770  0.298769  0.298767  0.298766  0.298765  0.298764  0.298763  0.298762
  0.298762  0.298761  0.298761  0.298760  0.298760  0.298759  0.298759  0.298759
  0.298758  0.298758  0.298758  0.298758  0.298758  0.298758  0.298758  0.298759
  0.298759  0.298759  0.298759  0.298759  0.298759  0.298760  0.298760  0.298760
  0.298760  0.298761  0.298761  0.298762  0.298762  0.298762  0.298763  0.298763
  0.298764  0.298765  0.298765  0.298766  0.298767  0.298768  0.298769  0.298770
  0.298771  0.298772  0.298774  0.298775  0.298777  0.298779  0.298780  0.298782
  0.298784  0.298785  0.298787  0.298788  0.298790  0.298791  0.298793  0.298794
  0.298796  0.298797  0.298798  0.298799  0.298801  0.298801  0.298802  0.298803
  0.298804  0.298804  0.298804  0.298805  0.298805  0.298805  0.298805  0.298805
  0.298805  0.298805  0.298805  0.298804  0.298804  0.298804  0.298803  0.298803
  0.298802  0.298801  0.298800  0.298798  0.298797  0.298797  0.298796  0.298795
  0.298795  0.298795  0.298796  0.298797  0.298799  0.298801  0.298804
 ***************************************************************
  ROW NUMBER           1  SECTION NUMBER            3
           0           0           0  IF_DESIGN etc 
   1.00000   0.00000    0
 -0.019237 -0.017128 -0.015249 -0.013573 -0.012079 -0.010748 -0.009561 -0.008503
 -0.007560 -0.006719 -0.005970 -0.005302 -0.004706 -0.004176 -0.003702 -0.003280
 -0.002904 -0.002569 -0.002270 -0.002003 -0.001766 -0.001554 -0.001365 -0.001197
 -0.001047 -0.000913 -0.000780 -0.000641 -0.000495 -0.000342 -0.000182 -0.000013
  0.000164  0.000351  0.000548  0.000755  0.000974  0.001204  0.001446  0.001701
  0.001969  0.002250  0.002545  0.002854  0.003179  0.003520  0.003879  0.004255
  0.004650  0.005066  0.005503  0.005963  0.006448  0.006960  0.007505  0.008092
  0.008720  0.009389  0.010098  0.010843  0.011621  0.012420  0.013226  0.014036
  0.014845  0.015652  0.016453  0.017249  0.018044  0.018842  0.019643  0.020445
  0.021247  0.022047  0.022843  0.023628  0.024397  0.025149  0.025881  0.026593
  0.027283  0.027952  0.028600  0.029230  0.029841  0.030433  0.031006  0.031559
  0.032094  0.032610  0.033106  0.033584  0.034042  0.034481  0.034901  0.035302
  0.035704  0.036129  0.036578  0.037053  0.037555  0.038086  0.038647  0.039239
  0.039866  0.040528  0.041228  0.041968  0.042750  0.043576  0.044448
  1.000000  0.000000
 -0.012867 -0.012705 -0.012561 -0.012432 -0.012318 -0.012216 -0.012126 -0.012045
 -0.011974 -0.011910 -0.011853 -0.011802 -0.011757 -0.011717 -0.011681 -0.011649
 -0.011621 -0.011595 -0.011573 -0.011553 -0.011535 -0.011519 -0.011504 -0.011492
 -0.011480 -0.011470 -0.010773 -0.010453 -0.010237 -0.010076 -0.009928 -0.009778
 -0.009625 -0.009469 -0.009308 -0.009142 -0.008971 -0.008795 -0.008613 -0.008425
 -0.008232 -0.008033 -0.007828 -0.007616 -0.007397 -0.007171 -0.006938 -0.006697
 -0.006447 -0.006189 -0.005922 -0.005645 -0.005356 -0.005057 -0.004742 -0.004408
 -0.004056 -0.003686 -0.003299 -0.002898 -0.002484 -0.002063 -0.001644 -0.001227
 -0.000813 -0.000404  0.000000  0.000399  0.000795  0.001191  0.001587  0.001982
  0.002377  0.002770  0.003160  0.003545  0.003921  0.004290  0.004649  0.004998
  0.005337  0.005665  0.005984  0.006295  0.006596  0.006889  0.007173  0.007448
  0.007714  0.007971  0.008219  0.008458  0.008689  0.008792  0.008669  0.007944
  0.008353  0.008786  0.009243  0.009726  0.010238  0.010778  0.011350  0.011954
  0.012593  0.013268  0.013982  0.014737  0.015536  0.016380  0.017274
  1.000000
  0.000000  0.000000  0.000000  0.000000  0.000000  0.000000  0.000000  0.000000
  0.000000  0.000000  0.000000  0.000000  0.000000  0.000000  0.000000  0.000000
  0.000000  0.000000  0.000000  0.000000  0.000000  0.000000  0.000000  0.000000
  0.000000  0.000000  0.001373  0.001989  0.002440  0.002787  0.003082  0.003354
  0.003624  0.003899  0.004178  0.004461  0.004750  0.005043  0.005342  0.005645
  0.005953  0.006265  0.006581  0.006899  0.007220  0.007544  0.007869  0.008196
  0.008525  0.008852  0.009177  0.009501  0.009821  0.010139  0.010450  0.010758
  0.011058  0.011346  0.011611  0.011851  0.012061  0.012232  0.012361  0.012446
  0.012490  0.012496  0.012459  0.012383  0.012271  0.012120  0.011933  0.011709
  0.011449  0.011154  0.010827  0.010471  0.010090  0.009689  0.009270  0.008836
  0.008391  0.007936  0.007475  0.007008  0.006537  0.006063  0.005588  0.005115
  0.004644  0.004177  0.003716  0.003262  0.002817  0.002263  0.001504  0.000000
  0.000000  0.000000  0.000000  0.000000  0.000000  0.000000  0.000000  0.000000
  0.000000  0.000000  0.000000  0.000000  0.000000  0.000000  0.000000
  1.000000  0.000000
  0.316081  0.316126  0.316176  0.316229  0.316282  0.316335  0.316387  0.316437
  0.316485  0.316529  0.316571  0.316610  0.316646  0.316680  0.316710  0.316738
  0.316763  0.316786  0.316807  0.316826  0.316843  0.316859  0.316872  0.316885
  0.316896  0.316906  0.316916  0.316931  0.316950  0.316971  0.316993  0.317016
  0.317040  0.317066  0.317094  0.317123  0.317154  0.317187  0.317222  0.317260
  0.317300  0.317342  0.317387  0.317435  0.317486  0.317539  0.317596  0.317657
  0.317722  0.317790  0.317864  0.317941  0.318025  0.318113  0.318209  0.318313
  0.318425  0.318546  0.318675  0.318813  0.318957  0.319107  0.319258  0.319411
  0.319564  0.319716  0.319867  0.320017  0.320165  0.320314  0.320461  0.320608
  0.320752  0.320895  0.321035  0.321170  0.321300  0.321425  0.321544  0.321657
  0.321764  0.321864  0.321960  0.322049  0.322134  0.322214  0.322288  0.322358
  0.322423  0.322483  0.322539  0.322591  0.322639  0.322684  0.322724  0.322761
  0.322792  0.322820  0.322849  0.322880  0.322913  0.322949  0.322987  0.323028
  0.323073  0.323121  0.323174  0.323232  0.323294  0.323363  0.323443
 ***************************************************************
 ************STARTING THE INPUT FOR EACH BLADE ROW**************
  BLADE ROW NUMBER =        2                                           
    NUMBER OF BLADES IN ROW 
        44
        JM        JLE       JTE 
       111        21        91
      KTIPSTART  KTIPEND 
         0         0
       BOUNDARY LAYER TRANSITION POINTS 
         0         0         0         0
  SET NEWGRID= 1 TO GENERATE A NEW GRID WITH DIFFERENT "J" POINTS AND SPACINGS.
         0
   RPMROW,    RPMHUB 
    9000.0    9000.0
       JROTHS    JROTHE    JROTTS    JROTTE 
         1         1         1         1
   PUPROW    PLEROW   PTEROW    PDROW 
 1731644.6 1731644.6 1033229.9 1033229.9
      NSECS_ROW   INSURF  
         3         0
  IF_CUSP_OUT   IFANGLES 
         1         0
         0         3         0
 ***************************************************************
  ROW NUMBER           2  SECTION NUMBER            1
           0           0           0  IF_DESIGN etc 
   1.00000   0.00000    0
  0.029156  0.030686  0.032059  0.033292  0.034401  0.035396  0.036289  0.037089
  0.037806  0.038450  0.039026  0.039543  0.040007  0.040422  0.040794  0.041128
  0.041428  0.041696  0.041937  0.042153  0.042346  0.042539  0.042741  0.042952
  0.043174  0.043407  0.043652  0.043909  0.044180  0.044466  0.044767  0.045084
  0.045417  0.045768  0.046138  0.046526  0.046933  0.047361  0.047809  0.048280
  0.048774  0.049293  0.049838  0.050410  0.051011  0.051643  0.052309  0.053010
  0.053750  0.054539  0.055386  0.056293  0.057259  0.058281  0.059357  0.060480
  0.061631  0.062793  0.063960  0.065126  0.066287  0.067440  0.068585  0.069729
  0.070877  0.072028  0.073180  0.074333  0.075482  0.076626  0.077753  0.078857
  0.079937  0.080988  0.082009  0.083000  0.083958  0.084889  0.085792  0.086668
  0.087517  0.088338  0.089132  0.089898  0.090638  0.091349  0.092034  0.092691
  0.093320  0.093922  0.094497  0.095077  0.095703  0.096379  0.097108  0.097896
  0.098747  0.099666  0.100658  0.101729  0.102886  0.104135  0.105484  0.106940
  0.108513  0.110211  0.112045  0.114025  0.116163  0.118471  0.120964
  1.000000  0.000000
 -0.005209 -0.005036 -0.004881 -0.004742 -0.004618 -0.004507 -0.004408 -0.004319
 -0.004239 -0.004168 -0.004104 -0.004046 -0.003994 -0.003948 -0.003907 -0.003870
 -0.003836 -0.003807 -0.003780 -0.003756 -0.003734 -0.002620 -0.002127 -0.001796
 -0.001554 -0.001334 -0.001120 -0.000908 -0.000699 -0.000492 -0.000286 -0.000080
  0.000122  0.000322  0.000520  0.000714  0.000905  0.001091  0.001274  0.001450
  0.001617  0.001777  0.001927  0.002067  0.002196  0.002309  0.002405  0.002482
  0.002540  0.002573  0.002575  0.002542  0.002472  0.002350  0.002177  0.001947
  0.001663  0.001322  0.000929  0.000486  0.000000 -0.000535 -0.001111 -0.001732
 -0.002399 -0.003113 -0.003872 -0.004674 -0.005518 -0.006399 -0.007308 -0.008237
 -0.009182 -0.010138 -0.011098 -0.012060 -0.013019 -0.013976 -0.014930 -0.015880
 -0.016820 -0.017750 -0.018668 -0.019571 -0.020458 -0.021328 -0.022178 -0.023006
 -0.023811 -0.024591 -0.025700 -0.026246 -0.026835 -0.027472 -0.028158 -0.028900
 -0.029700 -0.030565 -0.031498 -0.032505 -0.033592 -0.034767 -0.036035 -0.037404
 -0.038882 -0.040478 -0.042202 -0.044064 -0.046075 -0.048248 -0.050595
  1.000000
  0.000000  0.000000  0.000000  0.000000  0.000000  0.000000  0.000000  0.000000
  0.000000  0.000000  0.000000  0.000000  0.000000  0.000000  0.000000  0.000000
  0.000000  0.000000  0.000000  0.000000  0.000000  0.002174  0.003105  0.003803
  0.004341  0.004785  0.005179  0.005561  0.005938  0.006312  0.006685  0.007059
  0.007428  0.007797  0.008165  0.008532  0.008897  0.009260  0.009620  0.009976
  0.010327  0.010674  0.011016  0.011350  0.011680  0.011998  0.012306  0.012603
  0.012889  0.013161  0.013417  0.013654  0.013870  0.014051  0.014195  0.014299
  0.014360  0.014371  0.014336  0.014257  0.014140  0.013979  0.013782  0.013547
  0.013276  0.012968  0.012626  0.012250  0.011843  0.011406  0.010946  0.010466
  0.009971  0.009464  0.008949  0.008428  0.007904  0.007378  0.006851  0.006323
  0.005798  0.005277  0.004761  0.004252  0.003751  0.003258  0.002776  0.002306
  0.001848  0.001331  0.000000  0.000000  0.000000  0.000000  0.000000  0.000000
  0.000000  0.000000  0.000000  0.000000  0.000000  0.000000  0.000000  0.000000
  0.000000  0.000000  0.000000  0.000000  0.000000  0.000000  0.000000
  1.000000  0.000000
  0.275380  0.275176  0.275011  0.274878  0.274785  0.274714  0.274652  0.274595
  0.274545  0.274498  0.274457  0.274419  0.274384  0.274354  0.274326  0.274301
  0.274278  0.274258  0.274239  0.274223  0.274208  0.274190  0.274171  0.274151
  0.274129  0.274106  0.274081  0.274054  0.274025  0.273995  0.273962  0.273926
  0.273888  0.273847  0.273803  0.273755  0.273704  0.273650  0.273591  0.273528
  0.273460  0.273388  0.273310  0.273226  0.273135  0.273038  0.272933  0.272820
  0.272698  0.272565  0.272419  0.272259  0.272085  0.271896  0.271693  0.271477
  0.271251  0.271019  0.270783  0.270544  0.270303  0.270061  0.269820  0.269577
  0.269333  0.269087  0.268841  0.268595  0.268350  0.268108  0.267870  0.267639
  0.267415  0.267199  0.266992  0.266794  0.266604  0.266423  0.266250  0.266084
  0.265927  0.265778  0.265636  0.265501  0.265374  0.265255  0.265142  0.265036
  0.264937  0.264844  0.264757  0.264708  0.264657  0.264603  0.264546  0.264486
  0.264423  0.264358  0.264290  0.264219  0.264146  0.264072  0.263996  0.263919
  0.263841  0.263765  0.263689  0.263616  0.263546  0.263482  0.263424
 ***************************************************************
  ROW NUMBER           2  SECTION NUMBER            2
           0           0           0  IF_DESIGN etc 
   1.00000   0.00000    0
  0.030771  0.032231  0.033539  0.034713  0.035764  0.036707  0.037553  0.038311
  0.038991  0.039600  0.040146  0.040636  0.041075  0.041469  0.041822  0.042138
  0.042422  0.042676  0.042904  0.043109  0.043292  0.043475  0.043667  0.043868
  0.044078  0.044300  0.044533  0.044778  0.045036  0.045307  0.045594  0.045895
  0.046213  0.046547  0.046899  0.047269  0.047658  0.048065  0.048493  0.048942
  0.049414  0.049910  0.050431  0.050977  0.051552  0.052157  0.052794  0.053466
  0.054175  0.054931  0.055743  0.056614  0.057541  0.058523  0.059557  0.060637
  0.061744  0.062863  0.063986  0.065108  0.066227  0.067339  0.068442  0.069545
  0.070651  0.071761  0.072873  0.073984  0.075092  0.076194  0.077281  0.078346
  0.079385  0.080398  0.081382  0.082336  0.083258  0.084154  0.085022  0.085864
  0.086680  0.087469  0.088232  0.088968  0.089677  0.090360  0.091016  0.091645
  0.092249  0.092825  0.093375  0.093925  0.094519  0.095160  0.095851  0.096598
  0.097405  0.098275  0.099215  0.100230  0.101325  0.102507  0.103783  0.105161
  0.106649  0.108255  0.109989  0.111860  0.113881  0.116062  0.118417
  1.000000  0.000000
  0.001015  0.000895  0.000787  0.000691  0.000604  0.000526  0.000457  0.000394
  0.000338  0.000288  0.000243  0.000203  0.000167  0.000134  0.000105  0.000079
  0.000056  0.000035  0.000016 -0.000001 -0.000016  0.001037  0.001490  0.001859
  0.002155  0.002385  0.002567  0.002733  0.002894  0.003051  0.003203  0.003351
  0.003495  0.003633  0.003766  0.003895  0.004015  0.004126  0.004229  0.004322
  0.004405  0.004476  0.004535  0.004577  0.004602  0.004608  0.004593  0.004555
  0.004490  0.004392  0.004256  0.004077  0.003849  0.003569  0.003227  0.002822
  0.002359  0.001841  0.001273  0.000661  0.000000 -0.000702 -0.001443 -0.002226
 -0.003055 -0.003930 -0.004848 -0.005808 -0.006806 -0.007842 -0.008901 -0.009976
 -0.011061 -0.012152 -0.013242 -0.014329 -0.015410 -0.016482 -0.017547 -0.018602
 -0.019644 -0.020673 -0.021685 -0.022679 -0.023652 -0.024603 -0.025531 -0.026434
 -0.027309 -0.028157 -0.029280 -0.029884 -0.030535 -0.031238 -0.031997 -0.032816
 -0.033700 -0.034655 -0.035686 -0.036799 -0.038000 -0.039297 -0.040697 -0.042208
 -0.043840 -0.045602 -0.047503 -0.049556 -0.051773 -0.054165 -0.056748
  1.000000
  0.000000  0.000000  0.000000  0.000000  0.000000  0.000000  0.000000  0.000000
  0.000000  0.000000  0.000000  0.000000  0.000000  0.000000  0.000000  0.000000
  0.000000  0.000000  0.000000  0.000000  0.000000  0.002166  0.003133  0.003836
  0.004376  0.004829  0.005232  0.005619  0.006001  0.006380  0.006758  0.007134
  0.007509  0.007883  0.008256  0.008630  0.008999  0.009366  0.009730  0.010089
  0.010445  0.010797  0.011145  0.011484  0.011814  0.012137  0.012450  0.012752
  0.013041  0.013315  0.013575  0.013816  0.014031  0.014217  0.014364  0.014469
  0.014528  0.014540  0.014506  0.014430  0.014307  0.014146  0.013946  0.013709
  0.013435  0.013124  0.012778  0.012398  0.011986  0.011542  0.011075  0.010590
  0.010089  0.009576  0.009055  0.008528  0.007997  0.007464  0.006931  0.006397
  0.005867  0.005339  0.004817  0.004301  0.003794  0.003296  0.002808  0.002332
  0.001869  0.001336  0.000000  0.000000  0.000000  0.000000  0.000000  0.000000
  0.000000  0.000000  0.000000  0.000000  0.000000  0.000000  0.000000  0.000000
  0.000000  0.000000  0.000000  0.000000  0.000000  0.000000  0.000000
  1.000000  0.000000
  0.298805  0.298805  0.298804  0.298803  0.298800  0.298797  0.298796  0.298795
  0.298795  0.298795  0.298796  0.298797  0.298798  0.298799  0.298799  0.298800
  0.298801  0.298802  0.298803  0.298804  0.298804  0.298804  0.298805  0.298805
  0.298805  0.298806  0.298806  0.298806  0.298806  0.298807  0.298807  0.298807
  0.298807  0.298808  0.298808  0.298808  0.298808  0.298808  0.298808  0.298809
  0.298808  0.298809  0.298808  0.298808  0.298808  0.298808  0.298807  0.298807
  0.298806  0.298806  0.298805  0.298804  0.298802  0.298801  0.298799  0.298797
  0.298795  0.298793  0.298790  0.298788  0.298785  0.298783  0.298780  0.298777
  0.298775  0.298772  0.298769  0.298766  0.298763  0.298761  0.298758  0.298755
  0.298753  0.298750  0.298748  0.298746  0.298744  0.298742  0.298741  0.298739
  0.298737  0.298736  0.298735  0.298734  0.298733  0.298732  0.298731  0.298730
  0.298730  0.298729  0.298729  0.298730  0.298732  0.298733  0.298735  0.298737
  0.298739  0.298741  0.298743  0.298746  0.298748  0.298751  0.298755  0.298758
  0.298762  0.298766  0.298770  0.298774  0.298779  0.298783  0.298788
 ***************************************************************
  ROW NUMBER           2  SECTION NUMBER            3
           0           0           0  IF_DESIGN etc 
   1.00000   0.00000    0
  0.032051  0.033465  0.034735  0.035876  0.036901  0.037820  0.038643  0.039382
  0.040044  0.040637  0.041169  0.041646  0.042074  0.042457  0.042801  0.043109
  0.043385  0.043632  0.043854  0.044053  0.044232  0.044409  0.044596  0.044790
  0.044995  0.045210  0.045435  0.045673  0.045923  0.046186  0.046464  0.046755
  0.047063  0.047387  0.047727  0.048085  0.048461  0.048855  0.049268  0.049702
  0.050157  0.050635  0.051137  0.051665  0.052218  0.052801  0.053414  0.054060
  0.054742  0.055468  0.056249  0.057084  0.057974  0.058916  0.059906  0.060940
  0.062000  0.063070  0.064144  0.065217  0.066286  0.067348  0.068402  0.069455
  0.070511  0.071571  0.072631  0.073692  0.074750  0.075802  0.076839  0.077856
  0.078849  0.079816  0.080756  0.081668  0.082550  0.083406  0.084237  0.085043
  0.085824  0.086580  0.087310  0.088016  0.088696  0.089351  0.089981  0.090585
  0.091165  0.091719  0.092247  0.092782  0.093359  0.093982  0.094655  0.095382
  0.096167  0.097014  0.097929  0.098917  0.099983  0.101136  0.102380  0.103723
  0.105174  0.106741  0.108433  0.110259  0.112232  0.114363  0.116663
  1.000000  0.000000
  0.006056  0.005688  0.005358  0.005062  0.004795  0.004557  0.004343  0.004151
  0.003979  0.003825  0.003686  0.003562  0.003451  0.003351  0.003262  0.003182
  0.003110  0.003046  0.002988  0.002936  0.002890  0.004229  0.004633  0.004958
  0.005248  0.005508  0.005728  0.005905  0.006042  0.006161  0.006274  0.006379
  0.006478  0.006568  0.006651  0.006725  0.006788  0.006841  0.006883  0.006913
  0.006927  0.006925  0.006905  0.006867  0.006807  0.006724  0.006614  0.006476
  0.006307  0.006097  0.005840  0.005530  0.005163  0.004733  0.004236  0.003670
  0.003039  0.002353  0.001616  0.000830  0.000000 -0.000871 -0.001779 -0.002731
 -0.003729 -0.004773 -0.005862 -0.006993 -0.008162 -0.009369 -0.010596 -0.011836
 -0.013083 -0.014331 -0.015577 -0.016813 -0.018036 -0.019249 -0.020449 -0.021638
 -0.022808 -0.023960 -0.025091 -0.026201 -0.027285 -0.028344 -0.029374 -0.030376
 -0.031345 -0.032283 -0.033513 -0.034187 -0.034914 -0.035698 -0.036546 -0.037460
 -0.038447 -0.039513 -0.040663 -0.041905 -0.043246 -0.044693 -0.046255 -0.047941
 -0.049760 -0.051724 -0.053844 -0.056132 -0.058600 -0.061264 -0.064139
  1.000000
  0.000000  0.000000  0.000000  0.000000  0.000000  0.000000  0.000000  0.000000
  0.000000  0.000000  0.000000  0.000000  0.000000  0.000000  0.000000  0.000000
  0.000000  0.000000  0.000000  0.000000  0.000000  0.002621  0.003370  0.003975
  0.004536  0.005064  0.005551  0.005998  0.006407  0.006802  0.007195  0.007586
  0.007978  0.008369  0.008759  0.009147  0.009534  0.009917  0.010297  0.010676
  0.011049  0.011417  0.011778  0.012133  0.012479  0.012816  0.013144  0.013459
  0.013763  0.014050  0.014322  0.014573  0.014797  0.014989  0.015142  0.015252
  0.015313  0.015324  0.015286  0.015202  0.015072  0.014901  0.014690  0.014440
  0.014151  0.013823  0.013458  0.013057  0.012623  0.012155  0.011664  0.011152
  0.010625  0.010084  0.009533  0.008978  0.008420  0.007859  0.007298  0.006735
  0.006176  0.005621  0.005071  0.004528  0.003994  0.003469  0.002956  0.002454
  0.001966  0.001396  0.000000  0.000000  0.000000  0.000000  0.000000  0.000000
  0.000000  0.000000  0.000000  0.000000  0.000000  0.000000  0.000000  0.000000
  0.000000  0.000000  0.000000  0.000000  0.000000  0.000000  0.000000
  1.000000  0.000000
  0.322417  0.322578  0.322708  0.322803  0.322870  0.322931  0.322987  0.323038
  0.323086  0.323130  0.323170  0.323207  0.323240  0.323271  0.323299  0.323324
  0.323347  0.323367  0.323386  0.323403  0.323421  0.323439  0.323458  0.323479
  0.323500  0.323524  0.323549  0.323575  0.323604  0.323634  0.323667  0.323703
  0.323741  0.323781  0.323825  0.323872  0.323923  0.323977  0.324035  0.324097
  0.324163  0.324235  0.324312  0.324395  0.324483  0.324579  0.324682  0.324792
  0.324912  0.325042  0.325185  0.325342  0.325512  0.325697  0.325895  0.326106
  0.326327  0.326553  0.326783  0.327017  0.327252  0.327488  0.327724  0.327961
  0.328200  0.328440  0.328681  0.328922  0.329162  0.329400  0.329633  0.329860
  0.330081  0.330293  0.330498  0.330694  0.330882  0.331062  0.331234  0.331398
  0.331555  0.331704  0.331846  0.331981  0.332109  0.332229  0.332343  0.332450
  0.332551  0.332646  0.332719  0.332767  0.332818  0.332872  0.332928  0.332988
  0.333050  0.333115  0.333183  0.333254  0.333326  0.333401  0.333478  0.333556
  0.333634  0.333713  0.333791  0.333868  0.333942  0.334012  0.334077
  STARTING INLET BOUNDARY CONDITION DATA .
  NUMBER OF POINTS FOR INLET BOUNDARY CONDITIONS 
        37
  SPACING OF INLET BOUNDARY CONDITION POINTS 
  1.000000  1.250000  1.562500  1.953125  2.441406  3.051758  3.814697  4.768372
  5.960464  7.450581  9.313226 11.641532 14.551915 18.189894 20.000000 20.000000
 20.000000 20.000000 20.000000 20.000000 20.000000 20.000000 18.189894 14.551915
 11.641532  9.313226  7.450581  5.960464  4.768372  3.814697  3.051758  2.441406
  1.953125  1.562500  1.250000  1.000000
   INLET STAGNATION PRESSURES 
 3786000.0 3786000.0 3786000.0 3786000.0 3786000.0 3785999.8 3786000.0 3786000.2
 3785999.8 3786000.0 3786000.2 3786000.0 3786000.2 3786000.0 3786000.0 3786000.0
 3786000.0 3786000.0 3786000.0 3786000.0 3786000.0 3786000.0 3786000.0 3786000.0
 3786000.0 3786000.0 3786000.0 3786000.0 3786000.0 3786000.0 3786000.0 3786000.0
 3786000.0 3786000.0 3786000.0 3786000.0 3786000.0
   INLET STAGNATION TEMPERATURES 
  332.8109  332.8109  332.8109  332.8109  332.8109  332.8109  332.8109  332.8109
  332.8109  332.8109  332.8109  332.8109  332.8109  332.8109  332.8109  332.8109
  332.8109  332.8109  332.8109  332.8109  332.8109  332.8109  332.8109  332.8109
  332.8109  332.8109  332.8109  332.8109  332.8109  332.8109  332.8109  332.8109
  332.8109  332.8109  332.8109  332.8109  332.8109
   INLET ABSOLUTE TANGENTIAL VELOCITY 
    0.0000    0.0000    0.0000    0.0000    0.0000    0.0000    0.0000    0.0000
    0.0000    0.0000    0.0000    0.0000    0.0000    0.0000    0.0000    0.0000
    0.0000    0.0000    0.0000    0.0000    0.0000    0.0000    0.0000    0.0000
    0.0000    0.0000    0.0000    0.0000    0.0000    0.0000    0.0000    0.0000
    0.0000    0.0000    0.0000    0.0000    0.0000
   INLET MERIDIONAL VELOCITY 
  239.3648  239.3648  239.3648  239.3648  239.3648  239.3648  239.3648  239.3648
  239.3648  239.3648  239.3648  239.3648  239.3648  239.3648  239.3648  239.3648
  239.3648  239.3648  239.3648  239.3648  239.3648  239.3648  239.3648  239.3648
  239.3648  239.3648  239.3648  239.3648  239.3648  239.3648  239.3648  239.3648
  239.3648  239.3648  239.3648  239.3648  239.3648
   INLET MERIDIONAL YAW ANGLE  
    6.7098    6.7098    6.7098    6.7098    6.7098    6.7098    6.7098    6.7098
    6.7098    6.7098    6.7098    6.7098    6.7098    6.7098    6.7098    6.7098
    6.7098    6.7098    6.7098    6.7098    6.7098    6.7098    6.7098    6.7098
    6.7098    6.7098    6.7098    6.7098    6.7098    6.7098    6.7098    6.7098
    6.7098    6.7098    6.7098    6.7098    6.7098
   INLET PITCH ANGLE 
   -0.3150   -0.3132   -0.3108   -0.3080   -0.3044   -0.2998   -0.2942   -0.2871
   -0.2783   -0.2673   -0.2536   -0.2363   -0.2148   -0.1879   -0.1543   -0.1174
   -0.0804   -0.0434   -0.0065    0.0305    0.0674    0.1044    0.1414    0.1750
    0.2019    0.2234    0.2406    0.2544    0.2654    0.2742    0.2812    0.2869
    0.2914    0.2950    0.2979    0.3002    0.3020
   PDOWN_HUB   PDOWN_TIP 
 1033229.9 1033229.9
 MIXING LENGTH LIMITS ON ALL BLADE ROWS
  0.020000  0.030000  0.040000  0.050000  1.000000  0.500000
  0.020000  0.030000  0.040000  0.050000  1.000000  0.500000
  FACTOR TO INCREASE THE TURBULENT VISCOSITY OVER THE FIRST NMIXUP STEPS 
   2.00000 1000
