  BLADE PROFILES IN CARTESIAN COORDINATES (2D) BEFORE   PROJECTION, SCALING, MESHING AND STACKING 
  VARIABLES = "X", "YSS", "YPS" 
  BLADE           1  SECTION           1
    0.000000   -0.008841   -0.008841
    0.000062   -0.007278   -0.012766
    0.000249   -0.004501   -0.015644
    0.000561   -0.001847   -0.018465
    0.000997    0.000682   -0.021002
    0.001557    0.003088   -0.023202
    0.002241    0.005350   -0.025240
    0.003050    0.007500   -0.027150
    0.003982    0.009543   -0.029043
    0.005038    0.011479   -0.030913
    0.006218    0.013373   -0.032753
    0.007520    0.015218   -0.034586
    0.008945    0.017030   -0.036533
    0.010493    0.018826   -0.038614
    0.012162    0.020597   -0.040821
    0.013954    0.022362   -0.043137
    0.015866    0.024103   -0.045568
    0.017899    0.025833   -0.048109
    0.020052    0.027530   -0.050753
    0.022325    0.029167   -0.053496
    0.024716    0.030748   -0.056336
    0.027226    0.032236   -0.059267
    0.029854    0.033592   -0.062285
    0.032600    0.034788   -0.065385
    0.035461    0.035807   -0.068562
    0.038439    0.036672   -0.071812
    0.041531    0.037474   -0.075129
    0.044738    0.038272   -0.078509
    0.048058    0.039078   -0.081946
    0.051491    0.039890   -0.085436
    0.055036    0.040710   -0.088974
    0.058691    0.041537   -0.092562
    0.062456    0.042371   -0.096207
    0.066331    0.043212   -0.099857
    0.070314    0.044059   -0.103535
    0.074403    0.044910   -0.107233
    0.078599    0.045776   -0.110942
    0.082900    0.046652   -0.114663
    0.087305    0.047537   -0.118389
    0.091812    0.048432   -0.122115
    0.096421    0.049338   -0.125837
    0.101131    0.050255   -0.129549
    0.105941    0.051185   -0.133246
    0.110848    0.052126   -0.136935
    0.115853    0.053080   -0.140625
    0.120953    0.054051   -0.144249
    0.126148    0.055038   -0.147822
    0.131435    0.056041   -0.151352
    0.136815    0.057061   -0.154836
    0.142285    0.058099   -0.158270
    0.147845    0.059158   -0.161648
    0.153492    0.060236   -0.164978
    0.159225    0.061336   -0.168281
    0.165044    0.062458   -0.171445
    0.170946    0.063603   -0.174528
    0.176930    0.064778   -0.177533
    0.182994    0.065974   -0.180454
    0.189138    0.067196   -0.183300
    0.195358    0.068448   -0.186098
    0.201655    0.069734   -0.188709
    0.208026    0.071045   -0.191218
    0.214470    0.072386   -0.193624
    0.220986    0.073770   -0.195938
    0.227570    0.075178   -0.198181
    0.234223    0.076620   -0.200213
    0.240941    0.078111   -0.202119
    0.247725    0.079627   -0.203902
    0.254571    0.081182   -0.205575
    0.261478    0.082788   -0.207160
    0.268445    0.084420   -0.208504
    0.275470    0.086111   -0.209711
    0.282550    0.087829   -0.210806
    0.289685    0.089591   -0.211788
    0.296872    0.091413   -0.212541
    0.304110    0.093264   -0.213118
    0.311396    0.095180   -0.213545
    0.318730    0.097126   -0.213838
    0.326109    0.099119   -0.214022
    0.333531    0.101183   -0.213925
    0.340994    0.103275   -0.213668
    0.348497    0.105422   -0.213278
    0.356038    0.107636   -0.212756
    0.363615    0.109883   -0.211977
    0.371226    0.112187   -0.211002
    0.378869    0.114560   -0.209857
    0.386542    0.116967   -0.208565
    0.394243    0.119431   -0.207146
    0.401971    0.121971   -0.205439
    0.409723    0.124544   -0.203547
    0.417498    0.127170   -0.201480
    0.425293    0.129858   -0.199258
    0.433107    0.132621   -0.196906
    0.440937    0.135418   -0.194267
    0.448783    0.138270   -0.191439
    0.456641    0.141176   -0.188433
    0.464509    0.144146   -0.185277
    0.472387    0.147192   -0.181976
    0.480272    0.150271   -0.178430
    0.488161    0.153404   -0.174667
    0.496053    0.156592   -0.170728
    0.503947    0.159835   -0.166613
    0.511839    0.163132   -0.162322
    0.519729    0.166483   -0.157880
    0.527613    0.169891   -0.153306
    0.535491    0.173358   -0.148493
    0.543360    0.176893   -0.143485
    0.551217    0.180457   -0.138307
    0.559063    0.184071   -0.132964
    0.566893    0.187736   -0.127457
    0.574707    0.191449   -0.121788
    0.582502    0.195210   -0.115960
    0.590277    0.199018   -0.109976
    0.598029    0.202871   -0.103862
    0.605757    0.206769   -0.097636
    0.613458    0.210710   -0.091200
    0.621131    0.214693   -0.084620
    0.628774    0.218717   -0.077900
    0.636385    0.222779   -0.071044
    0.643962    0.226879   -0.064055
    0.651503    0.231015   -0.056934
    0.659006    0.235186   -0.049690
    0.666469    0.239389   -0.042327
    0.673891    0.243622   -0.034851
    0.681270    0.247885   -0.027265
    0.688604    0.252167   -0.019575
    0.695890    0.256464   -0.011785
    0.703128    0.260803   -0.003901
    0.710315    0.265163    0.004073
    0.717450    0.269542    0.012133
    0.724530    0.273939    0.020274
    0.731555    0.278351    0.028488
    0.738522    0.282778    0.036771
    0.745429    0.287217    0.045117
    0.752275    0.291663    0.053520
    0.759059    0.296116    0.061973
    0.765777    0.300572    0.070472
    0.772430    0.305031    0.079031
    0.779015    0.309488    0.087641
    0.785530    0.313941    0.096238
    0.791974    0.318389    0.104856
    0.798345    0.322822    0.113490
    0.804642    0.327238    0.122133
    0.810863    0.331654    0.130778
    0.817006    0.336055    0.139421
    0.823070    0.340438    0.148053
    0.829054    0.344800    0.156670
    0.834956    0.349142    0.165269
    0.840775    0.353457    0.173843
    0.846508    0.357745    0.182381
    0.852155    0.362001    0.190879
    0.857715    0.366224    0.199330
    0.863185    0.370411    0.207746
    0.868565    0.374560    0.216105
    0.873852    0.378660    0.224376
    0.879047    0.382717    0.232576
    0.884147    0.386735    0.240699
    0.889152    0.390705    0.248738
    0.894059    0.394623    0.256687
    0.898869    0.398488    0.264543
    0.903579    0.402298    0.272300
    0.908188    0.406048    0.279950
    0.912695    0.409738    0.287486
    0.917100    0.413366    0.294904
    0.921401    0.416927    0.302198
    0.925597    0.420421    0.309362
    0.929686    0.423845    0.316391
    0.933669    0.427197    0.323280
    0.937544    0.430474    0.330037
    0.941309    0.433674    0.336634
    0.944965    0.436796    0.343070
    0.948509    0.439837    0.349344
    0.951942    0.442795    0.355454
    0.955262    0.445668    0.361395
    0.958469    0.448454    0.367162
    0.961561    0.451151    0.372750
    0.964539    0.453758    0.378154
    0.967400    0.456272    0.383371
    0.970146    0.458683    0.388396
    0.972774    0.460722    0.393226
    0.975284    0.462194    0.397856
    0.977675    0.463274    0.402285
    0.979948    0.464057    0.406505
    0.982101    0.464600    0.410514
    0.984134    0.464939    0.414315
    0.986046    0.465093    0.417901
    0.987838    0.465076    0.421268
    0.989507    0.464896    0.424414
    0.991055    0.464559    0.427336
    0.992480    0.464069    0.430035
    0.993782    0.463469    0.432505
    0.994962    0.462680    0.434745
    0.996018    0.461716    0.436754
    0.996950    0.460654    0.438531
    0.997759    0.459467    0.440172
    0.998443    0.458145    0.441689
    0.999003    0.456690    0.443345
    0.999439    0.455127    0.445096
    0.999751    0.453459    0.446820
    0.999938    0.451626    0.448411
    1.000000    0.450674    0.450674
  BLADE PROFILES IN CARTESIAN COORDINATES (3D) 
  VARIABLES = "X", "YSS", "YPS" "R" 
  BLADE           1  SECTION           1
  -10.411396    1.571073    1.571073  177.961487
   -9.178534    0.971293    0.971293  177.928925
   -8.079546    0.436599    0.436599  177.894333
   -7.099925   -0.040053   -0.040053  177.858795
   -6.226725   -0.464951   -0.464951  177.823181
   -5.448387   -0.843708   -0.843708  177.788101
   -4.754608   -1.181331   -1.181331  177.754211
   -4.136193   -1.482286   -1.482286  177.721710
   -3.584953   -1.750556   -1.750556  177.690964
   -3.093580   -1.989691   -1.989691  177.662079
   -2.655569   -2.202859   -2.202859  177.635086
   -2.265120   -2.392881   -2.392881  177.610092
   -1.917061   -2.562271   -2.562271  177.587036
   -1.606785   -2.713272   -2.713272  177.565826
   -1.330189   -2.847883   -2.847883  177.546432
   -1.083609   -2.967883   -2.967883  177.528702
   -0.863790   -3.074860   -3.074860  177.512604
   -0.667820   -3.170228   -3.170228  177.497971
   -0.493113   -3.255248   -3.255248  177.484711
   -0.337360   -3.331044   -3.331044  177.472717
   -0.198503   -3.398617   -3.398617  177.461884
   -0.074707   -3.458860   -3.458860  177.452164
    0.035661   -3.512569   -3.512569  177.443375
    0.134059   -3.560452   -3.560452  177.435455
    0.221787   -3.603142   -3.603142  177.428345
    0.300000   -3.641202   -3.641202  177.421997
    0.377578   -3.239066   -4.039191  177.410675
    0.458684   -3.103870   -4.170253  177.398727
    0.543639   -3.002104   -4.285977  177.386154
    0.632773   -2.914983   -4.401942  177.372849
    0.726406   -2.837014   -4.519198  177.358810
    0.824866   -2.768167   -4.638242  177.343842
    0.928473   -2.709630   -4.759541  177.328094
    1.037554   -2.664458   -4.883301  177.311295
    1.152430   -2.630890   -5.009637  177.293518
    1.273426   -2.600090   -5.138599  177.274597
    1.400863   -2.569049   -5.270165  177.254501
    1.535065   -2.537651   -5.404419  177.233170
    1.676353   -2.505796   -5.541584  177.210510
    1.825055   -2.473438   -5.680302  177.186401
    1.981410   -2.440330   -5.820736  177.160828
    2.145458   -2.406356   -5.962430  177.133759
    2.317577   -2.371431   -6.105141  177.105042
    2.498195   -2.335380   -6.248544  177.074631
    2.687779   -2.298045   -6.392920  177.042389
    2.886848   -2.259141   -6.537124  177.008163
    3.095968   -2.218407   -6.679698  176.971878
    3.315642   -2.175614   -6.821042  176.933350
    3.546283   -2.130439   -6.960657  176.892456
    3.788655   -2.082586   -7.098052  176.849075
    4.043623   -2.031486   -7.230214  176.802963
    4.312138   -1.976846   -7.358367  176.753845
    4.595250   -1.917820   -7.480812  176.701599
    4.894097   -1.854021   -7.594713  176.645874
    5.212299   -1.784028   -7.701929  176.585999
    5.554436   -1.706032   -7.796823  176.521011
    5.920872   -1.619249   -7.880396  176.450729
    6.311324   -1.522742   -7.944922  176.375198
    6.724842   -1.415700   -7.987713  176.294525
    7.159842   -1.297401   -8.006063  176.209091
    7.614065   -1.167204   -7.992570  176.119293
    8.080164   -1.026275   -7.948551  176.026718
    8.550698   -0.876138   -7.871516  175.932938
    9.023152   -0.717032   -7.760246  175.838623
    9.495478   -0.549360   -7.619306  175.744278
    9.966090   -0.374242   -7.443844  175.650375
   10.433875   -0.190562   -7.241417  175.557251
   10.898209    0.000000   -7.006771  175.465240
   11.362228    0.199467   -6.744368  175.373810
   11.828045    0.409730   -6.449872  175.282730
   12.295309    0.629393   -6.123416  175.192200
   12.763407    0.859102   -5.766676  175.102341
   13.231525    1.098584   -5.381971  175.013626
   13.698606    1.347385   -4.966640  174.926453
   14.163322    1.604803   -4.524009  174.841003
   14.621565    1.868367   -4.059167  174.758209
   15.070759    2.135566   -3.576383  174.678604
   15.509678    2.406364   -3.078766  174.602417
   15.937325    2.678995   -2.569296  174.529892
   16.352959    2.952344   -2.051133  174.460999
   16.756035    3.225278   -1.525735  174.395828
   17.146286    3.496769   -0.998324  174.334396
   17.525108    3.767155   -0.467483  174.276367
   17.892885    4.036619    0.065601  174.221634
   18.249598    4.304358    0.599545  174.170059
   18.595236    4.569675    1.133083  174.121613
   18.929798    4.831705    1.663408  174.076340
   19.253258    5.090602    2.189505  174.033875
   19.565617    5.345486    2.710333  173.994339
   19.866854    5.595869    3.224262  173.957504
   20.156950    5.841259    3.730355  173.923294
   20.435915    6.081161    4.226553  173.891647
   20.703705    6.315090    4.712148  173.862396
   20.960331    6.499319    5.185883  173.835449
   21.205769    6.536138    5.646555  173.810669
   21.439993    6.228799    6.228557  173.787994
   21.674917    6.560282    6.560161  173.771393
   21.923273    6.910792    6.910792  173.753876
   22.185820    7.281286    7.281286  173.735458
   22.463377    7.672898    7.672898  173.716049
   22.756794    8.086829    8.086829  173.695557
   23.066963    8.524348    8.524348  173.673935
   23.394861    8.986794    8.986794  173.651047
   23.741486    9.475582    9.475582  173.626755
   24.107895    9.992206    9.992206  173.600967
   24.495186   10.538218   10.538218  173.573196
   24.904573   11.115301   11.115301  173.543579
   25.337318   11.725217   11.725217  173.511917
   25.794739   12.369815   12.369815  173.478088
   26.278257   13.051062   13.051062  173.441849
   26.789324   13.771014   13.771014  173.403046
  BLADE PROFILES IN CARTESIAN COORDINATES (2D) BEFORE   PROJECTION, SCALING, MESHING AND STACKING 
  VARIABLES = "X", "YSS", "YPS" 
  BLADE           1  SECTION           2
    0.000000   -0.009146   -0.009146
    0.000062   -0.006315   -0.011819
    0.000249   -0.003616   -0.014696
    0.000561   -0.001035   -0.017559
    0.000997    0.001419   -0.020187
    0.001557    0.003741   -0.022341
    0.002241    0.005944   -0.024407
    0.003050    0.008098   -0.026416
    0.003982    0.010077   -0.028373
    0.005038    0.011947   -0.030240
    0.006218    0.013808   -0.032034
    0.007520    0.015638   -0.033871
    0.008945    0.017437   -0.035780
    0.010493    0.019222   -0.037791
    0.012162    0.020992   -0.039922
    0.013954    0.022753   -0.042167
    0.015866    0.024502   -0.044520
    0.017899    0.026222   -0.046980
    0.020052    0.027906   -0.049541
    0.022325    0.029541   -0.052201
    0.024716    0.031098   -0.054954
    0.027226    0.032540   -0.057795
    0.029854    0.033842   -0.060721
    0.032600    0.034985   -0.063726
    0.035461    0.035963   -0.066807
    0.038439    0.036821   -0.069957
    0.041531    0.037651   -0.073181
    0.044738    0.038485   -0.076480
    0.048058    0.039324   -0.079814
    0.051491    0.040166   -0.083200
    0.055036    0.041023   -0.086632
    0.058691    0.041887   -0.090106
    0.062456    0.042759   -0.093613
    0.066331    0.043638   -0.097151
    0.070314    0.044524   -0.100716
    0.074403    0.045418   -0.104302
    0.078599    0.046320   -0.107905
    0.082900    0.047230   -0.111520
    0.087305    0.048149   -0.115141
    0.091812    0.049074   -0.118764
    0.096421    0.050005   -0.122384
    0.101131    0.050952   -0.125996
    0.105941    0.051908   -0.129603
    0.110848    0.052876   -0.133223
    0.115853    0.053855   -0.136778
    0.120953    0.054846   -0.140297
    0.126148    0.055851   -0.143782
    0.131435    0.056868   -0.147229
    0.136815    0.057899   -0.150633
    0.142285    0.058946   -0.153990
    0.147845    0.060010   -0.157308
    0.153492    0.061090   -0.160600
    0.159225    0.062188   -0.163782
    0.165044    0.063305   -0.166883
    0.170946    0.064442   -0.169914
    0.176930    0.065599   -0.172869
    0.182994    0.066777   -0.175745
    0.189138    0.067976   -0.178550
    0.195358    0.069204   -0.181310
    0.201655    0.070452   -0.183896
    0.208026    0.071724   -0.186385
    0.214470    0.073023   -0.188775
    0.220986    0.074356   -0.191083
    0.227570    0.075710   -0.193313
    0.234223    0.077092   -0.195368
    0.240941    0.078514   -0.197286
    0.247725    0.079959   -0.199087
    0.254571    0.081434   -0.200792
    0.261478    0.082954   -0.202399
    0.268445    0.084498   -0.203815
    0.275470    0.086074   -0.205071
    0.282550    0.087700   -0.206193
    0.289685    0.089351   -0.207205
    0.296872    0.091037   -0.208107
    0.304110    0.092777   -0.208793
    0.311396    0.094542   -0.209308
    0.318730    0.096346   -0.209676
    0.326109    0.098208   -0.209920
    0.333531    0.100095   -0.210050
    0.340994    0.102024   -0.209934
    0.348497    0.104013   -0.209646
    0.356038    0.106028   -0.209201
    0.363615    0.108087   -0.208619
    0.371226    0.110210   -0.207921
    0.378869    0.112360   -0.206957
    0.386542    0.114554   -0.205818
    0.394243    0.116816   -0.204517
    0.401971    0.119105   -0.203071
    0.409723    0.121439   -0.201503
    0.417498    0.123821   -0.199668
    0.425293    0.126272   -0.197652
    0.433107    0.128751   -0.195467
    0.440937    0.131275   -0.193141
    0.448783    0.133846   -0.190677
    0.456641    0.136472   -0.187977
    0.464509    0.139162   -0.185072
    0.472387    0.141879   -0.181999
    0.480272    0.144644   -0.178756
    0.488161    0.147455   -0.175373
    0.496053    0.150313   -0.171852
    0.503947    0.153222   -0.168104
    0.511839    0.156183   -0.164165
    0.519729    0.159202   -0.160053
    0.527613    0.162249   -0.155778
    0.535491    0.165340   -0.151341
    0.543360    0.168476   -0.146743
    0.551217    0.171656   -0.142009
    0.559063    0.174880   -0.137153
    0.566893    0.178146   -0.132082
    0.574707    0.181453   -0.126853
    0.582502    0.184802   -0.121459
    0.590277    0.188191   -0.115919
    0.598029    0.191621   -0.110234
    0.605757    0.195089   -0.104407
    0.613458    0.198594   -0.098442
    0.621131    0.202135   -0.092341
    0.628774    0.205710   -0.086108
    0.636385    0.209319   -0.079747
    0.643962    0.212959   -0.073260
    0.651503    0.216631   -0.066653
    0.659006    0.220332   -0.059929
    0.666469    0.224060   -0.053091
    0.673891    0.227816   -0.046145
    0.681270    0.231595   -0.039094
    0.688604    0.235399   -0.031965
    0.695890    0.239224   -0.024768
    0.703128    0.243070   -0.017431
    0.710315    0.246934   -0.009988
    0.717450    0.250815   -0.002439
    0.724530    0.254711    0.005139
    0.731555    0.258619    0.012787
    0.738522    0.262538    0.020501
    0.745429    0.266466    0.028274
    0.752275    0.270401    0.036102
    0.759059    0.274341    0.043979
    0.765777    0.278284    0.051900
    0.772430    0.282227    0.059859
    0.779015    0.286170    0.067850
    0.785530    0.290102    0.075868
    0.791974    0.294024    0.083907
    0.798345    0.297950    0.091961
    0.804642    0.301867    0.100026
    0.810863    0.305772    0.108094
    0.817006    0.309662    0.116160
    0.823070    0.313537    0.124220
    0.829054    0.317395    0.132270
    0.834956    0.321232    0.140301
    0.840775    0.325047    0.148305
    0.846508    0.328836    0.156279
    0.852155    0.332597    0.164215
    0.857715    0.336329    0.172126
    0.863185    0.340029    0.179990
    0.868565    0.343694    0.187779
    0.873852    0.347318    0.195507
    0.879047    0.350901    0.203168
    0.884147    0.354451    0.210758
    0.889152    0.357958    0.218271
    0.894059    0.361420    0.225701
    0.898869    0.364835    0.233045
    0.903579    0.368200    0.240296
    0.908188    0.371513    0.247446
    0.912695    0.374773    0.254492
    0.917100    0.377976    0.261427
    0.921401    0.381122    0.268246
    0.925597    0.384208    0.274944
    0.929686    0.387232    0.281517
    0.933669    0.390192    0.287958
    0.937544    0.393087    0.294278
    0.941309    0.395913    0.300447
    0.944965    0.398670    0.306465
    0.948509    0.401356    0.312334
    0.951942    0.403968    0.318049
    0.955262    0.406505    0.323606
    0.958469    0.408966    0.329000
    0.961561    0.411347    0.334226
    0.964539    0.413649    0.339282
    0.967400    0.415869    0.344162
    0.970146    0.417987    0.348863
    0.972774    0.419722    0.353381
    0.975284    0.420920    0.357714
    0.977675    0.421750    0.361855
    0.979948    0.422305    0.365801
    0.982101    0.422637    0.369556
    0.984134    0.422780    0.373113
    0.986046    0.422754    0.376467
    0.987838    0.422572    0.379618
    0.989507    0.422242    0.382562
    0.991055    0.421769    0.385296
    0.992480    0.421156    0.387821
    0.993782    0.420455    0.390132
    0.994962    0.419573    0.392229
    0.996018    0.418521    0.394109
    0.996950    0.417393    0.395772
    0.997759    0.416154    0.397308
    0.998443    0.414818    0.398716
    0.999003    0.413347    0.400298
    0.999439    0.411780    0.401958
    0.999751    0.410124    0.403584
    0.999938    0.408332    0.405170
    1.000000    0.407454    0.407454
  BLADE PROFILES IN CARTESIAN COORDINATES (3D) 
  VARIABLES = "X", "YSS", "YPS" "R" 
  BLADE           1  SECTION           2
  -11.169143    1.661791    1.661791  188.971298
   -9.901939    1.081072    1.081072  188.969360
   -8.772093    0.563304    0.563304  188.967438
   -7.764719    0.101665    0.101665  188.965622
   -6.866541   -0.309930   -0.309930  188.963943
   -6.065722   -0.676906   -0.676906  188.962418
   -5.351710   -1.004101   -1.004101  188.961029
   -4.715095   -1.295827   -1.295827  188.959763
   -4.147487   -1.555929   -1.555929  188.958633
   -3.641402   -1.787836   -1.787836  188.957703
   -3.190180   -1.994604   -1.994604  188.956818
   -2.787866   -2.178958   -2.178958  188.956009
   -2.429162   -2.343328   -2.343328  188.955322
   -2.109341   -2.489881   -2.489881  188.954727
   -1.824185   -2.620547   -2.620547  188.954193
   -1.569942   -2.737050   -2.737050  188.953705
   -1.343257   -2.840923   -2.840923  188.953278
   -1.141144   -2.933537   -2.933537  188.952896
   -0.960939   -3.016113   -3.016113  188.952591
   -0.800267   -3.089736   -3.089736  188.952286
   -0.657013   -3.155379   -3.155379  188.952026
   -0.529286   -3.213907   -3.213907  188.951813
   -0.415405   -3.266091   -3.266091  188.951614
   -0.313868   -3.312618   -3.312618  188.951416
   -0.223336   -3.354102   -3.354102  188.951263
   -0.142619   -3.391089   -3.391089  188.951111
   -0.061901   -2.980486   -3.800331  188.951019
    0.022495   -2.844798   -3.934657  188.951050
    0.110911   -2.740959   -4.050451  188.951126
    0.203682   -2.651522   -4.166119  188.951157
    0.301150   -2.572105   -4.283084  188.951248
    0.403653   -2.502153   -4.401974  188.951294
    0.511532   -2.444317   -4.523113  188.951355
    0.625124   -2.400150   -4.646715  188.951462
    0.744767   -2.365921   -4.772975  188.951569
    0.870802   -2.333155   -4.902432  188.951706
    1.003569   -2.300336   -5.033920  188.951813
    1.143406   -2.266908   -5.168019  188.951935
    1.290650   -2.233016   -5.304401  188.952087
    1.445644   -2.198544   -5.443009  188.952240
    1.608646   -2.163395   -5.583547  188.952393
    1.779698   -2.127517   -5.725481  188.952560
    1.959199   -2.090892   -5.868542  188.952744
    2.147594   -2.053131   -6.012478  188.953003
    2.345384   -2.014126   -6.157888  188.953247
    2.553109   -1.973703   -6.301921  188.953491
    2.771364   -1.931653   -6.445472  188.953781
    3.000680   -1.887737   -6.587995  188.954086
    3.241493   -1.841672   -6.729972  188.954437
    3.494608   -1.793159   -6.867723  188.954773
    3.760931   -1.741754   -7.001853  188.955215
    4.041462   -1.687103   -7.132211  188.955612
    4.337301   -1.628538   -7.257285  188.956146
    4.649650   -1.565616   -7.374257  188.956619
    4.982295   -1.497081   -7.485111  188.957245
    5.340026   -1.421234   -7.584245  188.957825
    5.723242   -1.337380   -7.672966  188.958481
    6.131643   -1.244766   -7.742329  188.959290
    6.564250   -1.142680   -7.793327  188.960175
    7.019395   -1.030534   -7.817375  188.961014
    7.494714   -0.907811   -7.814329  188.961899
    7.982505   -0.775572   -7.780214  188.962891
    8.474972   -0.635280   -7.712369  188.963882
    8.969456   -0.487419   -7.615105  188.964935
    9.463804   -0.331788   -7.483393  188.965942
    9.956338   -0.169455   -7.323965  188.966949
   10.445880    0.000000   -7.132148  188.967880
   10.931746    0.175664   -6.915002  188.968811
   11.417199    0.359941   -6.665637  188.969727
   11.904467    0.552540   -6.386487  188.970749
   12.393113    0.754179   -6.079113  188.971603
   12.882534    0.964814   -5.739519  188.972549
   13.371829    1.184331   -5.370810  188.973404
   13.859857    1.412206   -4.974209  188.974182
   14.345259    1.647817   -4.551196  188.974945
   14.823712    1.888921   -4.106411  188.975647
   15.292506    2.133834   -3.645573  188.976364
   15.750377    2.381464   -3.166758  188.976974
   16.196299    2.630646   -2.678091  188.977478
   16.629484    2.880349   -2.180677  188.978012
   17.049368    3.129620   -1.677291  188.978363
   17.455698    3.377278   -1.170347  188.978760
   17.849922    3.624448   -0.659896  188.979034
   18.232462    3.870508   -0.146867  188.979324
   18.603294    4.114897    0.366893  188.979477
   18.962431    4.357054    0.880666  188.979645
   19.309864    4.596186    1.391078  188.979752
   19.645599    4.832428    1.897758  188.979782
   19.969643    5.064986    2.399442  188.979813
   20.281986    5.293403    2.894548  188.979828
   20.582628    5.517238    3.382180  188.979752
   20.871574    5.736042    3.860337  188.979660
   21.148821    5.949379    4.328324  188.979538
   21.414373    6.111063    4.784887  188.979370
   21.668222    6.125499    5.228941  188.979218
   21.910378    5.796926    5.796681  188.979050
   22.152534    6.110548    6.110425  188.978516
   22.408516    6.442212    6.442212  188.977875
   22.679117    6.792818    6.792818  188.977264
   22.965172    7.163451    7.163451  188.976669
   23.267570    7.555253    7.555253  188.976166
   23.587233    7.969433    7.969433  188.975723
   23.925156    8.407273    8.407273  188.975357
   24.282373    8.870126    8.870126  188.975113
   24.659996    9.359421    9.359421  188.975006
   25.059183    9.876674    9.876674  188.975235
   25.481171   10.423480   10.423480  188.975662
   25.927265   11.001530   11.001530  188.976318
   26.398829   11.612612   11.612612  188.977264
   26.897327   12.258610   12.258610  188.978516
   27.424292   12.941510   12.941510  188.980057
  BLADE PROFILES IN CARTESIAN COORDINATES (2D) BEFORE   PROJECTION, SCALING, MESHING AND STACKING 
  VARIABLES = "X", "YSS", "YPS" 
  BLADE           1  SECTION           3
    0.000000   -0.006836   -0.006836
    0.000062   -0.005365   -0.010938
    0.000249   -0.002714   -0.013815
    0.000561   -0.000191   -0.016702
    0.000997    0.002201   -0.019327
    0.001557    0.004459   -0.021651
    0.002241    0.006584   -0.023802
    0.003050    0.008605   -0.025872
    0.003982    0.010528   -0.027803
    0.005038    0.012407   -0.029652
    0.006218    0.014242   -0.031483
    0.007520    0.016049   -0.033313
    0.008945    0.017846   -0.035172
    0.010493    0.019625   -0.037130
    0.012162    0.021405   -0.039199
    0.013954    0.023165   -0.041381
    0.015866    0.024922   -0.043671
    0.017899    0.026650   -0.046065
    0.020052    0.028323   -0.048558
    0.022325    0.029951   -0.051146
    0.024716    0.031491   -0.053824
    0.027226    0.032904   -0.056596
    0.029854    0.034160   -0.059460
    0.032600    0.035247   -0.062384
    0.035461    0.036184   -0.065382
    0.038439    0.037043   -0.068448
    0.041531    0.037907   -0.071578
    0.044738    0.038779   -0.074768
    0.048058    0.039660   -0.078009
    0.051491    0.040549   -0.081301
    0.055036    0.041445   -0.084638
    0.058691    0.042349   -0.088016
    0.062456    0.043259   -0.091430
    0.066331    0.044177   -0.094875
    0.070314    0.045101   -0.098346
    0.074403    0.046031   -0.101840
    0.078599    0.046962   -0.105350
    0.082900    0.047909   -0.108873
    0.087305    0.048863   -0.112403
    0.091812    0.049825   -0.115936
    0.096421    0.050795   -0.119475
    0.101131    0.051774   -0.123034
    0.105941    0.052761   -0.126548
    0.110848    0.053758   -0.130037
    0.115853    0.054765   -0.133503
    0.120953    0.055780   -0.136943
    0.126148    0.056804   -0.140351
    0.131435    0.057843   -0.143724
    0.136815    0.058893   -0.147057
    0.142285    0.059957   -0.150359
    0.147845    0.061033   -0.153638
    0.153492    0.062123   -0.156826
    0.159225    0.063228   -0.159938
    0.165044    0.064348   -0.162987
    0.170946    0.065484   -0.165968
    0.176930    0.066637   -0.168878
    0.182994    0.067807   -0.171713
    0.189138    0.068996   -0.174479
    0.195358    0.070206   -0.177203
    0.201655    0.071435   -0.179763
    0.208026    0.072683   -0.182232
    0.214470    0.073954   -0.184606
    0.220986    0.075251   -0.186882
    0.227570    0.076567   -0.189066
    0.234223    0.077907   -0.191187
    0.240941    0.079273   -0.193115
    0.247725    0.080670   -0.194928
    0.254571    0.082087   -0.196626
    0.261478    0.083532   -0.198224
    0.268445    0.085013   -0.199736
    0.275470    0.086516   -0.201045
    0.282550    0.088046   -0.202211
    0.289685    0.089619   -0.203248
    0.296872    0.091214   -0.204175
    0.304110    0.092838   -0.204997
    0.311396    0.094509   -0.205609
    0.318730    0.096202   -0.206057
    0.326109    0.097927   -0.206363
    0.333531    0.099691   -0.206550
    0.340994    0.101499   -0.206618
    0.348497    0.103331   -0.206471
    0.356038    0.105201   -0.206143
    0.363615    0.107121   -0.205664
    0.371226    0.109065   -0.205032
    0.378869    0.111046   -0.204258
    0.386542    0.113084   -0.203375
    0.394243    0.115145   -0.202232
    0.401971    0.117243   -0.200930
    0.409723    0.119383   -0.199469
    0.417498    0.121579   -0.197867
    0.425293    0.123799   -0.196148
    0.433107    0.126058   -0.194178
    0.440937    0.128357   -0.192032
    0.448783    0.130704   -0.189725
    0.456641    0.133101   -0.187257
    0.464509    0.135523   -0.184644
    0.472387    0.137986   -0.181916
    0.480272    0.140488   -0.178940
    0.488161    0.143037   -0.175790
    0.496053    0.145640   -0.172481
    0.503947    0.148266   -0.169012
    0.511839    0.150931   -0.165411
    0.519729    0.153635   -0.161681
    0.527613    0.156378   -0.157739
    0.535491    0.159159   -0.153630
    0.543360    0.161980   -0.149355
    0.551217    0.164840   -0.144928
    0.559063    0.167741   -0.140353
    0.566893    0.170690   -0.135629
    0.574707    0.173659   -0.130761
    0.582502    0.176662   -0.125749
    0.590277    0.179700   -0.120615
    0.598029    0.182771   -0.115382
    0.605757    0.185875   -0.109955
    0.613458    0.189010   -0.104395
    0.621131    0.192176   -0.098697
    0.628774    0.195372   -0.092871
    0.636385    0.198596   -0.086923
    0.643962    0.201848   -0.080857
    0.651503    0.205126   -0.074675
    0.659006    0.208429   -0.068383
    0.666469    0.211756   -0.061983
    0.673891    0.215106   -0.055480
    0.681270    0.218476   -0.048877
    0.688604    0.221867   -0.042180
    0.695890    0.225276   -0.035391
    0.703128    0.228702   -0.028517
    0.710315    0.232144   -0.021560
    0.717450    0.235599   -0.014527
    0.724530    0.239066   -0.007421
    0.731555    0.242544   -0.000248
    0.738522    0.246031    0.006988
    0.745429    0.249526    0.014281
    0.752275    0.253026    0.021627
    0.759059    0.256529    0.029020
    0.765777    0.260029    0.036455
    0.772430    0.263524    0.043928
    0.779015    0.267028    0.051432
    0.785530    0.270530    0.058962
    0.791974    0.274026    0.066513
    0.798345    0.277514    0.074079
    0.804642    0.280994    0.081658
    0.810863    0.284463    0.089243
    0.817006    0.287921    0.096828
    0.823070    0.291363    0.104406
    0.829054    0.294789    0.111972
    0.834956    0.298197    0.119521
    0.840775    0.301583    0.127046
    0.846508    0.304947    0.134560
    0.852155    0.308286    0.142044
    0.857715    0.311599    0.149465
    0.863185    0.314883    0.156841
    0.868565    0.318131    0.164167
    0.873852    0.321346    0.171436
    0.879047    0.324532    0.178644
    0.884147    0.327683    0.185785
    0.889152    0.330795    0.192853
    0.894059    0.333866    0.199847
    0.898869    0.336896    0.206758
    0.903579    0.339881    0.213581
    0.908188    0.342821    0.220310
    0.912695    0.345713    0.226941
    0.917100    0.348555    0.233468
    0.921401    0.351346    0.239887
    0.925597    0.354083    0.246192
    0.929686    0.356766    0.252379
    0.933669    0.359391    0.258456
    0.937544    0.361959    0.264397
    0.941309    0.364466    0.270201
    0.944965    0.366911    0.275867
    0.948509    0.369293    0.281393
    0.951942    0.371609    0.286774
    0.955262    0.373860    0.292007
    0.958469    0.376041    0.297086
    0.961561    0.378154    0.302008
    0.964539    0.380195    0.306769
    0.967400    0.382164    0.311364
    0.970146    0.384034    0.315792
    0.972774    0.385525    0.320047
    0.975284    0.386498    0.324127
    0.977675    0.387120    0.328028
    0.979948    0.387480    0.331745
    0.982101    0.387632    0.335281
    0.984134    0.387608    0.338631
    0.986046    0.387428    0.341791
    0.987838    0.387102    0.344759
    0.989507    0.386640    0.347532
    0.991055    0.386048    0.350107
    0.992480    0.385329    0.352485
    0.993782    0.384536    0.354663
    0.994962    0.383570    0.356638
    0.996018    0.382444    0.358409
    0.996950    0.381256    0.359975
    0.997759    0.379968    0.361424
    0.998443    0.378595    0.362751
    0.999003    0.377116    0.364269
    0.999439    0.375538    0.365862
    0.999751    0.373886    0.367424
    0.999938    0.372114    0.368989
    1.000000    0.371270    0.371270
  BLADE PROFILES IN CARTESIAN COORDINATES (3D) 
  VARIABLES = "X", "YSS", "YPS" "R" 
  BLADE           1  SECTION           3
  -12.192160    1.586077    1.586077  199.950638
  -10.855354    1.007314    1.007314  199.979202
   -9.663630    0.491237    0.491237  200.010651
   -8.601282    0.031037    0.031037  200.043762
   -7.654285   -0.379348   -0.379348  200.077469
   -6.810122   -0.745318   -0.745318  200.110977
   -6.057630   -1.071683   -1.071683  200.143677
   -5.386852   -1.362731   -1.362731  200.175217
   -4.788909   -1.622283   -1.622283  200.205185
   -4.255889   -1.853748   -1.853748  200.233475
   -3.780735   -2.060162   -2.060162  200.259933
   -3.357162   -2.244236   -2.244236  200.284561
   -2.979565   -2.408386   -2.408386  200.307297
   -2.642951   -2.554765   -2.554765  200.328262
   -2.342865   -2.685297   -2.685297  200.347473
   -2.075341   -2.801697   -2.801697  200.364975
   -1.836845   -2.905493   -2.905493  200.380951
   -1.624224   -2.998050   -2.998050  200.395477
   -1.434668   -3.080582   -3.080582  200.408630
   -1.265674   -3.154175   -3.154175  200.420563
   -1.115010   -3.219796   -3.219796  200.431305
   -0.980688   -3.278310   -3.278310  200.441040
   -0.860933   -3.330484   -3.330484  200.449768
   -0.754164   -3.377006   -3.377006  200.457581
   -0.658975   -3.418489   -3.418489  200.464676
   -0.574108   -3.455475   -3.455475  200.471024
   -0.489813   -3.024241   -3.886745  200.477341
   -0.401684   -2.882448   -4.028557  200.487015
   -0.309370   -2.773157   -4.147576  200.499237
   -0.212518   -2.678758   -4.266360  200.512085
   -0.110774   -2.595246   -4.386601  200.525772
   -0.003789   -2.522217   -4.508799  200.540253
    0.108794   -2.463058   -4.633839  200.555679
    0.227324   -2.418841   -4.760927  200.571960
    0.352151   -2.382674   -4.890668  200.589325
    0.483628   -2.346706   -5.023118  200.607834
    0.622108   -2.310471   -5.158202  200.627472
    0.767939   -2.273859   -5.295949  200.648361
    0.921472   -2.236768   -5.436232  200.670624
    1.083060   -2.199132   -5.578870  200.694260
    1.252968   -2.161011   -5.723559  200.719437
    1.431236   -2.121953   -5.869762  200.746124
    1.618276   -2.082052   -6.017311  200.774429
    1.814550   -2.041152   -6.166678  200.804474
    2.020573   -1.999089   -6.315373  200.836395
    2.236903   -1.955733   -6.464151  200.870270
    2.464159   -1.910828   -6.612620  200.906326
    2.702883   -1.864084   -6.760560  200.944626
    2.953527   -1.815355   -6.907397  200.985275
    3.216922   -1.764341   -7.050222  201.028580
    3.494005   -1.710638   -7.189862  201.074615
    3.785812   -1.653851   -7.325817  201.123703
    4.093481   -1.593462   -7.456696  201.176010
    4.418259   -1.528961   -7.579490  201.231949
    4.764065   -1.459180   -7.696410  201.292099
    5.135884   -1.382510   -7.802383  201.357559
    5.534108   -1.298404   -7.897431  201.428329
    5.958429   -1.206151   -7.974378  201.504623
    6.407830   -1.105067   -8.032747  201.586182
    6.880556   -0.994600   -8.063870  201.672760
    7.374179   -0.874416   -8.069353  201.763870
    7.880693   -0.745603   -8.040557  201.857941
    8.392036   -0.609583   -7.982580  201.953369
    8.905438   -0.466881   -7.889716  202.049530
    9.418691   -0.317527   -7.767577  202.145798
    9.930079   -0.161532   -7.612395  202.241745
   10.438381    0.000000   -7.430013  202.336929
   10.942914    0.168135   -7.216296  202.431122
   11.447102    0.342885   -6.975949  202.524826
   11.953218    0.525841   -6.702489  202.618240
   12.460878    0.717717   -6.398691  202.711334
   12.969445    0.917301   -6.065703  202.803543
   13.478000    1.124965   -5.704348  202.894791
   13.985399    1.340336   -5.312911  202.984558
   14.490232    1.562852   -4.894929  203.072540
   14.987992    1.790408   -4.455085  203.157806
   15.475897    2.021406   -3.997354  203.239868
   15.952617    2.254785   -3.524796  203.318466
   16.417082    2.489520   -3.040442  203.393311
   16.868465    2.724630   -2.547207  203.464462
   17.306198    2.958920   -2.047788  203.531815
   17.729963    3.192383   -1.544620  203.595230
   18.141321    3.424963   -1.037543  203.655212
   18.540648    3.656452   -0.527922  203.711807
   18.927933    3.886265   -0.016732  203.765076
   19.303192    4.113868    0.493068  203.815170
   19.666395    4.338746    1.000469  203.862076
   20.017538    4.560776    1.504317  203.905975
   20.356607    4.779313    2.003185  203.946854
   20.683586    4.993931    2.495599  203.985001
   20.998463    5.204205    2.980689  204.020325
   21.301229    5.409720    3.456340  204.053070
   21.591862    5.610078    3.921956  204.083328
   21.870359    5.756236    4.376235  204.111237
   22.136715    5.750148    4.818085  204.136826
   22.390886    5.389770    5.389515  204.160324
   22.645756    5.696123    5.695995  204.179703
   22.915180    6.020135    6.020135  204.197067
   23.199987    6.362685    6.362685  204.215469
   23.501053    6.724838    6.724838  204.235123
   23.819302    7.107719    7.107719  204.256088
   24.155710    7.512521    7.512521  204.278519
   24.511307    7.940504    7.940504  204.302551
   24.887186    8.393003    8.393003  204.328384
   25.284481    8.871442    8.871442  204.356369
   25.704384    9.377322    9.377322  204.387054
   26.148207    9.912212    9.912212  204.420288
   26.617315   10.477795   10.477795  204.456345
   27.113113   11.075840   11.075840  204.495499
   27.637131   11.708236   11.708236  204.538101
   28.190062   12.377316   12.377316  204.588516
  BLADE PROFILES IN CARTESIAN COORDINATES (2D) BEFORE   PROJECTION, SCALING, MESHING AND STACKING 
  VARIABLES = "X", "YSS", "YPS" 
  BLADE           2  SECTION           1
    0.000000    0.017945    0.017945
    0.000062    0.019057    0.013480
    0.000249    0.021519    0.010264
    0.000561    0.023247    0.007081
    0.000997    0.025088    0.003946
    0.001557    0.027020    0.000896
    0.002241    0.028766   -0.002024
    0.003050    0.030600   -0.004722
    0.003982    0.032496   -0.007218
    0.005038    0.034382   -0.009525
    0.006218    0.036395   -0.011700
    0.007520    0.038550   -0.013646
    0.008945    0.040844   -0.015450
    0.010493    0.043268   -0.017184
    0.012162    0.045808   -0.018807
    0.013954    0.048462   -0.020363
    0.015866    0.051228   -0.021882
    0.017899    0.054122   -0.023335
    0.020052    0.057111   -0.024758
    0.022325    0.060179   -0.026107
    0.024716    0.063338   -0.027414
    0.027226    0.066581   -0.028637
    0.029854    0.069904   -0.029732
    0.032600    0.073302   -0.030715
    0.035461    0.076770   -0.031523
    0.038439    0.080303   -0.032117
    0.041531    0.083896   -0.032472
    0.044738    0.087540   -0.032625
    0.048058    0.091235   -0.032685
    0.051491    0.094975   -0.032702
    0.055036    0.098756   -0.032685
    0.058691    0.102573   -0.032632
    0.062456    0.106421   -0.032547
    0.066331    0.110295   -0.032425
    0.070314    0.114190   -0.032269
    0.074403    0.118103   -0.032093
    0.078599    0.122027   -0.031888
    0.082900    0.125973   -0.031656
    0.087305    0.129939   -0.031398
    0.091812    0.133871   -0.031115
    0.096421    0.137797   -0.030809
    0.101131    0.141709   -0.030480
    0.105941    0.145595   -0.030130
    0.110848    0.149460   -0.029760
    0.115853    0.153298   -0.029378
    0.120953    0.157106   -0.028982
    0.126148    0.160878   -0.028572
    0.131435    0.164610   -0.028152
    0.136815    0.168314   -0.027722
    0.142285    0.171995   -0.027286
    0.147845    0.175584   -0.026845
    0.153492    0.179101   -0.026403
    0.159225    0.182551   -0.025959
    0.165044    0.185935   -0.025516
    0.170946    0.189249   -0.025077
    0.176930    0.192489   -0.024643
    0.182994    0.195665   -0.024220
    0.189138    0.198796   -0.023811
    0.195358    0.201776   -0.023410
    0.201655    0.204655   -0.023022
    0.208026    0.207441   -0.022650
    0.214470    0.210130   -0.022302
    0.220986    0.212736   -0.021983
    0.227570    0.215274   -0.021677
    0.234223    0.217636   -0.021396
    0.240941    0.219871   -0.021148
    0.247725    0.221993   -0.020941
    0.254571    0.223998   -0.020751
    0.261478    0.225898   -0.020595
    0.268445    0.227722   -0.020499
    0.275470    0.229323   -0.020421
    0.282550    0.230796   -0.020382
    0.289685    0.232139   -0.020392
    0.296872    0.233367   -0.020463
    0.304110    0.234504   -0.020559
    0.311396    0.235406   -0.020707
    0.318730    0.236163   -0.020929
    0.326109    0.236779   -0.021178
    0.333531    0.237271   -0.021483
    0.340994    0.237660   -0.021871
    0.348497    0.237806   -0.022289
    0.356038    0.237793   -0.022766
    0.363615    0.237631   -0.023336
    0.371226    0.237340   -0.023938
    0.378869    0.236935   -0.024599
    0.386542    0.236285   -0.025365
    0.394243    0.235466   -0.026163
    0.401971    0.234492   -0.027026
    0.409723    0.233386   -0.027967
    0.417498    0.232156   -0.029001
    0.425293    0.230695   -0.030076
    0.433107    0.229049   -0.031219
    0.440937    0.227244   -0.032478
    0.448783    0.225282   -0.033773
    0.456641    0.223180   -0.035141
    0.464509    0.220962   -0.036580
    0.472387    0.218500   -0.038102
    0.480272    0.215866   -0.039731
    0.488161    0.213075   -0.041402
    0.496053    0.210127   -0.043146
    0.503947    0.207022   -0.044966
    0.511839    0.203774   -0.046860
    0.519729    0.200427   -0.048839
    0.527613    0.196834   -0.050926
    0.535491    0.193086   -0.053053
    0.543360    0.189189   -0.055255
    0.551217    0.185143   -0.057530
    0.559063    0.180951   -0.059880
    0.566893    0.176614   -0.062303
    0.574707    0.172150   -0.064798
    0.582502    0.167589   -0.067366
    0.590277    0.162829   -0.070005
    0.598029    0.157925   -0.072714
    0.605757    0.152882   -0.075493
    0.613458    0.147710   -0.078343
    0.621131    0.142412   -0.081259
    0.628774    0.136990   -0.084240
    0.636385    0.131449   -0.087285
    0.643962    0.125790   -0.090393
    0.651503    0.120018   -0.093562
    0.659006    0.114136   -0.096790
    0.666469    0.108149   -0.100076
    0.673891    0.102059   -0.103417
    0.681270    0.095871   -0.106812
    0.688604    0.089589   -0.110259
    0.695890    0.083217   -0.113757
    0.703128    0.076760   -0.117301
    0.710315    0.070221   -0.120892
    0.717450    0.063606   -0.124526
    0.724530    0.056919   -0.128201
    0.731555    0.050165   -0.131917
    0.738522    0.043348   -0.135669
    0.745429    0.036473   -0.139455
    0.752275    0.029545   -0.143273
    0.759059    0.022570   -0.147120
    0.765777    0.015551   -0.150993
    0.772430    0.008495   -0.154889
    0.779015    0.001406   -0.158806
    0.785530   -0.005711   -0.162741
    0.791974   -0.012850   -0.166691
    0.798345   -0.020006   -0.170653
    0.804642   -0.027174   -0.174625
    0.810863   -0.034349   -0.178604
    0.817006   -0.041525   -0.182586
    0.823070   -0.048697   -0.186570
    0.829054   -0.055860   -0.190543
    0.834956   -0.063008   -0.194502
    0.840775   -0.070137   -0.198470
    0.846508   -0.077242   -0.202427
    0.852155   -0.084318   -0.206371
    0.857715   -0.091358   -0.210297
    0.863185   -0.098356   -0.214204
    0.868565   -0.105316   -0.218089
    0.873852   -0.112240   -0.221948
    0.879047   -0.119082   -0.225777
    0.884147   -0.125860   -0.229574
    0.889152   -0.132572   -0.233336
    0.894059   -0.139211   -0.237060
    0.898869   -0.145772   -0.240743
    0.903579   -0.152250   -0.244382
    0.908188   -0.158641   -0.247974
    0.912695   -0.164939   -0.251516
    0.917100   -0.171139   -0.255005
    0.921401   -0.177238   -0.258439
    0.925597   -0.183229   -0.261815
    0.929686   -0.189109   -0.265130
    0.933669   -0.194873   -0.268381
    0.937544   -0.200517   -0.271567
    0.941309   -0.206037   -0.274683
    0.944965   -0.211427   -0.277728
    0.948509   -0.216684   -0.280699
    0.951942   -0.221802   -0.283593
    0.955262   -0.226780   -0.286409
    0.958469   -0.231612   -0.289144
    0.961561   -0.236294   -0.291796
    0.964539   -0.240823   -0.294362
    0.967400   -0.245196   -0.296840
    0.970146   -0.249409   -0.299228
    0.972774   -0.253458   -0.301525
    0.975284   -0.257342   -0.303729
    0.977675   -0.261055   -0.305802
    0.979948   -0.264596   -0.307539
    0.982101   -0.267962   -0.308857
    0.984134   -0.271150   -0.309864
    0.986046   -0.274158   -0.310627
    0.987838   -0.276983   -0.311184
    0.989507   -0.279623   -0.311557
    0.991055   -0.282074   -0.311763
    0.992480   -0.284338   -0.311810
    0.993782   -0.286411   -0.311704
    0.994962   -0.288291   -0.311449
    0.996018   -0.289986   -0.311047
    0.996950   -0.291569   -0.310537
    0.997759   -0.293204   -0.309856
    0.998443   -0.294853   -0.308975
    0.999003   -0.296500   -0.308003
    0.999439   -0.298136   -0.306895
    0.999751   -0.299815   -0.305655
    0.999938   -0.301459   -0.304261
    1.000000   -0.303507   -0.303507
  BLADE PROFILES IN CARTESIAN COORDINATES (3D) 
  VARIABLES = "X", "YSS", "YPS" "R" 
  BLADE           2  SECTION           1
   18.514946  -12.450459  -12.450459  174.132736
   19.482109  -11.816138  -11.816138  174.004776
   20.350561  -11.248568  -11.248568  173.901215
   21.130341  -10.740610  -10.740610  173.818222
   21.831367  -10.286393  -10.286393  173.760361
   22.460779   -9.879732   -9.879732  173.716232
   23.025118   -9.515233   -9.515233  173.676834
   23.531086   -9.188507   -9.188507  173.641525
   23.984715   -8.895626   -8.895626  173.609665
   24.391382   -8.633066   -8.633066  173.580673
   24.755951   -8.397687   -8.397687  173.554352
   25.082794   -8.186677   -8.186677  173.530548
   25.375818   -7.997514   -7.997514  173.509064
   25.638508   -7.827928   -7.827928  173.489670
   25.874025   -7.675900   -7.675900  173.472183
   26.085161   -7.539604   -7.539604  173.456375
   26.274458   -7.417416   -7.417416  173.442154
   26.444159   -7.307872   -7.307872  173.429321
   26.596310   -7.209667   -7.209667  173.417755
   26.732710   -7.121621   -7.121621  173.407364
   26.855000   -7.042688   -7.042688  173.398010
   26.977041   -6.410087   -7.692979  173.386719
   27.104630   -6.187489   -7.933271  173.374695
   27.238258   -5.975691   -8.086433  173.361908
   27.378445   -5.767742   -8.205707  173.348221
   27.525702   -5.559080   -8.307236  173.333649
   27.680529   -5.350790   -8.395230  173.317993
   27.843435   -5.140681   -8.468954  173.301254
   28.014929   -4.928123   -8.525483  173.283234
   28.195517   -4.712702   -8.558176  173.263901
   28.385695   -4.494395   -8.567810  173.243118
   28.585974   -4.272904   -8.568791  173.220840
   28.796869   -4.048191   -8.566117  173.196854
   29.018864   -3.820360   -8.559890  173.171036
   29.252464   -3.589615   -8.550157  173.143265
   29.498062   -3.356309   -8.537769  173.113434
   29.755697   -3.119822   -8.522442  173.081451
   30.025976   -2.883348   -8.504359  173.047119
   30.309534   -2.646114   -8.483656  173.010284
   30.607122   -2.408785   -8.460514  172.970749
   30.919554   -2.171466   -8.435503  172.928268
   31.247690   -1.934739   -8.408662  172.882584
   31.592314   -1.697597   -8.380327  172.833527
   31.954058   -1.465271   -8.351028  172.780746
   32.334141   -1.237186   -8.321055  172.724075
   32.733871   -1.013622   -8.290919  172.663040
   33.154736   -0.793595   -8.261608  172.597275
   33.598373   -0.584513   -8.233172  172.526352
   34.066566   -0.384571   -8.207085  172.449722
   34.564915   -0.192587   -8.183808  172.366333
   35.100620   -0.016357   -8.165144  172.274551
   35.674175    0.145752   -8.152237  172.174011
   36.285141    0.282306   -8.147388  172.064529
   36.931988    0.393603   -8.153647  171.945923
   37.612190    0.466027   -8.173079  171.818634
   38.322189    0.502731   -8.208097  171.683029
   39.050495    0.491498   -8.260405  171.541336
   39.785458    0.437317   -8.330682  171.395859
   40.523163    0.336580   -8.418911  171.247559
   41.260391    0.189921   -8.526100  171.097519
   41.994724    0.000000   -8.652213  170.946304
   42.724377   -0.231548   -8.797209  170.794724
   43.448410   -0.505260   -8.959288  170.643219
   44.171741   -0.816730   -9.141644  170.490936
   44.897652   -1.174962   -9.344548  170.337540
   45.625572   -1.574568   -9.567766  170.183441
   46.354595   -2.013019   -9.811977  170.028793
   47.083458   -2.495591  -10.077213  169.874512
   47.810459   -3.017184  -10.362952  169.720947
   48.533627   -3.575546  -10.668186  169.568863
   49.246517   -4.164407  -10.989759  169.419846
   49.945141   -4.778332  -11.324951  169.274857
   50.627636   -5.413097  -11.671678  169.134460
   51.292484   -6.064520  -12.028034  168.999054
   51.938488   -6.728598  -12.391859  168.869064
   52.564877   -7.401609  -12.761176  168.744537
   53.171196   -8.080209  -13.134224  168.625656
   53.759670   -8.764259  -13.510988  168.511902
   54.330898   -9.452086  -13.889918  168.403305
   54.884834  -10.141610  -14.271056  168.299622
   55.421516  -10.830812  -14.652897  168.200958
   55.940922  -11.518113  -15.034194  168.107117
   56.443035  -12.199688  -15.413666  168.018173
   56.927841  -12.874664  -15.790228  167.933884
   57.395348  -13.541225  -16.162836  167.854309
   57.845516  -14.197653  -16.530478  167.779175
   58.278351  -14.842287  -16.892155  167.708450
   58.693829  -15.473370  -17.246889  167.641998
   59.091942  -16.089355  -17.592880  167.579712
   59.472664  -16.688730  -17.781591  167.521439
   59.835991  -17.509211  -17.509541  167.466965
   60.202549  -17.969467  -17.969631  167.436478
   60.598331  -18.466137  -18.466137  167.404221
   61.025688  -19.002304  -19.002304  167.370209
   61.487106  -19.581102  -19.581102  167.334427
   61.985329  -20.205929  -20.205929  167.296829
   62.523312  -20.880451  -20.880451  167.257492
   63.104221  -21.608639  -21.608639  167.216431
   63.731468  -22.394756  -22.394756  167.173706
   64.408783  -23.243435  -23.243435  167.129501
   65.140144  -24.159679  -24.159679  167.083893
   65.929893  -25.148884  -25.148884  167.037064
   66.782677  -26.216892  -26.216892  166.989380
   67.703537  -27.370026  -27.370026  166.941055
   68.697899  -28.615114  -28.615114  166.892548
   69.771622  -29.959564  -29.959564  166.844315
   70.931053  -31.411375  -31.411375  166.796875
   72.182999  -32.979218  -32.979218  166.750992
   73.534813  -34.672485  -34.672485  166.707336
   74.994423  -36.501354  -36.501354  166.666824
   76.570366  -38.476852  -38.476852  166.630417
  BLADE PROFILES IN CARTESIAN COORDINATES (2D) BEFORE   PROJECTION, SCALING, MESHING AND STACKING 
  VARIABLES = "X", "YSS", "YPS" 
  BLADE           2  SECTION           2
    0.000000    0.013499    0.013499
    0.000062    0.017526    0.010492
    0.000249    0.020669    0.006712
    0.000561    0.022624    0.003161
    0.000997    0.024728   -0.000273
    0.001557    0.026860   -0.003521
    0.002241    0.028798   -0.006544
    0.003050    0.030704   -0.009226
    0.003982    0.032625   -0.011788
    0.005038    0.034546   -0.014103
    0.006218    0.036403   -0.016215
    0.007520    0.038370   -0.018308
    0.008945    0.040447   -0.020321
    0.010493    0.042636   -0.022279
    0.012162    0.044928   -0.024228
    0.013954    0.047307   -0.026139
    0.015866    0.049807   -0.028051
    0.017899    0.052377   -0.029943
    0.020052    0.055018   -0.031785
    0.022325    0.057736   -0.033593
    0.024716    0.060524   -0.035333
    0.027226    0.063379   -0.036948
    0.029854    0.066295   -0.038435
    0.032600    0.069267   -0.039714
    0.035461    0.072287   -0.040763
    0.038439    0.075351   -0.041613
    0.041531    0.078456   -0.042344
    0.044738    0.081598   -0.043047
    0.048058    0.084774   -0.043746
    0.051491    0.087977   -0.044429
    0.055036    0.091204   -0.045094
    0.058691    0.094467   -0.045742
    0.062456    0.097754   -0.046370
    0.066331    0.101025   -0.046977
    0.070314    0.104302   -0.047582
    0.074403    0.107580   -0.048173
    0.078599    0.110847   -0.048752
    0.082900    0.114103   -0.049318
    0.087305    0.117346   -0.049872
    0.091812    0.120572   -0.050414
    0.096421    0.123777   -0.050944
    0.101131    0.126956   -0.051463
    0.105941    0.130119   -0.051982
    0.110848    0.133272   -0.052495
    0.115853    0.136350   -0.053003
    0.120953    0.139372   -0.053508
    0.126148    0.142343   -0.054009
    0.131435    0.145263   -0.054507
    0.136815    0.148128   -0.055010
    0.142285    0.150953   -0.055516
    0.147845    0.153733   -0.056026
    0.153492    0.156410   -0.056542
    0.159225    0.159002   -0.057065
    0.165044    0.161510   -0.057597
    0.170946    0.163939   -0.058140
    0.176930    0.166286   -0.058695
    0.182994    0.168565   -0.059264
    0.189138    0.170782   -0.059854
    0.195358    0.172854   -0.060457
    0.201655    0.174809   -0.061079
    0.208026    0.176665   -0.061722
    0.214470    0.178418   -0.062396
    0.220986    0.180082   -0.063088
    0.227570    0.181671   -0.063804
    0.234223    0.183080   -0.064552
    0.240941    0.184359   -0.065338
    0.247725    0.185520   -0.066145
    0.254571    0.186585   -0.066985
    0.261478    0.187549   -0.067876
    0.268445    0.188340   -0.068790
    0.275470    0.188967   -0.069741
    0.282550    0.189465   -0.070735
    0.289685    0.189830   -0.071784
    0.296872    0.190078   -0.072861
    0.304110    0.190227   -0.073981
    0.311396    0.190155   -0.075171
    0.318730    0.189929   -0.076388
    0.326109    0.189562   -0.077652
    0.333531    0.189075   -0.078971
    0.340994    0.188468   -0.080361
    0.348497    0.187656   -0.081783
    0.356038    0.186664   -0.083257
    0.363615    0.185522   -0.084794
    0.371226    0.184229   -0.086406
    0.378869    0.182805   -0.088054
    0.386542    0.181263   -0.089758
    0.394243    0.179497   -0.091525
    0.401971    0.177555   -0.093380
    0.409723    0.175458   -0.095270
    0.417498    0.173205   -0.097220
    0.425293    0.170821   -0.099233
    0.433107    0.168310   -0.101308
    0.440937    0.165590   -0.103457
    0.448783    0.162686   -0.105690
    0.456641    0.159624   -0.107963
    0.464509    0.156407   -0.110299
    0.472387    0.153036   -0.112700
    0.480272    0.149511   -0.115166
    0.488161    0.145850   -0.117697
    0.496053    0.142077   -0.120297
    0.503947    0.138094   -0.122968
    0.511839    0.133942   -0.125727
    0.519729    0.129641   -0.128524
    0.527613    0.125192   -0.131384
    0.535491    0.120599   -0.134309
    0.543360    0.115862   -0.137297
    0.551217    0.110984   -0.140349
    0.559063    0.105967   -0.143463
    0.566893    0.100812   -0.146638
    0.574707    0.095523   -0.149875
    0.582502    0.090115   -0.153172
    0.590277    0.084621   -0.156528
    0.598029    0.078942   -0.159942
    0.605757    0.073139   -0.163413
    0.613458    0.067215   -0.166940
    0.621131    0.061171   -0.170522
    0.628774    0.055010   -0.174156
    0.636385    0.048739   -0.177843
    0.643962    0.042362   -0.181579
    0.651503    0.035882   -0.185364
    0.659006    0.029302   -0.189196
    0.666469    0.022627   -0.193074
    0.673891    0.015861   -0.196994
    0.681270    0.009008   -0.200956
    0.688604    0.002071   -0.204958
    0.695890   -0.004945   -0.208997
    0.703128   -0.012035   -0.213071
    0.710315   -0.019194   -0.217179
    0.717450   -0.026420   -0.221318
    0.724530   -0.033706   -0.225486
    0.731555   -0.041049   -0.229681
    0.738522   -0.048446   -0.233900
    0.745429   -0.055890   -0.238134
    0.752275   -0.063376   -0.242372
    0.759059   -0.070899   -0.246650
    0.765777   -0.078453   -0.250942
    0.772430   -0.086046   -0.255246
    0.779015   -0.093687   -0.259563
    0.785530   -0.101306   -0.263886
    0.791974   -0.108936   -0.268214
    0.798345   -0.116573   -0.272543
    0.804642   -0.124211   -0.276871
    0.810863   -0.131845   -0.281194
    0.817006   -0.139470   -0.285511
    0.823070   -0.147080   -0.289818
    0.829054   -0.154670   -0.294113
    0.834956   -0.162236   -0.298392
    0.840775   -0.169771   -0.302654
    0.846508   -0.177270   -0.306895
    0.852155   -0.184729   -0.311107
    0.857715   -0.192142   -0.315283
    0.863185   -0.199505   -0.319445
    0.868565   -0.206814   -0.323575
    0.873852   -0.214061   -0.327670
    0.879047   -0.221241   -0.331728
    0.884147   -0.228350   -0.335745
    0.889152   -0.235390   -0.339720
    0.894059   -0.242357   -0.343649
    0.898869   -0.249217   -0.347529
    0.903579   -0.255987   -0.351357
    0.908188   -0.262659   -0.355130
    0.912695   -0.269230   -0.358846
    0.917100   -0.275695   -0.362503
    0.921401   -0.282049   -0.366097
    0.925597   -0.288287   -0.369626
    0.929686   -0.294406   -0.373088
    0.933669   -0.300400   -0.376480
    0.937544   -0.306265   -0.379799
    0.941309   -0.311997   -0.383043
    0.944965   -0.317592   -0.386210
    0.948509   -0.323047   -0.389297
    0.951942   -0.328356   -0.392302
    0.955262   -0.333515   -0.395223
    0.958469   -0.338522   -0.398058
    0.961561   -0.343372   -0.400804
    0.964539   -0.348061   -0.403460
    0.967400   -0.352587   -0.406023
    0.970146   -0.356945   -0.408492
    0.972774   -0.361132   -0.410865
    0.975284   -0.365147   -0.413140
    0.977675   -0.368985   -0.415260
    0.979948   -0.372643   -0.416981
    0.982101   -0.376120   -0.418289
    0.984134   -0.379412   -0.419292
    0.986046   -0.382516   -0.420054
    0.987838   -0.385432   -0.420607
    0.989507   -0.388154   -0.420975
    0.991055   -0.390684   -0.421174
    0.992480   -0.393020   -0.421211
    0.993782   -0.395157   -0.421092
    0.994962   -0.397095   -0.420821
    0.996018   -0.398834   -0.420400
    0.996950   -0.400465   -0.419846
    0.997759   -0.402104   -0.419137
    0.998443   -0.403751   -0.418253
    0.999003   -0.405391   -0.417253
    0.999439   -0.407121   -0.416120
    0.999751   -0.408814   -0.414859
    0.999938   -0.410454   -0.413482
    1.000000   -0.411180   -0.411180
  BLADE PROFILES IN CARTESIAN COORDINATES (3D) 
  VARIABLES = "X", "YSS", "YPS" "R" 
  BLADE           2  SECTION           2
   19.551876   -8.017650   -8.017650  188.979752
   20.474903   -7.594664   -7.594664  188.979782
   21.302454   -7.215423   -7.215423  188.979446
   22.044397   -6.875405   -6.875405  188.978806
   22.709597   -6.570517   -6.570517  188.977219
   23.305983   -6.297182   -6.297182  188.976135
   23.840672   -6.052132   -6.052132  188.975403
   24.320055   -5.832439   -5.832439  188.975082
   24.749853   -5.635481   -5.635481  188.975021
   25.135180   -5.458903   -5.458903  188.975296
   25.480650   -5.300598   -5.300598  188.975647
   25.790390   -5.158671   -5.158671  188.976105
   26.068085   -5.031427   -5.031427  188.976562
   26.317057   -4.917348   -4.917348  188.977127
   26.540272   -4.815071   -4.815071  188.977615
   26.740398   -4.723374   -4.723374  188.978104
   26.919815   -4.641163   -4.641163  188.978592
   27.080683   -4.567457   -4.567457  188.979095
   27.224907   -4.501376   -4.501376  188.979462
   27.354210   -4.442131   -4.442131  188.979874
   27.470140   -4.389015   -4.389015  188.980118
   27.586067   -3.724074   -5.084502  188.980255
   27.707277   -3.523546   -5.315575  188.980408
   27.834267   -3.342961   -5.480649  188.980530
   27.967503   -3.166408   -5.620751  188.980667
   28.107496   -2.991972   -5.745861  188.980835
   28.254711   -2.818307   -5.857563  188.980957
   28.409649   -2.644201   -5.951471  188.981110
   28.572790   -2.469177   -6.021579  188.981247
   28.744623   -2.293177   -6.069169  188.981400
   28.925636   -2.115711   -6.108965  188.981506
   29.116320   -1.936720   -6.147439  188.981689
   29.317156   -1.755779   -6.184035  188.981766
   29.528633   -1.572999   -6.218659  188.981842
   29.751238   -1.390062   -6.252294  188.981934
   29.985346   -1.206735   -6.284867  188.982056
   30.231012   -1.023732   -6.316370  188.982101
   30.488819   -0.841160   -6.346877  188.982224
   30.759398   -0.659265   -6.376626  188.982208
   31.043463   -0.477308   -6.406360  188.982254
   31.341799   -0.299375   -6.436019  188.982178
   31.655264   -0.124397   -6.465783  188.982162
   31.984619    0.047848   -6.496404  188.982040
   32.330479    0.216103   -6.528045  188.981842
   32.694012    0.376705   -6.561254  188.981750
   33.076500    0.530428   -6.596581  188.981445
   33.479404    0.678342   -6.634859  188.981186
   33.904305    0.813512   -6.676565  188.980911
   34.352905    0.937075   -6.723077  188.980423
   34.830647    1.049628   -6.775260  188.979950
   35.344437    1.143225   -6.835731  188.979385
   35.894814    1.219773   -6.905832  188.978607
   36.481377    1.267172   -6.986717  188.977890
   37.102684    1.287738   -7.080603  188.976868
   37.756382    1.269082   -7.189414  188.975815
   38.439041    1.214378   -7.314451  188.974670
   39.139614    1.113242   -7.455210  188.973282
   39.846920    0.973860   -7.610699  188.971939
   40.557102    0.788635   -7.782186  188.970398
   41.267090    0.566686   -7.967568  188.968872
   41.974480    0.301902   -8.168975  188.967285
   42.677567    0.000000   -8.383717  188.965607
   43.375370   -0.334617   -8.612879  188.963959
   44.072617   -0.710299   -8.859049  188.962341
   44.772423   -1.124508   -9.121643  188.960632
   45.474251   -1.577075   -9.401917  188.958847
   46.177147   -2.065188   -9.699924  188.957153
   46.879871   -2.592624  -10.015431  188.955460
   47.580803   -3.155704  -10.347882  188.953674
   48.277943   -3.751863  -10.696342  188.952011
   48.965103   -4.374463  -11.057369  188.950363
   49.638401   -5.018052  -11.428185  188.948776
   50.296013   -5.678539  -11.806819  188.947296
   50.936455   -6.352095  -12.191288  188.945786
   51.558598   -7.034939  -12.578944  188.944458
   52.161655   -7.725061  -12.969877  188.943192
   52.745232   -8.416038  -13.361767  188.942001
   53.311420   -9.109752  -13.754661  188.940887
   53.860817   -9.804725  -14.147898  188.939835
   54.393433  -10.498924  -14.540365  188.938889
   54.909218  -11.190510  -14.930733  188.938019
   55.408218  -11.877658  -15.319016  188.937210
   55.890419  -12.559216  -15.703819  188.936508
   56.355808  -13.231581  -16.084049  188.935852
   56.804409  -13.894108  -16.458801  188.935242
   57.236195  -14.545182  -16.827202  188.934708
   57.651180  -15.183338  -17.188391  188.934250
   58.049377  -15.807021  -17.541527  188.933884
   58.430756  -16.414774  -17.884487  188.933502
   58.795349  -17.005182  -18.067032  188.933243
   59.143135  -17.759613  -17.759953  188.933197
   59.490921  -18.210493  -18.210663  188.933960
   59.866375  -18.697062  -18.697062  188.934799
   60.271694  -19.222340  -19.222340  188.935745
   60.709259  -19.789412  -19.789412  188.936752
   61.181625  -20.401592  -20.401592  188.937836
   61.691566  -21.062483  -21.062483  188.939056
   62.242100  -21.775953  -21.775953  188.940369
   62.836411  -22.546190  -22.546190  188.941788
   63.477993  -23.377707  -23.377707  188.943375
   64.170631  -24.275385  -24.275385  188.945038
   64.918358  -25.244484  -25.244484  188.946869
   65.725578  -26.290691  -26.290691  188.948883
   66.597000  -27.420135  -27.420135  188.951035
   67.537758  -28.639441  -28.639441  188.953293
   68.553345  -29.955751  -29.955751  188.955750
   69.649727  -31.376791  -31.376791  188.958328
   70.833328  -32.910885  -32.910885  188.961075
   72.111084  -34.567024  -34.567024  188.963867
   73.490517  -36.354904  -36.354904  188.966736
   74.979645  -38.284996  -38.284996  188.969589
  BLADE PROFILES IN CARTESIAN COORDINATES (2D) BEFORE   PROJECTION, SCALING, MESHING AND STACKING 
  VARIABLES = "X", "YSS", "YPS" 
  BLADE           2  SECTION           3
    0.000000    0.006621    0.006621
    0.000062    0.010916    0.002958
    0.000249    0.015564   -0.000719
    0.000561    0.019227   -0.004108
    0.000997    0.022124   -0.007155
    0.001557    0.024824   -0.009889
    0.002241    0.027378   -0.012393
    0.003050    0.029717   -0.014678
    0.003982    0.031980   -0.016943
    0.005038    0.034156   -0.019165
    0.006218    0.036246   -0.021357
    0.007520    0.038259   -0.023571
    0.008945    0.040203   -0.025817
    0.010493    0.042207   -0.028076
    0.012162    0.044289   -0.030359
    0.013954    0.046453   -0.032666
    0.015866    0.048692   -0.034966
    0.017899    0.050999   -0.037243
    0.020052    0.053360   -0.039455
    0.022325    0.055780   -0.041541
    0.024716    0.058254   -0.043436
    0.027226    0.060798   -0.045130
    0.029854    0.063383   -0.046623
    0.032600    0.065990   -0.047962
    0.035461    0.068632   -0.049260
    0.038439    0.071304   -0.050562
    0.041531    0.074001   -0.051858
    0.044738    0.076714   -0.053151
    0.048058    0.079440   -0.054461
    0.051491    0.082177   -0.055772
    0.055036    0.084923   -0.057084
    0.058691    0.087671   -0.058397
    0.062456    0.090437   -0.059706
    0.066331    0.093205   -0.061016
    0.070314    0.095938   -0.062321
    0.074403    0.098658   -0.063623
    0.078599    0.101357   -0.064938
    0.082900    0.104023   -0.066255
    0.087305    0.106663   -0.067574
    0.091812    0.109272   -0.068894
    0.096421    0.111846   -0.070213
    0.101131    0.114399   -0.071530
    0.105941    0.116924   -0.072863
    0.110848    0.119371   -0.074201
    0.115853    0.121759   -0.075545
    0.120953    0.124082   -0.076896
    0.126148    0.126346   -0.078252
    0.131435    0.128548   -0.079615
    0.136815    0.130702   -0.080994
    0.142285    0.132803   -0.082384
    0.147845    0.134797   -0.083786
    0.153492    0.136697   -0.085199
    0.159225    0.138508   -0.086630
    0.165044    0.140234   -0.088078
    0.170946    0.141872   -0.089543
    0.176930    0.143435   -0.091026
    0.182994    0.144933   -0.092530
    0.189138    0.146277   -0.094055
    0.195358    0.147504   -0.095603
    0.201655    0.148627   -0.097175
    0.208026    0.149643   -0.098775
    0.214470    0.150564   -0.100399
    0.220986    0.151406   -0.102050
    0.227570    0.152067   -0.103733
    0.234223    0.152594   -0.105451
    0.240941    0.153000   -0.107195
    0.247725    0.153283   -0.108972
    0.254571    0.153455   -0.110787
    0.261478    0.153535   -0.112644
    0.268445    0.153410   -0.114530
    0.275470    0.153140   -0.116454
    0.282550    0.152736   -0.118421
    0.289685    0.152194   -0.120439
    0.296872    0.151527   -0.122488
    0.304110    0.150761   -0.124579
    0.311396    0.149772   -0.126716
    0.318730    0.148629   -0.128915
    0.326109    0.147341   -0.131145
    0.333531    0.145905   -0.133423
    0.340994    0.144338   -0.135748
    0.348497    0.142658   -0.138123
    0.356038    0.140761   -0.140556
    0.363615    0.138692   -0.143050
    0.371226    0.136470   -0.145582
    0.378869    0.134095   -0.148165
    0.386542    0.131565   -0.150801
    0.394243    0.128899   -0.153491
    0.401971    0.126115   -0.156243
    0.409723    0.123118   -0.159067
    0.417498    0.119942   -0.161927
    0.425293    0.116611   -0.164842
    0.433107    0.113125   -0.167814
    0.440937    0.109484   -0.170841
    0.448783    0.105689   -0.173926
    0.456641    0.101739   -0.177067
    0.464509    0.097653   -0.180266
    0.472387    0.093455   -0.183522
    0.480272    0.089048   -0.186838
    0.488161    0.084482   -0.190210
    0.496053    0.079761   -0.193645
    0.503947    0.074892   -0.197153
    0.511839    0.069878   -0.200695
    0.519729    0.064720   -0.204292
    0.527613    0.059420   -0.207945
    0.535491    0.053980   -0.211652
    0.543360    0.048402   -0.215413
    0.551217    0.042688   -0.219227
    0.559063    0.036840   -0.223094
    0.566893    0.030862   -0.227012
    0.574707    0.024755   -0.230981
    0.582502    0.018523   -0.234999
    0.590277    0.012168   -0.239067
    0.598029    0.005693   -0.243181
    0.605757   -0.000897   -0.247342
    0.613458   -0.007601   -0.251547
    0.621131   -0.014415   -0.255797
    0.628774   -0.021334   -0.260088
    0.636385   -0.028356   -0.264419
    0.643962   -0.035477   -0.268784
    0.651503   -0.042692   -0.273169
    0.659006   -0.049998   -0.277613
    0.666469   -0.057392   -0.282091
    0.673891   -0.064868   -0.286601
    0.681270   -0.072422   -0.291142
    0.688604   -0.080050   -0.295712
    0.695890   -0.087749   -0.300310
    0.703128   -0.095512   -0.304933
    0.710315   -0.103336   -0.309577
    0.717450   -0.111216   -0.314242
    0.724530   -0.119148   -0.318925
    0.731555   -0.127126   -0.323623
    0.738522   -0.135146   -0.328334
    0.745429   -0.143203   -0.333057
    0.752275   -0.151292   -0.337789
    0.759059   -0.159408   -0.342526
    0.765777   -0.167546   -0.347268
    0.772430   -0.175701   -0.352011
    0.779015   -0.183868   -0.356747
    0.785530   -0.192043   -0.361468
    0.791974   -0.200223   -0.366201
    0.798345   -0.208399   -0.370924
    0.804642   -0.216567   -0.375637
    0.810863   -0.224731   -0.380338
    0.817006   -0.232895   -0.385023
    0.823070   -0.241003   -0.389688
    0.829054   -0.249081   -0.394331
    0.834956   -0.257124   -0.398949
    0.840775   -0.265128   -0.403540
    0.846508   -0.273085   -0.408101
    0.852155   -0.280992   -0.412629
    0.857715   -0.288843   -0.417121
    0.863185   -0.296633   -0.421575
    0.868565   -0.304356   -0.425988
    0.873852   -0.312009   -0.430353
    0.879047   -0.319586   -0.434666
    0.884147   -0.327084   -0.438941
    0.889152   -0.334495   -0.443164
    0.894059   -0.341814   -0.447333
    0.898869   -0.349036   -0.451445
    0.903579   -0.356165   -0.455498
    0.908188   -0.363194   -0.459489
    0.912695   -0.370096   -0.463416
    0.917100   -0.376883   -0.467275
    0.921401   -0.383550   -0.471065
    0.925597   -0.390091   -0.474783
    0.929686   -0.396504   -0.478426
    0.933669   -0.402783   -0.481992
    0.937544   -0.408923   -0.485479
    0.941309   -0.414922   -0.488884
    0.944965   -0.420774   -0.492206
    0.948509   -0.426476   -0.495441
    0.951942   -0.432023   -0.498588
    0.955262   -0.437413   -0.501644
    0.958469   -0.442641   -0.504609
    0.961561   -0.447704   -0.507479
    0.964539   -0.452597   -0.510253
    0.967400   -0.457317   -0.512928
    0.970146   -0.461862   -0.515504
    0.972774   -0.466228   -0.517978
    0.975284   -0.470411   -0.520351
    0.977675   -0.474410   -0.522531
    0.979948   -0.478221   -0.524224
    0.982101   -0.481841   -0.525515
    0.984134   -0.485268   -0.526516
    0.986046   -0.488500   -0.527280
    0.987838   -0.491531   -0.527837
    0.989507   -0.494366   -0.528208
    0.991055   -0.496999   -0.528404
    0.992480   -0.499428   -0.528436
    0.993782   -0.501651   -0.528306
    0.994962   -0.503666   -0.528021
    0.996018   -0.505473   -0.527596
    0.996950   -0.507158   -0.527002
    0.997759   -0.508817   -0.526249
    0.998443   -0.510477   -0.525365
    0.999003   -0.512207   -0.524328
    0.999439   -0.513978   -0.523148
    0.999751   -0.515726   -0.521833
    0.999938   -0.517472   -0.520376
    1.000000   -0.518361   -0.518361
  BLADE PROFILES IN CARTESIAN COORDINATES (3D) 
  VARIABLES = "X", "YSS", "YPS" "R" 
  BLADE           2  SECTION           3
   20.365089   -5.151495   -5.151495  203.947876
   21.259499   -4.889732   -4.889732  204.048630
   22.062403   -4.654723   -4.654723  204.129776
   22.783424   -4.443702   -4.443702  204.188553
   23.431433   -4.254140   -4.254140  204.230576
   24.012390   -4.084167   -4.084167  204.268906
   24.533211   -3.931764   -3.931764  204.304016
   25.000113   -3.795116   -3.795116  204.336258
   25.418661   -3.672599   -3.672599  204.366104
   25.793844   -3.562758   -3.562758  204.393677
   26.130180   -3.464277   -3.464277  204.418900
   26.431694   -3.375978   -3.375978  204.441986
   26.701990   -3.296810   -3.296810  204.462967
   26.944302   -3.225829   -3.225829  204.482071
   27.161533   -3.162189   -3.162189  204.499390
   27.356270   -3.105129   -3.105129  204.515137
   27.530863   -3.053971   -3.053971  204.529373
   27.687374   -3.008103   -3.008103  204.542297
   27.827690   -2.966979   -2.966979  204.553940
   27.953487   -2.930109   -2.930109  204.564911
   28.066261   -2.897051   -2.897051  204.576080
   28.178787   -2.169150   -3.636029  204.587372
   28.296431   -1.953793   -3.862428  204.599411
   28.419636   -1.791409   -4.046464  204.612274
   28.548891   -1.635773   -4.210797  204.625900
   28.684656   -1.483378   -4.357725  204.640503
   28.827402   -1.332786   -4.480006  204.656128
   28.977592   -1.181767   -4.574290  204.672806
   29.135687   -1.032118   -4.650142  204.690750
   29.302172   -0.882456   -4.722918  204.709976
   29.477486   -0.732939   -4.794495  204.730667
   29.662117   -0.583523   -4.866247  204.752838
   29.856516   -0.434073   -4.937729  204.776642
   30.061148   -0.283631   -5.009028  204.802231
   30.276472   -0.134458   -5.080179  204.829742
   30.502836    0.013455   -5.151956  204.859238
   30.740303    0.159244   -5.224418  204.890884
   30.989399    0.303035   -5.297454  204.924805
   31.250738    0.445563   -5.371255  204.961197
   31.524990    0.584348   -5.446816  205.000244
   31.812902    0.718277   -5.524002  205.042053
   32.115280    0.847719   -5.603036  205.087021
   32.432838    0.973541   -5.684843  205.135345
   32.766167    1.090945   -5.769364  205.187119
   33.116360    1.200007   -5.857519  205.242828
   33.484642    1.300971   -5.949778  205.302780
   33.872383    1.392423   -6.046957  205.367279
   34.281078    1.469429   -6.149928  205.436859
   34.712372    1.534069   -6.259725  205.511978
   35.171425    1.581521   -6.378461  205.593658
   35.664841    1.608465   -6.508546  205.683380
   36.193108    1.614249   -6.651796  205.781677
   36.755787    1.588058   -6.808930  205.888840
   37.351475    1.532026   -6.981562  206.004745
   37.977844    1.434802   -7.170929  206.129196
   38.631596    1.298903   -7.376948  206.261566
   39.302185    1.118478   -7.599432  206.399948
   39.978840    0.897044   -7.834383  206.542023
   40.657967    0.637985   -8.083271  206.686768
   41.336639    0.337102   -8.343788  206.833313
   42.012585    0.000000   -8.616308  206.980942
   42.684219   -0.369611   -8.900579  207.129089
   43.350647   -0.775770   -9.197126  207.277191
   44.016380   -1.217334   -9.506733  207.426071
   44.684456   -1.696028   -9.831643  207.576019
   45.354378   -2.211635  -10.172211  207.726959
   46.025276   -2.763525  -10.528407  207.878250
   46.696007   -3.350566  -10.899894  208.029617
   47.365009   -3.971045  -11.286018  208.180206
   48.030464   -4.622602  -11.684791  208.329575
   48.686436   -5.298208  -12.094304  208.476074
   49.329288   -5.992168  -12.510853  208.618622
   49.957287   -6.700343  -12.932372  208.757004
   50.569027   -7.418737  -13.356905  208.890564
   51.163441   -8.143608  -13.782671  209.019012
   51.739788   -8.871551  -14.207827  209.142197
   52.297672   -9.599900  -14.630959  209.259979
   52.839134  -10.329855  -15.053473  209.372818
   53.364719  -11.057854  -15.474279  209.480820
   53.874416  -11.782864  -15.892344  209.584061
   54.368229  -12.503187  -16.306791  209.682526
   54.846138  -13.217138  -16.716246  209.776245
   55.308151  -13.923025  -17.120913  209.865341
   55.754234  -14.619690  -17.519417  209.949890
   56.184406  -15.304056  -17.910952  210.029968
   56.598637  -15.975419  -18.294674  210.105682
   56.996922  -16.632311  -18.669806  210.177155
   57.379234  -17.273390  -19.035627  210.244415
   57.745575  -17.897209  -19.389355  210.307678
   58.095913  -18.502401  -19.571573  210.366989
   58.430256  -19.274847  -19.275162  210.411880
   58.768208  -19.734623  -19.734779  210.442032
   59.133110  -20.230818  -20.230818  210.473953
   59.527122  -20.766497  -20.766497  210.507584
   59.952564  -21.344799  -21.344799  210.543091
   60.411968  -21.969114  -21.969114  210.580338
   60.908012  -22.643095  -22.643095  210.619431
   61.443680  -23.370686  -23.370686  210.660278
   62.022106  -24.156143  -24.156143  210.702820
   62.646717  -25.004066  -25.004066  210.746979
   63.321209  -25.919395  -25.919395  210.792633
   64.049568  -26.907478  -26.907478  210.839600
   64.836105  -27.974073  -27.974073  210.887665
   65.685471  -29.125393  -29.125393  210.936554
   66.602676  -30.368120  -30.368120  210.985931
   67.593163  -31.709480  -31.709480  211.035339
   68.662781  -33.157249  -33.157249  211.084351
   69.817802  -34.719784  -34.719784  211.132370
   71.065048  -36.406113  -36.406113  211.178741
   72.411842  -38.225948  -38.225948  211.222702
   73.866089  -40.189762  -40.189762  211.263489
