  BLADE PROFILES IN CARTESIAN COORDINATES (2D) BEFORE   PROJECTION, SCALING, MESHING AND STACKING 
  VARIABLES = "X", "YSS", "YPS" 
  BLADE           1  SECTION           1
    0.000000    0.003608    0.003608
    0.000062    0.006867    0.000337
    0.000249    0.010523   -0.002755
    0.000561    0.014428   -0.005831
    0.000997    0.018540   -0.008654
    0.001557    0.022455   -0.011320
    0.002241    0.025969   -0.014069
    0.003050    0.029272   -0.016801
    0.003982    0.032373   -0.019549
    0.005038    0.035253   -0.022333
    0.006218    0.037909   -0.025141
    0.007520    0.040345   -0.028002
    0.008945    0.042601   -0.030892
    0.010493    0.044756   -0.033784
    0.012162    0.046933   -0.036690
    0.013954    0.049211   -0.039558
    0.015866    0.051601   -0.042382
    0.017899    0.054103   -0.045123
    0.020052    0.056712   -0.047744
    0.022325    0.059427   -0.050215
    0.024716    0.062245   -0.052518
    0.027226    0.065164   -0.054652
    0.029854    0.068183   -0.056649
    0.032600    0.071296   -0.058576
    0.035461    0.074499   -0.060510
    0.038439    0.077785   -0.062475
    0.041531    0.081178   -0.064420
    0.044738    0.084660   -0.066365
    0.048058    0.088230   -0.068302
    0.051491    0.091887   -0.070229
    0.055036    0.095627   -0.072143
    0.058691    0.099433   -0.074038
    0.062456    0.103338   -0.075910
    0.066331    0.107324   -0.077754
    0.070314    0.111390   -0.079573
    0.074403    0.115534   -0.081382
    0.078599    0.119750   -0.083107
    0.082900    0.124031   -0.084775
    0.087305    0.128401   -0.086390
    0.091812    0.132844   -0.087947
    0.096421    0.137360   -0.089441
    0.101131    0.141931   -0.090880
    0.105941    0.146586   -0.092277
    0.110848    0.151312   -0.093545
    0.115853    0.156107   -0.094721
    0.120953    0.160968   -0.095809
    0.126148    0.165884   -0.096806
    0.131435    0.170878   -0.097707
    0.136815    0.175937   -0.098517
    0.142285    0.181061   -0.099262
    0.147845    0.186247   -0.099822
    0.153492    0.191488   -0.100267
    0.159225    0.196800   -0.100594
    0.165044    0.202174   -0.100797
    0.170946    0.207610   -0.100885
    0.176930    0.213103   -0.100885
    0.182994    0.218652   -0.100671
    0.189138    0.224265   -0.100310
    0.195358    0.229938   -0.099804
    0.201655    0.235669   -0.099151
    0.208026    0.241456   -0.098365
    0.214470    0.247295   -0.097459
    0.220986    0.253196   -0.096334
    0.227570    0.259152   -0.095020
    0.234223    0.265164   -0.093540
    0.240941    0.271230   -0.091891
    0.247725    0.277350   -0.090067
    0.254571    0.283523   -0.088091
    0.261478    0.289748   -0.085971
    0.268445    0.296027   -0.083611
    0.275470    0.302357   -0.081043
    0.282550    0.308739   -0.078282
    0.289685    0.315171   -0.075331
    0.296872    0.321653   -0.072188
    0.304110    0.328184   -0.068850
    0.311396    0.334764   -0.065315
    0.318730    0.341392   -0.061603
    0.326109    0.348068   -0.057736
    0.333531    0.354790   -0.053599
    0.340994    0.361560   -0.049255
    0.348497    0.368378   -0.044692
    0.356038    0.375237   -0.039923
    0.363615    0.382139   -0.034948
    0.371226    0.389085   -0.029765
    0.378869    0.396073   -0.024375
    0.386542    0.403102   -0.018777
    0.394243    0.410172   -0.012971
    0.401971    0.417282   -0.006956
    0.409723    0.424430   -0.000733
    0.417498    0.431616    0.005698
    0.425293    0.438838    0.012336
    0.433107    0.446097    0.019181
    0.440937    0.453390    0.026231
    0.448783    0.460716    0.033485
    0.456641    0.468076    0.040943
    0.464509    0.475466    0.048601
    0.472387    0.482886    0.056459
    0.480272    0.490336    0.064515
    0.488161    0.497813    0.072767
    0.496053    0.505313    0.081211
    0.503947    0.512832    0.089847
    0.511839    0.520384    0.098670
    0.519729    0.527958    0.107678
    0.527613    0.535552    0.116868
    0.535491    0.543165    0.126237
    0.543360    0.550798    0.135781
    0.551217    0.558447    0.145497
    0.559063    0.566111    0.155381
    0.566893    0.573787    0.165429
    0.574707    0.581475    0.175637
    0.582502    0.589172    0.186001
    0.590277    0.596877    0.196517
    0.598029    0.604588    0.207191
    0.605757    0.612302    0.218007
    0.613458    0.620015    0.228961
    0.621131    0.627722    0.240075
    0.628774    0.635438    0.251346
    0.636385    0.643150    0.262681
    0.643962    0.650856    0.274132
    0.651503    0.658557    0.285695
    0.659006    0.666249    0.297364
    0.666469    0.673929    0.309133
    0.673891    0.681595    0.320995
    0.681270    0.689245    0.332960
    0.688604    0.696877    0.345006
    0.695890    0.704482    0.357152
    0.703128    0.712062    0.369394
    0.710315    0.719626    0.381647
    0.717450    0.727162    0.393957
    0.724530    0.734669    0.406317
    0.731555    0.742146    0.418721
    0.738522    0.749590    0.431161
    0.745429    0.756997    0.443644
    0.752275    0.764365    0.456150
    0.759059    0.771692    0.468695
    0.765777    0.778969    0.481267
    0.772430    0.786199    0.493799
    0.779015    0.793387    0.506327
    0.785530    0.800524    0.518842
    0.791974    0.807608    0.531338
    0.798345    0.814636    0.543815
    0.804642    0.821608    0.556263
    0.810863    0.828520    0.568670
    0.817006    0.835367    0.581051
    0.823070    0.842149    0.593383
    0.829054    0.848857    0.605623
    0.834956    0.855495    0.617794
    0.840775    0.862065    0.629887
    0.846508    0.868559    0.641899
    0.852155    0.874975    0.653827
    0.857715    0.881311    0.665655
    0.863185    0.887564    0.677378
    0.868565    0.893733    0.688988
    0.873852    0.899815    0.700502
    0.879047    0.905806    0.711880
    0.884147    0.911705    0.723109
    0.889152    0.917509    0.734198
    0.894059    0.923212    0.745143
    0.898869    0.928817    0.755936
    0.903579    0.934323    0.766568
    0.908188    0.939726    0.777033
    0.912695    0.945022    0.787324
    0.917100    0.950211    0.797435
    0.921401    0.955289    0.807359
    0.925597    0.960254    0.817108
    0.929686    0.965106    0.826644
    0.933669    0.969840    0.835970
    0.937544    0.974457    0.845088
    0.941309    0.978952    0.853989
    0.944965    0.983326    0.862668
    0.948509    0.987574    0.871119
    0.951942    0.991697    0.879337
    0.955262    0.995692    0.887316
    0.958469    0.999557    0.895052
    0.961561    1.003292    0.902539
    0.964539    1.006896    0.909773
    0.967400    1.010268    0.916748
    0.970146    1.012991    0.923461
    0.972774    1.015066    0.929907
    0.975284    1.016688    0.936082
    0.977675    1.017964    0.941982
    0.979948    1.018952    0.947603
    0.982101    1.019685    0.952942
    0.984134    1.020187    0.957991
    0.986046    1.020470    0.962753
    0.987838    1.020544    0.967224
    0.989507    1.020415    0.971399
    0.991055    1.020087    0.975276
    0.992480    1.019627    0.978851
    0.993782    1.018933    0.982124
    0.994962    1.017963    0.985091
    0.996018    1.016897    0.987751
    0.996950    1.015669    0.990102
    0.997759    1.014297    0.992179
    0.998443    1.012776    0.994064
    0.999003    1.011078    0.995987
    0.999439    1.009260    0.997775
    0.999751    1.007327    0.999941
    0.999938    1.005183    1.002239
    1.000000    1.003516    1.003516
  BLADE PROFILES IN CARTESIAN COORDINATES (3D) 
  VARIABLES = "X", "YSS", "YPS" "R" 
  BLADE           1  SECTION           1
  -24.976723  -28.268347  -28.268347 1147.776978
  -22.105167  -27.797451  -27.797451 1147.775513
  -19.544874  -27.377590  -27.377590 1147.773804
  -17.262102  -27.003239  -27.003239 1147.772095
  -15.226784  -26.669462  -26.669462 1147.770264
  -13.412086  -26.371861  -26.371861 1147.768677
  -11.794091  -26.106518  -26.106518 1147.767090
  -10.351483  -25.869932  -25.869932 1147.765503
   -9.065250  -25.658987  -25.658987 1147.763794
   -7.918441  -25.470913  -25.470913 1147.762573
   -6.895937  -25.303225  -25.303225 1147.761353
   -5.984274  -25.153706  -25.153706 1147.759888
   -5.171432  -25.020401  -25.020401 1147.758789
   -4.446700  -24.901539  -24.901539 1147.758057
   -3.800523  -24.795561  -24.795561 1147.757080
   -3.224393  -24.701077  -24.701077 1147.756226
   -2.710713  -24.616829  -24.616829 1147.755371
   -2.252712  -24.541710  -24.541710 1147.754761
   -1.844357  -24.474739  -24.474739 1147.753906
   -1.480266  -24.415024  -24.415024 1147.753418
   -1.155645  -24.361786  -24.361786 1147.752808
   -0.866209  -24.314312  -24.314312 1147.752563
   -0.608148  -24.271990  -24.271990 1147.751831
   -0.378059  -24.234255  -24.234255 1147.751587
   -0.172911  -24.200611  -24.200611 1147.751343
    0.010000  -24.170610  -24.170610 1147.750977
    0.192911  -22.930397  -25.429682 1147.750366
    0.384155  -22.484863  -25.894079 1147.749878
    0.584508  -22.195597  -26.275154 1147.748901
    0.794736  -21.929604  -26.604637 1147.748535
    1.015600  -21.659836  -26.888180 1147.748047
    1.247878  -21.384398  -27.125130 1147.746948
    1.492334  -21.101803  -27.322128 1147.746704
    1.749738  -20.811222  -27.500410 1147.745728
    2.020856  -20.512104  -27.677299 1147.744873
    2.306458  -20.201849  -27.850500 1147.744019
    2.607313  -19.880596  -28.020948 1147.743042
    2.924185  -19.548557  -28.188442 1147.742188
    3.257849  -19.203381  -28.352266 1147.740967
    3.609071  -18.844904  -28.512869 1147.739746
    3.978439  -18.473188  -28.667267 1147.738647
    4.366054  -18.088160  -28.812756 1147.737305
    4.772808  -17.688042  -28.950027 1147.736084
    5.199721  -17.273558  -29.079714 1147.734619
    5.647918  -16.841867  -29.196524 1147.733032
    6.118629  -16.392900  -29.298676 1147.731323
    6.613210  -15.925605  -29.386192 1147.729614
    7.132853  -15.438021  -29.459738 1147.727783
    7.678542  -14.930320  -29.508408 1147.725830
    8.252105  -14.399675  -29.534821 1147.723999
    8.855601  -13.844737  -29.539288 1147.721802
    9.491302  -13.263524  -29.508474 1147.719360
   10.161681  -12.652988  -29.443975 1147.717041
   10.869481  -12.011122  -29.344770 1147.714111
   11.623263  -11.329259  -29.193335 1147.711304
   12.433894  -10.597569  -28.986185 1147.707886
   13.302270   -9.814799  -28.718662 1147.704590
   14.227729   -8.980677  -28.369984 1147.701050
   15.208055   -8.096407  -27.937859 1147.697266
   16.239412   -7.164254  -27.418743 1147.692871
   17.316498   -6.187495  -26.798126 1147.688721
   18.421854   -5.180907  -26.080952 1147.684326
   19.537796   -4.159345  -25.277769 1147.679810
   20.658325   -3.127254  -24.391924 1147.675293
   21.778540   -2.088279  -23.427486 1147.670654
   22.894632   -1.045213  -22.388834 1147.665894
   24.003948    0.000000  -21.280247 1147.661377
   25.104937    1.045816  -20.105450 1147.656738
   26.205011    2.100651  -18.858051 1147.652710
   27.309164    3.169604  -17.532719 1147.647949
   28.416470    4.252367  -16.130360 1147.643677
   29.525496    5.347938  -14.652777 1147.639282
   30.634254    6.454532  -13.101531 1147.634888
   31.740145    7.569848  -11.478107 1147.630249
   32.840096    8.692030   -9.797301 1147.626343
   33.924274    9.810488   -8.071535 1147.622314
   34.986610   10.917908   -6.310593 1147.618042
   36.024158   12.011622   -4.530045 1147.614258
   37.034615   13.088734   -2.737791 1147.610718
   38.016243   14.146128   -0.937888 1147.607056
   38.967739   15.181072    0.858706 1147.604248
   39.888470   16.193254    2.644593 1147.600830
   40.781807   17.185232    4.425051 1147.598022
   41.648643   18.156477    6.196198 1147.595215
   42.488964   19.107174    7.951994 1147.592163
   43.302795   20.036285    9.690825 1147.589844
   44.090099   20.943193   11.410098 1147.587524
   44.850903   21.826670   13.102551 1147.585205
   45.585197   22.686687   14.767139 1147.583252
   46.292984   23.522282   16.400944 1147.581177
   46.974251   24.332766   17.999102 1147.579468
   47.629002   25.117424   19.559462 1147.577637
   48.257271   25.875938   21.079033 1147.576050
   48.859028   26.368671   22.555042 1147.574951
   49.434265   26.498178   23.984718 1147.573364
   49.982983   25.650946   25.650455 1147.572021
   50.531715   26.680784   26.680538 1147.571289
   51.111786   27.769691   27.769691 1147.570801
   51.724998   28.920790   28.920790 1147.570068
   52.373222   30.137627   30.137627 1147.569092
   53.058464   31.423952   31.423952 1147.567871
   53.782837   32.783737   32.783737 1147.566528
   54.548584   34.221172   34.221172 1147.565063
   55.358067   35.740692   35.740692 1147.563232
   56.213779   37.346996   37.346996 1147.561035
   57.118362   39.045021   39.045021 1147.558350
   58.074612   40.840000   40.840000 1147.555176
   59.085468   42.737484   42.737484 1147.551636
   60.154045   44.743317   44.743317 1147.547363
   61.283665   46.863682   46.863682 1147.542603
   62.477795   49.105118   49.105118 1147.537109
  BLADE PROFILES IN CARTESIAN COORDINATES (2D) BEFORE   PROJECTION, SCALING, MESHING AND STACKING 
  VARIABLES = "X", "YSS", "YPS" 
  BLADE           1  SECTION           2
    0.000000    0.003610    0.003610
    0.000062    0.006864    0.000336
    0.000249    0.010517   -0.002756
    0.000561    0.014421   -0.005833
    0.000997    0.018531   -0.008655
    0.001557    0.022445   -0.011319
    0.002241    0.025958   -0.014067
    0.003050    0.029261   -0.016799
    0.003982    0.032362   -0.019546
    0.005038    0.035243   -0.022330
    0.006218    0.037898   -0.025138
    0.007520    0.040335   -0.027997
    0.008945    0.042591   -0.030887
    0.010493    0.044746   -0.033780
    0.012162    0.046923   -0.036685
    0.013954    0.049200   -0.039552
    0.015866    0.051590   -0.042375
    0.017899    0.054091   -0.045116
    0.020052    0.056699   -0.047735
    0.022325    0.059414   -0.050205
    0.024716    0.062231   -0.052507
    0.027226    0.065150   -0.054641
    0.029854    0.068167   -0.056637
    0.032600    0.071280   -0.058564
    0.035461    0.074483   -0.060497
    0.038439    0.077768   -0.062462
    0.041531    0.081159   -0.064407
    0.044738    0.084641   -0.066352
    0.048058    0.088210   -0.068288
    0.051491    0.091867   -0.070215
    0.055036    0.095606   -0.072128
    0.058691    0.099411   -0.074023
    0.062456    0.103315   -0.075895
    0.066331    0.107300   -0.077738
    0.070314    0.111365   -0.079558
    0.074403    0.115508   -0.081367
    0.078599    0.119723   -0.083091
    0.082900    0.124003   -0.084759
    0.087305    0.128371   -0.086373
    0.091812    0.132813   -0.087930
    0.096421    0.137328   -0.089425
    0.101131    0.141898   -0.090863
    0.105941    0.146552   -0.092260
    0.110848    0.151277   -0.093529
    0.115853    0.156070   -0.094704
    0.120953    0.160930   -0.095793
    0.126148    0.165845   -0.096790
    0.131435    0.170837   -0.097691
    0.136815    0.175895   -0.098500
    0.142285    0.181018   -0.099246
    0.147845    0.186202   -0.099807
    0.153492    0.191442   -0.100252
    0.159225    0.196752   -0.100578
    0.165044    0.202125   -0.100782
    0.170946    0.207559   -0.100871
    0.176930    0.213051   -0.100871
    0.182994    0.218597   -0.100658
    0.189138    0.224209   -0.100297
    0.195358    0.229880   -0.099792
    0.201655    0.235609   -0.099139
    0.208026    0.241395   -0.098354
    0.214470    0.247232   -0.097449
    0.220986    0.253131   -0.096325
    0.227570    0.259086   -0.095012
    0.234223    0.265095   -0.093533
    0.240941    0.271159   -0.091884
    0.247725    0.277277   -0.090062
    0.254571    0.283448   -0.088087
    0.261478    0.289671   -0.085968
    0.268445    0.295948   -0.083609
    0.275470    0.302276   -0.081043
    0.282550    0.308656   -0.078284
    0.289685    0.315085   -0.075334
    0.296872    0.321565   -0.072193
    0.304110    0.328094   -0.068856
    0.311396    0.334672   -0.065322
    0.318730    0.341298   -0.061613
    0.326109    0.347971   -0.057746
    0.333531    0.354691   -0.053611
    0.340994    0.361458   -0.049271
    0.348497    0.368273   -0.044709
    0.356038    0.375129   -0.039942
    0.363615    0.382030   -0.034969
    0.371226    0.388973   -0.029789
    0.378869    0.395958   -0.024401
    0.386542    0.402985   -0.018806
    0.394243    0.410052   -0.013002
    0.401971    0.417158   -0.006989
    0.409723    0.424304   -0.000769
    0.417498    0.431487    0.005659
    0.425293    0.438706    0.012295
    0.433107    0.445962    0.019137
    0.440937    0.453252    0.026184
    0.448783    0.460575    0.033435
    0.456641    0.467932    0.040889
    0.464509    0.475319    0.048545
    0.472387    0.482736    0.056400
    0.480272    0.490183    0.064452
    0.488161    0.497656    0.072700
    0.496053    0.505154    0.081142
    0.503947    0.512669    0.089773
    0.511839    0.520218    0.098593
    0.519729    0.527788    0.107597
    0.527613    0.535379    0.116784
    0.535491    0.542989    0.126149
    0.543360    0.550618    0.135689
    0.551217    0.558264    0.145402
    0.559063    0.565924    0.155282
    0.566893    0.573597    0.165326
    0.574707    0.581281    0.175530
    0.582502    0.588975    0.185889
    0.590277    0.596676    0.196402
    0.598029    0.604384    0.207072
    0.605757    0.612095    0.217884
    0.613458    0.619803    0.228833
    0.621131    0.627508    0.239943
    0.628774    0.635219    0.251209
    0.636385    0.642928    0.262539
    0.643962    0.650630    0.273987
    0.651503    0.658328    0.285545
    0.659006    0.666016    0.297209
    0.666469    0.673692    0.308973
    0.673891    0.681355    0.320832
    0.681270    0.689001    0.332791
    0.688604    0.696629    0.344833
    0.695890    0.704231    0.356974
    0.703128    0.711807    0.369212
    0.710315    0.719367    0.381460
    0.717450    0.726899    0.393765
    0.724530    0.734402    0.406120
    0.731555    0.741876    0.418519
    0.738522    0.749316    0.430955
    0.745429    0.756720    0.443433
    0.752275    0.764084    0.455934
    0.759059    0.771407    0.468474
    0.765777    0.778681    0.481042
    0.772430    0.785906    0.493569
    0.779015    0.793091    0.506092
    0.785530    0.800225    0.518602
    0.791974    0.807305    0.531094
    0.798345    0.814330    0.543566
    0.804642    0.821298    0.556009
    0.810863    0.828206    0.568411
    0.817006    0.835050    0.580788
    0.823070    0.841828    0.593116
    0.829054    0.848533    0.605351
    0.834956    0.855167    0.617516
    0.840775    0.861734    0.629606
    0.846508    0.868224    0.641613
    0.852155    0.874637    0.653536
    0.857715    0.880970    0.665360
    0.863185    0.887219    0.677078
    0.868565    0.893385    0.688684
    0.873852    0.899464    0.700194
    0.879047    0.905452    0.711567
    0.884147    0.911348    0.722792
    0.889152    0.917149    0.733877
    0.894059    0.922848    0.744817
    0.898869    0.928450    0.755607
    0.903579    0.933954    0.766235
    0.908188    0.939354    0.776696
    0.912695    0.944647    0.786983
    0.917100    0.949833    0.797090
    0.921401    0.954908    0.807010
    0.925597    0.959872    0.816756
    0.929686    0.964720    0.826288
    0.933669    0.969452    0.835611
    0.937544    0.974066    0.844725
    0.941309    0.978559    0.853623
    0.944965    0.982930    0.862299
    0.948509    0.987177    0.870747
    0.951942    0.991297    0.878961
    0.955262    0.995290    0.886938
    0.958469    0.999153    0.894670
    0.961561    1.002885    0.902154
    0.964539    1.006487    0.909385
    0.967400    1.009858    0.916358
    0.970146    1.012578    0.923068
    0.972774    1.014652    0.929512
    0.975284    1.016273    0.935685
    0.977675    1.017547    0.941583
    0.979948    1.018535    0.947202
    0.982101    1.019266    0.952538
    0.984134    1.019768    0.957585
    0.986046    1.020049    0.962346
    0.987838    1.020122    0.966815
    0.989507    1.019993    0.970989
    0.991055    1.019665    0.974863
    0.992480    1.019204    0.978437
    0.993782    1.018509    0.981709
    0.994962    1.017539    0.984675
    0.996018    1.016473    0.987334
    0.996950    1.015245    0.989684
    0.997759    1.013873    0.991760
    0.998443    1.012351    0.993645
    0.999003    1.010654    0.995567
    0.999439    1.008836    0.997355
    0.999751    1.006903    0.999520
    0.999938    1.004758    1.001817
    1.000000    1.003094    1.003094
  BLADE PROFILES IN CARTESIAN COORDINATES (3D) 
  VARIABLES = "X", "YSS", "YPS" "R" 
  BLADE           1  SECTION           2
  -25.003021  -28.273649  -28.273649 1148.054810
  -22.129930  -27.802652  -27.802652 1148.055176
  -19.568272  -27.382711  -27.382711 1148.055054
  -17.284286  -27.008289  -27.008289 1148.054932
  -15.247877  -26.674452  -26.674452 1148.054932
  -13.432207  -26.376801  -26.376801 1148.054932
  -11.813352  -26.111420  -26.111420 1148.054932
  -10.369974  -25.874805  -25.874805 1148.054810
   -9.083053  -25.663828  -25.663828 1148.054932
   -7.935627  -25.475729  -25.475729 1148.054810
   -6.912579  -25.308014  -25.308014 1148.054932
   -6.000427  -25.158487  -25.158487 1148.054810
   -5.187151  -25.025166  -25.025166 1148.054810
   -4.462028  -24.906290  -24.906290 1148.054932
   -3.815507  -24.800304  -24.800304 1148.054932
   -3.239071  -24.705809  -24.705809 1148.055054
   -2.725115  -24.621552  -24.621552 1148.054932
   -2.266867  -24.546427  -24.546427 1148.054932
   -1.858296  -24.479450  -24.479450 1148.054932
   -1.494011  -24.419729  -24.419729 1148.054932
   -1.169214  -24.366488  -24.366488 1148.054810
   -0.879625  -24.319012  -24.319012 1148.054932
   -0.621421  -24.276688  -24.276688 1148.054932
   -0.391209  -24.238945  -24.238945 1148.054932
   -0.185953  -24.205297  -24.205297 1148.055054
   -0.002945  -24.175297  -24.175297 1148.054810
    0.180064  -22.934698  -25.434668 1148.054932
    0.371413  -22.488914  -25.899237 1148.055176
    0.571875  -22.199509  -26.280474 1148.054932
    0.782213  -21.933441  -26.610065 1148.054810
    1.003200  -21.663607  -26.893686 1148.054932
    1.235603  -21.388092  -27.130682 1148.054810
    1.480190  -21.105425  -27.327730 1148.054810
    1.737730  -20.814770  -27.506088 1148.055054
    2.008996  -20.515574  -27.683048 1148.054688
    2.294751  -20.205242  -27.856339 1148.054810
    2.595770  -19.883905  -28.026859 1148.054932
    2.912814  -19.551790  -28.194435 1148.054932
    3.246660  -19.206532  -28.358341 1148.054810
    3.598071  -18.847973  -28.519026 1148.054810
    3.967639  -18.476158  -28.673512 1148.054932
    4.355461  -18.091051  -28.819080 1148.054932
    4.762435  -17.690845  -28.956436 1148.055054
    5.189578  -17.276264  -29.086199 1148.054688
    5.638017  -16.844479  -29.203108 1148.054810
    6.108983  -16.395412  -29.305336 1148.054810
    6.603833  -15.928022  -29.392923 1148.054932
    7.123752  -15.440338  -29.466581 1148.054810
    7.669739  -14.932534  -29.515310 1148.054810
    8.243617  -14.401788  -29.541786 1148.054932
    8.847442  -13.846741  -29.546324 1148.055054
    9.483477  -13.265421  -29.515598 1148.054810
   10.154223  -12.654774  -29.451157 1148.054932
   10.862403  -12.012789  -29.352009 1148.055054
   11.616590  -11.330811  -29.200640 1148.055054
   12.427670  -10.599003  -28.993528 1148.054810
   13.296516   -9.816102  -28.726023 1148.055054
   14.222479   -8.981847  -28.377407 1148.054810
   15.203321   -8.097447  -27.945286 1148.054810
   16.235241   -7.165152  -27.426157 1148.054810
   17.312920   -6.188261  -26.805546 1148.055054
   18.418880   -5.181533  -26.088316 1148.055054
   19.535427   -4.159842  -25.285069 1148.054688
   20.656565   -3.127624  -24.399136 1148.055054
   21.777363   -2.088519  -23.434587 1148.055176
   22.894075   -1.045332  -22.395823 1148.054810
   24.003984    0.000000  -21.287088 1148.054810
   25.105583    1.045922  -20.112144 1148.055176
   26.206245    2.100870  -18.864573 1148.054932
   27.311003    3.169936  -17.539049 1148.054932
   28.418919    4.252812  -16.136478 1148.054932
   29.528542    5.348478  -14.658664 1148.054810
   30.637873    6.455171  -13.107172 1148.054565
   31.744390    7.570587  -11.483489 1148.054688
   32.844933    8.692870   -9.802416 1148.054932
   33.929684    9.811414   -8.076356 1148.054932
   34.992584   10.918917   -6.315112 1148.054810
   36.030693   12.012715   -4.534260 1148.054810
   37.041733   13.089920   -2.741680 1148.054565
   38.023853   14.147372   -0.941480 1148.055054
   38.975872   15.182399    0.855429 1148.054688
   39.897099   16.194649    2.641645 1148.054565
   40.790924   17.186699    4.422424 1148.054810
   41.658230   18.157999    6.193881 1148.054810
   42.499004   19.108749    7.949997 1148.054810
   43.313263   20.037910    9.689125 1148.054810
   44.100994   20.944881   11.408714 1148.054810
   44.862202   21.828400   13.101497 1148.054565
   45.596889   22.688459   14.766376 1148.054810
   46.305046   23.524088   16.400461 1148.054932
   46.986691   24.334597   17.998915 1148.054565
   47.641815   25.119305   19.559578 1148.054932
   48.270412   25.877815   21.079384 1148.054932
   48.872478   26.370483   22.555660 1148.054932
   49.448029   26.499809   23.985601 1148.054810
   49.997047   25.652155   25.651663 1148.054810
   50.546082   26.682108   26.681862 1148.054810
   51.126450   27.771145   27.771145 1148.054810
   51.739983   28.922375   28.922375 1148.055054
   52.388550   30.139353   30.139353 1148.054932
   53.074165   31.425837   31.425837 1148.054932
   53.798927   32.785789   32.785789 1148.055054
   54.565086   34.223419   34.223419 1148.054932
   55.374996   35.743153   35.743153 1148.054932
   56.231171   37.349678   37.349678 1148.054932
   57.136238   39.047962   39.047962 1148.054932
   58.092995   40.843227   40.843227 1148.055054
   59.104389   42.741032   42.741032 1148.054932
   60.173565   44.747223   44.747223 1148.054932
   61.303795   46.867989   46.867989 1148.054932
   62.498569   49.109886   49.109886 1148.054932
  BLADE PROFILES IN CARTESIAN COORDINATES (2D) BEFORE   PROJECTION, SCALING, MESHING AND STACKING 
  VARIABLES = "X", "YSS", "YPS" 
  BLADE           1  SECTION           3
    0.000000    0.003612    0.003612
    0.000062    0.006861    0.000334
    0.000249    0.010512   -0.002757
    0.000561    0.014414   -0.005834
    0.000997    0.018522   -0.008656
    0.001557    0.022435   -0.011319
    0.002241    0.025948   -0.014066
    0.003050    0.029251   -0.016797
    0.003982    0.032352   -0.019544
    0.005038    0.035233   -0.022327
    0.006218    0.037888   -0.025134
    0.007520    0.040325   -0.027993
    0.008945    0.042581   -0.030883
    0.010493    0.044736   -0.033775
    0.012162    0.046913   -0.036679
    0.013954    0.049189   -0.039546
    0.015866    0.051579   -0.042368
    0.017899    0.054079   -0.045108
    0.020052    0.056687   -0.047727
    0.022325    0.059401   -0.050196
    0.024716    0.062217   -0.052497
    0.027226    0.065135   -0.054630
    0.029854    0.068152   -0.056625
    0.032600    0.071264   -0.058552
    0.035461    0.074466   -0.060485
    0.038439    0.077751   -0.062449
    0.041531    0.081142   -0.064394
    0.044738    0.084622   -0.066339
    0.048058    0.088191   -0.068274
    0.051491    0.091846   -0.070201
    0.055036    0.095584   -0.072114
    0.058691    0.099389   -0.074008
    0.062456    0.103292   -0.075880
    0.066331    0.107276   -0.077723
    0.070314    0.111340   -0.079542
    0.074403    0.115482   -0.081351
    0.078599    0.119696   -0.083075
    0.082900    0.123975   -0.084743
    0.087305    0.128342   -0.086357
    0.091812    0.132783   -0.087914
    0.096421    0.137296   -0.089408
    0.101131    0.141876   -0.090847
    0.105941    0.146518   -0.092243
    0.110848    0.151241   -0.093512
    0.115853    0.156033   -0.094688
    0.120953    0.160892   -0.095776
    0.126148    0.165806   -0.096773
    0.131435    0.170797   -0.097674
    0.136815    0.175853   -0.098484
    0.142285    0.180975   -0.099230
    0.147845    0.186158   -0.099791
    0.153492    0.191396   -0.100237
    0.159225    0.196705   -0.100563
    0.165044    0.202076   -0.100767
    0.170946    0.207508   -0.100857
    0.176930    0.212999   -0.100857
    0.182994    0.218543   -0.100645
    0.189138    0.224154   -0.100284
    0.195358    0.229823   -0.099780
    0.201655    0.235550   -0.099127
    0.208026    0.241334   -0.098344
    0.214470    0.247170   -0.097439
    0.220986    0.253067   -0.096316
    0.227570    0.259019   -0.095005
    0.234223    0.265027   -0.093526
    0.240941    0.271089   -0.091878
    0.247725    0.277205   -0.090057
    0.254571    0.283374   -0.088060
    0.261478    0.289595   -0.085896
    0.268445    0.295869   -0.083607
    0.275470    0.302196   -0.081043
    0.282550    0.308573   -0.078285
    0.289685    0.315001   -0.075337
    0.296872    0.321478   -0.072197
    0.304110    0.328005   -0.068862
    0.311396    0.334580   -0.065330
    0.318730    0.341203   -0.061623
    0.326109    0.347874   -0.057758
    0.333531    0.354592   -0.053624
    0.340994    0.361356   -0.049286
    0.348497    0.368169   -0.044727
    0.356038    0.375023   -0.039962
    0.363615    0.381920   -0.034991
    0.371226    0.388861   -0.029813
    0.378869    0.395843   -0.024428
    0.386542    0.402867   -0.018834
    0.394243    0.409932   -0.013033
    0.401971    0.417036   -0.007023
    0.409723    0.424178   -0.000805
    0.417498    0.431358    0.005620
    0.425293    0.438575    0.012253
    0.433107    0.445828    0.019092
    0.440937    0.453115    0.026136
    0.448783    0.460435    0.033385
    0.456641    0.467788    0.040836
    0.464509    0.475173    0.048488
    0.472387    0.482587    0.056340
    0.480272    0.490030    0.064389
    0.488161    0.497501    0.072634
    0.496053    0.504995    0.081072
    0.503947    0.512507    0.089700
    0.511839    0.520052    0.098516
    0.519729    0.527619    0.107517
    0.527613    0.535207    0.116700
    0.535491    0.542814    0.126061
    0.543360    0.550440    0.135598
    0.551217    0.558082    0.145306
    0.559063    0.565739    0.155182
    0.566893    0.573408    0.165222
    0.574707    0.581089    0.175422
    0.582502    0.588779    0.185778
    0.590277    0.596477    0.196287
    0.598029    0.604181    0.206952
    0.605757    0.611888    0.217760
    0.613458    0.619594    0.228727
    0.621131    0.627294    0.239869
    0.628774    0.635002    0.251073
    0.636385    0.642707    0.262399
    0.643962    0.650406    0.273842
    0.651503    0.658100    0.285396
    0.659006    0.665785    0.297055
    0.666469    0.673457    0.308815
    0.673891    0.681116    0.320669
    0.681270    0.688758    0.332624
    0.688604    0.696383    0.344661
    0.695890    0.703981    0.356798
    0.703128    0.711554    0.369030
    0.710315    0.719110    0.381274
    0.717450    0.726638    0.393574
    0.724530    0.734138    0.405925
    0.731555    0.741608    0.418319
    0.738522    0.749044    0.430750
    0.745429    0.756444    0.443223
    0.752275    0.763805    0.455720
    0.759059    0.771124    0.468255
    0.765777    0.778394    0.480818
    0.772430    0.785616    0.493341
    0.779015    0.792797    0.505859
    0.785530    0.799927    0.518364
    0.791974    0.807004    0.530851
    0.798345    0.814025    0.543319
    0.804642    0.820990    0.555757
    0.810863    0.827894    0.568155
    0.817006    0.834735    0.580527
    0.823070    0.841510    0.592849
    0.829054    0.848211    0.605080
    0.834956    0.854842    0.617241
    0.840775    0.861405    0.629326
    0.846508    0.867892    0.641329
    0.852155    0.874302    0.653247
    0.857715    0.880631    0.665067
    0.863185    0.886878    0.676781
    0.868565    0.893040    0.688383
    0.873852    0.899115    0.699888
    0.879047    0.905100    0.711257
    0.884147    0.910993    0.722477
    0.889152    0.916791    0.733558
    0.894059    0.922488    0.744494
    0.898869    0.928087    0.755279
    0.903579    0.933587    0.765904
    0.908188    0.938984    0.776361
    0.912695    0.944275    0.786644
    0.917100    0.949458    0.796747
    0.921401    0.954531    0.806664
    0.925597    0.959491    0.816406
    0.929686    0.964338    0.825935
    0.933669    0.969067    0.835254
    0.937544    0.973679    0.844365
    0.941309    0.978169    0.853260
    0.944965    0.982538    0.861932
    0.948509    0.986782    0.870377
    0.951942    0.990901    0.878588
    0.955262    0.994891    0.886562
    0.958469    0.998752    0.894292
    0.961561    1.002482    0.901773
    0.964539    1.006082    0.909001
    0.967400    1.009452    0.915971
    0.970146    1.012170    0.922679
    0.972774    1.014242    0.929120
    0.975284    1.015861    0.935291
    0.977675    1.017134    0.941186
    0.979948    1.018121    0.946803
    0.982101    1.018852    0.952138
    0.984134    1.019352    0.957183
    0.986046    1.019633    0.961942
    0.987838    1.019705    0.966409
    0.989507    1.019575    0.970581
    0.991055    1.019246    0.974454
    0.992480    1.018784    0.978027
    0.993782    1.018090    0.981298
    0.994962    1.017120    0.984262
    0.996018    1.016053    0.986921
    0.996950    1.014825    0.989270
    0.997759    1.013453    0.991345
    0.998443    1.011932    0.993229
    0.999003    1.010234    0.995150
    0.999439    1.008417    0.996938
    0.999751    1.006484    0.999101
    0.999938    1.004340    1.001397
    1.000000    1.002676    1.002676
  BLADE PROFILES IN CARTESIAN COORDINATES (3D) 
  VARIABLES = "X", "YSS", "YPS" "R" 
  BLADE           1  SECTION           3
  -25.029613  -28.279373  -28.279373 1148.333008
  -22.154951  -27.808270  -27.808270 1148.334473
  -19.591892  -27.388235  -27.388235 1148.336182
  -17.306658  -27.013731  -27.013731 1148.337769
  -15.269136  -26.679827  -26.679827 1148.339600
  -13.452472  -26.382124  -26.382124 1148.341187
  -11.832732  -26.116693  -26.116693 1148.342896
  -10.388564  -25.880035  -25.880035 1148.344482
   -9.100940  -25.669031  -25.669031 1148.345947
   -7.952893  -25.480904  -25.480904 1148.347290
   -6.929288  -25.313164  -25.313164 1148.348511
   -6.016637  -25.163610  -25.163610 1148.349731
   -5.202916  -25.030266  -25.030266 1148.350952
   -4.477401  -24.911385  -24.911385 1148.352051
   -3.830527  -24.805384  -24.805384 1148.352783
   -3.253771  -24.710873  -24.710873 1148.353882
   -2.739537  -24.626610  -24.626610 1148.354492
   -2.281043  -24.551483  -24.551483 1148.355225
   -1.872246  -24.484489  -24.484489 1148.356201
   -1.507764  -24.424767  -24.424767 1148.356445
   -1.182788  -24.371513  -24.371513 1148.357056
   -0.893039  -24.324038  -24.324038 1148.357544
   -0.634699  -24.281704  -24.281704 1148.358032
   -0.404360  -24.243959  -24.243959 1148.358154
   -0.198993  -24.210310  -24.210310 1148.358521
   -0.015884  -24.180305  -24.180305 1148.358765
    0.167224  -22.939312  -25.440006 1148.359497
    0.358677  -22.493267  -25.904747 1148.360107
    0.559245  -22.203716  -26.286148 1148.360840
    0.769697  -21.937580  -26.615860 1148.361206
    0.990804  -21.667669  -26.899561 1148.362183
    1.223331  -21.392076  -27.136608 1148.362915
    1.468051  -21.109335  -27.333708 1148.363525
    1.725736  -20.818592  -27.512144 1148.364136
    1.997144  -20.519321  -27.689178 1148.365234
    2.283054  -20.208908  -27.862560 1148.366089
    2.584235  -19.887489  -28.033163 1148.367188
    2.901453  -19.555286  -28.200821 1148.368042
    3.235477  -19.209938  -28.364799 1148.368896
    3.587076  -18.851290  -28.525570 1148.370483
    3.956845  -18.479382  -28.680157 1148.371460
    4.344873  -18.094181  -28.825804 1148.372925
    4.752074  -17.693907  -28.963238 1148.374390
    5.179446  -17.278931  -29.093082 1148.375488
    5.628124  -16.847315  -29.210093 1148.377441
    6.099349  -16.398140  -29.312395 1148.379028
    6.594466  -15.930656  -29.400070 1148.380981
    7.114662  -15.442861  -29.473833 1148.382568
    7.660944  -14.934950  -29.522623 1148.384644
    8.235132  -14.404091  -29.549170 1148.386719
    8.839277  -13.848926  -29.553764 1148.388916
    9.475657  -13.267489  -29.523132 1148.391602
   10.146774  -12.656728  -29.458754 1148.393921
   10.855327  -12.014619  -29.359665 1148.396729
   11.609929  -11.332513  -29.208363 1148.399658
   12.421442  -10.600567  -29.001194 1148.402832
   13.290757   -9.817532  -28.732483 1148.406250
   14.217218   -8.983139  -28.385231 1148.409912
   15.198583   -8.098587  -27.953102 1148.414062
   16.231062   -7.166152  -27.433958 1148.418457
   17.309313   -6.189107  -26.813351 1148.422485
   18.415874   -5.182230  -26.096060 1148.426880
   19.533030   -4.160392  -25.292730 1148.431641
   20.654755   -3.128028  -24.406696 1148.436401
   21.776175   -2.088789  -23.442036 1148.440552
   22.893482   -1.045465  -22.403130 1148.445679
   24.004000    0.000000  -21.294247 1148.450684
   25.106163    1.046049  -20.119131 1148.454712
   26.207434    2.101127  -18.871365 1148.459351
   27.312788    3.170319  -17.545641 1148.464111
   28.421299    4.253310  -16.142841 1148.468872
   29.531532    5.349101  -14.664751 1148.473022
   30.641468    6.455920  -13.112048 1148.477417
   31.748556    7.571445  -11.489120 1148.481567
   32.849701    8.693844   -9.807655 1148.485962
   33.935040    9.812505   -8.081273 1148.489868
   34.998512   10.920117   -6.319699 1148.494141
   36.037186   12.014011   -4.538519 1148.497681
   37.048756   13.091308   -2.745600 1148.501099
   38.031429   14.148869   -0.945047 1148.504883
   38.983940   15.183978    0.852203 1148.507812
   39.905674   16.196314    2.638757 1148.511108
   40.799984   17.188442    4.419886 1148.514160
   41.667751   18.159809    6.191684 1148.516968
   42.508991   19.110634    7.948134 1148.519409
   43.323696   20.039862    9.687609 1148.521851
   44.111847   20.946894   11.407537 1148.524292
   44.873470   21.830469   13.100634 1148.526245
   45.608551   22.690588   14.765854 1148.528320
   46.317108   23.526270   16.400265 1148.530029
   46.999111   24.336836   17.999027 1148.531860
   47.654575   25.121580   19.559986 1148.533569
   48.283531   25.880142   21.080103 1148.535278
   48.885918   26.372736   22.556671 1148.536621
   49.461788   26.501900   23.986874 1148.537720
   50.011105   25.653811   25.653320 1148.538818
   50.560436   26.683897   26.683651 1148.539429
   51.141129   27.773067   27.773067 1148.539917
   51.754997   28.924450   28.924450 1148.540649
   52.403919   30.141594   30.141594 1148.541626
   53.089909   31.428259   31.428259 1148.542358
   53.815067   32.788410   32.788410 1148.543579
   54.581635   34.226242   34.226242 1148.545044
   55.391991   35.746201   35.746201 1148.546875
   56.248627   37.352989   37.352989 1148.548828
   57.154186   39.051567   39.051567 1148.551758
   58.111465   40.847157   40.847157 1148.554565
   59.123421   42.745312   42.745312 1148.558350
   60.193150   44.751904   44.751904 1148.562500
   61.323994   46.873119   46.873119 1148.567383
   62.519409   49.115513   49.115513 1148.572876
  BLADE PROFILES IN CARTESIAN COORDINATES (2D) BEFORE   PROJECTION, SCALING, MESHING AND STACKING 
  VARIABLES = "X", "YSS", "YPS" 
  BLADE           2  SECTION           1
    0.000000   -0.003351   -0.003351
    0.000062    0.002453   -0.006631
    0.000249    0.006240   -0.011923
    0.000561    0.009542   -0.017890
    0.000997    0.012565   -0.022966
    0.001557    0.015364   -0.027060
    0.002241    0.018146   -0.030790
    0.003050    0.020907   -0.034259
    0.003982    0.023705   -0.037504
    0.005038    0.026520   -0.040470
    0.006218    0.029422   -0.043157
    0.007520    0.032383   -0.045623
    0.008945    0.035347   -0.047940
    0.010493    0.038387   -0.050224
    0.012162    0.041481   -0.052578
    0.013954    0.044573   -0.055022
    0.015866    0.047616   -0.057553
    0.017899    0.050565   -0.060166
    0.020052    0.053374   -0.062858
    0.022325    0.056004   -0.065626
    0.024716    0.058426   -0.068450
    0.027226    0.060626   -0.071341
    0.029854    0.062627   -0.074321
    0.032600    0.064496   -0.077366
    0.035461    0.066326   -0.080475
    0.038439    0.068135   -0.083645
    0.041531    0.069914   -0.086875
    0.044738    0.071662   -0.090159
    0.048058    0.073376   -0.093493
    0.051491    0.075051   -0.096869
    0.055036    0.076682   -0.100323
    0.058691    0.078266   -0.103830
    0.062456    0.079796   -0.107390
    0.066331    0.081286   -0.111003
    0.070314    0.082735   -0.114663
    0.074403    0.084084   -0.118366
    0.078599    0.085360   -0.122110
    0.082900    0.086550   -0.125921
    0.087305    0.087662   -0.129781
    0.091812    0.088690   -0.133691
    0.096421    0.089632   -0.137646
    0.101131    0.090483   -0.141644
    0.105941    0.091255   -0.145683
    0.110848    0.091954   -0.149784
    0.115853    0.092510   -0.153934
    0.120953    0.092946   -0.158132
    0.126148    0.093265   -0.162377
    0.131435    0.093469   -0.166667
    0.136815    0.093556   -0.170999
    0.142285    0.093520   -0.175391
    0.147845    0.093379   -0.179833
    0.153492    0.093133   -0.184324
    0.159225    0.092712   -0.188866
    0.165044    0.092144   -0.193455
    0.170946    0.091427   -0.198090
    0.176930    0.090567   -0.202784
    0.182994    0.089561   -0.207530
    0.189138    0.088406   -0.212327
    0.195358    0.087100   -0.217178
    0.201655    0.085656   -0.222081
    0.208026    0.084090   -0.227038
    0.214470    0.082311   -0.232049
    0.220986    0.080357   -0.237116
    0.227570    0.078231   -0.242238
    0.234223    0.075937   -0.247416
    0.240941    0.073472   -0.252650
    0.247725    0.070835   -0.257941
    0.254571    0.068023   -0.263288
    0.261478    0.065034   -0.268694
    0.268445    0.061890   -0.274157
    0.275470    0.058597   -0.279679
    0.282550    0.055068   -0.285260
    0.289685    0.051355   -0.290900
    0.296872    0.047457   -0.296600
    0.304110    0.043363   -0.302360
    0.311396    0.039081   -0.308180
    0.318730    0.034611   -0.314061
    0.326109    0.029953   -0.320002
    0.333531    0.025106   -0.326005
    0.340994    0.020069   -0.332068
    0.348497    0.014842   -0.338192
    0.356038    0.009425   -0.344377
    0.363615    0.003817   -0.350624
    0.371226   -0.001980   -0.356931
    0.378869   -0.007968   -0.363299
    0.386542   -0.014145   -0.369727
    0.394243   -0.020511   -0.376216
    0.401971   -0.027066   -0.382765
    0.409723   -0.033808   -0.389374
    0.417498   -0.040736   -0.396042
    0.425293   -0.047849   -0.402769
    0.433107   -0.055146   -0.409554
    0.440937   -0.062626   -0.416397
    0.448783   -0.070286   -0.423299
    0.456641   -0.078125   -0.430257
    0.464509   -0.086140   -0.437271
    0.472387   -0.094331   -0.444340
    0.480272   -0.102693   -0.451463
    0.488161   -0.111226   -0.458638
    0.496053   -0.119926   -0.465865
    0.503947   -0.128791   -0.473143
    0.511839   -0.137817   -0.480470
    0.519729   -0.147002   -0.487846
    0.527613   -0.156343   -0.495268
    0.535491   -0.165836   -0.502726
    0.543360   -0.175487   -0.510221
    0.551217   -0.185282   -0.517774
    0.559063   -0.195220   -0.525369
    0.566893   -0.205296   -0.533002
    0.574707   -0.215530   -0.540672
    0.582502   -0.225921   -0.548381
    0.590277   -0.236385   -0.556125
    0.598029   -0.246971   -0.563901
    0.605757   -0.257673   -0.571707
    0.613458   -0.268488   -0.579540
    0.621131   -0.279410   -0.587398
    0.628774   -0.290434   -0.595280
    0.636385   -0.301556   -0.603171
    0.643962   -0.312776   -0.611077
    0.651503   -0.324089   -0.619015
    0.659006   -0.335485   -0.626966
    0.666469   -0.346957   -0.634929
    0.673891   -0.358528   -0.642900
    0.681270   -0.370178   -0.650881
    0.688604   -0.381848   -0.658867
    0.695890   -0.393573   -0.666854
    0.703128   -0.405347   -0.674839
    0.710315   -0.417164   -0.682819
    0.717450   -0.429019   -0.690792
    0.724530   -0.440910   -0.698742
    0.731555   -0.452831   -0.706678
    0.738522   -0.464772   -0.714611
    0.745429   -0.476726   -0.722524
    0.752275   -0.488687   -0.730415
    0.759059   -0.500677   -0.738281
    0.765777   -0.512658   -0.746118
    0.772430   -0.524602   -0.753926
    0.779015   -0.536527   -0.761701
    0.785530   -0.548428   -0.769437
    0.791974   -0.560299   -0.777133
    0.798345   -0.572140   -0.784784
    0.804642   -0.583937   -0.792387
    0.810863   -0.595684   -0.799928
    0.817006   -0.607375   -0.807418
    0.823070   -0.619002   -0.814859
    0.829054   -0.630560   -0.822239
    0.834956   -0.642068   -0.829556
    0.840775   -0.653482   -0.836806
    0.846508   -0.664792   -0.843985
    0.852155   -0.676008   -0.851090
    0.857715   -0.687123   -0.858119
    0.863185   -0.698134   -0.865067
    0.868565   -0.709033   -0.871932
    0.873852   -0.719811   -0.878712
    0.879047   -0.730462   -0.885402
    0.884147   -0.740982   -0.891998
    0.889152   -0.751363   -0.898498
    0.894059   -0.761599   -0.904899
    0.898869   -0.771685   -0.911197
    0.903579   -0.781615   -0.917380
    0.908188   -0.791383   -0.923462
    0.912695   -0.801002   -0.929435
    0.917100   -0.810431   -0.935293
    0.921401   -0.819678   -0.941033
    0.925597   -0.828743   -0.946653
    0.929686   -0.837618   -0.952149
    0.933669   -0.846297   -0.957519
    0.937544   -0.854777   -0.962761
    0.941309   -0.863051   -0.967871
    0.944965   -0.871115   -0.972855
    0.948509   -0.878964   -0.977694
    0.951942   -0.886592   -0.982394
    0.955262   -0.893997   -0.986952
    0.958469   -0.901173   -0.991365
    0.961561   -0.908115   -0.995632
    0.964539   -0.914821   -0.999751
    0.967400   -0.921285   -1.003722
    0.970146   -0.927503   -1.007408
    0.972774   -0.933469   -1.010245
    0.975284   -0.939183   -1.012391
    0.977675   -0.944644   -1.014070
    0.979948   -0.949846   -1.015380
    0.982101   -0.954784   -1.016376
    0.984134   -0.959457   -1.017094
    0.986046   -0.963860   -1.017561
    0.987838   -0.967991   -1.017794
    0.989507   -0.971850   -1.017805
    0.991055   -0.975432   -1.017610
    0.992480   -0.978736   -1.017238
    0.993782   -0.981759   -1.016647
    0.994962   -0.984500   -1.015875
    0.996018   -0.986956   -1.014912
    0.996950   -0.989127   -1.013789
    0.997759   -0.991115   -1.012517
    0.998443   -0.992880   -1.011112
    0.999003   -0.994856   -1.009597
    0.999439   -0.996792   -1.008022
    0.999751   -0.998509   -1.006338
    0.999938   -1.000571   -1.004471
    1.000000   -1.003766   -1.003766
  BLADE PROFILES IN CARTESIAN COORDINATES (3D) 
  VARIABLES = "X", "YSS", "YPS" "R" 
  BLADE           2  SECTION           1
   52.469540    5.450994    5.450994 1147.568848
   53.636803    5.261549    5.261549 1147.566895
   54.683327    5.091700    5.091700 1147.564819
   55.621601    4.939419    4.939419 1147.562500
   56.462818    4.802891    4.802891 1147.560303
   57.217003    4.680484    4.680484 1147.558228
   57.893173    4.570738    4.570738 1147.555542
   58.499409    4.472345    4.472345 1147.553711
   59.042919    4.384131    4.384131 1147.551758
   59.530216    4.305041    4.305041 1147.549927
   59.967106    4.234132    4.234132 1147.548218
   60.358791    4.170558    4.170558 1147.546509
   60.709965    4.113561    4.113561 1147.544922
   61.024811    4.062460    4.062460 1147.543701
   61.307087    4.016644    4.016644 1147.542358
   61.560169    3.975568    3.975568 1147.541260
   61.787071    3.938740    3.938740 1147.540161
   61.990498    3.905723    3.905723 1147.539429
   62.172882    3.876121    3.876121 1147.538330
   62.336399    3.849581    3.849581 1147.537720
   62.483002    3.825787    3.825787 1147.536987
   62.629612    5.020765    2.647987 1147.536133
   62.782890    5.402596    2.283330 1147.535156
   62.943459    5.721410    2.039630 1147.534546
   63.111961    6.005658    1.811678 1147.533447
   63.288994    6.249720    1.587164 1147.532349
   63.475147    6.450630    1.364160 1147.531128
   63.671089    6.611314    1.140162 1147.529907
   63.877396    6.748747    0.913004 1147.528687
   64.094696    6.879388    0.682427 1147.527100
   64.323593    7.004312    0.447914 1147.525757
   64.564728    7.123586    0.209390 1147.524292
   64.818703    7.236845   -0.036128 1147.522583
   65.086128    7.343903   -0.288022 1147.520752
   65.367622    7.445334   -0.546544 1147.518677
   65.663681    7.536675   -0.811619 1147.516846
   65.974350    7.618161   -1.085198 1147.514526
   66.300346    7.689658   -1.366885 1147.512085
   66.642525    7.750375   -1.656785 1147.509521
   67.001740    7.800809   -1.956837 1147.506714
   67.379005    7.834679   -2.267814 1147.503784
   67.775414    7.852741   -2.590109 1147.500610
   68.191887    7.853854   -2.924932 1147.497314
   68.629250    7.838593   -3.273573 1147.494019
   69.088959    7.799352   -3.636964 1147.489624
   69.572655    7.735164   -4.016670 1147.485718
   70.082130    7.644331   -4.414970 1147.480835
   70.619446    7.524747   -4.833605 1147.476562
   71.186729    7.371558   -5.274853 1147.471069
   71.790863    7.175409   -5.744898 1147.465454
   72.440567    6.930872   -6.251373 1147.459351
   73.136559    6.631795   -6.796008 1147.452515
   73.878273    6.273335   -7.379885 1147.445312
   74.663979    5.844309   -8.003414 1147.437500
   75.490578    5.341978   -8.666177 1147.428345
   76.353844    4.763695   -9.366837 1147.419434
   77.239761    4.114236  -10.096073 1147.410034
   78.134148    3.401991  -10.843824 1147.400269
   79.032219    2.630567  -11.607255 1147.390381
   79.930031    1.803867  -12.383966 1147.380493
   80.824570    0.925807  -13.172209 1147.370117
   81.713615    0.000000  -13.970472 1147.359741
   82.596031   -0.970518  -14.777900 1147.349976
   83.477707   -1.991058  -15.600333 1147.340088
   84.362617   -3.066336  -16.440859 1147.329590
   85.250107   -4.195675  -17.301718 1147.319580
   86.138985   -5.379649  -18.181473 1147.309204
   87.027588   -6.609941  -19.078911 1147.298828
   87.913933   -7.886082  -19.991726 1147.288696
   88.795486   -9.204453  -20.917437 1147.278442
   89.664421  -10.553059  -21.848751 1147.268433
   90.515839  -11.917398  -22.779490 1147.259155
   91.347412  -13.291927  -23.705538 1147.249756
   92.157272  -14.671576  -24.623350 1147.240601
   92.943985  -16.050905  -25.531565 1147.231934
   93.706596  -17.422476  -26.427284 1147.223633
   94.444527  -18.782127  -27.308487 1147.215576
   95.160507  -20.132706  -28.176270 1147.208252
   95.855247  -21.472799  -29.031925 1147.201050
   96.528740  -22.799072  -29.873699 1147.193848
   97.180984  -24.108273  -30.700508 1147.187378
   97.811996  -25.398771  -31.511471 1147.181030
   98.421745  -26.667858  -32.305412 1147.175171
   99.010269  -27.913908  -33.080837 1147.169434
   99.577538  -29.133595  -33.837769 1147.164062
  100.123558  -30.325174  -34.574741 1147.159058
  100.648338  -31.486628  -35.291176 1147.154175
  101.151878  -32.616020  -35.985752 1147.149902
  101.634163  -33.711243  -36.503056 1147.145752
  102.095192  -34.770935  -36.657581 1147.141724
  102.535004  -36.093925  -36.094475 1147.137939
  102.974792  -36.918606  -36.918880 1147.135986
  103.449593  -37.808594  -37.808594 1147.133667
  103.962158  -38.769386  -38.769386 1147.131348
  104.515503  -39.806602  -39.806602 1147.128906
  105.112869  -40.926338  -40.926338 1147.126343
  105.757759  -42.135155  -42.135155 1147.123535
  106.453941  -43.440125  -43.440125 1147.120972
  107.205498  -44.848915  -44.848915 1147.117920
  108.016853  -46.369774  -46.369774 1147.114990
  108.892754  -48.011620  -48.011620 1147.111816
  109.838348  -49.784081  -49.784081 1147.108398
  110.859154  -51.697548  -51.697548 1147.105103
  111.961159  -53.763241  -53.763241 1147.101685
  113.150848  -55.993263  -55.993263 1147.098267
  114.435188  -58.400700  -58.400700 1147.094849
  115.821671  -60.999638  -60.999638 1147.091553
  117.318481  -63.805355  -63.805355 1147.088013
  118.934334  -66.834282  -66.834282 1147.084839
  120.678749  -70.104164  -70.104164 1147.081787
  122.561935  -73.634209  -73.634209 1147.078735
  BLADE PROFILES IN CARTESIAN COORDINATES (2D) BEFORE   PROJECTION, SCALING, MESHING AND STACKING 
  VARIABLES = "X", "YSS", "YPS" 
  BLADE           2  SECTION           2
    0.000000   -0.003259   -0.003259
    0.000062    0.002218   -0.006820
    0.000249    0.006073   -0.012091
    0.000561    0.009462   -0.018165
    0.000997    0.012505   -0.023197
    0.001557    0.015335   -0.027266
    0.002241    0.018123   -0.030970
    0.003050    0.020888   -0.034417
    0.003982    0.023691   -0.037644
    0.005038    0.026505   -0.040585
    0.006218    0.029408   -0.043254
    0.007520    0.032361   -0.045706
    0.008945    0.035322   -0.048016
    0.010493    0.038358   -0.050301
    0.012162    0.041449   -0.052659
    0.013954    0.044542   -0.055108
    0.015866    0.047589   -0.057644
    0.017899    0.050543   -0.060262
    0.020052    0.053359   -0.062959
    0.022325    0.055998   -0.065716
    0.024716    0.058429   -0.068542
    0.027226    0.060637   -0.071460
    0.029854    0.062641   -0.074445
    0.032600    0.064509   -0.077497
    0.035461    0.066336   -0.080612
    0.038439    0.068138   -0.083790
    0.041531    0.069914   -0.087025
    0.044738    0.071660   -0.090316
    0.048058    0.073370   -0.093657
    0.051491    0.075042   -0.097042
    0.055036    0.076670   -0.100504
    0.058691    0.078249   -0.104020
    0.062456    0.079794   -0.107589
    0.066331    0.081297   -0.111209
    0.070314    0.082707   -0.114877
    0.074403    0.084051   -0.118588
    0.078599    0.085318   -0.122342
    0.082900    0.086503   -0.126162
    0.087305    0.087610   -0.130032
    0.091812    0.088633   -0.133952
    0.096421    0.089570   -0.137916
    0.101131    0.090415   -0.141923
    0.105941    0.091180   -0.145973
    0.110848    0.091875   -0.150084
    0.115853    0.092425   -0.154244
    0.120953    0.092850   -0.158453
    0.126148    0.093163   -0.162708
    0.131435    0.093361   -0.167008
    0.136815    0.093440   -0.171352
    0.142285    0.093398   -0.175755
    0.147845    0.093247   -0.180208
    0.153492    0.092997   -0.184711
    0.159225    0.092568   -0.189263
    0.165044    0.091988   -0.193863
    0.170946    0.091262   -0.198510
    0.176930    0.090394   -0.203216
    0.182994    0.089380   -0.207973
    0.189138    0.088217   -0.212783
    0.195358    0.086926   -0.217645
    0.201655    0.085503   -0.222561
    0.208026    0.083875   -0.227530
    0.214470    0.082087   -0.232553
    0.220986    0.080119   -0.237632
    0.227570    0.077983   -0.242766
    0.234223    0.075679   -0.247957
    0.240941    0.073205   -0.253203
    0.247725    0.070557   -0.258507
    0.254571    0.067735   -0.263867
    0.261478    0.064736   -0.269285
    0.268445    0.061580   -0.274762
    0.275470    0.058278   -0.280296
    0.282550    0.054737   -0.285890
    0.289685    0.051013   -0.291543
    0.296872    0.047102   -0.297256
    0.304110    0.042995   -0.303029
    0.311396    0.038701   -0.308863
    0.318730    0.034219   -0.314757
    0.326109    0.029549   -0.320711
    0.333531    0.024690   -0.326727
    0.340994    0.019641   -0.332803
    0.348497    0.014401   -0.338940
    0.356038    0.008972   -0.345139
    0.363615    0.003352   -0.351398
    0.371226   -0.002459   -0.357719
    0.378869   -0.008460   -0.364100
    0.386542   -0.014650   -0.370542
    0.394243   -0.021029   -0.377044
    0.401971   -0.027597   -0.383606
    0.409723   -0.034352   -0.390228
    0.417498   -0.041294   -0.396910
    0.425293   -0.048421   -0.403650
    0.433107   -0.055732   -0.410448
    0.440937   -0.063225   -0.417305
    0.448783   -0.070900   -0.424219
    0.456641   -0.078752   -0.431191
    0.464509   -0.086782   -0.438218
    0.472387   -0.094987   -0.445300
    0.480272   -0.103364   -0.452436
    0.488161   -0.111911   -0.459624
    0.496053   -0.120625   -0.466864
    0.503947   -0.129505   -0.474155
    0.511839   -0.138546   -0.481496
    0.519729   -0.147745   -0.488884
    0.527613   -0.157101   -0.496319
    0.535491   -0.166609   -0.503790
    0.543360   -0.176272   -0.511298
    0.551217   -0.186083   -0.518864
    0.559063   -0.196036   -0.526471
    0.566893   -0.206126   -0.534117
    0.574707   -0.216375   -0.541800
    0.582502   -0.226782   -0.549521
    0.590277   -0.237261   -0.557278
    0.598029   -0.247861   -0.565066
    0.605757   -0.258578   -0.572884
    0.613458   -0.269408   -0.580729
    0.621131   -0.280344   -0.588600
    0.628774   -0.291384   -0.596494
    0.636385   -0.302521   -0.604397
    0.643962   -0.313755   -0.612315
    0.651503   -0.325083   -0.620264
    0.659006   -0.336493   -0.628227
    0.666469   -0.347981   -0.636202
    0.673891   -0.359566   -0.644185
    0.681270   -0.371231   -0.652177
    0.688604   -0.382915   -0.660174
    0.695890   -0.394655   -0.668172
    0.703128   -0.406443   -0.676169
    0.710315   -0.418275   -0.684160
    0.717450   -0.430144   -0.692143
    0.724530   -0.442049   -0.700105
    0.731555   -0.453985   -0.708052
    0.738522   -0.465940   -0.715995
    0.745429   -0.477908   -0.723919
    0.752275   -0.489883   -0.731820
    0.759059   -0.501886   -0.739696
    0.765777   -0.513882   -0.747544
    0.772430   -0.525839   -0.755362
    0.779015   -0.537778   -0.763146
    0.785530   -0.549693   -0.770892
    0.791974   -0.561577   -0.778597
    0.798345   -0.573430   -0.786258
    0.804642   -0.585241   -0.793871
    0.810863   -0.597001   -0.801421
    0.817006   -0.608704   -0.808920
    0.823070   -0.620344   -0.816370
    0.829054   -0.631915   -0.823759
    0.834956   -0.643435   -0.831085
    0.840775   -0.654862   -0.838343
    0.846508   -0.666184   -0.845531
    0.852155   -0.677412   -0.852645
    0.857715   -0.688538   -0.859681
    0.863185   -0.699561   -0.866638
    0.868565   -0.710471   -0.873511
    0.873852   -0.721260   -0.880298
    0.879047   -0.731923   -0.886996
    0.884147   -0.742453   -0.893600
    0.889152   -0.752845   -0.900107
    0.894059   -0.763092   -0.906515
    0.898869   -0.773188   -0.912820
    0.903579   -0.783128   -0.919010
    0.908188   -0.792906   -0.925099
    0.912695   -0.802535   -0.931078
    0.917100   -0.811974   -0.936942
    0.921401   -0.821230   -0.942689
    0.925597   -0.830303   -0.948314
    0.929686   -0.839187   -0.953817
    0.933669   -0.847875   -0.959193
    0.937544   -0.856363   -0.964440
    0.941309   -0.864646   -0.969556
    0.944965   -0.872717   -0.974544
    0.948509   -0.880574   -0.979389
    0.951942   -0.888210   -0.984093
    0.955262   -0.895622   -0.988656
    0.958469   -0.902805   -0.993075
    0.961561   -0.909754   -0.997346
    0.964539   -0.916466   -1.001469
    0.967400   -0.922936   -1.005444
    0.970146   -0.929161   -1.009133
    0.972774   -0.935132   -1.011970
    0.975284   -0.940852   -1.014117
    0.977675   -0.946318   -1.015797
    0.979948   -0.951525   -1.017109
    0.982101   -0.956468   -1.018106
    0.984134   -0.961145   -1.018825
    0.986046   -0.965553   -1.019293
    0.987838   -0.969687   -1.019526
    0.989507   -0.973550   -1.019538
    0.991055   -0.977136   -1.019343
    0.992480   -0.980442   -1.018972
    0.993782   -0.983469   -1.018380
    0.994962   -0.986212   -1.017608
    0.996018   -0.988671   -1.016645
    0.996950   -0.990844   -1.015522
    0.997759   -0.992834   -1.014249
    0.998443   -0.994599   -1.012844
    0.999003   -0.996577   -1.011328
    0.999439   -0.998513   -1.009751
    0.999751   -1.000233   -1.008068
    0.999938   -1.002296   -1.006201
    1.000000   -1.005498   -1.005498
  BLADE PROFILES IN CARTESIAN COORDINATES (3D) 
  VARIABLES = "X", "YSS", "YPS" "R" 
  BLADE           2  SECTION           2
   52.506580    5.481698    5.481698 1148.054932
   53.672318    5.290596    5.290596 1148.054932
   54.717453    5.119262    5.119262 1148.055054
   55.654480    4.965651    4.965651 1148.054932
   56.494591    4.827930    4.827930 1148.054810
   57.247784    4.704457    4.704457 1148.055054
   57.923058    4.593754    4.593754 1148.054932
   58.528492    4.494503    4.494503 1148.054932
   59.071297    4.405520    4.405520 1148.054932
   59.557945    4.325742    4.325742 1148.054932
   59.994259    4.254216    4.254216 1148.054932
   60.385437    4.190089    4.190089 1148.054810
   60.736149    4.132596    4.132596 1148.054932
   61.050583    4.081049    4.081049 1148.054932
   61.332489    4.034835    4.034835 1148.054932
   61.585228    3.993400    3.993400 1148.055054
   61.811836    3.956254    3.956254 1148.054932
   62.014992    3.922949    3.922949 1148.054932
   62.197140    3.893089    3.893089 1148.054810
   62.360443    3.866318    3.866318 1148.054810
   62.506855    3.842317    3.842317 1148.054932
   62.653259    5.039474    2.664610 1148.055054
   62.806347    5.420574    2.302961 1148.055054
   62.966721    5.738569    2.059717 1148.054932
   63.134991    6.022587    1.831664 1148.054932
   63.311794    6.266878    1.607040 1148.054932
   63.497715    6.468228    1.384648 1148.055054
   63.693390    6.629157    1.159693 1148.054932
   63.899429    6.766294    0.932364 1148.055054
   64.116447    6.896366    0.701634 1148.054810
   64.345047    7.020921    0.466957 1148.054932
   64.585876    7.139813    0.228183 1148.055054
   64.839516    7.252657   -0.017575 1148.054810
   65.106598    7.360654   -0.269716 1148.054810
   65.387726    7.460262   -0.528440 1148.054932
   65.683395    7.551060   -0.793821 1148.054810
   65.993660    7.632121   -1.067693 1148.055176
   66.319260    7.703175   -1.349655 1148.054810
   66.660980    7.763387   -1.639859 1148.054932
   67.019737    7.813423   -1.940263 1148.054932
   67.396523    7.846582   -2.251576 1148.054932
   67.792404    7.864169   -2.574199 1148.054932
   68.208344    7.864783   -2.909413 1148.055054
   68.645172    7.849022   -3.258437 1148.054810
   69.104271    7.809055   -3.622207 1148.054810
   69.587326    7.744336   -4.002337 1148.055054
   70.096184    7.653028   -4.401063 1148.055054
   70.632782    7.534541   -4.820146 1148.054932
   71.199356    7.378993   -5.261852 1148.054932
   71.802719    7.182158   -5.732370 1148.055176
   72.451584    6.937027   -6.239343 1148.054932
   73.146690    6.637284   -6.784500 1148.054810
   73.887482    6.278254   -7.368912 1148.054810
   74.672173    5.848437   -7.993001 1148.055054
   75.497726    5.345489   -8.656320 1148.054932
   76.359901    4.766599   -9.357540 1148.054688
   77.244682    4.116556  -10.087324 1148.054932
   78.137947    3.403763  -10.835604 1148.054810
   79.034874    2.631828  -11.599543 1148.055054
   79.931526    1.804666  -12.376727 1148.054932
   80.824921    0.926183  -13.165412 1148.054932
   81.712875    0.000000  -13.964096 1148.054688
   82.594162   -0.970849  -14.771921 1148.055054
   83.474724   -1.991687  -15.594728 1148.054810
   84.358559   -3.067166  -16.435617 1148.054810
   85.244896   -4.196718  -17.296793 1148.055054
   86.132622   -5.380878  -18.176846 1148.054810
   87.020149   -6.611307  -19.074564 1148.055054
   87.905350   -7.887553  -19.987627 1148.054810
   88.785805   -9.205949  -20.913578 1148.055054
   89.653633  -10.554581  -21.845102 1148.054688
   90.503975  -11.918916  -22.776016 1148.054932
   91.334488  -13.293392  -23.702223 1148.054810
   92.143311  -14.672957  -24.620165 1148.055054
   92.929039  -16.052179  -25.528490 1148.055054
   93.690697  -17.423630  -26.424290 1148.054932
   94.427673  -18.783125  -27.305557 1148.055054
   95.142761  -20.133535  -28.173399 1148.054810
   95.836624  -21.473440  -29.029085 1148.054932
   96.509254  -22.799513  -29.870871 1148.054932
   97.160675  -24.108498  -30.697687 1148.054810
   97.790871  -25.398764  -31.508633 1148.054810
   98.399857  -26.667616  -32.302551 1148.054932
   98.987625  -27.913418  -33.077942 1148.054810
   99.554169  -29.132843  -33.834831 1148.054932
  100.099487  -30.324162  -34.571739 1148.054932
  100.623619  -31.485342  -35.288109 1148.054932
  101.126503  -32.614452  -35.982609 1148.054932
  101.608170  -33.709415  -36.499680 1148.054932
  102.068611  -34.768833  -36.654343 1148.054810
  102.507828  -36.091484  -36.092037 1148.054932
  102.947075  -36.915936  -36.916210 1148.054810
  103.421242  -37.805683  -37.805683 1148.054810
  103.933151  -38.766201  -38.766201 1148.054810
  104.485764  -39.803139  -39.803139 1148.055054
  105.082344  -40.922569  -40.922569 1148.054810
  105.726372  -42.131042  -42.131042 1148.054932
  106.421646  -43.435654  -43.435654 1148.054932
  107.172218  -44.844051  -44.844051 1148.054932
  107.982506  -46.364491  -46.364491 1148.054932
  108.857262  -48.005882  -48.005882 1148.055054
  109.801575  -49.777840  -49.777840 1148.054932
  110.821060  -51.690784  -51.690784 1148.054810
  111.921608  -53.755882  -53.755882 1148.055054
  113.109741  -55.985271  -55.985271 1148.054932
  114.392349  -58.392017  -58.392017 1148.055054
  115.777016  -60.990227  -60.990227 1148.054932
  117.271851  -63.795105  -63.795105 1148.054810
  118.885582  -66.823143  -66.823143 1148.054810
  120.627686  -70.092049  -70.092049 1148.054932
  122.508369  -73.621017  -73.621017 1148.055054
  BLADE PROFILES IN CARTESIAN COORDINATES (2D) BEFORE   PROJECTION, SCALING, MESHING AND STACKING 
  VARIABLES = "X", "YSS", "YPS" 
  BLADE           2  SECTION           3
    0.000000   -0.003167   -0.003167
    0.000062    0.002029   -0.006995
    0.000249    0.005923   -0.012274
    0.000561    0.009357   -0.018461
    0.000997    0.012447   -0.023444
    0.001557    0.015307   -0.027480
    0.002241    0.018106   -0.031155
    0.003050    0.020898   -0.034579
    0.003982    0.023677   -0.037787
    0.005038    0.026490   -0.040703
    0.006218    0.029394   -0.043353
    0.007520    0.032336   -0.045790
    0.008945    0.035333   -0.048093
    0.010493    0.038340   -0.050380
    0.012162    0.041418   -0.052742
    0.013954    0.044512   -0.055195
    0.015866    0.047562   -0.057735
    0.017899    0.050521   -0.060358
    0.020052    0.053345   -0.063060
    0.022325    0.055992   -0.065821
    0.024716    0.058432   -0.068655
    0.027226    0.060648   -0.071578
    0.029854    0.062656   -0.074570
    0.032600    0.064522   -0.077629
    0.035461    0.066344   -0.080751
    0.038439    0.068142   -0.083935
    0.041531    0.069915   -0.087176
    0.044738    0.071657   -0.090475
    0.048058    0.073365   -0.093821
    0.051491    0.075033   -0.097216
    0.055036    0.076657   -0.100686
    0.058691    0.078233   -0.104210
    0.062456    0.079772   -0.107787
    0.066331    0.081273   -0.111415
    0.070314    0.082679   -0.115091
    0.074403    0.084018   -0.118811
    0.078599    0.085276   -0.122575
    0.082900    0.086457   -0.126405
    0.087305    0.087558   -0.130284
    0.091812    0.088576   -0.134213
    0.096421    0.089508   -0.138186
    0.101131    0.090367   -0.142203
    0.105941    0.091150   -0.146263
    0.110848    0.091797   -0.150385
    0.115853    0.092336   -0.154556
    0.120953    0.092754   -0.158775
    0.126148    0.093061   -0.163038
    0.131435    0.093252   -0.167341
    0.136815    0.093325   -0.171705
    0.142285    0.093276   -0.176120
    0.147845    0.093116   -0.180584
    0.153492    0.092861   -0.185097
    0.159225    0.092424   -0.189661
    0.165044    0.091831   -0.194272
    0.170946    0.091098   -0.198931
    0.176930    0.090222   -0.203648
    0.182994    0.089200   -0.208418
    0.189138    0.088029   -0.213239
    0.195358    0.086727   -0.218114
    0.201655    0.085297   -0.223041
    0.208026    0.083660   -0.228022
    0.214470    0.081860   -0.233058
    0.220986    0.079881   -0.238149
    0.227570    0.077736   -0.243296
    0.234223    0.075422   -0.248498
    0.240941    0.072938   -0.253757
    0.247725    0.070280   -0.259073
    0.254571    0.067448   -0.264447
    0.261478    0.064438   -0.269877
    0.268445    0.061269   -0.275366
    0.275470    0.057958   -0.280914
    0.282550    0.054407   -0.286520
    0.289685    0.050672   -0.292186
    0.296872    0.046745   -0.297913
    0.304110    0.042627   -0.303699
    0.311396    0.038321   -0.309545
    0.318730    0.033828   -0.315453
    0.326109    0.029146   -0.321420
    0.333531    0.024274   -0.327449
    0.340994    0.019213   -0.333538
    0.348497    0.013961   -0.339689
    0.356038    0.008519   -0.345901
    0.363615    0.002886   -0.352173
    0.371226   -0.002937   -0.358507
    0.378869   -0.008951   -0.364902
    0.386542   -0.015154   -0.371357
    0.394243   -0.021547   -0.377872
    0.401971   -0.028128   -0.384448
    0.409723   -0.034897   -0.391083
    0.417498   -0.041852   -0.397778
    0.425293   -0.048993   -0.404531
    0.433107   -0.056318   -0.411343
    0.440937   -0.063825   -0.418212
    0.448783   -0.071513   -0.425140
    0.456641   -0.079380   -0.432125
    0.464509   -0.087424   -0.439165
    0.472387   -0.095643   -0.446260
    0.480272   -0.104034   -0.453409
    0.488161   -0.112596   -0.460611
    0.496053   -0.121325   -0.467864
    0.503947   -0.130218   -0.475168
    0.511839   -0.139274   -0.482522
    0.519729   -0.148488   -0.489923
    0.527613   -0.157859   -0.497371
    0.535491   -0.167381   -0.504855
    0.543360   -0.177058   -0.512375
    0.551217   -0.186884   -0.519954
    0.559063   -0.196851   -0.527574
    0.566893   -0.206957   -0.535232
    0.574707   -0.217196   -0.542928
    0.582502   -0.227594   -0.550661
    0.590277   -0.238136   -0.558431
    0.598029   -0.248751   -0.566231
    0.605757   -0.259483   -0.574061
    0.613458   -0.270328   -0.581919
    0.621131   -0.281279   -0.589802
    0.628774   -0.292334   -0.597708
    0.636385   -0.303486   -0.605623
    0.643962   -0.314734   -0.613553
    0.651503   -0.326077   -0.621514
    0.659006   -0.337502   -0.629489
    0.666469   -0.349004   -0.637475
    0.673891   -0.360604   -0.645470
    0.681270   -0.372284   -0.653473
    0.688604   -0.383983   -0.661482
    0.695890   -0.395737   -0.669491
    0.703128   -0.407540   -0.677499
    0.710315   -0.419386   -0.685501
    0.717450   -0.431270   -0.693496
    0.724530   -0.443189   -0.701468
    0.731555   -0.455139   -0.709426
    0.738522   -0.467108   -0.717380
    0.745429   -0.479090   -0.725314
    0.752275   -0.491079   -0.733226
    0.759059   -0.503097   -0.741112
    0.765777   -0.515106   -0.748970
    0.772430   -0.527077   -0.756798
    0.779015   -0.539030   -0.764592
    0.785530   -0.550958   -0.772348
    0.791974   -0.562855   -0.780063
    0.798345   -0.574722   -0.787733
    0.804642   -0.586545   -0.795355
    0.810863   -0.598319   -0.802915
    0.817006   -0.610035   -0.810423
    0.823070   -0.621688   -0.817882
    0.829054   -0.633271   -0.825281
    0.834956   -0.644804   -0.832615
    0.840775   -0.656242   -0.839882
    0.846508   -0.667577   -0.847078
    0.852155   -0.678816   -0.854200
    0.857715   -0.689955   -0.861245
    0.863185   -0.700989   -0.868210
    0.868565   -0.711911   -0.875091
    0.873852   -0.722711   -0.881886
    0.879047   -0.733385   -0.888591
    0.884147   -0.743926   -0.895203
    0.889152   -0.754329   -0.901717
    0.894059   -0.764586   -0.908132
    0.898869   -0.774693   -0.914445
    0.903579   -0.784643   -0.920641
    0.908188   -0.794431   -0.926737
    0.912695   -0.804070   -0.932723
    0.917100   -0.813518   -0.938593
    0.921401   -0.822783   -0.944346
    0.925597   -0.831866   -0.949978
    0.929686   -0.840759   -0.955487
    0.933669   -0.849456   -0.960868
    0.937544   -0.857952   -0.966121
    0.941309   -0.866243   -0.971243
    0.944965   -0.874323   -0.976236
    0.948509   -0.882187   -0.981086
    0.951942   -0.889830   -0.985795
    0.955262   -0.897249   -0.990363
    0.958469   -0.904440   -0.994786
    0.961561   -0.911396   -0.999062
    0.964539   -0.918114   -1.003190
    0.967400   -0.924591   -1.007168
    0.970146   -0.930821   -1.010861
    0.972774   -0.936798   -1.013697
    0.975284   -0.942524   -1.015845
    0.977675   -0.947995   -1.017527
    0.979948   -0.953207   -1.018840
    0.982101   -0.958155   -1.019838
    0.984134   -0.962837   -1.020558
    0.986046   -0.967248   -1.021027
    0.987838   -0.971387   -1.021260
    0.989507   -0.975253   -1.021273
    0.991055   -0.978841   -1.021078
    0.992480   -0.982152   -1.020707
    0.993782   -0.985182   -1.020116
    0.994962   -0.987928   -1.019343
    0.996018   -0.990389   -1.018380
    0.996950   -0.992563   -1.017256
    0.997759   -0.994555   -1.015984
    0.998443   -0.996321   -1.014577
    0.999003   -0.998302   -1.013060
    0.999439   -1.000238   -1.011483
    0.999751   -1.001959   -1.009801
    0.999938   -1.004022   -1.007933
    1.000000   -1.007231   -1.007231
  BLADE PROFILES IN CARTESIAN COORDINATES (3D) 
  VARIABLES = "X", "YSS", "YPS" "R" 
  BLADE           2  SECTION           3
   52.543339    5.513196    5.513196 1148.541748
   53.707615    5.320424    5.320424 1148.543457
   54.751450    5.147595    5.147595 1148.545532
   55.687302    4.992646    4.992646 1148.547363
   56.526348    4.853726    4.853726 1148.549683
   57.278599    4.729177    4.729177 1148.552002
   57.953037    4.617513    4.617513 1148.554077
   58.557713    4.517400    4.517400 1148.556152
   59.099823    4.427642    4.427642 1148.558105
   59.585861    4.347171    4.347171 1148.560059
   60.021626    4.275023    4.275023 1148.562012
   60.412319    4.210340    4.210340 1148.563477
   60.762585    4.152347    4.152347 1148.564941
   61.076622    4.100353    4.100353 1148.566162
   61.358177    4.053738    4.053738 1148.567627
   61.610607    4.011945    4.011945 1148.568726
   61.836922    3.974475    3.974475 1148.569702
   62.039818    3.940881    3.940881 1148.570557
   62.221741    3.910762    3.910762 1148.571533
   62.384838    3.883759    3.883759 1148.572388
   62.531063    3.859549    3.859549 1148.572998
   62.677296    5.058992    2.681260 1148.573853
   62.830181    5.438743    2.322660 1148.574951
   62.990345    5.756241    2.079860 1148.575806
   63.158409    6.039923    1.851693 1148.576904
   63.334972    6.284451    1.626930 1148.577759
   63.520664    6.486251    1.404367 1148.578979
   63.716084    6.647434    1.179231 1148.579956
   63.921867    6.784165    0.951706 1148.581787
   64.138611    6.913810    0.720814 1148.582764
   64.366913    7.038000    0.485954 1148.584106
   64.607430    7.156513    0.246910 1148.585938
   64.860764    7.268975    0.000898 1148.587524
   65.127487    7.376543   -0.251477 1148.589355
   65.408257    7.475787   -0.510456 1148.591553
   65.703560    7.565950   -0.776157 1148.593506
   66.013420    7.646593   -1.050344 1148.596069
   66.338593    7.717172   -1.332602 1148.598145
   66.679886    7.778437   -1.623125 1148.600952
   67.038185    7.826377   -1.923894 1148.603516
   67.414482    7.859032   -2.235562 1148.606323
   67.809875    7.876139   -2.558203 1148.609619
   68.225266    7.876255   -2.894169 1148.613037
   68.661522    7.859986   -3.243606 1148.616699
   69.120026    7.819295   -3.607776 1148.620605
   69.602478    7.754046   -3.988353 1148.624634
   70.110657    7.662184   -4.387539 1148.629150
   70.646591    7.543154   -4.807092 1148.634155
   71.212418    7.386876   -5.249282 1148.639404
   71.815002    7.189407   -5.720313 1148.644897
   72.463028    6.943667   -6.227817 1148.651245
   73.157211    6.643236   -6.773535 1148.657715
   73.897049    6.283613   -7.358525 1148.665527
   74.680725    5.852977   -7.983214 1148.673584
   75.505219    5.349377   -8.647137 1148.681885
   76.366241    4.769837   -9.348961 1148.691040
   77.249878    4.119167  -10.079345 1148.700806
   78.141975    3.405777  -10.828199 1148.710205
   79.037727    2.633279  -11.592700 1148.719971
   79.933228    1.805592  -12.370415 1148.730347
   80.825424    0.926625  -13.159590 1148.740356
   81.712227    0.000000  -13.958756 1148.750488
   82.592369   -0.971254  -14.767037 1148.760498
   83.471779   -1.992455  -15.590276 1148.770874
   84.354416   -3.068216  -16.431576 1148.780762
   85.239624   -4.197930  -17.293152 1148.791138
   86.126198   -5.382521  -18.173552 1148.801636
   87.012520   -6.613157  -19.071619 1148.811768
   87.896576   -7.889593  -19.985001 1148.822144
   88.775887   -9.208126  -20.911255 1148.832275
   89.642578  -10.556873  -21.843046 1148.842285
   90.491791  -11.921303  -22.774206 1148.852051
   91.321220  -13.295838  -23.700644 1148.861206
   92.129013  -14.675423  -24.618793 1148.870239
   92.913704  -16.054644  -25.527294 1148.878906
   93.674347  -17.426081  -26.423243 1148.887329
   94.410385  -18.785522  -27.304646 1148.895264
   95.124542  -20.135868  -28.172602 1148.902832
   95.817497  -21.475683  -29.028385 1148.910156
   96.489243  -22.801657  -29.870256 1148.917236
   97.139816  -24.110521  -30.697134 1148.923584
   97.769203  -25.400663  -31.508129 1148.930054
   98.377396  -26.669369  -32.302090 1148.935791
   98.964401  -27.915012  -33.077511 1148.941650
   99.530212  -29.134279  -33.834404 1148.947021
  100.074821  -30.325426  -34.571323 1148.952026
  100.598259  -31.486429  -35.287682 1148.956787
  101.100494  -32.615364  -35.982174 1148.961304
  101.581551  -33.710136  -36.499043 1148.965576
  102.041382  -34.769382  -36.653820 1148.969360
  102.480042  -36.091732  -36.092285 1148.973145
  102.918739  -36.916027  -36.916306 1148.975220
  103.392319  -37.805588  -37.805588 1148.977417
  103.903542  -38.765919  -38.765919 1148.979614
  104.455475  -39.802650  -39.802650 1148.982178
  105.051315  -40.921856  -40.921856 1148.984741
  105.694519  -42.130089  -42.130089 1148.987305
  106.388908  -43.434444  -43.434444 1148.990112
  107.138542  -44.842560  -44.842560 1148.993164
  107.947830  -46.362705  -46.362705 1148.996216
  108.821472  -48.003761  -48.003761 1148.999390
  109.764618  -49.775375  -49.775375 1149.002686
  110.782806  -51.687920  -51.687920 1149.005859
  111.881996  -53.752613  -53.752613 1149.009277
  113.068619  -55.981544  -55.981544 1149.012695
  114.349625  -58.387772  -58.387772 1149.016235
  115.732567  -60.985424  -60.985424 1149.019653
  117.225517  -63.789711  -63.789711 1149.022827
  118.837219  -66.817085  -66.817085 1149.026123
  120.577171  -70.085281  -70.085281 1149.029175
  122.455513  -73.613403  -73.613403 1149.031982
