    3D DATASET FOR MULTALL, GENERATED BY STAGEN  
   37    0   37    010000    0    0    3    2    1    2   37   10   10 1000
    0    2    1    3    0    1    0  100    5    0    1    0
    3    3    3    9    9    9    1    3    1
  BLADE ROW NUMBER =        1                                           
  111   26   96   45    0    0    1    1    1    1    0    0    0    0    0    0
       0.0 3392446.5 3392446.5 2191391.5 2191391.5   0.00000       0.0
  1.000000
 -0.016722 -0.014740 -0.012973 -0.011398 -0.009994 -0.008743 -0.007627 -0.006633
 -0.005747 -0.004957 -0.004253 -0.003625 -0.003065 -0.002566 -0.002121 -0.001725
 -0.001371 -0.001056 -0.000775 -0.000525 -0.000302 -0.000103  0.000075  0.000233
  0.000374  0.000500  0.000625  0.000755  0.000892  0.001036  0.001186  0.001345
  0.001511  0.001687  0.001872  0.002067  0.002272  0.002488  0.002715  0.002954
  0.003206  0.003470  0.003747  0.004038  0.004343  0.004664  0.005000  0.005354
  0.005725  0.006115  0.006526  0.006958  0.007414  0.007895  0.008407  0.008958
  0.009548  0.010177  0.010842  0.011543  0.012274  0.013025  0.013782  0.014543
  0.015303  0.016061  0.016814  0.017562  0.018309  0.019059  0.019811  0.020565
  0.021319  0.022070  0.022819  0.023556  0.024279  0.024986  0.025674  0.026343
  0.026992  0.027620  0.028230  0.028821  0.029395  0.029952  0.030490  0.031010
  0.031513  0.031998  0.032464  0.032913  0.033344  0.033756  0.034151  0.034528
  0.034906  0.035305  0.035727  0.036174  0.036645  0.037144  0.037671  0.038229
  0.038818  0.039441  0.040099  0.040795  0.041530  0.042308  0.043130
  1.000000
 -0.020914 -0.020565 -0.020253 -0.019974 -0.019726 -0.019504 -0.019305 -0.019128
 -0.018971 -0.018830 -0.018704 -0.018592 -0.018492 -0.018402 -0.018323 -0.018251
 -0.018188 -0.018132 -0.018081 -0.018036 -0.017996 -0.017960 -0.017928 -0.017900
 -0.017875 -0.017852 -0.016955 -0.016652 -0.016450 -0.016256 -0.016060 -0.015860
 -0.015654 -0.015442 -0.015223 -0.014997 -0.014763 -0.014519 -0.014267 -0.014005
 -0.013732 -0.013450 -0.013157 -0.012852 -0.012535 -0.012205 -0.011861 -0.011502
 -0.011128 -0.010736 -0.010326 -0.009896 -0.009445 -0.008969 -0.008464 -0.007921
 -0.007339 -0.006719 -0.006060 -0.005365 -0.004636 -0.003884 -0.003120 -0.002347
 -0.001568 -0.000785  0.000000  0.000787  0.001580  0.002385  0.003200  0.004026
  0.004862  0.005704  0.006552  0.007397  0.008235  0.009063  0.009879  0.010680
  0.011465  0.012233  0.012986  0.013723  0.014446  0.015152  0.015842  0.016514
  0.017169  0.017805  0.018423  0.019021  0.019599  0.019988  0.020112  0.019523
  0.020296  0.021112  0.021975  0.022887  0.023851  0.024870  0.025948  0.027086
  0.028289  0.029561  0.030905  0.032326  0.033828  0.035415  0.037092
  1.000000
  0.000000  0.000000  0.000000  0.000000  0.000000  0.000000  0.000000  0.000000
  0.000000  0.000000  0.000000  0.000000  0.000000  0.000000  0.000000  0.000000
  0.000000  0.000000  0.000000  0.000000  0.000000  0.000000  0.000000  0.000000
  0.000000  0.000000  0.001821  0.002456  0.002929  0.003360  0.003764  0.004139
  0.004490  0.004830  0.005173  0.005520  0.005876  0.006238  0.006604  0.006977
  0.007357  0.007741  0.008128  0.008519  0.008915  0.009314  0.009713  0.010116
  0.010520  0.010921  0.011322  0.011722  0.012115  0.012505  0.012889  0.013267
  0.013637  0.013989  0.014315  0.014610  0.014870  0.015078  0.015236  0.015341
  0.015395  0.015398  0.015353  0.015261  0.015122  0.014937  0.014702  0.014426
  0.014107  0.013744  0.013337  0.012899  0.012431  0.011933  0.011417  0.010883
  0.010332  0.009774  0.009206  0.008629  0.008048  0.007464  0.006878  0.006295
  0.005714  0.005138  0.004570  0.004011  0.003462  0.002756  0.001819  0.000000
  0.000000  0.000000  0.000000  0.000000  0.000000  0.000000  0.000000  0.000000
  0.000000  0.000000  0.000000  0.000000  0.000000  0.000000  0.000000
  1.000000
  0.280903  0.280853  0.280799  0.280745  0.280690  0.280636  0.280584  0.280534
  0.280486  0.280442  0.280401  0.280362  0.280327  0.280294  0.280264  0.280237
  0.280212  0.280190  0.280169  0.280151  0.280134  0.280119  0.280106  0.280094
  0.280083  0.280073  0.280056  0.280037  0.280018  0.279997  0.279976  0.279953
  0.279929  0.279903  0.279876  0.279846  0.279816  0.279783  0.279748  0.279711
  0.279672  0.279630  0.279586  0.279539  0.279490  0.279437  0.279381  0.279322
  0.279259  0.279192  0.279121  0.279046  0.278966  0.278880  0.278788  0.278688
  0.278580  0.278464  0.278340  0.278209  0.278071  0.277928  0.277784  0.277639
  0.277494  0.277350  0.277207  0.277065  0.276925  0.276785  0.276645  0.276507
  0.276371  0.276237  0.276106  0.275978  0.275856  0.275739  0.275627  0.275522
  0.275421  0.275327  0.275238  0.275153  0.275074  0.275000  0.274930  0.274865
  0.274804  0.274748  0.274695  0.274646  0.274601  0.274560  0.274522  0.274487
  0.274461  0.274434  0.274406  0.274376  0.274345  0.274311  0.274276  0.274239
  0.274199  0.274157  0.274111  0.274063  0.274012  0.273956  0.273897
  1.000000
 -0.017962 -0.015923 -0.014104 -0.012482 -0.011037 -0.009748 -0.008598 -0.007573
 -0.006660 -0.005845 -0.005119 -0.004471 -0.003894 -0.003379 -0.002920 -0.002511
 -0.002146 -0.001821 -0.001531 -0.001272 -0.001041 -0.000836 -0.000652 -0.000489
 -0.000343 -0.000213 -0.000083  0.000052  0.000195  0.000344  0.000501  0.000666
  0.000840  0.001023  0.001215  0.001418  0.001632  0.001857  0.002094  0.002343
  0.002606  0.002881  0.003170  0.003473  0.003792  0.004126  0.004477  0.004846
  0.005234  0.005641  0.006070  0.006522  0.006998  0.007501  0.008036  0.008612
  0.009229  0.009886  0.010583  0.011315  0.012080  0.012865  0.013658  0.014454
  0.015250  0.016043  0.016831  0.017613  0.018394  0.019179  0.019965  0.020753
  0.021540  0.022326  0.023107  0.023878  0.024632  0.025369  0.026087  0.026784
  0.027460  0.028114  0.028749  0.029364  0.029961  0.030539  0.031099  0.031639
  0.032161  0.032664  0.033147  0.033613  0.034059  0.034486  0.034895  0.035285
  0.035675  0.036087  0.036522  0.036983  0.037469  0.037984  0.038528  0.039103
  0.039711  0.040353  0.041033  0.041751  0.042510  0.043312  0.044160
  1.000000
 -0.020074 -0.019740 -0.019442 -0.019176 -0.018938 -0.018727 -0.018538 -0.018370
 -0.018220 -0.018087 -0.017968 -0.017861 -0.017767 -0.017682 -0.017607 -0.017540
 -0.017480 -0.017427 -0.017379 -0.017337 -0.017299 -0.017265 -0.017235 -0.017208
 -0.017184 -0.017163 -0.016282 -0.015966 -0.015760 -0.015571 -0.015380 -0.015184
 -0.014983 -0.014777 -0.014565 -0.014344 -0.014116 -0.013880 -0.013635 -0.013381
 -0.013117 -0.012843 -0.012559 -0.012265 -0.011958 -0.011640 -0.011308 -0.010962
 -0.010601 -0.010224 -0.009830 -0.009418 -0.008984 -0.008528 -0.008044 -0.007525
 -0.006969 -0.006377 -0.005749 -0.005087 -0.004393 -0.003679 -0.002953 -0.002220
 -0.001483 -0.000742  0.000000  0.000743  0.001492  0.002251  0.003019  0.003797
  0.004583  0.005375  0.006172  0.006966  0.007752  0.008529  0.009294  0.010044
  0.010779  0.011498  0.012202  0.012892  0.013567  0.014226  0.014870  0.015498
  0.016108  0.016701  0.017277  0.017834  0.018372  0.018722  0.018814  0.018212
  0.018943  0.019716  0.020534  0.021398  0.022311  0.023276  0.024297  0.025376
  0.026516  0.027722  0.028997  0.030344  0.031769  0.033275  0.034867
  1.000000
  0.000000  0.000000  0.000000  0.000000  0.000000  0.000000  0.000000  0.000000
  0.000000  0.000000  0.000000  0.000000  0.000000  0.000000  0.000000  0.000000
  0.000000  0.000000  0.000000  0.000000  0.000000  0.000000  0.000000  0.000000
  0.000000  0.000000  0.001775  0.002421  0.002897  0.003320  0.003713  0.004077
  0.004418  0.004751  0.005089  0.005432  0.005781  0.006136  0.006497  0.006866
  0.007240  0.007616  0.007998  0.008385  0.008774  0.009166  0.009560  0.009958
  0.010353  0.010749  0.011146  0.011537  0.011925  0.012310  0.012687  0.013059
  0.013425  0.013770  0.014091  0.014385  0.014637  0.014843  0.014998  0.015102
  0.015155  0.015158  0.015113  0.015021  0.014885  0.014703  0.014476  0.014204
  0.013888  0.013528  0.013131  0.012700  0.012235  0.011748  0.011240  0.010712
  0.010172  0.009622  0.009062  0.008494  0.007922  0.007347  0.006770  0.006196
  0.005624  0.005057  0.004498  0.003947  0.003407  0.002708  0.001785  0.000000
  0.000000  0.000000  0.000000  0.000000  0.000000  0.000000  0.000000  0.000000
  0.000000  0.000000  0.000000  0.000000  0.000000  0.000000  0.000000
  1.000000
  0.298790  0.298787  0.298784  0.298782  0.298779  0.298777  0.298775  0.298773
  0.298771  0.298769  0.298768  0.298767  0.298766  0.298765  0.298764  0.298763
  0.298762  0.298762  0.298761  0.298761  0.298761  0.298760  0.298760  0.298760
  0.298759  0.298759  0.298759  0.298759  0.298759  0.298759  0.298759  0.298760
  0.298760  0.298760  0.298760  0.298760  0.298760  0.298761  0.298761  0.298761
  0.298762  0.298762  0.298762  0.298763  0.298763  0.298763  0.298764  0.298764
  0.298765  0.298766  0.298766  0.298767  0.298768  0.298769  0.298770  0.298771
  0.298772  0.298773  0.298775  0.298776  0.298778  0.298779  0.298781  0.298783
  0.298784  0.298786  0.298787  0.298789  0.298791  0.298792  0.298793  0.298795
  0.298796  0.298797  0.298799  0.298800  0.298801  0.298802  0.298802  0.298803
  0.298804  0.298804  0.298805  0.298805  0.298805  0.298805  0.298805  0.298805
  0.298805  0.298805  0.298805  0.298805  0.298804  0.298804  0.298804  0.298803
  0.298802  0.298801  0.298800  0.298798  0.298797  0.298797  0.298796  0.298795
  0.298795  0.298795  0.298796  0.298797  0.298799  0.298801  0.298804
  1.000000
 -0.019593 -0.017444 -0.015527 -0.013819 -0.012296 -0.010939 -0.009729 -0.008650
 -0.007689 -0.006831 -0.006067 -0.005386 -0.004779 -0.004237 -0.003755 -0.003325
 -0.002941 -0.002599 -0.002294 -0.002022 -0.001780 -0.001564 -0.001371 -0.001200
 -0.001047 -0.000910 -0.000774 -0.000633 -0.000484 -0.000328 -0.000164  0.000008
  0.000189  0.000380  0.000581  0.000792  0.001015  0.001250  0.001497  0.001757
  0.002031  0.002317  0.002619  0.002934  0.003266  0.003614  0.003980  0.004364
  0.004768  0.005192  0.005638  0.006108  0.006603  0.007126  0.007683  0.008281
  0.008923  0.009606  0.010329  0.011090  0.011885  0.012701  0.013524  0.014351
  0.015177  0.016001  0.016819  0.017632  0.018443  0.019258  0.020076  0.020894
  0.021713  0.022530  0.023343  0.024144  0.024930  0.025697  0.026445  0.027171
  0.027876  0.028558  0.029220  0.029863  0.030486  0.031090  0.031674  0.032239
  0.032785  0.033311  0.033818  0.034305  0.034772  0.035221  0.035649  0.036058
  0.036468  0.036901  0.037359  0.037843  0.038355  0.038896  0.039468  0.040073
  0.040712  0.041387  0.042101  0.042855  0.043653  0.044496  0.045385
  1.000000
 -0.019857 -0.019528 -0.019234 -0.018973 -0.018740 -0.018533 -0.018349 -0.018185
 -0.018039 -0.017908 -0.017792 -0.017689 -0.017597 -0.017514 -0.017441 -0.017376
 -0.017318 -0.017266 -0.017220 -0.017179 -0.017142 -0.017109 -0.017080 -0.017054
 -0.017031 -0.017010 -0.016117 -0.015782 -0.015567 -0.015377 -0.015185 -0.014989
 -0.014787 -0.014580 -0.014366 -0.014145 -0.013917 -0.013681 -0.013435 -0.013181
 -0.012917 -0.012644 -0.012360 -0.012066 -0.011761 -0.011444 -0.011113 -0.010769
 -0.010411 -0.010037 -0.009647 -0.009238 -0.008809 -0.008358 -0.007880 -0.007367
 -0.006820 -0.006237 -0.005620 -0.004970 -0.004290 -0.003590 -0.002881 -0.002165
 -0.001445 -0.000723  0.000000  0.000723  0.001451  0.002188  0.002934  0.003688
  0.004449  0.005216  0.005987  0.006755  0.007514  0.008264  0.009002  0.009725
  0.010434  0.011126  0.011803  0.012467  0.013116  0.013750  0.014368  0.014970
  0.015556  0.016125  0.016676  0.017210  0.017726  0.018048  0.018112  0.017478
  0.018191  0.018946  0.019743  0.020586  0.021477  0.022419  0.023416  0.024469
  0.025582  0.026760  0.028005  0.029322  0.030714  0.032186  0.033743
  1.000000
  0.000000  0.000000  0.000000  0.000000  0.000000  0.000000  0.000000  0.000000
  0.000000  0.000000  0.000000  0.000000  0.000000  0.000000  0.000000  0.000000
  0.000000  0.000000  0.000000  0.000000  0.000000  0.000000  0.000000  0.000000
  0.000000  0.000000  0.001788  0.002459  0.002952  0.003381  0.003776  0.004138
  0.004479  0.004816  0.005158  0.005506  0.005860  0.006223  0.006590  0.006962
  0.007340  0.007724  0.008112  0.008503  0.008897  0.009295  0.009697  0.010098
  0.010499  0.010904  0.011303  0.011700  0.012095  0.012484  0.012867  0.013246
  0.013616  0.013965  0.014293  0.014590  0.014845  0.015054  0.015211  0.015320
  0.015374  0.015377  0.015331  0.015239  0.015100  0.014915  0.014683  0.014405
  0.014085  0.013722  0.013320  0.012881  0.012410  0.011916  0.011400  0.010864
  0.010317  0.009759  0.009191  0.008615  0.008035  0.007452  0.006867  0.006284
  0.005704  0.005129  0.004562  0.004003  0.003454  0.002744  0.001807  0.000000
  0.000000  0.000000  0.000000  0.000000  0.000000  0.000000  0.000000  0.000000
  0.000000  0.000000  0.000000  0.000000  0.000000  0.000000  0.000000
  1.000000
  0.316631  0.316675  0.316724  0.316775  0.316826  0.316878  0.316928  0.316977
  0.317023  0.317067  0.317107  0.317145  0.317180  0.317212  0.317242  0.317269
  0.317293  0.317316  0.317336  0.317354  0.317371  0.317386  0.317399  0.317411
  0.317422  0.317432  0.317442  0.317457  0.317476  0.317496  0.317517  0.317539
  0.317563  0.317588  0.317614  0.317643  0.317673  0.317705  0.317739  0.317776
  0.317814  0.317856  0.317899  0.317945  0.317994  0.318047  0.318102  0.318161
  0.318223  0.318290  0.318361  0.318436  0.318517  0.318603  0.318695  0.318796
  0.318905  0.319022  0.319148  0.319281  0.319421  0.319565  0.319712  0.319860
  0.320008  0.320156  0.320302  0.320447  0.320591  0.320734  0.320877  0.321019
  0.321159  0.321297  0.321432  0.321564  0.321690  0.321810  0.321925  0.322035
  0.322138  0.322235  0.322327  0.322414  0.322496  0.322573  0.322645  0.322712
  0.322775  0.322834  0.322888  0.322938  0.322984  0.323027  0.323066  0.323102
  0.323132  0.323159  0.323187  0.323217  0.323249  0.323283  0.323320  0.323360
  0.323403  0.323450  0.323501  0.323556  0.323616  0.323681  0.323759
  BLADE ROW NUMBER =        2                                           
  111   21   91   32    0    0    1    1    1    1    0    0    0    0    0    0
    9000.0 2191391.5 2191391.5 1351715.9 1351715.9   0.00000    9000.0
  1.000000
  0.030093  0.031621  0.032992  0.034224  0.035331  0.036324  0.037215  0.038013
  0.038729  0.039371  0.039946  0.040462  0.040924  0.041339  0.041711  0.042044
  0.042343  0.042611  0.042851  0.043066  0.043259  0.043452  0.043653  0.043864
  0.044085  0.044318  0.044562  0.044819  0.045090  0.045375  0.045676  0.045992
  0.046325  0.046675  0.047044  0.047432  0.047839  0.048266  0.048714  0.049184
  0.049677  0.050195  0.050740  0.051311  0.051911  0.052543  0.053208  0.053909
  0.054648  0.055436  0.056282  0.057189  0.058154  0.059177  0.060252  0.061374
  0.062525  0.063687  0.064853  0.066018  0.067179  0.068333  0.069477  0.070621
  0.071769  0.072920  0.074072  0.075224  0.076374  0.077517  0.078644  0.079749
  0.080828  0.081879  0.082900  0.083890  0.084849  0.085779  0.086682  0.087557
  0.088405  0.089226  0.090020  0.090786  0.091525  0.092236  0.092920  0.093576
  0.094205  0.094807  0.095381  0.095960  0.096584  0.097259  0.097987  0.098773
  0.099623  0.100539  0.101529  0.102598  0.103752  0.104999  0.106344  0.107798
  0.109367  0.111061  0.112890  0.114866  0.116999  0.119302  0.121788
  1.000000
 -0.004026 -0.003768 -0.003538 -0.003331 -0.003147 -0.002981 -0.002833 -0.002700
 -0.002581 -0.002474 -0.002378 -0.002293 -0.002216 -0.002147 -0.002085 -0.002029
 -0.001980 -0.001935 -0.001895 -0.001859 -0.001827 -0.000485  0.000001  0.000321
  0.000585  0.000838  0.001086  0.001329  0.001572  0.001810  0.002045  0.002278
  0.002509  0.002737  0.002960  0.003177  0.003388  0.003594  0.003790  0.003975
  0.004151  0.004314  0.004460  0.004590  0.004703  0.004790  0.004854  0.004889
  0.004889  0.004854  0.004768  0.004631  0.004428  0.004154  0.003802  0.003362
  0.002842  0.002240  0.001563  0.000815  0.000000 -0.000876 -0.001817 -0.002822
 -0.003896 -0.005038 -0.006247 -0.007520 -0.008854 -0.010246 -0.011676 -0.013135
 -0.014614 -0.016107 -0.017610 -0.019110 -0.020604 -0.022093 -0.023578 -0.025052
 -0.026512 -0.027955 -0.029378 -0.030780 -0.032155 -0.033502 -0.034817 -0.036099
 -0.037345 -0.038553 -0.040089 -0.041025 -0.042036 -0.043127 -0.044305 -0.045577
 -0.046950 -0.048432 -0.050032 -0.051760 -0.053625 -0.055639 -0.057813 -0.060160
 -0.062695 -0.065432 -0.068388 -0.071580 -0.075028 -0.078751 -0.082773
  1.000000
  0.000000  0.000000  0.000000  0.000000  0.000000  0.000000  0.000000  0.000000
  0.000000  0.000000  0.000000  0.000000  0.000000  0.000000  0.000000  0.000000
  0.000000  0.000000  0.000000  0.000000  0.000000  0.002651  0.003590  0.004309
  0.004918  0.005454  0.005917  0.006345  0.006772  0.007194  0.007613  0.008030
  0.008449  0.008868  0.009284  0.009698  0.010110  0.010522  0.010928  0.011330
  0.011729  0.012124  0.012510  0.012890  0.013264  0.013625  0.013977  0.014317
  0.014641  0.014954  0.015246  0.015522  0.015766  0.015977  0.016149  0.016271
  0.016348  0.016368  0.016335  0.016254  0.016127  0.015957  0.015742  0.015485
  0.015188  0.014850  0.014472  0.014058  0.013605  0.013117  0.012607  0.012075
  0.011524  0.010961  0.010385  0.009805  0.009223  0.008636  0.008047  0.007459
  0.006874  0.006293  0.005717  0.005148  0.004588  0.004039  0.003501  0.002975
  0.002464  0.001784  0.000001  0.000000  0.000000  0.000000  0.000000  0.000000
  0.000000  0.000000  0.000000  0.000000  0.000000  0.000000  0.000000  0.000000
  0.000000  0.000000  0.000000  0.000000  0.000000  0.000000  0.000000
  1.000000
  0.274981  0.274791  0.274638  0.274515  0.274433  0.274366  0.274307  0.274253
  0.274205  0.274162  0.274122  0.274086  0.274054  0.274025  0.273999  0.273975
  0.273954  0.273935  0.273917  0.273902  0.273888  0.273871  0.273853  0.273834
  0.273813  0.273791  0.273768  0.273743  0.273716  0.273687  0.273656  0.273622
  0.273586  0.273547  0.273506  0.273461  0.273413  0.273362  0.273306  0.273247
  0.273183  0.273115  0.273041  0.272962  0.272877  0.272786  0.272688  0.272581
  0.272467  0.272342  0.272204  0.272054  0.271890  0.271712  0.271522  0.271318
  0.271106  0.270888  0.270666  0.270442  0.270215  0.269989  0.269762  0.269534
  0.269304  0.269073  0.268842  0.268611  0.268381  0.268153  0.267930  0.267713
  0.267503  0.267300  0.267106  0.266919  0.266741  0.266571  0.266408  0.266253
  0.266106  0.265965  0.265832  0.265706  0.265587  0.265474  0.265368  0.265269
  0.265176  0.265088  0.265007  0.264961  0.264913  0.264862  0.264808  0.264752
  0.264693  0.264632  0.264568  0.264501  0.264433  0.264363  0.264291  0.264219
  0.264146  0.264073  0.264002  0.263933  0.263868  0.263806  0.263752
  1.000000
  0.031706  0.033164  0.034472  0.035645  0.036696  0.037638  0.038483  0.039241
  0.039920  0.040529  0.041075  0.041564  0.042003  0.042397  0.042749  0.043066
  0.043349  0.043603  0.043831  0.044036  0.044219  0.044402  0.044594  0.044794
  0.045005  0.045226  0.045459  0.045704  0.045961  0.046233  0.046519  0.046820
  0.047138  0.047472  0.047824  0.048194  0.048582  0.048989  0.049417  0.049866
  0.050337  0.050832  0.051353  0.051900  0.052474  0.053078  0.053715  0.054387
  0.055095  0.055850  0.056662  0.057532  0.058459  0.059441  0.060474  0.061553
  0.062660  0.063778  0.064900  0.066022  0.067140  0.068251  0.069353  0.070455
  0.071561  0.072670  0.073781  0.074892  0.075999  0.077101  0.078187  0.079251
  0.080290  0.081302  0.082285  0.083238  0.084160  0.085055  0.085923  0.086765
  0.087580  0.088369  0.089131  0.089866  0.090575  0.091257  0.091913  0.092542
  0.093145  0.093721  0.094271  0.094820  0.095414  0.096054  0.096746  0.097492
  0.098298  0.099168  0.100107  0.101121  0.102216  0.103397  0.104673  0.106050
  0.107537  0.109142  0.110874  0.112745  0.114764  0.116944  0.119297
  1.000000
  0.005680  0.005441  0.005227  0.005035  0.004862  0.004708  0.004569  0.004445
  0.004334  0.004234  0.004144  0.004064  0.003992  0.003928  0.003870  0.003818
  0.003772  0.003730  0.003692  0.003659  0.003629  0.005147  0.005628  0.006032
  0.006393  0.006705  0.006964  0.007172  0.007348  0.007515  0.007674  0.007827
  0.007973  0.008111  0.008239  0.008355  0.008459  0.008551  0.008631  0.008694
  0.008737  0.008761  0.008764  0.008745  0.008694  0.008614  0.008500  0.008351
  0.008154  0.007906  0.007597  0.007221  0.006765  0.006221  0.005586  0.004854
  0.004033  0.003132  0.002156  0.001110  0.000000 -0.001171 -0.002398 -0.003688
 -0.005046 -0.006478 -0.007970 -0.009524 -0.011136 -0.012804 -0.014506 -0.016228
 -0.017964 -0.019709 -0.021448 -0.023179 -0.024896 -0.026602 -0.028292 -0.029965
 -0.031619 -0.033248 -0.034849 -0.036420 -0.037960 -0.039463 -0.040928 -0.042353
 -0.043735 -0.045072 -0.046771 -0.047802 -0.048916 -0.050118 -0.051416 -0.052817
 -0.054329 -0.055962 -0.057725 -0.059628 -0.061682 -0.063900 -0.066294 -0.068879
 -0.071669 -0.074682 -0.077934 -0.081444 -0.085234 -0.089326 -0.093743
  1.000000
  0.000000  0.000000  0.000000  0.000000  0.000000  0.000000  0.000000  0.000000
  0.000000  0.000000  0.000000  0.000000  0.000000  0.000000  0.000000  0.000000
  0.000000  0.000000  0.000000  0.000000  0.000000  0.003013  0.003951  0.004664
  0.005316  0.005915  0.006457  0.006950  0.007415  0.007874  0.008332  0.008787
  0.009244  0.009701  0.010155  0.010606  0.011056  0.011503  0.011948  0.012388
  0.012823  0.013251  0.013674  0.014092  0.014496  0.014891  0.015274  0.015648
  0.016001  0.016338  0.016659  0.016960  0.017228  0.017457  0.017642  0.017777
  0.017857  0.017879  0.017845  0.017756  0.017617  0.017429  0.017195  0.016916
  0.016590  0.016217  0.015805  0.015352  0.014858  0.014328  0.013769  0.013186
  0.012586  0.011967  0.011341  0.010707  0.010070  0.009428  0.008786  0.008144
  0.007503  0.006868  0.006239  0.005618  0.005005  0.004405  0.003817  0.003243
  0.002683  0.001917  0.000001  0.000000  0.000000  0.000000  0.000000  0.000000
  0.000000  0.000000  0.000000  0.000000  0.000000  0.000000  0.000000  0.000000
  0.000000  0.000000  0.000000  0.000000  0.000000  0.000000  0.000000
  1.000000
  0.298805  0.298805  0.298804  0.298802  0.298799  0.298797  0.298796  0.298795
  0.298795  0.298795  0.298796  0.298797  0.298798  0.298799  0.298800  0.298800
  0.298801  0.298802  0.298803  0.298804  0.298804  0.298804  0.298805  0.298805
  0.298805  0.298805  0.298806  0.298806  0.298806  0.298807  0.298807  0.298807
  0.298807  0.298807  0.298808  0.298808  0.298808  0.298808  0.298808  0.298809
  0.298809  0.298809  0.298808  0.298808  0.298808  0.298808  0.298807  0.298807
  0.298807  0.298806  0.298805  0.298804  0.298803  0.298801  0.298800  0.298798
  0.298796  0.298794  0.298792  0.298789  0.298787  0.298784  0.298782  0.298779
  0.298777  0.298774  0.298771  0.298769  0.298766  0.298763  0.298761  0.298758
  0.298756  0.298754  0.298751  0.298749  0.298748  0.298746  0.298744  0.298743
  0.298741  0.298740  0.298739  0.298738  0.298737  0.298736  0.298735  0.298734
  0.298734  0.298733  0.298733  0.298734  0.298736  0.298737  0.298739  0.298740
  0.298742  0.298744  0.298746  0.298748  0.298751  0.298754  0.298757  0.298760
  0.298763  0.298767  0.298771  0.298775  0.298779  0.298783  0.298788
  1.000000
  0.032946  0.034358  0.035625  0.036764  0.037786  0.038702  0.039524  0.040261
  0.040921  0.041513  0.042044  0.042519  0.042946  0.043328  0.043671  0.043978
  0.044254  0.044501  0.044722  0.044921  0.045098  0.045276  0.045462  0.045656
  0.045860  0.046074  0.046300  0.046537  0.046786  0.047049  0.047326  0.047617
  0.047924  0.048247  0.048587  0.048945  0.049320  0.049713  0.050125  0.050559
  0.051013  0.051491  0.051992  0.052519  0.053072  0.053653  0.054266  0.054912
  0.055593  0.056318  0.057098  0.057932  0.058822  0.059763  0.060753  0.061786
  0.062846  0.063915  0.064989  0.066062  0.067130  0.068192  0.069245  0.070298
  0.071354  0.072413  0.073474  0.074534  0.075592  0.076644  0.077681  0.078698
  0.079690  0.080657  0.081597  0.082508  0.083390  0.084246  0.085077  0.085882
  0.086663  0.087418  0.088148  0.088853  0.089533  0.090188  0.090817  0.091421
  0.092000  0.092553  0.093081  0.093615  0.094191  0.094812  0.095484  0.096209
  0.096991  0.097837  0.098749  0.099735  0.100799  0.101948  0.103189  0.104529
  0.105976  0.107538  0.109226  0.111048  0.113015  0.115139  0.117433
  1.000000
  0.013503  0.012843  0.012251  0.011720  0.011242  0.010814  0.010431  0.010086
  0.009778  0.009501  0.009253  0.009031  0.008832  0.008653  0.008493  0.008349
  0.008220  0.008105  0.008001  0.007908  0.007825  0.009098  0.009780  0.010291
  0.010703  0.011059  0.011381  0.011676  0.011950  0.012198  0.012412  0.012584
  0.012703  0.012777  0.012831  0.012873  0.012897  0.012903  0.012890  0.012855
  0.012796  0.012711  0.012597  0.012452  0.012272  0.012054  0.011793  0.011484
  0.011121  0.010696  0.010194  0.009606  0.008925  0.008144  0.007256  0.006259
  0.005164  0.003985  0.002723  0.001394  0.000000 -0.001454 -0.002967 -0.004543
 -0.006188 -0.007903 -0.009690 -0.011536 -0.013441 -0.015402 -0.017391 -0.019398
 -0.021416 -0.023430 -0.025435 -0.027427 -0.029393 -0.031341 -0.033270 -0.035173
 -0.037048 -0.038892 -0.040704 -0.042477 -0.044210 -0.045901 -0.047547 -0.049145
 -0.050692 -0.052187 -0.053989 -0.055134 -0.056371 -0.057705 -0.059146 -0.060702
 -0.062381 -0.064194 -0.066150 -0.068263 -0.070543 -0.073005 -0.075662 -0.078530
 -0.081625 -0.084967 -0.088573 -0.092465 -0.096665 -0.101198 -0.106089
  1.000000
  0.000000  0.000000  0.000000  0.000000  0.000000  0.000000  0.000000  0.000000
  0.000000  0.000000  0.000000  0.000000  0.000000  0.000000  0.000000  0.000000
  0.000000  0.000000  0.000000  0.000000  0.000000  0.002285  0.003385  0.004290
  0.005087  0.005823  0.006526  0.007206  0.007870  0.008517  0.009137  0.009725
  0.010272  0.010786  0.011293  0.011802  0.012305  0.012806  0.013304  0.013797
  0.014285  0.014766  0.015239  0.015704  0.016159  0.016602  0.017032  0.017447
  0.017844  0.018223  0.018584  0.018918  0.019218  0.019477  0.019686  0.019839
  0.019930  0.019957  0.019916  0.019818  0.019664  0.019455  0.019191  0.018878
  0.018517  0.018106  0.017642  0.017135  0.016587  0.015993  0.015369  0.014720
  0.014046  0.013358  0.012659  0.011949  0.011238  0.010522  0.009803  0.009087
  0.008373  0.007663  0.006960  0.006266  0.005583  0.004912  0.004255  0.003614
  0.002986  0.002108  0.000001  0.000000  0.000000  0.000000  0.000000  0.000000
  0.000000  0.000000  0.000000  0.000000  0.000000  0.000000  0.000000  0.000000
  0.000000  0.000000  0.000000  0.000000  0.000000  0.000000  0.000000
  1.000000
  0.322793  0.322943  0.323064  0.323150  0.323213  0.323271  0.323324  0.323372
  0.323417  0.323459  0.323497  0.323531  0.323563  0.323591  0.323617  0.323641
  0.323662  0.323682  0.323699  0.323715  0.323731  0.323748  0.323766  0.323785
  0.323806  0.323827  0.323851  0.323876  0.323903  0.323931  0.323962  0.323995
  0.324031  0.324069  0.324110  0.324154  0.324202  0.324252  0.324306  0.324365
  0.324427  0.324495  0.324567  0.324644  0.324727  0.324817  0.324913  0.325017
  0.325129  0.325251  0.325386  0.325532  0.325693  0.325866  0.326052  0.326250
  0.326457  0.326669  0.326886  0.327105  0.327326  0.327547  0.327769  0.327991
  0.328216  0.328442  0.328668  0.328894  0.329120  0.329343  0.329563  0.329776
  0.329983  0.330183  0.330376  0.330560  0.330737  0.330906  0.331068  0.331222
  0.331370  0.331510  0.331644  0.331771  0.331891  0.332004  0.332111  0.332212
  0.332307  0.332396  0.332470  0.332515  0.332563  0.332614  0.332667  0.332723
  0.332782  0.332843  0.332907  0.332974  0.333042  0.333113  0.333185  0.333259
  0.333333  0.333408  0.333481  0.333554  0.333624  0.333690  0.333752
    -10.00   1.00000   0.40000   0.00500   0.00500   2.00000
 10.000000  0.000000  0.400000  0.200000  0.100000  0.000000  0.000150  0.500000
 3392446.5 3392446.5 1351715.9 1351715.9
 3786000.0 3786000.0 3786000.0 3786000.0 3786000.0 3785999.8 3786000.0 3786000.2
 3785999.8 3786000.0 3786000.2 3786000.0 3786000.2 3786000.0 3786000.0 3786000.0
 3786000.0 3786000.0 3786000.0 3786000.0 3786000.0 3786000.0 3786000.0 3786000.0
 3786000.0 3786000.0 3786000.0 3786000.0 3786000.0 3786000.0 3786000.0 3786000.0
 3786000.0 3786000.0 3786000.0 3786000.0 3786000.0
     332.8     332.8     332.8     332.8     332.8     332.8     332.8     332.8
     332.8     332.8     332.8     332.8     332.8     332.8     332.8     332.8
     332.8     332.8     332.8     332.8     332.8     332.8     332.8     332.8
     332.8     332.8     332.8     332.8     332.8     332.8     332.8     332.8
     332.8     332.8     332.8     332.8     332.8
  0.000000  0.000000  0.000000  0.000000  0.000000  0.000000  0.000000  0.000000
  0.000000  0.000000  0.000000  0.000000  0.000000  0.000000  0.000000  0.000000
  0.000000  0.000000  0.000000  0.000000  0.000000  0.000000  0.000000  0.000000
  0.000000  0.000000  0.000000  0.000000  0.000000  0.000000  0.000000  0.000000
  0.000000  0.000000  0.000000  0.000000  0.000000
140.802811140.802811140.802811140.802826140.802811140.802811140.802811140.802811
140.802811140.802811140.802811140.802811140.802811140.802811140.802811140.802811
140.802826140.802811140.802811140.802811140.802811140.802811140.802811140.802811
140.802811140.802811140.802811140.802811140.802811140.802811140.802811140.802811
140.802811140.802811140.802811140.802811140.802811
 11.309941 11.309942 11.309941 11.309941 11.309941 11.309941 11.309941 11.309941
 11.309941 11.309941 11.309942 11.309941 11.309941 11.309941 11.309941 11.309941
 11.309942 11.309941 11.309941 11.309941 11.309941 11.309941 11.309941 11.309940
 11.309941 11.309941 11.309942 11.309941 11.309941 11.309941 11.309941 11.309941
 11.309941 11.309941 11.309941 11.309941 11.309941
 -0.299280 -0.297524 -0.295329 -0.292586 -0.289157 -0.284870 -0.279512 -0.272815
 -0.264443 -0.253978 -0.240896 -0.224545 -0.204105 -0.178556 -0.146619 -0.111504
 -0.076389 -0.041274 -0.006159  0.028955  0.064070  0.099185  0.134300  0.166237
  0.191786  0.212226  0.228577  0.241659  0.252124  0.260496  0.267193  0.272552
  0.276838  0.280267  0.283011  0.285205  0.286961
  1.000000  1.250000  1.562500  1.953125  2.441406  3.051758  3.814697  4.768372
  5.960464  7.450581  9.313226 11.641532 14.551915 18.189894 20.000000 20.000000
 20.000000 20.000000 20.000000 20.000000 20.000000 20.000000 18.189894 14.551915
 11.641532  9.313226  7.450581  5.960464  4.768372  3.814697  3.051758  2.441406
  1.953125  1.562500  1.250000  1.000000
  1.000000  1.250000  1.562500  1.953125  2.441406  3.051758  3.814697  4.768372
  5.960464  7.450581  9.313226 11.641532 14.551915 18.189894 20.000000 20.000000
 20.000000 20.000000 20.000000 20.000000 20.000000 20.000000 18.189894 14.551915
 11.641532  9.313226  7.450581  5.960464  4.768372  3.814697  3.051758  2.441406
  1.953125  1.562500  1.250000  1.000000
1000010000100001000010000
 0 0 0 0 0 0 0 0 0 0 0 0 0 0 0 0 0 0 0 0
 0 0 0 0 0 0 0 0 0 0 0 0 0 0 0 0 0 0 0 0 0 0 0 0 0 0 0 0 0 0 0 0 0 0 0 0 0
       0.0     0.500     0.000     0.800    3000.0     1.000     0.000
  0.025000  0.800000  1.000000  0.800000
  0.020000  0.030000  0.040000  0.050000  1.000000  0.500000
  0.020000  0.030000  0.040000  0.050000  1.000000  0.500000
   2.00000 1000
   1   1
  7.500000 25.000000
