 DATA SET FOR "multall" . GENERATED BY "stagen" .                       
    CP   and   GAMMA 
  -10.0000    1.0000
287.0491            1.4492              
       ITIMST 
         3
     CFL,    DAMP,    MACHLIM,    F_PDOWN 
  0.400000 10.000000  2.000000  0.000000
  IF_RESTART 
         0
  NSTEPS_MAX, CONLIM 
     10000  0.000150
   SFX,      SFT,      FAC_4TH,     NCHANGE 
  0.005000  0.005000  0.800000      1000
       NUMBER OF BLADE ROWS 
         2
        IM        KM 
        37        37
  FP(I),I=1,IMM1 
  1.000000  1.250000  1.562500  1.953125  2.441406  3.051758  3.814697  4.768372
  5.960464  7.450581  9.313226 11.641532 14.551915 18.189894 20.000000 20.000000
 20.000000 20.000000 20.000000 20.000000 20.000000 20.000000 18.189894 14.551915
 11.641532  9.313226  7.450581  5.960464  4.768372  3.814697  3.051758  2.441406
  1.953125  1.562500  1.250000  1.000000
  FR(K),K=1,KMM1 
  1.000000  1.250000  1.562500  1.953125  2.441406  3.051758  3.814697  4.768372
  5.960464  7.450581  9.313226 11.641532 14.551915 18.189894 20.000000 20.000000
 20.000000 20.000000 20.000000 20.000000 20.000000 20.000000 18.189894 14.551915
 11.641532  9.313226  7.450581  5.960464  4.768372  3.814697  3.051758  2.441406
  1.953125  1.562500  1.250000  1.000000
        IR        JR        KR        IRBB      JRBB      KRBB 
         3         3         3         9         9         9
   FBLK1,     FBLK2,     FBLK3  
  0.400000  0.200000  0.100000
       IFMIX 
         1
   RFMIX,    FEXTRAP,   FSMTHB,    FANGLE 
  0.025000  0.800000  1.000000  0.800000
      IFCOOL    IFBLEED    IF_ROUGH 
         0         0         0
       NSECS_IN 
         3
       IN_PRESS  IN_VTAN   IN_VR    IN_FLOW  IF_REPEAT  RFIN 
         0         0         1         0         0   0.50000
  IPOUT  SFEXIT  NSFEXIT 
    1  0.000000    0
  PLATE_LOSS  THROTTLE_EXIT 
  0.000000  0.000000
        ILOS      NLOS      IBOUND 
       100         5         0
   REYNO,     RF_VIS,   FTRANS, TURBVIS_LIM, PRANDTL, YPLUSWALL
       0.0     0.500     0.000  3000.000       1.0     0.000
   YPLAM      YPTURB 
  5.000000 25.000000
      ISHIFT    NEXTRAP_LE  NEXTRAP_TE 
         2        10        10
  (NSTG(N),N=1,NROWS) 
         1         1
  5  TIME STEPS FOR PRINTOUT 
 10010 10010 10010 10010 10010
  MARKER FOR VARIABLES TO BE SENT TO THE OUTPUT FILE.
 0 0 0 0 0 0 0 0 0 0 0 0 0 0 0 0 0 0 0 0
  STREAM SURFACES ON WHICH RESULTS ARE TO BE SENT TO   THE OUTPUT FILE 
 0 0 0 0 0 0 0 0 0 0 0 0 0 0 0 0 0 0 0 0 0 0 0 0 0 0 0 0 0 0 0 0 0 0 0 0 0
 ***************************************************************
 ************STARTING THE INPUT FOR EACH BLADE ROW**************
  BLADE ROW NUMBER =        1                                           
    NUMBER OF BLADES IN ROW 
       102
        JM        JLE       JTE 
       111        26        96
      KTIPSTART  KTIPEND 
         0         0
       BOUNDARY LAYER TRANSITION POINTS 
         0         0         0         0
  SET NEWGRID= 1 TO GENERATE A NEW GRID WITH DIFFERENT "J" POINTS AND SPACINGS.
         0
   RPMROW,    RPMHUB 
       0.0       0.0
       JROTHS    JROTHE    JROTTS    JROTTE 
         1         1         1         1
   PUPROW    PLEROW   PTEROW    PDROW 
 3155831.0 3155831.0 1446699.4 1446699.4
      NSECS_ROW   INSURF  
         3         0
  IF_CUSP_OUT   IFANGLES 
         1         0
         0         3         0
 ***************************************************************
  ROW NUMBER           1  SECTION NUMBER            1
           0           0           0  IF_DESIGN etc 
   1.00000   0.00000    0
 -0.024977 -0.022105 -0.019545 -0.017262 -0.015227 -0.013412 -0.011794 -0.010351
 -0.009065 -0.007918 -0.006896 -0.005984 -0.005171 -0.004447 -0.003801 -0.003224
 -0.002711 -0.002253 -0.001844 -0.001480 -0.001156 -0.000866 -0.000608 -0.000378
 -0.000173  0.000010  0.000193  0.000384  0.000585  0.000795  0.001016  0.001248
  0.001492  0.001750  0.002021  0.002306  0.002607  0.002924  0.003258  0.003609
  0.003978  0.004366  0.004773  0.005200  0.005648  0.006119  0.006613  0.007133
  0.007679  0.008252  0.008856  0.009491  0.010162  0.010869  0.011623  0.012434
  0.013302  0.014228  0.015208  0.016239  0.017316  0.018422  0.019538  0.020658
  0.021779  0.022895  0.024004  0.025105  0.026205  0.027309  0.028416  0.029525
  0.030634  0.031740  0.032840  0.033924  0.034987  0.036024  0.037035  0.038016
  0.038968  0.039888  0.040782  0.041649  0.042489  0.043303  0.044090  0.044851
  0.045585  0.046293  0.046974  0.047629  0.048257  0.048859  0.049434  0.049983
  0.050532  0.051112  0.051725  0.052373  0.053058  0.053783  0.054549  0.055358
  0.056214  0.057118  0.058075  0.059085  0.060154  0.061284  0.062478
  1.000000  0.000000
 -0.028268 -0.027797 -0.027378 -0.027003 -0.026669 -0.026372 -0.026107 -0.025870
 -0.025659 -0.025471 -0.025303 -0.025154 -0.025020 -0.024902 -0.024796 -0.024701
 -0.024617 -0.024542 -0.024475 -0.024415 -0.024362 -0.024314 -0.024272 -0.024234
 -0.024201 -0.024171 -0.022930 -0.022485 -0.022196 -0.021930 -0.021660 -0.021384
 -0.021102 -0.020811 -0.020512 -0.020202 -0.019881 -0.019549 -0.019203 -0.018845
 -0.018473 -0.018088 -0.017688 -0.017274 -0.016842 -0.016393 -0.015926 -0.015438
 -0.014930 -0.014400 -0.013845 -0.013264 -0.012653 -0.012011 -0.011329 -0.010598
 -0.009815 -0.008981 -0.008096 -0.007164 -0.006187 -0.005181 -0.004159 -0.003127
 -0.002088 -0.001045  0.000000  0.001046  0.002101  0.003170  0.004252  0.005348
  0.006455  0.007570  0.008692  0.009810  0.010918  0.012012  0.013089  0.014146
  0.015181  0.016193  0.017185  0.018156  0.019107  0.020036  0.020943  0.021827
  0.022687  0.023522  0.024333  0.025117  0.025876  0.026369  0.026498  0.025651
  0.026681  0.027770  0.028921  0.030138  0.031424  0.032784  0.034221  0.035741
  0.037347  0.039045  0.040840  0.042737  0.044743  0.046864  0.049105
  1.000000
  0.000000  0.000000  0.000000  0.000000  0.000000  0.000000  0.000000  0.000000
  0.000000  0.000000  0.000000  0.000000  0.000000  0.000000  0.000000  0.000000
  0.000000  0.000000  0.000000  0.000000  0.000000  0.000000  0.000000  0.000000
  0.000000  0.000000  0.002499  0.003409  0.004080  0.004675  0.005228  0.005741
  0.006220  0.006689  0.007165  0.007649  0.008140  0.008640  0.009149  0.009668
  0.010194  0.010725  0.011262  0.011806  0.012355  0.012906  0.013461  0.014022
  0.014578  0.015135  0.015695  0.016245  0.016791  0.017334  0.017864  0.018389
  0.018904  0.019389  0.019841  0.020254  0.020611  0.020900  0.021118  0.021265
  0.021339  0.021344  0.021280  0.021151  0.020959  0.020702  0.020383  0.020001
  0.019556  0.019048  0.018489  0.017882  0.017229  0.016542  0.015827  0.015084
  0.014322  0.013549  0.012760  0.011960  0.011155  0.010345  0.009533  0.008724
  0.007920  0.007121  0.006334  0.005558  0.004797  0.003814  0.002513  0.000000
  0.000000  0.000000  0.000000  0.000000  0.000000  0.000000  0.000000  0.000000
  0.000000  0.000000  0.000000  0.000000  0.000000  0.000000  0.000000
  1.000000  0.000000
  1.147777  1.147776  1.147774  1.147772  1.147770  1.147769  1.147767  1.147766
  1.147764  1.147763  1.147761  1.147760  1.147759  1.147758  1.147757  1.147756
  1.147755  1.147755  1.147754  1.147753  1.147753  1.147753  1.147752  1.147752
  1.147751  1.147751  1.147750  1.147750  1.147749  1.147749  1.147748  1.147747
  1.147747  1.147746  1.147745  1.147744  1.147743  1.147742  1.147741  1.147740
  1.147739  1.147737  1.147736  1.147735  1.147733  1.147731  1.147730  1.147728
  1.147726  1.147724  1.147722  1.147719  1.147717  1.147714  1.147711  1.147708
  1.147705  1.147701  1.147697  1.147693  1.147689  1.147684  1.147680  1.147675
  1.147671  1.147666  1.147661  1.147657  1.147653  1.147648  1.147644  1.147639
  1.147635  1.147630  1.147626  1.147622  1.147618  1.147614  1.147611  1.147607
  1.147604  1.147601  1.147598  1.147595  1.147592  1.147590  1.147588  1.147585
  1.147583  1.147581  1.147579  1.147578  1.147576  1.147575  1.147573  1.147572
  1.147571  1.147571  1.147570  1.147569  1.147568  1.147567  1.147565  1.147563
  1.147561  1.147558  1.147555  1.147552  1.147547  1.147543  1.147537
 ***************************************************************
  ROW NUMBER           1  SECTION NUMBER            2
           0           0           0  IF_DESIGN etc 
   1.00000   0.00000    0
 -0.025003 -0.022130 -0.019568 -0.017284 -0.015248 -0.013432 -0.011813 -0.010370
 -0.009083 -0.007936 -0.006913 -0.006000 -0.005187 -0.004462 -0.003816 -0.003239
 -0.002725 -0.002267 -0.001858 -0.001494 -0.001169 -0.000880 -0.000621 -0.000391
 -0.000186 -0.000003  0.000180  0.000371  0.000572  0.000782  0.001003  0.001236
  0.001480  0.001738  0.002009  0.002295  0.002596  0.002913  0.003247  0.003598
  0.003968  0.004355  0.004762  0.005190  0.005638  0.006109  0.006604  0.007124
  0.007670  0.008244  0.008847  0.009483  0.010154  0.010862  0.011617  0.012428
  0.013297  0.014222  0.015203  0.016235  0.017313  0.018419  0.019535  0.020657
  0.021777  0.022894  0.024004  0.025106  0.026206  0.027311  0.028419  0.029529
  0.030638  0.031744  0.032845  0.033930  0.034993  0.036031  0.037042  0.038024
  0.038976  0.039897  0.040791  0.041658  0.042499  0.043313  0.044101  0.044862
  0.045597  0.046305  0.046987  0.047642  0.048270  0.048872  0.049448  0.049997
  0.050546  0.051126  0.051740  0.052389  0.053074  0.053799  0.054565  0.055375
  0.056231  0.057136  0.058093  0.059104  0.060174  0.061304  0.062499
  1.000000  0.000000
 -0.028274 -0.027803 -0.027383 -0.027008 -0.026674 -0.026377 -0.026111 -0.025875
 -0.025664 -0.025476 -0.025308 -0.025158 -0.025025 -0.024906 -0.024800 -0.024706
 -0.024622 -0.024546 -0.024479 -0.024420 -0.024366 -0.024319 -0.024277 -0.024239
 -0.024205 -0.024175 -0.022935 -0.022489 -0.022200 -0.021933 -0.021664 -0.021388
 -0.021105 -0.020815 -0.020516 -0.020205 -0.019884 -0.019552 -0.019207 -0.018848
 -0.018476 -0.018091 -0.017691 -0.017276 -0.016844 -0.016395 -0.015928 -0.015440
 -0.014933 -0.014402 -0.013847 -0.013265 -0.012655 -0.012013 -0.011331 -0.010599
 -0.009816 -0.008982 -0.008097 -0.007165 -0.006188 -0.005182 -0.004160 -0.003128
 -0.002089 -0.001045  0.000000  0.001046  0.002101  0.003170  0.004253  0.005348
  0.006455  0.007571  0.008693  0.009811  0.010919  0.012013  0.013090  0.014147
  0.015182  0.016195  0.017187  0.018158  0.019109  0.020038  0.020945  0.021828
  0.022688  0.023524  0.024335  0.025119  0.025878  0.026370  0.026500  0.025652
  0.026682  0.027771  0.028922  0.030139  0.031426  0.032786  0.034223  0.035743
  0.037350  0.039048  0.040843  0.042741  0.044747  0.046868  0.049110
  1.000000
  0.000000  0.000000  0.000000  0.000000  0.000000  0.000000  0.000000  0.000000
  0.000000  0.000000  0.000000  0.000000  0.000000  0.000000  0.000000  0.000000
  0.000000  0.000000  0.000000  0.000000  0.000000  0.000000  0.000000  0.000000
  0.000000  0.000000  0.002500  0.003410  0.004081  0.004677  0.005230  0.005743
  0.006222  0.006691  0.007167  0.007651  0.008143  0.008643  0.009152  0.009671
  0.010197  0.010728  0.011266  0.011810  0.012359  0.012910  0.013465  0.014026
  0.014583  0.015140  0.015700  0.016250  0.016796  0.017339  0.017870  0.018395
  0.018910  0.019396  0.019848  0.020261  0.020617  0.020907  0.021125  0.021272
  0.021346  0.021350  0.021287  0.021158  0.020965  0.020709  0.020389  0.020007
  0.019562  0.019054  0.018495  0.017888  0.017234  0.016547  0.015832  0.015089
  0.014327  0.013553  0.012764  0.011964  0.011159  0.010349  0.009536  0.008727
  0.007922  0.007124  0.006336  0.005560  0.004798  0.003815  0.002514  0.000000
  0.000000  0.000000  0.000000  0.000000  0.000000  0.000000  0.000000  0.000000
  0.000000  0.000000  0.000000  0.000000  0.000000  0.000000  0.000000
  1.000000  0.000000
  1.148055  1.148055  1.148055  1.148055  1.148055  1.148055  1.148055  1.148055
  1.148055  1.148055  1.148055  1.148055  1.148055  1.148055  1.148055  1.148055
  1.148055  1.148055  1.148055  1.148055  1.148055  1.148055  1.148055  1.148055
  1.148055  1.148055  1.148055  1.148055  1.148055  1.148055  1.148055  1.148055
  1.148055  1.148055  1.148055  1.148055  1.148055  1.148055  1.148055  1.148055
  1.148055  1.148055  1.148055  1.148055  1.148055  1.148055  1.148055  1.148055
  1.148055  1.148055  1.148055  1.148055  1.148055  1.148055  1.148055  1.148055
  1.148055  1.148055  1.148055  1.148055  1.148055  1.148055  1.148055  1.148055
  1.148055  1.148055  1.148055  1.148055  1.148055  1.148055  1.148055  1.148055
  1.148055  1.148055  1.148055  1.148055  1.148055  1.148055  1.148055  1.148055
  1.148055  1.148055  1.148055  1.148055  1.148055  1.148055  1.148055  1.148055
  1.148055  1.148055  1.148055  1.148055  1.148055  1.148055  1.148055  1.148055
  1.148055  1.148055  1.148055  1.148055  1.148055  1.148055  1.148055  1.148055
  1.148055  1.148055  1.148055  1.148055  1.148055  1.148055  1.148055
 ***************************************************************
  ROW NUMBER           1  SECTION NUMBER            3
           0           0           0  IF_DESIGN etc 
   1.00000   0.00000    0
 -0.025030 -0.022155 -0.019592 -0.017307 -0.015269 -0.013452 -0.011833 -0.010389
 -0.009101 -0.007953 -0.006929 -0.006017 -0.005203 -0.004477 -0.003831 -0.003254
 -0.002740 -0.002281 -0.001872 -0.001508 -0.001183 -0.000893 -0.000635 -0.000404
 -0.000199 -0.000016  0.000167  0.000359  0.000559  0.000770  0.000991  0.001223
  0.001468  0.001726  0.001997  0.002283  0.002584  0.002901  0.003235  0.003587
  0.003957  0.004345  0.004752  0.005179  0.005628  0.006099  0.006594  0.007115
  0.007661  0.008235  0.008839  0.009476  0.010147  0.010855  0.011610  0.012421
  0.013291  0.014217  0.015199  0.016231  0.017309  0.018416  0.019533  0.020655
  0.021776  0.022893  0.024004  0.025106  0.026207  0.027313  0.028421  0.029532
  0.030641  0.031749  0.032850  0.033935  0.034999  0.036037  0.037049  0.038031
  0.038984  0.039906  0.040800  0.041668  0.042509  0.043324  0.044112  0.044873
  0.045609  0.046317  0.046999  0.047655  0.048284  0.048886  0.049462  0.050011
  0.050560  0.051141  0.051755  0.052404  0.053090  0.053815  0.054582  0.055392
  0.056249  0.057154  0.058111  0.059123  0.060193  0.061324  0.062519
  1.000000  0.000000
 -0.028279 -0.027808 -0.027388 -0.027014 -0.026680 -0.026382 -0.026117 -0.025880
 -0.025669 -0.025481 -0.025313 -0.025164 -0.025030 -0.024911 -0.024805 -0.024711
 -0.024627 -0.024551 -0.024484 -0.024425 -0.024372 -0.024324 -0.024282 -0.024244
 -0.024210 -0.024180 -0.022939 -0.022493 -0.022204 -0.021938 -0.021668 -0.021392
 -0.021109 -0.020819 -0.020519 -0.020209 -0.019887 -0.019555 -0.019210 -0.018851
 -0.018479 -0.018094 -0.017694 -0.017279 -0.016847 -0.016398 -0.015931 -0.015443
 -0.014935 -0.014404 -0.013849 -0.013267 -0.012657 -0.012015 -0.011333 -0.010601
 -0.009818 -0.008983 -0.008099 -0.007166 -0.006189 -0.005182 -0.004160 -0.003128
 -0.002089 -0.001045  0.000000  0.001046  0.002101  0.003170  0.004253  0.005349
  0.006456  0.007571  0.008694  0.009813  0.010920  0.012014  0.013091  0.014149
  0.015184  0.016196  0.017188  0.018160  0.019111  0.020040  0.020947  0.021830
  0.022691  0.023526  0.024337  0.025122  0.025880  0.026373  0.026502  0.025654
  0.026684  0.027773  0.028924  0.030142  0.031428  0.032788  0.034226  0.035746
  0.037353  0.039052  0.040847  0.042745  0.044752  0.046873  0.049116
  1.000000
  0.000000  0.000000  0.000000  0.000000  0.000000  0.000000  0.000000  0.000000
  0.000000  0.000000  0.000000  0.000000  0.000000  0.000000  0.000000  0.000000
  0.000000  0.000000  0.000000  0.000000  0.000000  0.000000  0.000000  0.000000
  0.000000  0.000000  0.002501  0.003411  0.004082  0.004678  0.005232  0.005745
  0.006224  0.006694  0.007170  0.007654  0.008146  0.008646  0.009155  0.009674
  0.010201  0.010732  0.011269  0.011814  0.012363  0.012914  0.013469  0.014031
  0.014588  0.015145  0.015705  0.016256  0.016802  0.017345  0.017876  0.018401
  0.018915  0.019402  0.019855  0.020268  0.020624  0.020914  0.021132  0.021279
  0.021353  0.021358  0.021294  0.021165  0.020972  0.020716  0.020396  0.020014
  0.019568  0.019061  0.018501  0.017894  0.017240  0.016553  0.015837  0.015094
  0.014332  0.013558  0.012769  0.011968  0.011162  0.010352  0.009539  0.008730
  0.007925  0.007126  0.006338  0.005562  0.004800  0.003816  0.002515  0.000000
  0.000000  0.000000  0.000000  0.000000  0.000000  0.000000  0.000000  0.000000
  0.000000  0.000000  0.000000  0.000000  0.000000  0.000000  0.000000
  1.000000  0.000000
  1.148333  1.148335  1.148336  1.148338  1.148340  1.148341  1.148343  1.148345
  1.148346  1.148347  1.148349  1.148350  1.148351  1.148352  1.148353  1.148354
  1.148355  1.148355  1.148356  1.148356  1.148357  1.148358  1.148358  1.148358
  1.148358  1.148359  1.148360  1.148360  1.148361  1.148361  1.148362  1.148363
  1.148363  1.148364  1.148365  1.148366  1.148367  1.148368  1.148369  1.148371
  1.148371  1.148373  1.148374  1.148376  1.148377  1.148379  1.148381  1.148383
  1.148385  1.148387  1.148389  1.148392  1.148394  1.148397  1.148400  1.148403
  1.148406  1.148410  1.148414  1.148418  1.148422  1.148427  1.148432  1.148436
  1.148441  1.148446  1.148451  1.148455  1.148459  1.148464  1.148469  1.148473
  1.148477  1.148482  1.148486  1.148490  1.148494  1.148498  1.148501  1.148505
  1.148508  1.148511  1.148514  1.148517  1.148519  1.148522  1.148524  1.148526
  1.148528  1.148530  1.148532  1.148534  1.148535  1.148537  1.148538  1.148539
  1.148539  1.148540  1.148541  1.148542  1.148542  1.148544  1.148545  1.148547
  1.148549  1.148552  1.148555  1.148558  1.148563  1.148567  1.148573
 ***************************************************************
 ************STARTING THE INPUT FOR EACH BLADE ROW**************
  BLADE ROW NUMBER =        2                                           
    NUMBER OF BLADES IN ROW 
       130
        JM        JLE       JTE 
       111        21        91
      KTIPSTART  KTIPEND 
         0         0
       BOUNDARY LAYER TRANSITION POINTS 
         0         0         0         0
  SET NEWGRID= 1 TO GENERATE A NEW GRID WITH DIFFERENT "J" POINTS AND SPACINGS.
         0
   RPMROW,    RPMHUB 
    3000.0    3000.0
       JROTHS    JROTHE    JROTTS    JROTTE 
         1         1         1         1
   PUPROW    PLEROW   PTEROW    PDROW 
 1446699.4 1446699.4  567226.1  567226.1
      NSECS_ROW   INSURF  
         3         0
  IF_CUSP_OUT   IFANGLES 
         1         0
         0         3         0
 ***************************************************************
  ROW NUMBER           2  SECTION NUMBER            1
           0           0           0  IF_DESIGN etc 
   1.00000   0.00000    0
  0.052470  0.053637  0.054683  0.055622  0.056463  0.057217  0.057893  0.058499
  0.059043  0.059530  0.059967  0.060359  0.060710  0.061025  0.061307  0.061560
  0.061787  0.061990  0.062173  0.062336  0.062483  0.062630  0.062783  0.062943
  0.063112  0.063289  0.063475  0.063671  0.063877  0.064095  0.064324  0.064565
  0.064819  0.065086  0.065368  0.065664  0.065974  0.066300  0.066643  0.067002
  0.067379  0.067775  0.068192  0.068629  0.069089  0.069573  0.070082  0.070619
  0.071187  0.071791  0.072441  0.073137  0.073878  0.074664  0.075491  0.076354
  0.077240  0.078134  0.079032  0.079930  0.080825  0.081714  0.082596  0.083478
  0.084363  0.085250  0.086139  0.087028  0.087914  0.088795  0.089664  0.090516
  0.091347  0.092157  0.092944  0.093707  0.094445  0.095161  0.095855  0.096529
  0.097181  0.097812  0.098422  0.099010  0.099578  0.100124  0.100648  0.101152
  0.101634  0.102095  0.102535  0.102975  0.103450  0.103962  0.104516  0.105113
  0.105758  0.106454  0.107205  0.108017  0.108893  0.109838  0.110859  0.111961
  0.113151  0.114435  0.115822  0.117318  0.118934  0.120679  0.122562
  1.000000  0.000000
  0.005451  0.005262  0.005092  0.004939  0.004803  0.004680  0.004571  0.004472
  0.004384  0.004305  0.004234  0.004171  0.004114  0.004062  0.004017  0.003976
  0.003939  0.003906  0.003876  0.003850  0.003826  0.005021  0.005403  0.005721
  0.006006  0.006250  0.006451  0.006611  0.006749  0.006879  0.007004  0.007124
  0.007237  0.007344  0.007445  0.007537  0.007618  0.007690  0.007750  0.007801
  0.007835  0.007853  0.007854  0.007839  0.007799  0.007735  0.007644  0.007525
  0.007372  0.007175  0.006931  0.006632  0.006273  0.005844  0.005342  0.004764
  0.004114  0.003402  0.002631  0.001804  0.000926  0.000000 -0.000971 -0.001991
 -0.003066 -0.004196 -0.005380 -0.006610 -0.007886 -0.009204 -0.010553 -0.011917
 -0.013292 -0.014672 -0.016051 -0.017422 -0.018782 -0.020133 -0.021473 -0.022799
 -0.024108 -0.025399 -0.026668 -0.027914 -0.029134 -0.030325 -0.031487 -0.032616
 -0.033711 -0.034771 -0.036094 -0.036919 -0.037809 -0.038769 -0.039807 -0.040926
 -0.042135 -0.043440 -0.044849 -0.046370 -0.048012 -0.049784 -0.051698 -0.053763
 -0.055993 -0.058401 -0.061000 -0.063805 -0.066834 -0.070104 -0.073634
  1.000000
  0.000000  0.000000  0.000000  0.000000  0.000000  0.000000  0.000000  0.000000
  0.000000  0.000000  0.000000  0.000000  0.000000  0.000000  0.000000  0.000000
  0.000000  0.000000  0.000000  0.000000  0.000000  0.002373  0.003119  0.003682
  0.004194  0.004663  0.005086  0.005471  0.005836  0.006197  0.006556  0.006914
  0.007273  0.007632  0.007992  0.008348  0.008703  0.009057  0.009407  0.009758
  0.010102  0.010443  0.010779  0.011112  0.011436  0.011752  0.012059  0.012358
  0.012646  0.012920  0.013182  0.013428  0.013653  0.013848  0.014008  0.014131
  0.014210  0.014246  0.014238  0.014188  0.014098  0.013970  0.013807  0.013609
  0.013375  0.013106  0.012802  0.012469  0.012106  0.011713  0.011296  0.010862
  0.010414  0.009952  0.009481  0.009005  0.008526  0.008044  0.007559  0.007075
  0.006592  0.006113  0.005638  0.005167  0.004704  0.004250  0.003805  0.003370
  0.002792  0.001887  0.000001  0.000000  0.000000  0.000000  0.000000  0.000000
  0.000000  0.000000  0.000000  0.000000  0.000000  0.000000  0.000000  0.000000
  0.000000  0.000000  0.000000  0.000000  0.000000  0.000000  0.000000
  1.000000  0.000000
  1.147569  1.147567  1.147565  1.147563  1.147560  1.147558  1.147556  1.147554
  1.147552  1.147550  1.147548  1.147547  1.147545  1.147544  1.147542  1.147541
  1.147540  1.147539  1.147538  1.147538  1.147537  1.147536  1.147535  1.147534
  1.147533  1.147532  1.147531  1.147530  1.147529  1.147527  1.147526  1.147524
  1.147523  1.147521  1.147519  1.147517  1.147515  1.147512  1.147510  1.147507
  1.147504  1.147501  1.147497  1.147494  1.147490  1.147486  1.147481  1.147477
  1.147471  1.147465  1.147459  1.147452  1.147445  1.147437  1.147428  1.147419
  1.147410  1.147400  1.147390  1.147380  1.147370  1.147360  1.147350  1.147340
  1.147330  1.147320  1.147309  1.147299  1.147289  1.147278  1.147268  1.147259
  1.147250  1.147241  1.147232  1.147224  1.147216  1.147208  1.147201  1.147194
  1.147187  1.147181  1.147175  1.147169  1.147164  1.147159  1.147154  1.147150
  1.147146  1.147142  1.147138  1.147136  1.147134  1.147131  1.147129  1.147126
  1.147124  1.147121  1.147118  1.147115  1.147112  1.147108  1.147105  1.147102
  1.147098  1.147095  1.147092  1.147088  1.147085  1.147082  1.147079
 ***************************************************************
  ROW NUMBER           2  SECTION NUMBER            2
           0           0           0  IF_DESIGN etc 
   1.00000   0.00000    0
  0.052507  0.053672  0.054717  0.055654  0.056495  0.057248  0.057923  0.058528
  0.059071  0.059558  0.059994  0.060385  0.060736  0.061051  0.061332  0.061585
  0.061812  0.062015  0.062197  0.062360  0.062507  0.062653  0.062806  0.062967
  0.063135  0.063312  0.063498  0.063693  0.063899  0.064116  0.064345  0.064586
  0.064840  0.065107  0.065388  0.065683  0.065994  0.066319  0.066661  0.067020
  0.067397  0.067792  0.068208  0.068645  0.069104  0.069587  0.070096  0.070633
  0.071199  0.071803  0.072452  0.073147  0.073887  0.074672  0.075498  0.076360
  0.077245  0.078138  0.079035  0.079932  0.080825  0.081713  0.082594  0.083475
  0.084359  0.085245  0.086133  0.087020  0.087905  0.088786  0.089654  0.090504
  0.091334  0.092143  0.092929  0.093691  0.094428  0.095143  0.095837  0.096509
  0.097161  0.097791  0.098400  0.098988  0.099554  0.100099  0.100624  0.101126
  0.101608  0.102069  0.102508  0.102947  0.103421  0.103933  0.104486  0.105082
  0.105726  0.106422  0.107172  0.107983  0.108857  0.109802  0.110821  0.111922
  0.113110  0.114392  0.115777  0.117272  0.118886  0.120628  0.122508
  1.000000  0.000000
  0.005482  0.005291  0.005119  0.004966  0.004828  0.004704  0.004594  0.004495
  0.004406  0.004326  0.004254  0.004190  0.004133  0.004081  0.004035  0.003993
  0.003956  0.003923  0.003893  0.003866  0.003842  0.005039  0.005421  0.005739
  0.006023  0.006267  0.006468  0.006629  0.006766  0.006896  0.007021  0.007140
  0.007253  0.007361  0.007460  0.007551  0.007632  0.007703  0.007763  0.007813
  0.007847  0.007864  0.007865  0.007849  0.007809  0.007744  0.007653  0.007535
  0.007379  0.007182  0.006937  0.006637  0.006278  0.005848  0.005345  0.004767
  0.004117  0.003404  0.002632  0.001805  0.000926  0.000000 -0.000971 -0.001992
 -0.003067 -0.004197 -0.005381 -0.006611 -0.007888 -0.009206 -0.010555 -0.011919
 -0.013293 -0.014673 -0.016052 -0.017424 -0.018783 -0.020134 -0.021473 -0.022800
 -0.024108 -0.025399 -0.026668 -0.027913 -0.029133 -0.030324 -0.031485 -0.032614
 -0.033709 -0.034769 -0.036091 -0.036916 -0.037806 -0.038766 -0.039803 -0.040923
 -0.042131 -0.043436 -0.044844 -0.046364 -0.048006 -0.049778 -0.051691 -0.053756
 -0.055985 -0.058392 -0.060990 -0.063795 -0.066823 -0.070092 -0.073621
  1.000000
  0.000000  0.000000  0.000000  0.000000  0.000000  0.000000  0.000000  0.000000
  0.000000  0.000000  0.000000  0.000000  0.000000  0.000000  0.000000  0.000000
  0.000000  0.000000  0.000000  0.000000  0.000000  0.002375  0.003118  0.003679
  0.004191  0.004660  0.005084  0.005469  0.005834  0.006195  0.006554  0.006912
  0.007270  0.007630  0.007989  0.008345  0.008700  0.009053  0.009403  0.009754
  0.010098  0.010438  0.010774  0.011107  0.011431  0.011747  0.012054  0.012355
  0.012641  0.012915  0.013176  0.013422  0.013647  0.013841  0.014002  0.014124
  0.014204  0.014239  0.014231  0.014181  0.014092  0.013964  0.013801  0.013603
  0.013368  0.013100  0.012796  0.012463  0.012100  0.011708  0.011291  0.010857
  0.010409  0.009947  0.009476  0.009001  0.008522  0.008040  0.007556  0.007071
  0.006589  0.006110  0.005635  0.005165  0.004702  0.004248  0.003803  0.003368
  0.002790  0.001886  0.000001  0.000000  0.000000  0.000000  0.000000  0.000000
  0.000000  0.000000  0.000000  0.000000  0.000000  0.000000  0.000000  0.000000
  0.000000  0.000000  0.000000  0.000000  0.000000  0.000000  0.000000
  1.000000  0.000000
  1.148055  1.148055  1.148055  1.148055  1.148055  1.148055  1.148055  1.148055
  1.148055  1.148055  1.148055  1.148055  1.148055  1.148055  1.148055  1.148055
  1.148055  1.148055  1.148055  1.148055  1.148055  1.148055  1.148055  1.148055
  1.148055  1.148055  1.148055  1.148055  1.148055  1.148055  1.148055  1.148055
  1.148055  1.148055  1.148055  1.148055  1.148055  1.148055  1.148055  1.148055
  1.148055  1.148055  1.148055  1.148055  1.148055  1.148055  1.148055  1.148055
  1.148055  1.148055  1.148055  1.148055  1.148055  1.148055  1.148055  1.148055
  1.148055  1.148055  1.148055  1.148055  1.148055  1.148055  1.148055  1.148055
  1.148055  1.148055  1.148055  1.148055  1.148055  1.148055  1.148055  1.148055
  1.148055  1.148055  1.148055  1.148055  1.148055  1.148055  1.148055  1.148055
  1.148055  1.148055  1.148055  1.148055  1.148055  1.148055  1.148055  1.148055
  1.148055  1.148055  1.148055  1.148055  1.148055  1.148055  1.148055  1.148055
  1.148055  1.148055  1.148055  1.148055  1.148055  1.148055  1.148055  1.148055
  1.148055  1.148055  1.148055  1.148055  1.148055  1.148055  1.148055
 ***************************************************************
  ROW NUMBER           2  SECTION NUMBER            3
           0           0           0  IF_DESIGN etc 
   1.00000   0.00000    0
  0.052543  0.053708  0.054751  0.055687  0.056526  0.057279  0.057953  0.058558
  0.059100  0.059586  0.060022  0.060412  0.060763  0.061077  0.061358  0.061611
  0.061837  0.062040  0.062222  0.062385  0.062531  0.062677  0.062830  0.062990
  0.063158  0.063335  0.063521  0.063716  0.063922  0.064139  0.064367  0.064607
  0.064861  0.065127  0.065408  0.065704  0.066013  0.066339  0.066680  0.067038
  0.067414  0.067810  0.068225  0.068662  0.069120  0.069602  0.070111  0.070647
  0.071212  0.071815  0.072463  0.073157  0.073897  0.074681  0.075505  0.076366
  0.077250  0.078142  0.079038  0.079933  0.080825  0.081712  0.082592  0.083472
  0.084354  0.085240  0.086126  0.087013  0.087897  0.088776  0.089643  0.090492
  0.091321  0.092129  0.092914  0.093674  0.094410  0.095125  0.095817  0.096489
  0.097140  0.097769  0.098377  0.098964  0.099530  0.100075  0.100598  0.101100
  0.101582  0.102041  0.102480  0.102919  0.103392  0.103904  0.104455  0.105051
  0.105695  0.106389  0.107139  0.107948  0.108821  0.109765  0.110783  0.111882
  0.113069  0.114350  0.115733  0.117226  0.118837  0.120577  0.122456
  1.000000  0.000000
  0.005513  0.005320  0.005148  0.004993  0.004854  0.004729  0.004618  0.004517
  0.004428  0.004347  0.004275  0.004210  0.004152  0.004100  0.004054  0.004012
  0.003974  0.003941  0.003911  0.003884  0.003860  0.005059  0.005439  0.005756
  0.006040  0.006284  0.006486  0.006647  0.006784  0.006914  0.007038  0.007157
  0.007269  0.007377  0.007476  0.007566  0.007647  0.007717  0.007778  0.007826
  0.007859  0.007876  0.007876  0.007860  0.007819  0.007754  0.007662  0.007543
  0.007387  0.007189  0.006944  0.006643  0.006284  0.005853  0.005349  0.004770
  0.004119  0.003406  0.002633  0.001806  0.000927  0.000000 -0.000971 -0.001992
 -0.003068 -0.004198 -0.005383 -0.006613 -0.007890 -0.009208 -0.010557 -0.011921
 -0.013296 -0.014675 -0.016055 -0.017426 -0.018786 -0.020136 -0.021476 -0.022802
 -0.024111 -0.025401 -0.026669 -0.027915 -0.029134 -0.030325 -0.031486 -0.032615
 -0.033710 -0.034769 -0.036092 -0.036916 -0.037806 -0.038766 -0.039803 -0.040922
 -0.042130 -0.043434 -0.044843 -0.046363 -0.048004 -0.049775 -0.051688 -0.053753
 -0.055982 -0.058388 -0.060985 -0.063790 -0.066817 -0.070085 -0.073613
  1.000000
  0.000000  0.000000  0.000000  0.000000  0.000000  0.000000  0.000000  0.000000
  0.000000  0.000000  0.000000  0.000000  0.000000  0.000000  0.000000  0.000000
  0.000000  0.000000  0.000000  0.000000  0.000000  0.002378  0.003116  0.003676
  0.004188  0.004658  0.005082  0.005468  0.005832  0.006193  0.006552  0.006910
  0.007268  0.007628  0.007986  0.008342  0.008697  0.009050  0.009402  0.009750
  0.010095  0.010434  0.010770  0.011104  0.011427  0.011742  0.012050  0.012350
  0.012636  0.012910  0.013171  0.013417  0.013642  0.013836  0.013997  0.014119
  0.014199  0.014234  0.014226  0.014176  0.014086  0.013959  0.013796  0.013598
  0.013363  0.013095  0.012791  0.012458  0.012095  0.011703  0.011286  0.010853
  0.010405  0.009943  0.009473  0.008997  0.008519  0.008037  0.007553  0.007069
  0.006587  0.006107  0.005633  0.005162  0.004700  0.004246  0.003801  0.003367
  0.002789  0.001884  0.000001  0.000000  0.000000  0.000000  0.000000  0.000000
  0.000000  0.000000  0.000000  0.000000  0.000000  0.000000  0.000000  0.000000
  0.000000  0.000000  0.000000  0.000000  0.000000  0.000000  0.000000
  1.000000  0.000000
  1.148542  1.148543  1.148546  1.148547  1.148550  1.148552  1.148554  1.148556
  1.148558  1.148560  1.148562  1.148564  1.148565  1.148566  1.148568  1.148569
  1.148570  1.148571  1.148571  1.148572  1.148573  1.148574  1.148575  1.148576
  1.148577  1.148578  1.148579  1.148580  1.148582  1.148583  1.148584  1.148586
  1.148588  1.148589  1.148592  1.148594  1.148596  1.148598  1.148601  1.148604
  1.148606  1.148610  1.148613  1.148617  1.148621  1.148625  1.148629  1.148634
  1.148639  1.148645  1.148651  1.148658  1.148666  1.148674  1.148682  1.148691
  1.148701  1.148710  1.148720  1.148730  1.148740  1.148751  1.148760  1.148771
  1.148781  1.148791  1.148802  1.148812  1.148822  1.148832  1.148842  1.148852
  1.148861  1.148870  1.148879  1.148887  1.148895  1.148903  1.148910  1.148917
  1.148924  1.148930  1.148936  1.148942  1.148947  1.148952  1.148957  1.148961
  1.148966  1.148969  1.148973  1.148975  1.148977  1.148980  1.148982  1.148985
  1.148987  1.148990  1.148993  1.148996  1.148999  1.149003  1.149006  1.149009
  1.149013  1.149016  1.149020  1.149023  1.149026  1.149029  1.149032
  STARTING INLET BOUNDARY CONDITION DATA .
  NUMBER OF POINTS FOR INLET BOUNDARY CONDITIONS 
        37
  SPACING OF INLET BOUNDARY CONDITION POINTS 
  1.000000  1.250000  1.562500  1.953125  2.441406  3.051758  3.814697  4.768372
  5.960464  7.450581  9.313226 11.641532 14.551915 18.189894 20.000000 20.000000
 20.000000 20.000000 20.000000 20.000000 20.000000 20.000000 18.189894 14.551915
 11.641532  9.313226  7.450581  5.960464  4.768372  3.814697  3.051758  2.441406
  1.953125  1.562500  1.250000  1.000000
   INLET STAGNATION PRESSURES 
 3786000.0 3786000.0 3786000.0 3786000.0 3786000.0 3785999.8 3786000.0 3786000.2
 3785999.8 3786000.0 3786000.2 3786000.0 3786000.2 3786000.0 3786000.0 3786000.0
 3786000.0 3786000.0 3786000.0 3786000.0 3786000.0 3786000.0 3786000.0 3786000.0
 3786000.0 3786000.0 3786000.0 3786000.0 3786000.0 3786000.0 3786000.0 3786000.0
 3786000.0 3786000.0 3786000.0 3786000.0 3786000.0
   INLET STAGNATION TEMPERATURES 
  332.8109  332.8109  332.8109  332.8109  332.8109  332.8109  332.8109  332.8109
  332.8109  332.8109  332.8109  332.8109  332.8109  332.8109  332.8109  332.8109
  332.8109  332.8109  332.8109  332.8109  332.8109  332.8109  332.8109  332.8109
  332.8109  332.8109  332.8109  332.8109  332.8109  332.8109  332.8109  332.8109
  332.8109  332.8109  332.8109  332.8109  332.8109
   INLET ABSOLUTE TANGENTIAL VELOCITY 
    0.0000    0.0000    0.0000    0.0000    0.0000    0.0000    0.0000    0.0000
    0.0000    0.0000    0.0000    0.0000    0.0000    0.0000    0.0000    0.0000
    0.0000    0.0000    0.0000    0.0000    0.0000    0.0000    0.0000    0.0000
    0.0000    0.0000    0.0000    0.0000    0.0000    0.0000    0.0000    0.0000
    0.0000    0.0000    0.0000    0.0000    0.0000
   INLET MERIDIONAL VELOCITY 
  180.3360  180.3360  180.3360  180.3360  180.3360  180.3359  180.3360  180.3360
  180.3360  180.3359  180.3360  180.3360  180.3360  180.3360  180.3360  180.3360
  180.3360  180.3360  180.3360  180.3360  180.3360  180.3360  180.3360  180.3360
  180.3360  180.3360  180.3360  180.3360  180.3360  180.3360  180.3360  180.3360
  180.3360  180.3360  180.3360  180.3360  180.3360
   INLET MERIDIONAL YAW ANGLE  
   11.3099   11.3099   11.3099   11.3099   11.3099   11.3099   11.3099   11.3099
   11.3099   11.3099   11.3099   11.3099   11.3099   11.3099   11.3099   11.3099
   11.3099   11.3099   11.3099   11.3099   11.3099   11.3099   11.3099   11.3099
   11.3099   11.3099   11.3099   11.3099   11.3099   11.3099   11.3099   11.3099
   11.3099   11.3099   11.3099   11.3099   11.3099
   INLET PITCH ANGLE 
   -0.0066   -0.0065   -0.0065   -0.0064   -0.0063   -0.0062   -0.0061   -0.0060
   -0.0058   -0.0055   -0.0052   -0.0049   -0.0044   -0.0039   -0.0031   -0.0024
   -0.0016   -0.0008    0.0000    0.0008    0.0016    0.0024    0.0031    0.0039
    0.0044    0.0049    0.0053    0.0055    0.0058    0.0060    0.0061    0.0062
    0.0063    0.0064    0.0065    0.0065    0.0066
   PDOWN_HUB   PDOWN_TIP 
  567226.1  567226.1
 MIXING LENGTH LIMITS ON ALL BLADE ROWS
  0.020000  0.030000  0.040000  0.050000  1.000000  0.500000
  0.020000  0.030000  0.040000  0.050000  1.000000  0.500000
  FACTOR TO INCREASE THE TURBULENT VISCOSITY OVER THE FIRST NMIXUP STEPS 
   2.00000 1000
