  BLADE PROFILES IN CARTESIAN COORDINATES (2D) BEFORE   PROJECTION, SCALING, MESHING AND STACKING 
  VARIABLES = "X", "YSS", "YPS" 
  BLADE           1  SECTION           1
    0.000000   -0.009964   -0.009964
    0.000062   -0.006040   -0.011758
    0.000249   -0.003149   -0.014866
    0.000561   -0.000408   -0.017928
    0.000997    0.002199   -0.020689
    0.001557    0.004674   -0.023118
    0.002241    0.007025   -0.025362
    0.003050    0.009282   -0.027518
    0.003982    0.011436   -0.029526
    0.005038    0.013529   -0.031433
    0.006218    0.015581   -0.033319
    0.007520    0.017608   -0.035199
    0.008945    0.019637   -0.037101
    0.010493    0.021647   -0.039098
    0.012162    0.023670   -0.041208
    0.013954    0.025680   -0.043430
    0.015866    0.027697   -0.045759
    0.017899    0.029697   -0.048191
    0.020052    0.031663   -0.050721
    0.022325    0.033565   -0.053351
    0.024716    0.035395   -0.056080
    0.027226    0.037104   -0.058875
    0.029854    0.038647   -0.061748
    0.032600    0.040006   -0.064696
    0.035461    0.041205   -0.067708
    0.038439    0.042345   -0.070784
    0.041531    0.043491   -0.073919
    0.044738    0.044656   -0.077107
    0.048058    0.045839   -0.080344
    0.051491    0.047042   -0.083625
    0.055036    0.048263   -0.086944
    0.058691    0.049501   -0.090297
    0.062456    0.050756   -0.093679
    0.066331    0.052024   -0.097093
    0.070314    0.053318   -0.100545
    0.074403    0.054631   -0.103982
    0.078599    0.055963   -0.107423
    0.082900    0.057315   -0.110859
    0.087305    0.058686   -0.114292
    0.091812    0.060077   -0.117717
    0.096421    0.061488   -0.121127
    0.101131    0.062917   -0.124519
    0.105941    0.064372   -0.127900
    0.110848    0.065849   -0.131277
    0.115853    0.067349   -0.134582
    0.120953    0.068873   -0.137831
    0.126148    0.070419   -0.141034
    0.131435    0.071993   -0.144187
    0.136815    0.073592   -0.147287
    0.142285    0.075218   -0.150340
    0.147845    0.076872   -0.153364
    0.153492    0.078555   -0.156252
    0.159225    0.080266   -0.159058
    0.165044    0.082007   -0.161786
    0.170946    0.083783   -0.164452
    0.176930    0.085589   -0.167056
    0.182994    0.087426   -0.169514
    0.189138    0.089299   -0.171847
    0.195358    0.091210   -0.174081
    0.201655    0.093152   -0.176234
    0.208026    0.095140   -0.178304
    0.214470    0.097158   -0.180197
    0.220986    0.099213   -0.181944
    0.227570    0.101319   -0.183571
    0.234223    0.103456   -0.185096
    0.240941    0.105636   -0.186530
    0.247725    0.107868   -0.187736
    0.254571    0.110132   -0.188795
    0.261478    0.112456   -0.189717
    0.268445    0.114811   -0.190511
    0.275470    0.117214   -0.191196
    0.282550    0.119677   -0.191632
    0.289685    0.122174   -0.191914
    0.296872    0.124737   -0.192066
    0.304110    0.127335   -0.192104
    0.311396    0.129980   -0.191868
    0.318730    0.132698   -0.191461
    0.326109    0.135449   -0.190924
    0.333531    0.138251   -0.190246
    0.340994    0.141129   -0.189323
    0.348497    0.144041   -0.188189
    0.356038    0.147005   -0.186882
    0.363615    0.150030   -0.185428
    0.371226    0.153125   -0.183837
    0.378869    0.156257   -0.181968
    0.386542    0.159444   -0.179897
    0.394243    0.162694   -0.177645
    0.401971    0.166016   -0.175239
    0.409723    0.169376   -0.172688
    0.417498    0.172791   -0.169863
    0.425293    0.176262   -0.166827
    0.433107    0.179793   -0.163606
    0.440937    0.183388   -0.160198
    0.448783    0.187054   -0.156626
    0.456641    0.190756   -0.152917
    0.464509    0.194515   -0.148927
    0.472387    0.198329   -0.144734
    0.480272    0.202199   -0.140355
    0.488161    0.206124   -0.135791
    0.496053    0.210104   -0.131043
    0.503947    0.214141   -0.126135
    0.511839    0.218232   -0.121090
    0.519729    0.222377   -0.115793
    0.527613    0.226574   -0.110300
    0.535491    0.230829   -0.104624
    0.543360    0.235150   -0.098773
    0.551217    0.239500   -0.092749
    0.559063    0.243898   -0.086555
    0.566893    0.248344   -0.080193
    0.574707    0.252837   -0.073665
    0.582502    0.257376   -0.066975
    0.590277    0.261958   -0.060126
    0.598029    0.266577   -0.053120
    0.605757    0.271224   -0.045962
    0.613458    0.275931   -0.038677
    0.621131    0.280677   -0.031287
    0.628774    0.285460   -0.023693
    0.636385    0.290279   -0.015961
    0.643962    0.295131   -0.008097
    0.651503    0.300015   -0.000104
    0.659006    0.304930    0.008012
    0.666469    0.309876    0.016247
    0.673891    0.314848    0.024596
    0.681270    0.319844    0.033076
    0.688604    0.324863    0.041691
    0.695890    0.329902    0.050350
    0.703128    0.334959    0.059101
    0.710315    0.340032    0.067940
    0.717450    0.345119    0.076860
    0.724530    0.350218    0.085857
    0.731555    0.355317    0.094924
    0.738522    0.360416    0.104055
    0.745429    0.365535    0.113245
    0.752275    0.370657    0.122488
    0.759059    0.375778    0.131776
    0.765777    0.380897    0.141106
    0.772430    0.386014    0.150469
    0.779015    0.391124    0.159866
    0.785530    0.396223    0.169287
    0.791974    0.401308    0.178723
    0.798345    0.406379    0.188167
    0.804642    0.411431    0.197634
    0.810863    0.416454    0.207110
    0.817006    0.421450    0.216540
    0.823070    0.426433    0.225953
    0.829054    0.431386    0.235342
    0.834956    0.436308    0.244701
    0.840775    0.441196    0.254024
    0.846508    0.446048    0.263303
    0.852155    0.450863    0.272540
    0.857715    0.455635    0.281720
    0.863185    0.460363    0.290837
    0.868565    0.465043    0.299885
    0.873852    0.469672    0.308875
    0.879047    0.474249    0.317785
    0.884147    0.478764    0.326586
    0.889152    0.483221    0.335292
    0.894059    0.487624    0.343897
    0.898869    0.491964    0.352395
    0.903579    0.496238    0.360781
    0.908188    0.500443    0.369050
    0.912695    0.504578    0.377196
    0.917100    0.508640    0.385210
    0.921401    0.512626    0.393087
    0.925597    0.516534    0.400821
    0.929686    0.520361    0.408407
    0.933669    0.524105    0.415839
    0.937544    0.527765    0.423111
    0.941309    0.531337    0.430219
    0.944965    0.534819    0.437171
    0.948509    0.538209    0.443938
    0.951942    0.541506    0.450520
    0.955262    0.544706    0.456918
    0.958469    0.547809    0.463127
    0.961561    0.550811    0.469142
    0.964539    0.553711    0.474959
    0.967400    0.556507    0.480573
    0.970146    0.559171    0.485980
    0.972774    0.561398    0.491176
    0.975284    0.563049    0.496156
    0.977675    0.564297    0.500917
    0.979948    0.565237    0.505452
    0.982101    0.565925    0.509766
    0.984134    0.566396    0.513852
    0.986046    0.566671    0.517705
    0.987838    0.566759    0.521324
    0.989507    0.566672    0.524704
    0.991055    0.566415    0.527844
    0.992480    0.565991    0.530742
    0.993782    0.565458    0.533396
    0.994962    0.564709    0.535802
    0.996018    0.563758    0.537960
    0.996950    0.562710    0.539868
    0.997759    0.561525    0.541619
    0.998443    0.560217    0.543203
    0.999003    0.558762    0.544971
    0.999439    0.557175    0.546783
    0.999751    0.555476    0.548530
    0.999938    0.553621    0.550264
    1.000000    0.552732    0.552732
  BLADE PROFILES IN CARTESIAN COORDINATES (3D) 
  VARIABLES = "X", "YSS", "YPS" "R" 
  BLADE           1  SECTION           1
  -24.971338   -0.542913   -0.542913  799.053040
  -22.100166   -1.695007   -1.695007  799.050903
  -19.540218   -2.722215   -2.722215  799.048767
  -17.257757   -3.638074   -3.638074  799.046570
  -15.222717   -4.454654   -4.454654  799.044434
  -13.408260   -5.182714   -5.182714  799.042175
  -11.790485   -5.831854   -5.831854  799.040161
  -10.348072   -6.410626   -6.410626  799.037964
   -9.062014   -6.926660   -6.926660  799.036011
   -7.915360   -7.386755   -7.386755  799.034363
   -6.893001   -7.796975   -7.796975  799.032471
   -5.981456   -8.162728   -8.162728  799.030884
   -5.168727   -8.488833   -8.488833  799.029480
   -4.444092   -8.779589   -8.779589  799.028198
   -3.798005   -9.038827   -9.038827  799.026855
   -3.221953   -9.269964   -9.269964  799.025757
   -2.708342   -9.476047   -9.476047  799.024780
   -2.250404   -9.659788   -9.659788  799.023865
   -1.842106   -9.823614   -9.823614  799.023071
   -1.478064   -9.969682   -9.969682  799.022217
   -1.153484  -10.099916  -10.099916  799.021606
   -0.864089  -10.216032  -10.216032  799.020935
   -0.606061  -10.319562  -10.319562  799.020386
   -0.376007  -10.411868  -10.411868  799.019897
   -0.170885  -10.494172  -10.494172  799.019409
    0.012000  -10.567551  -10.567551  799.018982
    0.194884   -9.564171  -11.543475  799.018250
    0.386105   -9.223165  -11.857030  799.017578
    0.586427   -8.957261  -12.117735  799.016724
    0.796624   -8.724911  -12.377126  799.015869
    1.017461   -8.515317  -12.639003  799.015015
    1.249705   -8.329969  -12.905692  799.014038
    1.494130   -8.174672  -13.175466  799.013184
    1.751496   -8.054486  -13.449821  799.012085
    2.022576   -7.951138  -13.728844  799.010986
    2.308139   -7.847388  -14.012847  799.009827
    2.608950   -7.741553  -14.301719  799.008362
    2.925782   -7.633363  -14.595218  799.007080
    3.259397   -7.522794  -14.893198  799.005615
    3.610567   -7.408833  -15.196549  799.004211
    3.979887   -7.291300  -15.500731  799.002563
    4.367443   -7.170146  -15.805921  799.000793
    4.774143   -7.045002  -16.111904  798.999084
    5.200998   -6.915469  -16.418119  798.997070
    5.649130   -6.780513  -16.725611  798.995056
    6.119775   -6.639826  -17.027338  798.992859
    6.614290   -6.492653  -17.325285  798.990479
    7.133851   -6.338191  -17.619102  798.987976
    7.679466   -6.175713  -17.906673  798.985474
    8.252956   -6.004301  -18.181528  798.982788
    8.856369   -5.822467  -18.449039  798.979858
    9.491967   -5.629184  -18.697668  798.976562
   10.162262   -5.422537  -18.930775  798.973511
   10.869961   -5.200933  -19.142918  798.969727
   11.623636   -4.960249  -19.328300  798.965942
   12.434155   -4.695698  -19.487923  798.961792
   13.302416   -4.404951  -19.605965  798.957275
   14.227736   -4.086071  -19.679852  798.952271
   15.207906   -3.737262  -19.698780  798.947083
   16.239140   -3.357209  -19.645206  798.941650
   17.316069   -2.945162  -19.520515  798.936035
   18.421259   -2.505711  -19.315985  798.929932
   19.537058   -2.044333  -19.028015  798.923767
   20.657423   -1.560981  -18.667076  798.917786
   21.777470   -1.059246  -18.221287  798.911682
   22.893417   -0.537633  -17.708536  798.905579
   24.002579    0.000000  -17.116714  798.899536
   25.103397    0.554342  -16.458271  798.893494
   26.203350    1.129655  -15.731792  798.887573
   27.307316    1.730201  -14.924501  798.881531
   28.414488    2.353105  -14.043162  798.875427
   29.523357    2.999659  -13.088496  798.869812
   30.631945    3.667634  -12.063138  798.864136
   31.737686    4.358506  -10.971173  798.858398
   32.837467    5.068947   -9.811228  798.852539
   33.921501    5.792555   -8.598755  798.847229
   34.983685    6.523977   -7.342349  798.842102
   36.021091    7.259939   -6.055967  798.837036
   37.031429    7.996035   -4.744026  798.832092
   38.012886    8.732109   -3.413891  798.827637
   38.964268    9.464681   -2.071982  798.823242
   39.884857   10.191266   -0.723938  798.819153
   40.778076   10.911990    0.632429  798.815125
   41.644806   11.627967    1.988609  798.811401
   42.485001   12.337194    3.343848  798.807922
   43.298717   13.038446    4.694835  798.804932
   44.085899   13.729918    6.039016  798.801758
   44.846603   14.410333    7.368717  798.798645
   45.580803   15.079228    8.683182  798.796204
   46.288475   15.734926    9.978933  798.793762
   46.969658   16.376301   11.252475  798.791382
   47.624352   17.002186   12.501705  798.789124
   48.252510   17.611477   13.722053  798.787109
   48.854172   18.091133   14.911512  798.785278
   49.429340   18.215887   16.067312  798.783630
   49.977985   17.517242   17.516653  798.782043
   50.526649   18.356483   18.356190  798.781250
   51.106647   19.243961   19.243961  798.780579
   51.719761   20.182116   20.182116  798.779602
   52.367905   21.173847   21.173847  798.778503
   53.053047   22.222219   22.222219  798.777039
   53.777321   23.330448   23.330448  798.775452
   54.542965   24.501968   24.501968  798.773376
   55.352333   25.740376   25.740376  798.770935
   56.207928   27.049505   27.049505  798.768066
   57.112385   28.433372   28.433372  798.764404
   58.068497   29.896255   29.896255  798.760193
   59.079212   31.442654   31.442654  798.755066
   60.147640   33.077339   33.077339  798.749451
   61.277096   34.805351   34.805351  798.742676
   62.471046   36.632011   36.632011  798.735046
  BLADE PROFILES IN CARTESIAN COORDINATES (2D) BEFORE   PROJECTION, SCALING, MESHING AND STACKING 
  VARIABLES = "X", "YSS", "YPS" 
  BLADE           1  SECTION           2
    0.000000   -0.009966   -0.009966
    0.000062   -0.006027   -0.011751
    0.000249   -0.003137   -0.014857
    0.000561   -0.000398   -0.017918
    0.000997    0.002208   -0.020679
    0.001557    0.004682   -0.023109
    0.002241    0.007032   -0.025353
    0.003050    0.009287   -0.027510
    0.003982    0.011439   -0.029517
    0.005038    0.013531   -0.031425
    0.006218    0.015583   -0.033311
    0.007520    0.017610   -0.035190
    0.008945    0.019638   -0.037092
    0.010493    0.021649   -0.039089
    0.012162    0.023671   -0.041198
    0.013954    0.025681   -0.043419
    0.015866    0.027697   -0.045748
    0.017899    0.029697   -0.048179
    0.020052    0.031662   -0.050708
    0.022325    0.033564   -0.053338
    0.024716    0.035393   -0.056066
    0.027226    0.037101   -0.058860
    0.029854    0.038642   -0.061733
    0.032600    0.040000   -0.064680
    0.035461    0.041199   -0.067691
    0.038439    0.042338   -0.070766
    0.041531    0.043484   -0.073900
    0.044738    0.044649   -0.077087
    0.048058    0.045832   -0.080323
    0.051491    0.047035   -0.083603
    0.055036    0.048255   -0.086922
    0.058691    0.049493   -0.090274
    0.062456    0.050748   -0.093654
    0.066331    0.052016   -0.097068
    0.070314    0.053310   -0.100519
    0.074403    0.054622   -0.103955
    0.078599    0.055954   -0.107395
    0.082900    0.057306   -0.110831
    0.087305    0.058677   -0.114263
    0.091812    0.060068   -0.117687
    0.096421    0.061478   -0.121097
    0.101131    0.062907   -0.124488
    0.105941    0.064361   -0.127868
    0.110848    0.065838   -0.131244
    0.115853    0.067338   -0.134549
    0.120953    0.068861   -0.137797
    0.126148    0.070407   -0.141000
    0.131435    0.071980   -0.144153
    0.136815    0.073579   -0.147251
    0.142285    0.075204   -0.150304
    0.147845    0.076857   -0.153327
    0.153492    0.078539   -0.156216
    0.159225    0.080250   -0.159022
    0.165044    0.081990   -0.161749
    0.170946    0.083765   -0.164416
    0.176930    0.085570   -0.167019
    0.182994    0.087406   -0.169477
    0.189138    0.089278   -0.171811
    0.195358    0.091188   -0.174044
    0.201655    0.093129   -0.176197
    0.208026    0.095115   -0.178267
    0.214470    0.097132   -0.180161
    0.220986    0.099186   -0.181909
    0.227570    0.101291   -0.183536
    0.234223    0.103427   -0.185062
    0.240941    0.105605   -0.186496
    0.247725    0.107836   -0.187704
    0.254571    0.110098   -0.188763
    0.261478    0.112420   -0.189685
    0.268445    0.114774   -0.190481
    0.275470    0.117175   -0.191167
    0.282550    0.119637   -0.191605
    0.289685    0.122132   -0.191888
    0.296872    0.124681   -0.192041
    0.304110    0.127288   -0.192080
    0.311396    0.129931   -0.191846
    0.318730    0.132647   -0.191441
    0.326109    0.135396   -0.190873
    0.333531    0.138195   -0.190154
    0.340994    0.141071   -0.189303
    0.348497    0.143980   -0.188176
    0.356038    0.146942   -0.186872
    0.363615    0.149964   -0.185420
    0.371226    0.153057   -0.183830
    0.378869    0.156186   -0.181965
    0.386542    0.159370   -0.179896
    0.394243    0.162616   -0.177647
    0.401971    0.165936   -0.175244
    0.409723    0.169293   -0.172696
    0.417498    0.172705   -0.169875
    0.425293    0.176173   -0.166841
    0.433107    0.179700   -0.163623
    0.440937    0.183292   -0.160219
    0.448783    0.186954   -0.156650
    0.456641    0.190653   -0.152944
    0.464509    0.194407   -0.148959
    0.472387    0.198218   -0.144769
    0.480272    0.202084   -0.140394
    0.488161    0.206006   -0.135834
    0.496053    0.209982   -0.131090
    0.503947    0.214014   -0.126187
    0.511839    0.218102   -0.121145
    0.519729    0.222242   -0.115853
    0.527613    0.226435   -0.110366
    0.535491    0.230685   -0.104694
    0.543360    0.235002   -0.098847
    0.551217    0.239347   -0.092828
    0.559063    0.243741   -0.086639
    0.566893    0.248183   -0.080281
    0.574707    0.252671   -0.073759
    0.582502    0.257205   -0.067074
    0.590277    0.261783   -0.060230
    0.598029    0.266397   -0.053229
    0.605757    0.271039   -0.046076
    0.613458    0.275741   -0.038798
    0.621131    0.280482   -0.031412
    0.628774    0.285260   -0.023823
    0.636385    0.290074   -0.016097
    0.643962    0.294921   -0.008239
    0.651503    0.299800   -0.000252
    0.659006    0.304710    0.007858
    0.666469    0.309651    0.016087
    0.673891    0.314617    0.024430
    0.681270    0.319608    0.032904
    0.688604    0.324622    0.041513
    0.695890    0.329655    0.050166
    0.703128    0.334707    0.058911
    0.710315    0.339775    0.067743
    0.717450    0.344856    0.076657
    0.724530    0.349950    0.085648
    0.731555    0.355043    0.094708
    0.738522    0.360137    0.103833
    0.745429    0.365251    0.113017
    0.752275    0.370367    0.122253
    0.759059    0.375482    0.131536
    0.765777    0.380596    0.140858
    0.772430    0.385708    0.150215
    0.779015    0.390812    0.159607
    0.785530    0.395905    0.169021
    0.791974    0.400986    0.178450
    0.798345    0.406051    0.187888
    0.804642    0.411097    0.197349
    0.810863    0.416115    0.206818
    0.817006    0.421106    0.216241
    0.823070    0.426083    0.225648
    0.829054    0.431031    0.235031
    0.834956    0.435948    0.244384
    0.840775    0.440831    0.253700
    0.846508    0.445677    0.262974
    0.852155    0.450487    0.272204
    0.857715    0.455254    0.281378
    0.863185    0.459976    0.290489
    0.868565    0.464651    0.299531
    0.873852    0.469276    0.308515
    0.879047    0.473848    0.317419
    0.884147    0.478357    0.326214
    0.889152    0.482810    0.334914
    0.894059    0.487208    0.343514
    0.898869    0.491543    0.352007
    0.903579    0.495813    0.360386
    0.908188    0.500014    0.368651
    0.912695    0.504144    0.376791
    0.917100    0.508201    0.384800
    0.921401    0.512183    0.392671
    0.925597    0.516087    0.400400
    0.929686    0.519910    0.407981
    0.933669    0.523650    0.415408
    0.937544    0.527306    0.422676
    0.941309    0.530874    0.429780
    0.944965    0.534352    0.436727
    0.948509    0.537739    0.443489
    0.951942    0.541032    0.450067
    0.955262    0.544229    0.456461
    0.958469    0.547328    0.462666
    0.961561    0.550327    0.468678
    0.964539    0.553224    0.474491
    0.967400    0.556017    0.480101
    0.970146    0.558678    0.485504
    0.972774    0.560902    0.490696
    0.975284    0.562549    0.495674
    0.977675    0.563795    0.500431
    0.979948    0.564733    0.504963
    0.982101    0.565419    0.509275
    0.984134    0.565888    0.513358
    0.986046    0.566160    0.517209
    0.987838    0.566247    0.520824
    0.989507    0.566159    0.524203
    0.991055    0.565900    0.527340
    0.992480    0.565475    0.530237
    0.993782    0.564941    0.532889
    0.994962    0.564192    0.535294
    0.996018    0.563240    0.537450
    0.996950    0.562192    0.539357
    0.997759    0.561005    0.541107
    0.998443    0.559698    0.542690
    0.999003    0.558244    0.544457
    0.999439    0.556655    0.546267
    0.999751    0.554956    0.548014
    0.999938    0.553102    0.549748
    1.000000    0.552215    0.552215
  BLADE PROFILES IN CARTESIAN COORDINATES (3D) 
  VARIABLES = "X", "YSS", "YPS" "R" 
  BLADE           1  SECTION           2
  -25.004372   -0.540580   -0.540580  799.402893
  -22.131281   -1.692948   -1.692948  799.403015
  -19.569622   -2.720404   -2.720404  799.402954
  -17.285637   -3.636486   -3.636486  799.403137
  -15.249228   -4.453267   -4.453267  799.403015
  -13.433558   -5.181513   -5.181513  799.402954
  -11.814702   -5.830820   -5.830820  799.403015
  -10.371325   -6.409745   -6.409745  799.403015
   -9.084404   -6.925915   -6.925915  799.402954
   -7.936978   -7.386136   -7.386136  799.403015
   -6.913929   -7.796467   -7.796467  799.403015
   -6.001778   -8.162322   -8.162322  799.403015
   -5.188502   -8.488520   -8.488520  799.402954
   -4.463378   -8.779357   -8.779357  799.403076
   -3.816858   -9.038669   -9.038669  799.403015
   -3.240421   -9.269875   -9.269875  799.403015
   -2.726465   -9.476015   -9.476015  799.403015
   -2.268218   -9.659813   -9.659813  799.403015
   -1.859646   -9.823687   -9.823687  799.403015
   -1.495361   -9.969798   -9.969798  799.402954
   -1.170564  -10.100070  -10.100070  799.403076
   -0.880975  -10.216223  -10.216223  799.403015
   -0.622772  -10.319783  -10.319783  799.403015
   -0.392560  -10.412119  -10.412119  799.403076
   -0.187304  -10.494448  -10.494448  799.402954
   -0.004295  -10.567848  -10.567848  799.403076
    0.178713   -9.563993  -11.544388  799.403076
    0.370063   -9.222887  -11.858174  799.403015
    0.570524   -8.956835  -12.118990  799.403015
    0.780863   -8.724388  -12.378491  799.403076
    1.001850   -8.514717  -12.640482  799.403015
    1.234252   -8.329320  -12.907286  799.403015
    1.478840   -8.174061  -13.177175  799.403015
    1.736380   -8.053879  -13.451645  799.403015
    2.007645   -7.950494  -13.730792  799.403076
    2.293401   -7.846695  -14.014920  799.402954
    2.594419   -7.740811  -14.303921  799.403015
    2.911464   -7.632579  -14.597555  799.403076
    3.245310   -7.521968  -14.895674  799.403076
    3.596720   -7.407961  -15.199172  799.403076
    3.966289   -7.290388  -15.503493  799.403076
    4.354111   -7.169192  -15.808836  799.403076
    4.761085   -7.044013  -16.114973  799.403015
    5.188228   -6.914442  -16.421349  799.403076
    5.636667   -6.779452  -16.729002  799.403137
    6.107632   -6.638731  -17.030897  799.402954
    6.602483   -6.491533  -17.329018  799.403137
    7.122401   -6.337047  -17.623011  799.403076
    7.668389   -6.174546  -17.910759  799.402832
    8.242267   -6.003119  -18.185801  799.403015
    8.846091   -5.821272  -18.453493  799.403076
    9.482126   -5.627985  -18.702322  799.402893
   10.152873   -5.421336  -18.935621  799.403076
   10.861053   -5.199739  -19.147980  799.402954
   11.615239   -4.959073  -19.333563  799.402954
   12.426320   -4.694544  -19.493414  799.402893
   13.295166   -4.403832  -19.611656  799.403015
   14.221128   -4.084976  -19.685780  799.402832
   15.201971   -3.736257  -19.704905  799.402832
   16.233891   -3.356280  -19.650343  799.403015
   17.311569   -2.944325  -19.527206  799.402954
   18.417530   -2.504993  -19.322779  799.402954
   19.534077   -2.043737  -19.035036  799.403076
   20.655214   -1.560511  -18.674280  799.402893
   21.776012   -1.058934  -18.228668  799.402954
   22.892725   -0.537468  -17.716051  799.402954
   24.002634    0.000000  -17.124405  799.403015
   25.104233    0.554161  -16.466085  799.402954
   26.204895    1.129290  -15.739717  799.402893
   27.309652    1.729642  -14.932531  799.403137
   28.417568    2.352335  -14.051270  799.403198
   29.527191    2.998681  -13.096670  799.402893
   30.636522    3.666432  -12.071386  799.403015
   31.743038    4.357072  -10.979445  799.402893
   32.843578    5.067280   -9.819539  799.403076
   33.928329    5.790649   -8.607082  799.403015
   34.991234    6.521821   -7.350693  799.403076
   36.029346    7.257535   -6.064313  799.402954
   37.040382    7.993385   -4.752355  799.402893
   38.022499    8.729212   -3.422201  799.402893
   38.974525    9.461537   -2.080258  799.403015
   39.895748   10.187880   -0.732171  799.402954
   40.789570   10.908361    0.624233  799.403076
   41.656883   11.624098    1.980457  799.402954
   42.497654   12.333092    3.335760  799.402893
   43.311913   13.034106    4.686802  799.403076
   44.099644   13.725338    6.031031  799.403015
   44.860855   14.405525    7.360799  799.402954
   45.595539   15.074191    8.675330  799.403015
   46.303696   15.729675    9.971143  799.402954
   46.985344   16.370831   11.244748  799.402954
   47.640461   16.996500   12.494041  799.402954
   48.269058   17.605589   13.714478  799.403076
   48.871128   18.084929   14.903991  799.402954
   49.446674   18.209246   16.059841  799.402954
   49.995697   17.509945   17.509356  799.403015
   50.544727   18.349091   18.348797  799.403015
   51.125099   19.236477   19.236477  799.403076
   51.738636   20.174543   20.174543  799.403015
   52.387199   21.166187   21.166187  799.403076
   53.072815   22.214460   22.214460  799.403015
   53.797577   23.322607   23.322607  799.403015
   54.563736   24.494040   24.494040  799.402954
   55.373646   25.732382   25.732382  799.403015
   56.229820   27.041441   27.041441  799.402954
   57.134884   28.425261   28.425261  799.403015
   58.091644   29.888119   29.888119  799.403015
   59.103043   31.434525   31.434525  799.403015
   60.172211   33.069237   33.069237  799.402954
   61.302441   34.797325   34.797325  799.403015
   62.497219   36.624100   36.624100  799.403076
  BLADE PROFILES IN CARTESIAN COORDINATES (2D) BEFORE   PROJECTION, SCALING, MESHING AND STACKING 
  VARIABLES = "X", "YSS", "YPS" 
  BLADE           1  SECTION           3
    0.000000   -0.009968   -0.009968
    0.000062   -0.006013   -0.011744
    0.000249   -0.003126   -0.014847
    0.000561   -0.000388   -0.017908
    0.000997    0.002217   -0.020669
    0.001557    0.004689   -0.023100
    0.002241    0.007038   -0.025345
    0.003050    0.009291   -0.027502
    0.003982    0.011443   -0.029508
    0.005038    0.013534   -0.031416
    0.006218    0.015584   -0.033302
    0.007520    0.017611   -0.035182
    0.008945    0.019639   -0.037083
    0.010493    0.021650   -0.039079
    0.012162    0.023672   -0.041188
    0.013954    0.025681   -0.043408
    0.015866    0.027697   -0.045737
    0.017899    0.029696   -0.048167
    0.020052    0.031661   -0.050696
    0.022325    0.033562   -0.053324
    0.024716    0.035390   -0.056052
    0.027226    0.037098   -0.058845
    0.029854    0.038636   -0.061717
    0.032600    0.039994   -0.064663
    0.035461    0.041192   -0.067674
    0.038439    0.042331   -0.070748
    0.041531    0.043477   -0.073881
    0.044738    0.044642   -0.077067
    0.048058    0.045825   -0.080303
    0.051491    0.047027   -0.083582
    0.055036    0.048248   -0.086900
    0.058691    0.049486   -0.090251
    0.062456    0.050740   -0.093630
    0.066331    0.052008   -0.097043
    0.070314    0.053301   -0.100494
    0.074403    0.054614   -0.103929
    0.078599    0.055946   -0.107368
    0.082900    0.057297   -0.110803
    0.087305    0.058668   -0.114234
    0.091812    0.060058   -0.117657
    0.096421    0.061468   -0.121066
    0.101131    0.062896   -0.124457
    0.105941    0.064350   -0.127836
    0.110848    0.065827   -0.131212
    0.115853    0.067326   -0.134516
    0.120953    0.068849   -0.137763
    0.126148    0.070394   -0.140966
    0.131435    0.071967   -0.144118
    0.136815    0.073565   -0.147216
    0.142285    0.075189   -0.150269
    0.147845    0.076841   -0.153292
    0.153492    0.078523   -0.156180
    0.159225    0.080233   -0.158985
    0.165044    0.081972   -0.161713
    0.170946    0.083747   -0.164379
    0.176930    0.085550   -0.166982
    0.182994    0.087386   -0.169440
    0.189138    0.089257   -0.171774
    0.195358    0.091166   -0.174008
    0.201655    0.093106   -0.176161
    0.208026    0.095091   -0.178231
    0.214470    0.097106   -0.180126
    0.220986    0.099159   -0.181874
    0.227570    0.101263   -0.183502
    0.234223    0.103397   -0.185028
    0.240941    0.105574   -0.186462
    0.247725    0.107803   -0.187671
    0.254571    0.110064   -0.188731
    0.261478    0.112384   -0.189654
    0.268445    0.114737   -0.190451
    0.275470    0.117136   -0.191139
    0.282550    0.119595   -0.191578
    0.289685    0.122089   -0.191862
    0.296872    0.124635   -0.192016
    0.304110    0.127241   -0.192056
    0.311396    0.129882   -0.191825
    0.318730    0.132596   -0.191421
    0.326109    0.135342   -0.190855
    0.333531    0.138139   -0.190138
    0.340994    0.141013   -0.189290
    0.348497    0.143920   -0.188164
    0.356038    0.146879   -0.186862
    0.363615    0.149898   -0.185413
    0.371226    0.152988   -0.183825
    0.378869    0.156115   -0.181963
    0.386542    0.159295   -0.179897
    0.394243    0.162538   -0.177650
    0.401971    0.165856   -0.175250
    0.409723    0.169209   -0.172703
    0.417498    0.172618   -0.169887
    0.425293    0.176083   -0.166857
    0.433107    0.179606   -0.163641
    0.440937    0.183195   -0.160240
    0.448783    0.186853   -0.156675
    0.456641    0.190549   -0.152972
    0.464509    0.194300   -0.148992
    0.472387    0.198107   -0.144806
    0.480272    0.201969   -0.140434
    0.488161    0.205887   -0.135878
    0.496053    0.209859   -0.131138
    0.503947    0.213887   -0.126239
    0.511839    0.217970   -0.121201
    0.519729    0.222107   -0.115913
    0.527613    0.226295   -0.110432
    0.535491    0.230536   -0.104764
    0.543360    0.234833   -0.098922
    0.551217    0.239195   -0.092908
    0.559063    0.243584   -0.086723
    0.566893    0.248021   -0.080371
    0.574707    0.252505   -0.073853
    0.582502    0.257034   -0.067174
    0.590277    0.261600   -0.060334
    0.598029    0.266196   -0.053339
    0.605757    0.270853   -0.046192
    0.613458    0.275551   -0.038919
    0.621131    0.280287   -0.031539
    0.628774    0.285060   -0.023955
    0.636385    0.289869   -0.016235
    0.643962    0.294710   -0.008382
    0.651503    0.299584   -0.000401
    0.659006    0.304490    0.007703
    0.666469    0.309425    0.015926
    0.673891    0.314386    0.024285
    0.681270    0.319372    0.032786
    0.688604    0.324380    0.041334
    0.695890    0.329408    0.049980
    0.703128    0.334455    0.058719
    0.710315    0.339517    0.067545
    0.717450    0.344593    0.076453
    0.724530    0.349681    0.085438
    0.731555    0.354769    0.094492
    0.738522    0.359857    0.103610
    0.745429    0.364966    0.112788
    0.752275    0.370076    0.122017
    0.759059    0.375186    0.131293
    0.765777    0.380295    0.140610
    0.772430    0.385401    0.149960
    0.779015    0.390499    0.159345
    0.785530    0.395587    0.168753
    0.791974    0.400662    0.178176
    0.798345    0.405722    0.187607
    0.804642    0.410763    0.197062
    0.810863    0.415775    0.206524
    0.817006    0.420761    0.215942
    0.823070    0.425733    0.225342
    0.829054    0.430675    0.234719
    0.834956    0.435587    0.244065
    0.840775    0.440464    0.253376
    0.846508    0.445306    0.262643
    0.852155    0.450110    0.271867
    0.857715    0.454872    0.281035
    0.863185    0.459590    0.290140
    0.868565    0.464259    0.299176
    0.873852    0.468879    0.308154
    0.879047    0.473446    0.317052
    0.884147    0.477951    0.325841
    0.889152    0.482398    0.334536
    0.894059    0.486792    0.343130
    0.898869    0.491122    0.351617
    0.903579    0.495387    0.359991
    0.908188    0.499584    0.368250
    0.912695    0.503710    0.376385
    0.917100    0.507763    0.384388
    0.921401    0.511740    0.392255
    0.925597    0.515639    0.399979
    0.929686    0.519458    0.407555
    0.933669    0.523195    0.414977
    0.937544    0.526846    0.422240
    0.941309    0.530410    0.429339
    0.944965    0.533885    0.436282
    0.948509    0.537268    0.443039
    0.951942    0.540558    0.449613
    0.955262    0.543751    0.456002
    0.958469    0.546847    0.462203
    0.961561    0.549842    0.468211
    0.964539    0.552736    0.474021
    0.967400    0.555526    0.479627
    0.970146    0.558184    0.485027
    0.972774    0.560405    0.490216
    0.975284    0.562050    0.495190
    0.977675    0.563293    0.499944
    0.979948    0.564229    0.504473
    0.982101    0.564913    0.508782
    0.984134    0.565380    0.512862
    0.986046    0.565651    0.516711
    0.987838    0.565736    0.520325
    0.989507    0.565646    0.523701
    0.991055    0.565387    0.526836
    0.992480    0.564960    0.529731
    0.993782    0.564425    0.532381
    0.994962    0.563675    0.534784
    0.996018    0.562723    0.536939
    0.996950    0.561674    0.538845
    0.997759    0.560488    0.540594
    0.998443    0.559179    0.542176
    0.999003    0.557725    0.543942
    0.999439    0.556137    0.545751
    0.999751    0.554439    0.547496
    0.999938    0.552586    0.549230
    1.000000    0.551698    0.551698
  BLADE PROFILES IN CARTESIAN COORDINATES (3D) 
  VARIABLES = "X", "YSS", "YPS" "R" 
  BLADE           1  SECTION           3
  -25.037859   -0.538183   -0.538183  799.752991
  -22.162785   -1.690855   -1.690855  799.755005
  -19.599354   -2.718584   -2.718584  799.757141
  -17.313787   -3.634915   -3.634915  799.759338
  -15.275974   -4.451923   -4.451923  799.761597
  -13.459046   -5.180373   -5.180373  799.763855
  -11.839073   -5.829863   -5.829863  799.765808
  -10.394699   -6.408955   -6.408955  799.767883
   -9.106890   -6.925276   -6.925276  799.769897
   -7.958674   -7.385634   -7.385634  799.771790
   -6.934920   -7.796089   -7.796089  799.773315
   -6.022141   -8.162056   -8.162056  799.774963
   -5.208301   -8.488354   -8.488354  799.776306
   -4.482682   -8.779282   -8.779282  799.777771
   -3.835716   -9.038676   -9.038676  799.778992
   -3.258878   -9.269955   -9.269955  799.780090
   -2.744570   -9.476162   -9.476162  799.781128
   -2.286006   -9.660019   -9.660019  799.782227
   -1.877153   -9.823945   -9.823945  799.783020
   -1.512619   -9.970105   -9.970105  799.783691
   -1.187596  -10.100420  -10.100420  799.784302
   -0.897806  -10.216611  -10.216611  799.785034
   -0.639428  -10.320206  -10.320206  799.785522
   -0.409057  -10.412571  -10.412571  799.786072
   -0.203660  -10.494927  -10.494927  799.786499
   -0.020525  -10.568354  -10.568354  799.786987
    0.162608   -9.563996  -11.545527  799.787720
    0.354090   -9.222786  -11.859554  799.788391
    0.554684   -8.956579  -12.120486  799.789185
    0.765168   -8.724033  -12.380108  799.790039
    0.986303   -8.514282  -12.642217  799.790771
    1.218868   -8.328829  -12.909141  799.791931
    1.463620   -8.173608  -13.179155  799.792786
    1.721336   -8.053429  -13.453746  799.793884
    1.992788   -7.950000  -13.733022  799.794983
    2.278739   -7.846151  -14.017282  799.796204
    2.579960   -7.740220  -14.306422  799.797485
    2.897220   -7.631943  -14.600199  799.798706
    3.231295   -7.521286  -14.898462  799.800171
    3.582943   -7.407234  -15.202112  799.801697
    3.952762   -7.289613  -15.506582  799.803284
    4.340848   -7.168377  -15.812084  799.804993
    4.748102   -7.043160  -16.118385  799.806824
    5.175536   -6.913548  -16.424925  799.808716
    5.624277   -6.778521  -16.732748  799.810730
    6.095564   -6.637768  -17.034817  799.812927
    6.590754   -6.490538  -17.333117  799.815308
    7.111021   -6.336023  -17.627291  799.817566
    7.657379   -6.173502  -17.915234  799.820435
    8.231651   -6.002055  -18.190464  799.823181
    8.835878   -5.820192  -18.458347  799.826111
    9.472344   -5.626896  -18.707386  799.829163
   10.143552   -5.420244  -18.940886  799.832458
   10.852218   -5.198648  -19.153463  799.836060
   11.606912   -4.957991  -19.339252  799.839966
   12.418532   -4.693484  -19.499331  799.844055
   13.287971   -4.402802  -19.617781  799.848755
   14.214562   -4.083986  -19.692142  799.853455
   15.196068   -3.735323  -19.711468  799.858582
   16.228704   -3.355417  -19.657154  799.863831
   17.307104   -2.943550  -19.534279  799.869873
   18.413807   -2.504323  -19.330011  799.875977
   19.531107   -2.043178  -19.042486  799.881775
   20.653004   -1.560071  -18.681906  799.888123
   21.774580   -1.058646  -18.236465  799.893982
   22.892044   -0.537317  -17.723976  799.900330
   24.002703    0.000000  -17.132492  799.906128
   25.105040    0.553984  -16.474287  799.912292
   26.206448    1.128955  -15.748016  799.917969
   27.311949    1.728382  -14.940925  799.924072
   28.420626    2.351611  -14.059725  799.929810
   29.531008    2.997350  -13.105169  799.935486
   30.641092    3.665304  -12.079939  799.941650
   31.748346    4.355718  -10.988012  799.947327
   32.849640    5.065705   -9.828111  799.953003
   33.935131    5.788847   -8.613238  799.958496
   34.998745    6.519782   -7.359251  799.963623
   36.037579    7.255269   -6.072838  799.968811
   37.049286    7.990881   -4.760849  799.973572
   38.032078    8.726480   -3.430643  799.978088
   38.984745    9.458575   -2.088632  799.982422
   39.906605   10.184692   -0.740486  799.986450
   40.801033   10.904945    0.615987  799.990479
   41.668938   11.620456    1.972293  799.994141
   42.510284   12.329233    3.327682  799.997498
   43.325096   13.030023    4.678801  800.000916
   44.113361   13.721042    6.023125  800.003906
   44.875092   14.401009    7.352974  800.006775
   45.610302   15.069478    8.667614  800.009827
   46.318928   15.724743    9.963514  800.012085
   47.001034   16.365700   11.237218  800.014465
   47.656616   16.991173   12.486611  800.016663
   48.285633   17.600054   13.707114  800.018555
   48.888126   18.079117   14.896729  800.020691
   49.464062   18.203043   16.052683  800.022217
   50.013466   17.503073   17.502485  800.023865
   50.562874   18.342155   18.341862  800.024536
   51.143661   19.229477   19.229477  800.025452
   51.757610   20.167473   20.167473  800.026367
   52.406631   21.159050   21.159050  800.027527
   53.092712   22.207262   22.207262  800.028992
   53.817966   23.315348   23.315348  800.030640
   54.584652   24.486727   24.486727  800.032532
   55.395119   25.725018   25.725018  800.035034
   56.251877   27.034048   27.034048  800.037842
   57.157570   28.417864   28.417864  800.041565
   58.114975   29.880728   29.880728  800.045776
   59.127071   31.427172   31.427172  800.050781
   60.196957   33.061966   33.061966  800.056580
   61.327950   34.790165   34.790165  800.063293
   62.523529   36.617111   36.617111  800.070984
  BLADE PROFILES IN CARTESIAN COORDINATES (2D) BEFORE   PROJECTION, SCALING, MESHING AND STACKING 
  VARIABLES = "X", "YSS", "YPS" 
  BLADE           2  SECTION           1
    0.000000    0.014665    0.014665
    0.000062    0.017490    0.009901
    0.000249    0.020655    0.005870
    0.000561    0.023229    0.002013
    0.000997    0.025571   -0.001625
    0.001557    0.027664   -0.004898
    0.002241    0.029752   -0.007951
    0.003050    0.031837   -0.010784
    0.003982    0.033835   -0.013433
    0.005038    0.035711   -0.015864
    0.006218    0.037625   -0.018170
    0.007520    0.039594   -0.020404
    0.008945    0.041658   -0.022606
    0.010493    0.043844   -0.024766
    0.012162    0.046105   -0.026919
    0.013954    0.048453   -0.029077
    0.015866    0.050890   -0.031218
    0.017899    0.053409   -0.033363
    0.020052    0.056003   -0.035469
    0.022325    0.058667   -0.037513
    0.024716    0.061388   -0.039497
    0.027226    0.064168   -0.041355
    0.029854    0.067002   -0.043032
    0.032600    0.069885   -0.044475
    0.035461    0.072834   -0.045701
    0.038439    0.075822   -0.046764
    0.041531    0.078825   -0.047773
    0.044738    0.081858   -0.048777
    0.048058    0.084917   -0.049767
    0.051491    0.087995   -0.050750
    0.055036    0.091078   -0.051739
    0.058691    0.094171   -0.052723
    0.062456    0.097270   -0.053700
    0.066331    0.100370   -0.054671
    0.070314    0.103487   -0.055633
    0.074403    0.106602   -0.056589
    0.078599    0.109678   -0.057552
    0.082900    0.112737   -0.058514
    0.087305    0.115766   -0.059476
    0.091812    0.118759   -0.060435
    0.096421    0.121720   -0.061394
    0.101131    0.124645   -0.062353
    0.105941    0.127550   -0.063323
    0.110848    0.130423   -0.064299
    0.115853    0.133215   -0.065280
    0.120953    0.135944   -0.066267
    0.126148    0.138601   -0.067264
    0.131435    0.141195   -0.068275
    0.136815    0.143722   -0.069298
    0.142285    0.146196   -0.070336
    0.147845    0.148622   -0.071389
    0.153492    0.150916   -0.072461
    0.159225    0.153107   -0.073552
    0.165044    0.155212   -0.074666
    0.170946    0.157251   -0.075804
    0.176930    0.159211   -0.076965
    0.182994    0.161035   -0.078152
    0.189138    0.162724   -0.079374
    0.195358    0.164304   -0.080620
    0.201655    0.165774   -0.081897
    0.208026    0.167151   -0.083213
    0.214470    0.168447   -0.084568
    0.220986    0.169543   -0.085952
    0.227570    0.170505   -0.087382
    0.234223    0.171342   -0.088858
    0.240941    0.172070   -0.090366
    0.247725    0.172703   -0.091927
    0.254571    0.173116   -0.093540
    0.261478    0.173379   -0.095188
    0.268445    0.173503   -0.096894
    0.275470    0.173505   -0.098661
    0.282550    0.173401   -0.100465
    0.289685    0.173059   -0.102331
    0.296872    0.172555   -0.104267
    0.304110    0.171900   -0.106242
    0.311396    0.171113   -0.108277
    0.318730    0.170207   -0.110385
    0.326109    0.169059   -0.112561
    0.333531    0.167733   -0.114783
    0.340994    0.166246   -0.117076
    0.348497    0.164624   -0.119458
    0.356038    0.162865   -0.121883
    0.363615    0.160883   -0.124374
    0.371226    0.158696   -0.126934
    0.378869    0.156341   -0.129575
    0.386542    0.153818   -0.132308
    0.394243    0.151153   -0.135086
    0.401971    0.148346   -0.137937
    0.409723    0.145312   -0.140860
    0.417498    0.142078   -0.143857
    0.425293    0.138668   -0.146933
    0.433107    0.135086   -0.150092
    0.440937    0.131334   -0.153346
    0.448783    0.127439   -0.156649
    0.456641    0.123399   -0.160027
    0.464509    0.119134   -0.163482
    0.472387    0.114698   -0.167012
    0.480272    0.110072   -0.170617
    0.488161    0.105278   -0.174299
    0.496053    0.100319   -0.178056
    0.503947    0.095195   -0.181888
    0.511839    0.089908   -0.185796
    0.519729    0.084459   -0.189777
    0.527613    0.078850   -0.193833
    0.535491    0.073111   -0.197961
    0.543360    0.067243   -0.202162
    0.551217    0.061167   -0.206434
    0.559063    0.054940   -0.210777
    0.566893    0.048564   -0.215189
    0.574707    0.042044   -0.219668
    0.582502    0.035381   -0.224215
    0.590277    0.028578   -0.228827
    0.598029    0.021640   -0.233504
    0.605757    0.014569   -0.238242
    0.613458    0.007369   -0.243042
    0.621131    0.000044   -0.247901
    0.628774   -0.007403   -0.252816
    0.636385   -0.014967   -0.257788
    0.643962   -0.022644   -0.262812
    0.651503   -0.030430   -0.267888
    0.659006   -0.038320   -0.273013
    0.666469   -0.046311   -0.278185
    0.673891   -0.054398   -0.283402
    0.681270   -0.062575   -0.288662
    0.688604   -0.070838   -0.293961
    0.695890   -0.079183   -0.299298
    0.703128   -0.087604   -0.304656
    0.710315   -0.096096   -0.310038
    0.717450   -0.104654   -0.315473
    0.724530   -0.113297   -0.320934
    0.731555   -0.122009   -0.326419
    0.738521   -0.130733   -0.331926
    0.745429   -0.139502   -0.337451
    0.752275   -0.148310   -0.342993
    0.759059   -0.157152   -0.348550
    0.765777   -0.166022   -0.354117
    0.772430   -0.174915   -0.359690
    0.779014   -0.183825   -0.365267
    0.785530   -0.192747   -0.370844
    0.791974   -0.201674   -0.376418
    0.798345   -0.210603   -0.381985
    0.804642   -0.219530   -0.387543
    0.810862   -0.228444   -0.393076
    0.817006   -0.237341   -0.398592
    0.823070   -0.246214   -0.404103
    0.829054   -0.255058   -0.409592
    0.834956   -0.263866   -0.415054
    0.840775   -0.272654   -0.420488
    0.846508   -0.281394   -0.425888
    0.852155   -0.290060   -0.431253
    0.857715   -0.298667   -0.436579
    0.863185   -0.307210   -0.441862
    0.868565   -0.315683   -0.447100
    0.873852   -0.324080   -0.452290
    0.879047   -0.332396   -0.457427
    0.884147   -0.340626   -0.462508
    0.889152   -0.348764   -0.467529
    0.894059   -0.356804   -0.472488
    0.898869   -0.364740   -0.477382
    0.903579   -0.372566   -0.482206
    0.908188   -0.380277   -0.486958
    0.912695   -0.387868   -0.491634
    0.917100   -0.395333   -0.496233
    0.921401   -0.402667   -0.500749
    0.925597   -0.409865   -0.505181
    0.929686   -0.416923   -0.509525
    0.933669   -0.423834   -0.513779
    0.937544   -0.430595   -0.517939
    0.941309   -0.437200   -0.522003
    0.944965   -0.443645   -0.525968
    0.948509   -0.449926   -0.529832
    0.951942   -0.456037   -0.533591
    0.955262   -0.461976   -0.537243
    0.958469   -0.467736   -0.540785
    0.961561   -0.473315   -0.544215
    0.964539   -0.478708   -0.547530
    0.967400   -0.483912   -0.550729
    0.970145   -0.488922   -0.553814
    0.972773   -0.493736   -0.556685
    0.975284   -0.498350   -0.558954
    0.977675   -0.502760   -0.560608
    0.979948   -0.506963   -0.561850
    0.982101   -0.510957   -0.562780
    0.984134   -0.514735   -0.563445
    0.986046   -0.518299   -0.563876
    0.987837   -0.521647   -0.564096
    0.989507   -0.524775   -0.564118
    0.991055   -0.527679   -0.563957
    0.992480   -0.530357   -0.563621
    0.993782   -0.532810   -0.563133
    0.994962   -0.535036   -0.562465
    0.996018   -0.537031   -0.561645
    0.996950   -0.538820   -0.560663
    0.997759   -0.540464   -0.559545
    0.998443   -0.542172   -0.558297
    0.999003   -0.543829   -0.556929
    0.999439   -0.545583   -0.555452
    0.999751   -0.547440   -0.553877
    0.999938   -0.549384   -0.552221
    1.000000   -0.550483   -0.550483
  BLADE PROFILES IN CARTESIAN COORDINATES (3D) 
  VARIABLES = "X", "YSS", "YPS" "R" 
  BLADE           2  SECTION           1
   52.458649   -8.012025   -8.012025  798.778259
   53.626492   -7.541160   -7.541160  798.775757
   54.673527   -7.119001   -7.119001  798.772949
   55.612255   -6.740510   -6.740510  798.770081
   56.453876   -6.401168   -6.401168  798.767151
   57.208443   -6.096929   -6.096929  798.764038
   57.884941   -5.824158   -5.824158  798.761047
   58.491470   -5.579603   -5.579603  798.758179
   59.035248   -5.360347   -5.360347  798.755371
   59.522781   -5.163771   -5.163771  798.752869
   59.959877   -4.987529   -4.987529  798.750549
   60.351765   -4.829519   -4.829519  798.748291
   60.703106   -4.687853   -4.687853  798.746277
   61.018112   -4.560843   -4.560843  798.744263
   61.300526   -4.446970   -4.446970  798.742554
   61.553719   -4.344877   -4.344877  798.740967
   61.780739   -4.253345   -4.253345  798.739502
   61.984253   -4.171281   -4.171281  798.738220
   62.166733   -4.097707   -4.097707  798.737061
   62.330322   -4.031743   -4.031743  798.735901
   62.477001   -3.972603   -3.972603  798.735046
   62.623672   -3.083805   -4.917940  798.733948
   62.777027   -2.829009   -5.229276  798.732727
   62.937683   -2.601896   -5.458838  798.731506
   63.106270   -2.382576   -5.657659  798.730164
   63.283363   -2.166104   -5.837763  798.728516
   63.469627   -1.951205   -5.998253  798.726990
   63.665642   -1.736903   -6.133668  798.725342
   63.872047   -1.521510   -6.234835  798.723694
   64.089462   -1.304756   -6.311601  798.721741
   64.318466   -1.088079   -6.383132  798.719727
   64.559715   -0.870363   -6.452932  798.717529
   64.813797   -0.652494   -6.522516  798.715088
   65.081367   -0.434065   -6.591269  798.712708
   65.362991   -0.214012   -6.659220  798.710022
   65.659172    0.004954   -6.727389  798.707153
   65.969978    0.221783   -6.795940  798.703979
   66.296158    0.435772   -6.864786  798.700867
   66.638474    0.647541   -6.934471  798.697144
   66.997864    0.857515   -7.005944  798.693420
   67.375320    1.060859   -7.079208  798.689575
   67.771889    1.257894   -7.155098  798.685120
   68.188560    1.449321   -7.234232  798.680359
   68.626122    1.633423   -7.317249  798.675476
   69.086021    1.804581   -7.405021  798.669983
   69.569946    1.967385   -7.498631  798.664368
   70.079666    2.113415   -7.599319  798.658264
   70.617218    2.242656   -7.707953  798.651550
   71.184761    2.356497   -7.826821  798.644592
   71.789169    2.443721   -7.958351  798.636902
   72.439186    2.509592   -8.106025  798.628296
   73.135483    2.537880   -8.272503  798.619019
   73.877525    2.531953   -8.460250  798.608704
   74.663582    2.474641   -8.671653  798.598022
   75.490555    2.369798   -8.908722  798.586121
   76.354202    2.202485   -9.173214  798.573669
   77.240501    1.978393   -9.462888  798.560669
   78.135307    1.692022   -9.777009  798.547363
   79.033783    1.352157  -10.112130  798.533569
   79.931969    0.951929  -10.470218  798.519958
   80.826904    0.503225  -10.849722  798.506165
   81.716347    0.000000  -11.248979  798.492249
   82.599152   -0.552565  -11.668280  798.478455
   83.481216   -1.155840  -12.110687  798.464661
   84.366539   -1.809021  -12.578740  798.450500
   85.254402   -2.519044  -13.072709  798.436462
   86.143646   -3.281310  -13.592462  798.422424
   87.032669   -4.094398  -14.137419  798.408325
   87.919380   -4.955917  -14.706514  798.394226
   88.801338   -5.862536  -15.298080  798.380371
   89.670654   -6.804414  -15.906330  798.366821
   90.522423   -7.773504  -16.526508  798.353699
   91.354370   -8.764266  -17.154881  798.340881
   92.164604   -9.772360  -17.790516  798.328369
   92.951660  -10.788565  -18.429672  798.316467
   93.714592  -11.810186  -19.069757  798.305359
   94.452873  -12.833037  -19.708279  798.294434
   95.169174  -13.857997  -20.344921  798.283997
   95.864212  -14.882520  -20.980740  798.274048
   96.538017  -15.905566  -21.613411  798.264526
   97.190559  -16.920927  -22.241432  798.255493
   97.821854  -17.927950  -22.863529  798.246948
   98.431870  -18.924410  -23.478176  798.238953
   99.020660  -19.907534  -24.084009  798.231140
   99.588203  -20.875004  -24.679726  798.223816
  100.134453  -21.824625  -25.264057  798.216797
  100.659477  -22.754288  -25.835886  798.210266
  101.163231  -23.661961  -26.393871  798.204224
  101.645752  -24.545712  -26.872158  798.198425
  102.107002  -25.403488  -27.017302  798.193115
  102.546997  -26.470053  -26.470444  798.187988
  102.987015  -27.142447  -27.142643  798.185242
  103.462051  -27.868122  -27.868122  798.182129
  103.974854  -28.651522  -28.651522  798.178955
  104.528442  -29.497240  -29.497240  798.175537
  105.126099  -30.410244  -30.410244  798.172058
  105.771301  -31.395874  -31.395874  798.168213
  106.467819  -32.459911  -32.459911  798.164368
  107.219757  -33.608601  -33.608601  798.160461
  108.031494  -34.848663  -34.848663  798.156128
  108.907829  -36.187382  -36.187382  798.151917
  109.853889  -37.632599  -37.632599  798.147461
  110.875183  -39.192780  -39.192780  798.142822
  111.977737  -40.877094  -40.877094  798.138123
  113.168007  -42.695400  -42.695400  798.133484
  114.452957  -44.658352  -44.658352  798.128662
  115.840126  -46.777485  -46.777485  798.124084
  117.337677  -49.065208  -49.065208  798.119446
  118.954338  -51.534943  -51.534943  798.115051
  120.699638  -54.201176  -54.201176  798.110840
  122.583740  -57.079525  -57.079525  798.106995
  BLADE PROFILES IN CARTESIAN COORDINATES (2D) BEFORE   PROJECTION, SCALING, MESHING AND STACKING 
  VARIABLES = "X", "YSS", "YPS" 
  BLADE           2  SECTION           2
    0.000000    0.014711    0.014711
    0.000062    0.017440    0.009807
    0.000249    0.020612    0.005766
    0.000561    0.023215    0.001903
    0.000997    0.025568   -0.001706
    0.001557    0.027653   -0.004982
    0.002241    0.029751   -0.008036
    0.003050    0.031844   -0.010868
    0.003982    0.033837   -0.013509
    0.005038    0.035719   -0.015935
    0.006218    0.037636   -0.018242
    0.007520    0.039603   -0.020479
    0.008945    0.041665   -0.022683
    0.010493    0.043847   -0.024847
    0.012162    0.046106   -0.027006
    0.013954    0.048453   -0.029168
    0.015866    0.050887   -0.031315
    0.017899    0.053403   -0.033465
    0.020052    0.055994   -0.035575
    0.022325    0.058655   -0.037626
    0.024716    0.061371   -0.039614
    0.027226    0.064146   -0.041475
    0.029854    0.066976   -0.043139
    0.032600    0.069856   -0.044589
    0.035461    0.072799   -0.045825
    0.038439    0.075784   -0.046889
    0.041531    0.078782   -0.047906
    0.044738    0.081810   -0.048918
    0.048058    0.084863   -0.049915
    0.051491    0.087934   -0.050908
    0.055036    0.091011   -0.051906
    0.058691    0.094099   -0.052898
    0.062456    0.097192   -0.053883
    0.066331    0.100286   -0.054863
    0.070314    0.103395   -0.055834
    0.074403    0.106504   -0.056801
    0.078599    0.109573   -0.057774
    0.082900    0.112625   -0.058746
    0.087305    0.115645   -0.059717
    0.091812    0.118630   -0.060687
    0.096421    0.121584   -0.061656
    0.101131    0.124501   -0.062626
    0.105941    0.127397   -0.063607
    0.110848    0.130264   -0.064594
    0.115853    0.133048   -0.065586
    0.120953    0.135764   -0.066584
    0.126148    0.138412   -0.067593
    0.131435    0.140998   -0.068615
    0.136815    0.143541   -0.069650
    0.142285    0.146024   -0.070699
    0.147845    0.148399   -0.071765
    0.153492    0.150679   -0.072849
    0.159225    0.152861   -0.073952
    0.165044    0.154957   -0.075078
    0.170946    0.156985   -0.076229
    0.176930    0.158937   -0.077401
    0.182994    0.160750   -0.078602
    0.189138    0.162425   -0.079836
    0.195358    0.163995   -0.081095
    0.201655    0.165484   -0.082385
    0.208026    0.166873   -0.083720
    0.214470    0.168109   -0.085081
    0.220986    0.169188   -0.086479
    0.227570    0.170139   -0.087923
    0.234223    0.170966   -0.089411
    0.240941    0.171682   -0.090932
    0.247725    0.172307   -0.092507
    0.254571    0.172702   -0.094132
    0.261478    0.172955   -0.095793
    0.268445    0.173068   -0.097514
    0.275470    0.173057   -0.099293
    0.282550    0.172944   -0.101110
    0.289685    0.172584   -0.102991
    0.296872    0.172069   -0.104939
    0.304110    0.171402   -0.106928
    0.311396    0.170602   -0.108979
    0.318730    0.169686   -0.111113
    0.326109    0.168521   -0.113287
    0.333531    0.167183   -0.115523
    0.340994    0.165684   -0.117830
    0.348497    0.164049   -0.120225
    0.356038    0.162279   -0.122663
    0.363615    0.160280   -0.125167
    0.371226    0.158080   -0.127740
    0.378869    0.155714   -0.130396
    0.386542    0.153179   -0.133141
    0.394243    0.150499   -0.135932
    0.401971    0.147682   -0.138796
    0.409723    0.144635   -0.141732
    0.417498    0.141384   -0.144742
    0.425293    0.137961   -0.147832
    0.433107    0.134367   -0.151005
    0.440937    0.130602   -0.154271
    0.448783    0.126693   -0.157586
    0.456641    0.122642   -0.160977
    0.464509    0.118364   -0.164444
    0.472387    0.113912   -0.167987
    0.480272    0.109273   -0.171605
    0.488161    0.104466   -0.175299
    0.496053    0.099494   -0.179068
    0.503947    0.094357   -0.182913
    0.511839    0.089057   -0.186832
    0.519729    0.083596   -0.190826
    0.527613    0.077974   -0.194893
    0.535491    0.072222   -0.199034
    0.543360    0.066341   -0.203246
    0.551217    0.060253   -0.207531
    0.559063    0.054013   -0.211885
    0.566893    0.047625   -0.216308
    0.574707    0.041092   -0.220798
    0.582502    0.034416   -0.225357
    0.590277    0.027601   -0.229980
    0.598029    0.020650   -0.234667
    0.605757    0.013566   -0.239417
    0.613458    0.006354   -0.244227
    0.621131   -0.000984   -0.249096
    0.628774   -0.008442   -0.254023
    0.636385   -0.016018   -0.259004
    0.643962   -0.023707   -0.264039
    0.651503   -0.031505   -0.269125
    0.659006   -0.039408   -0.274261
    0.666469   -0.047411   -0.279443
    0.673891   -0.055509   -0.284669
    0.681270   -0.063698   -0.289938
    0.688604   -0.071973   -0.295247
    0.695890   -0.080329   -0.300593
    0.703128   -0.088761   -0.305960
    0.710315   -0.097264   -0.311352
    0.717450   -0.105834   -0.316795
    0.724530   -0.114488   -0.322265
    0.731555   -0.123210   -0.327759
    0.738522   -0.131945   -0.333274
    0.745429   -0.140724   -0.338808
    0.752275   -0.149543   -0.344358
    0.759059   -0.158396   -0.349923
    0.765777   -0.167276   -0.355498
    0.772430   -0.176179   -0.361079
    0.779015   -0.185099   -0.366664
    0.785530   -0.194031   -0.372248
    0.791974   -0.202967   -0.377829
    0.798345   -0.211906   -0.383404
    0.804642   -0.220842   -0.388970
    0.810863   -0.229766   -0.394509
    0.817006   -0.238672   -0.400032
    0.823070   -0.247554   -0.405550
    0.829054   -0.256407   -0.411045
    0.834956   -0.265224   -0.416514
    0.840775   -0.274020   -0.421954
    0.846508   -0.282769   -0.427361
    0.852155   -0.291443   -0.432732
    0.857715   -0.300059   -0.438064
    0.863185   -0.308610   -0.443353
    0.868565   -0.317091   -0.448596
    0.873852   -0.325496   -0.453791
    0.879047   -0.333819   -0.458933
    0.884147   -0.342056   -0.464020
    0.889152   -0.350202   -0.469046
    0.894059   -0.358249   -0.474011
    0.898869   -0.366192   -0.478909
    0.903579   -0.374024   -0.483738
    0.908188   -0.381742   -0.488494
    0.912695   -0.389339   -0.493175
    0.917100   -0.396811   -0.497778
    0.921401   -0.404151   -0.502298
    0.925597   -0.411355   -0.506734
    0.929686   -0.418418   -0.511083
    0.933669   -0.425335   -0.515340
    0.937544   -0.432102   -0.519504
    0.941309   -0.438712   -0.523571
    0.944965   -0.445163   -0.527540
    0.948509   -0.451448   -0.531407
    0.951942   -0.457565   -0.535169
    0.955262   -0.463507   -0.538825
    0.958469   -0.469273   -0.542370
    0.961561   -0.474856   -0.545803
    0.964539   -0.480253   -0.549121
    0.967400   -0.485461   -0.552322
    0.970146   -0.490476   -0.555410
    0.972774   -0.495293   -0.558283
    0.975284   -0.499910   -0.560551
    0.977675   -0.504323   -0.562204
    0.979948   -0.508530   -0.563447
    0.982101   -0.512526   -0.564377
    0.984134   -0.516307   -0.565043
    0.986046   -0.519875   -0.565474
    0.987838   -0.523225   -0.565694
    0.989507   -0.526355   -0.565717
    0.991055   -0.529261   -0.565556
    0.992480   -0.531942   -0.565219
    0.993782   -0.534396   -0.564732
    0.994962   -0.536623   -0.564063
    0.996018   -0.538620   -0.563242
    0.996950   -0.540411   -0.562261
    0.997759   -0.542056   -0.561142
    0.998443   -0.543764   -0.559894
    0.999003   -0.545421   -0.558525
    0.999439   -0.547176   -0.557047
    0.999751   -0.549032   -0.555472
    0.999938   -0.550977   -0.553814
    1.000000   -0.552081   -0.552081
  BLADE PROFILES IN CARTESIAN COORDINATES (3D) 
  VARIABLES = "X", "YSS", "YPS" "R" 
  BLADE           2  SECTION           2
   52.508980   -7.946534   -7.946534  799.403076
   53.674717   -7.478972   -7.478972  799.403015
   54.719849   -7.059777   -7.059777  799.403137
   55.656879   -6.683945   -6.683945  799.403076
   56.496990   -6.346989   -6.346989  799.403015
   57.250183   -6.044891   -6.044891  799.402893
   57.925457   -5.774041   -5.774041  799.403076
   58.530888   -5.531209   -5.531209  799.402954
   59.073692   -5.313498   -5.313498  799.403015
   59.560345   -5.118307   -5.118307  799.403076
   59.996658   -4.943307   -4.943307  799.403076
   60.387836   -4.786410   -4.786410  799.402954
   60.738548   -4.645743   -4.645743  799.403015
   61.052982   -4.519627   -4.519627  799.402954
   61.334888   -4.406557   -4.406557  799.403015
   61.587627   -4.305182   -4.305182  799.403076
   61.814232   -4.214296   -4.214296  799.402954
   62.017391   -4.132810   -4.132810  799.403015
   62.199539   -4.059753   -4.059753  799.402954
   62.362843   -3.994254   -3.994254  799.403015
   62.509254   -3.935531   -3.935531  799.403076
   62.655659   -3.046507   -4.880628  799.402954
   62.808746   -2.791968   -5.191242  799.403076
   62.969120   -2.565550   -5.420776  799.403076
   63.137390   -2.346843   -5.619721  799.402954
   63.314194   -2.131018   -5.799911  799.403015
   63.500114   -1.916854   -5.960528  799.403076
   63.695789   -1.703239   -6.095325  799.403076
   63.901825   -1.488583   -6.196884  799.403076
   64.118851   -1.272530   -6.273816  799.403015
   64.347443   -1.056603   -6.345796  799.402954
   64.588280   -0.839763   -6.416080  799.403015
   64.841911   -0.622693   -6.486158  799.403015
   65.109001   -0.405089   -6.555392  799.403015
   65.390121   -0.185919   -6.623877  799.403076
   65.685791    0.032210   -6.692636  799.403076
   65.996056    0.248020   -6.761759  799.403015
   66.321655    0.461092   -6.831213  799.403015
   66.663376    0.671892   -6.901561  799.403076
   67.022141    0.880960   -6.973701  799.402954
   67.398918    1.083148   -7.047647  799.403015
   67.794800    1.279305   -7.124268  799.402954
   68.210747    1.471269   -7.204146  799.402954
   68.647568    1.652512   -7.287938  799.403015
   69.106667    1.822641   -7.376517  799.403076
   69.589729    1.984403   -7.470941  799.403015
   70.098587    2.129129   -7.572482  799.403015
   70.635185    2.258806   -7.682093  799.403015
   71.201759    2.369867   -7.801744  799.403076
   71.805122    2.456012   -7.934234  799.403015
   72.453979    2.520751   -8.082916  799.402954
   73.149094    2.547707   -8.250391  799.402893
   73.889885    2.540604   -8.439148  799.403015
   74.674568    2.482009   -8.651581  799.402893
   75.500122    2.375888   -8.889829  799.403015
   76.362297    2.207456   -9.155263  799.402893
   77.247086    1.982223   -9.445906  799.403015
   78.140350    1.694954   -9.760983  799.403076
   79.037270    1.354252  -10.096971  799.403015
   79.933929    0.953224  -10.455940  799.403198
   80.827316    0.503905  -10.836160  799.402954
   81.715271    0.000000  -11.236097  799.402954
   82.596565   -0.552992  -11.656019  799.403076
   83.477127   -1.156611  -12.098982  799.402893
   84.360954   -1.810069  -12.567564  799.403015
   85.247292   -2.520283  -13.061975  799.402893
   86.135025   -3.282657  -13.582093  799.403137
   87.022552   -4.095767  -14.127381  799.403015
   87.907745   -4.957222  -14.696740  799.403015
   88.788200   -5.863689  -15.288515  799.403076
   89.656036   -6.805341  -15.896909  799.403015
   90.506378   -7.774127  -16.517178  799.403015
   91.336884   -8.764515  -17.145590  799.402893
   92.145714   -9.772177  -17.781210  799.403015
   92.931435  -10.787901  -18.420298  799.402954
   93.693092  -11.808991  -19.060274  799.403137
   94.430077  -12.831251  -19.698660  799.403015
   95.145157  -13.855599  -20.335127  799.402954
   95.839020  -14.879483  -20.970745  799.402893
   96.511658  -15.901847  -21.603186  799.402893
   97.163071  -16.916512  -22.230928  799.403076
   97.793266  -17.922806  -22.852741  799.403015
   98.402252  -18.918537  -23.467087  799.402954
   98.990021  -19.900915  -24.072596  799.403015
   99.556564  -20.867624  -24.667969  799.402954
  100.101891  -21.816483  -25.251955  799.403015
  100.626022  -22.745380  -25.823427  799.403015
  101.128899  -23.652298  -26.381048  799.403015
  101.610573  -24.535286  -26.858839  799.402893
  102.071007  -25.392313  -27.003962  799.402954
  102.510231  -26.457865  -26.458254  799.403076
  102.949471  -27.129633  -27.129829  799.403015
  103.423637  -27.854635  -27.854635  799.402954
  103.935547  -28.637304  -28.637304  799.402954
  104.488167  -29.482241  -29.482241  799.403076
  105.084740  -30.394386  -30.394386  799.403015
  105.728767  -31.379101  -31.379101  799.403015
  106.424049  -32.442154  -32.442154  799.403015
  107.174622  -33.589764  -33.589764  799.403076
  107.984909  -34.828678  -34.828678  799.403076
  108.859657  -36.166142  -36.166142  799.403015
  109.803978  -37.610004  -37.610004  799.402893
  110.823463  -39.168739  -39.168739  799.402954
  111.924011  -40.851456  -40.851456  799.402954
  113.112137  -42.668053  -42.668053  799.403015
  114.394745  -44.629154  -44.629154  799.402954
  115.779411  -46.746277  -46.746277  799.402954
  117.274246  -49.031807  -49.031807  799.403137
  118.887985  -51.499149  -51.499149  799.403015
  120.630089  -54.162781  -54.162781  799.402893
  122.510765  -57.038307  -57.038307  799.403015
  BLADE PROFILES IN CARTESIAN COORDINATES (2D) BEFORE   PROJECTION, SCALING, MESHING AND STACKING 
  VARIABLES = "X", "YSS", "YPS" 
  BLADE           2  SECTION           3
    0.000000    0.014758    0.014758
    0.000062    0.017396    0.009705
    0.000249    0.020573    0.005656
    0.000561    0.023203    0.001788
    0.000997    0.025566   -0.001789
    0.001557    0.027642   -0.005062
    0.002241    0.029749   -0.008123
    0.003050    0.031851   -0.010953
    0.003982    0.033840   -0.013585
    0.005038    0.035727   -0.016006
    0.006218    0.037646   -0.018314
    0.007520    0.039613   -0.020549
    0.008945    0.041671   -0.022745
    0.010493    0.043851   -0.024929
    0.012162    0.046109   -0.027093
    0.013954    0.048453   -0.029259
    0.015866    0.050884   -0.031412
    0.017899    0.053397   -0.033568
    0.020052    0.055985   -0.035682
    0.022325    0.058641   -0.037739
    0.024716    0.061354   -0.039731
    0.027226    0.064125   -0.041594
    0.029854    0.066951   -0.043260
    0.032600    0.069849   -0.044712
    0.035461    0.072786   -0.045949
    0.038439    0.075745   -0.047015
    0.041531    0.078739   -0.048039
    0.044738    0.081762   -0.049051
    0.048058    0.084810   -0.050055
    0.051491    0.087873   -0.051066
    0.055036    0.090945   -0.052072
    0.058691    0.094027   -0.053073
    0.062456    0.097114   -0.054067
    0.066331    0.100201   -0.055056
    0.070314    0.103303   -0.056036
    0.074403    0.106407   -0.057012
    0.078599    0.109469   -0.057996
    0.082900    0.112514   -0.058978
    0.087305    0.115523   -0.059959
    0.091812    0.118502   -0.060937
    0.096421    0.121448   -0.061912
    0.101131    0.124358   -0.062900
    0.105941    0.127245   -0.063891
    0.110848    0.130105   -0.064889
    0.115853    0.132881   -0.065891
    0.120953    0.135585   -0.066901
    0.126148    0.138225   -0.067921
    0.131435    0.140802   -0.068955
    0.136815    0.143335   -0.070002
    0.142285    0.145810   -0.071063
    0.147845    0.148177   -0.072140
    0.153492    0.150443   -0.073236
    0.159225    0.152616   -0.074352
    0.165044    0.154702   -0.075490
    0.170946    0.156719   -0.076653
    0.176930    0.158664   -0.077838
    0.182994    0.160461   -0.079051
    0.189138    0.162127   -0.080298
    0.195358    0.163687   -0.081569
    0.201655    0.165165   -0.082873
    0.208026    0.166546   -0.084220
    0.214470    0.167770   -0.085594
    0.220986    0.168834   -0.087006
    0.227570    0.169775   -0.088470
    0.234223    0.170621   -0.089963
    0.240941    0.171353   -0.091498
    0.247725    0.171911   -0.093096
    0.254571    0.172290   -0.094724
    0.261478    0.172532   -0.096398
    0.268445    0.172664   -0.098133
    0.275470    0.172671   -0.099924
    0.282550    0.172488   -0.101755
    0.289685    0.172111   -0.103650
    0.296872    0.171584   -0.105611
    0.304110    0.170939   -0.107612
    0.311396    0.170154   -0.109679
    0.318730    0.169168   -0.111825
    0.326109    0.167984   -0.114012
    0.333531    0.166635   -0.116261
    0.340994    0.165124   -0.118584
    0.348497    0.163475   -0.120991
    0.356038    0.161696   -0.123441
    0.363615    0.159678   -0.125959
    0.371226    0.157467   -0.128547
    0.378869    0.155088   -0.131216
    0.386542    0.152541   -0.133973
    0.394243    0.149847   -0.136778
    0.401971    0.147020   -0.139654
    0.409723    0.143955   -0.142603
    0.417498    0.140691   -0.145627
    0.425293    0.137256   -0.148730
    0.433107    0.133650   -0.151916
    0.440937    0.129872   -0.155195
    0.448783    0.125949   -0.158523
    0.456641    0.121887   -0.161926
    0.464509    0.117596   -0.165406
    0.472387    0.113127   -0.168961
    0.480272    0.108475   -0.172591
    0.488161    0.103656   -0.176298
    0.496053    0.098671   -0.180079
    0.503947    0.093522   -0.183936
    0.511839    0.088209   -0.187868
    0.519729    0.082734   -0.191874
    0.527613    0.077100   -0.195953
    0.535491    0.071334   -0.200105
    0.543360    0.065441   -0.204331
    0.551217    0.059340   -0.208626
    0.559063    0.053088   -0.212992
    0.566893    0.046687   -0.217427
    0.574707    0.040141   -0.221929
    0.582502    0.033452   -0.226497
    0.590277    0.026625   -0.231132
    0.598029    0.019661   -0.235830
    0.605757    0.012566   -0.240590
    0.613458    0.005341   -0.245411
    0.621131   -0.002009   -0.250291
    0.628774   -0.009480   -0.255228
    0.636385   -0.017068   -0.260220
    0.643962   -0.024770   -0.265265
    0.651503   -0.032580   -0.270362
    0.659006   -0.040494   -0.275507
    0.666469   -0.048509   -0.280699
    0.673891   -0.056619   -0.285935
    0.681270   -0.064819   -0.291214
    0.688604   -0.073106   -0.296532
    0.695890   -0.081473   -0.301887
    0.703128   -0.089917   -0.307264
    0.710315   -0.098431   -0.312665
    0.717450   -0.107012   -0.318117
    0.724530   -0.115676   -0.323596
    0.731555   -0.124410   -0.329098
    0.738522   -0.133156   -0.334622
    0.745429   -0.141946   -0.340164
    0.752275   -0.150775   -0.345722
    0.759059   -0.159638   -0.351296
    0.765777   -0.168529   -0.356879
    0.772430   -0.177442   -0.362468
    0.779015   -0.186372   -0.368060
    0.785530   -0.195313   -0.373652
    0.791974   -0.204260   -0.379240
    0.798345   -0.213208   -0.384823
    0.804642   -0.222154   -0.390395
    0.810863   -0.231087   -0.395942
    0.817006   -0.240002   -0.401472
    0.823070   -0.248893   -0.406996
    0.829054   -0.257755   -0.412498
    0.834956   -0.266581   -0.417974
    0.840775   -0.275386   -0.423420
    0.846508   -0.284143   -0.428833
    0.852155   -0.292825   -0.434210
    0.857715   -0.301449   -0.439548
    0.863185   -0.310008   -0.444843
    0.868565   -0.318497   -0.450091
    0.873852   -0.326910   -0.455292
    0.879047   -0.335240   -0.460440
    0.884147   -0.343485   -0.465531
    0.889152   -0.351638   -0.470563
    0.894059   -0.359692   -0.475532
    0.898869   -0.367642   -0.480435
    0.903579   -0.375482   -0.485269
    0.908188   -0.383206   -0.490030
    0.912695   -0.390810   -0.494716
    0.917100   -0.398288   -0.499323
    0.921401   -0.405634   -0.503847
    0.925597   -0.412844   -0.508288
    0.929686   -0.419913   -0.512640
    0.933669   -0.426836   -0.516901
    0.937544   -0.433608   -0.521069
    0.941309   -0.440224   -0.525140
    0.944965   -0.446680   -0.529112
    0.948509   -0.452970   -0.532983
    0.951942   -0.459091   -0.536748
    0.955262   -0.465039   -0.540406
    0.958469   -0.470809   -0.543955
    0.961561   -0.476396   -0.547390
    0.964539   -0.481798   -0.550711
    0.967400   -0.487010   -0.553915
    0.970146   -0.492028   -0.557005
    0.972774   -0.496849   -0.559880
    0.975284   -0.501470   -0.562149
    0.977675   -0.505887   -0.563801
    0.979948   -0.510096   -0.565044
    0.982101   -0.514096   -0.565975
    0.984134   -0.517879   -0.566642
    0.986046   -0.521450   -0.567073
    0.987838   -0.524802   -0.567293
    0.989507   -0.527935   -0.567316
    0.991055   -0.530843   -0.567155
    0.992480   -0.533526   -0.566818
    0.993782   -0.535982   -0.566331
    0.994962   -0.538211   -0.565663
    0.996018   -0.540209   -0.564841
    0.996950   -0.542000   -0.563859
    0.997759   -0.543647   -0.562741
    0.998443   -0.545355   -0.561491
    0.999003   -0.547013   -0.560122
    0.999439   -0.548769   -0.558644
    0.999751   -0.550627   -0.557068
    0.999938   -0.552572   -0.555405
    1.000000   -0.553681   -0.553681
  BLADE PROFILES IN CARTESIAN COORDINATES (3D) 
  VARIABLES = "X", "YSS", "YPS" "R" 
  BLADE           2  SECTION           3
   52.556789   -7.883140   -7.883140  800.027832
   53.720654   -7.418769   -7.418769  800.030334
   54.764111   -7.002437   -7.002437  800.033203
   55.699619   -6.629173   -6.629173  800.036011
   56.538364   -6.294525   -6.294525  800.039001
   57.290344   -5.994495   -5.994495  800.042175
   57.964539   -5.725502   -5.725502  800.045044
   58.568993   -5.484336   -5.484336  800.047852
   59.110912   -5.268116   -5.268116  800.050720
   59.596779   -5.074264   -5.074264  800.053284
   60.032383   -4.900465   -4.900465  800.055725
   60.422920   -4.744643   -4.744643  800.057922
   60.773067   -4.604940   -4.604940  800.060059
   61.086994   -4.479689   -4.479689  800.061829
   61.368439   -4.367394   -4.367394  800.063477
   61.620781   -4.266716   -4.266716  800.065063
   61.847004   -4.176451   -4.176451  800.066650
   62.049843   -4.095525   -4.095525  800.067871
   62.231689   -4.022969   -4.022969  800.069031
   62.394726   -3.957919   -3.957919  800.070190
   62.540897   -3.899597   -3.899597  800.071228
   62.687069   -3.010023   -4.844550  800.072327
   62.839905   -2.755684   -5.154266  800.073547
   63.000008   -2.529911   -5.384081  800.074768
   63.168003   -2.311770   -5.583150  800.076294
   63.344509   -2.096547   -5.763461  800.077515
   63.530125   -1.883071   -5.924235  800.079102
   63.725471   -1.670112   -6.058953  800.080811
   63.931168   -1.455174   -6.160470  800.082581
   64.147827   -1.240782   -6.237536  800.084351
   64.376060   -1.025503   -6.309573  800.086426
   64.616486   -0.809489   -6.380755  800.088623
   64.869720   -0.593171   -6.451320  800.091003
   65.136353   -0.376341   -6.521050  800.093384
   65.417007   -0.158003   -6.590081  800.096191
   65.712181    0.059336   -6.659438  800.098999
   66.021942    0.274176   -6.729143  800.102234
   66.346977    0.486378   -6.799004  800.105530
   66.688141    0.696258   -6.870255  800.109009
   67.046303    0.904471   -6.943058  800.112854
   67.422447    1.105550   -7.017702  800.116760
   67.817673    1.300763   -7.095064  800.121094
   68.232925    1.491779   -7.175699  800.125732
   68.668991    1.671848   -7.260279  800.130859
   69.127335    1.840988   -7.349679  800.135925
   69.609589    2.001744   -7.444931  800.141724
   70.117584    2.145231   -7.547341  800.148010
   70.653290    2.273815   -7.657875  800.154541
   71.218887    2.383773   -7.778427  800.161804
   71.821228    2.469535   -7.911964  800.169495
   72.469009    2.532285   -8.061933  800.178040
   73.162926    2.558729   -8.230097  800.187195
   73.902451    2.549596   -8.419886  800.197144
   74.685799    2.491152   -8.633390  800.208191
   75.509956    2.382369   -8.872739  800.220154
   76.370667    2.212860   -9.139289  800.232544
   77.253922    1.986441   -9.430976  800.245544
   78.145660    1.698220   -9.747047  800.258728
   79.041061    1.356489  -10.083982  800.272400
   79.936188    0.954710  -10.443885  800.286316
   80.828041    0.504689  -10.824899  800.299988
   81.714470    0.000000  -11.225599  800.314087
   82.594238   -0.553528  -11.646219  800.327576
   83.473305   -1.157617  -12.089832  800.341492
   84.355591   -1.811485  -12.559048  800.355530
   85.240425   -2.522038  -13.053998  800.369690
   86.126617   -3.284671  -13.574576  800.383789
   87.012596   -4.097970  -14.120304  800.397766
   87.896286   -4.959539  -14.690047  800.411804
   88.775215   -5.866049  -15.282149  800.425781
   89.641594   -6.807666  -15.890818  800.439209
   90.490456   -7.776350  -16.511299  800.452454
   91.319550   -8.766567  -17.139885  800.465210
   92.127007   -9.774014  -17.775627  800.477661
   92.911362  -10.789460  -18.414770  800.489563
   93.671692  -11.810229  -19.054781  800.500854
   94.407433  -12.832125  -19.693153  800.511658
   95.121277  -13.856073  -20.329584  800.522095
   95.813972  -14.879526  -20.965130  800.532043
   96.485466  -15.901431  -21.597460  800.541443
   97.135765  -16.915606  -22.225080  800.550598
   97.764893  -17.921392  -22.846729  800.559082
   98.372856  -18.916592  -23.460896  800.567261
   98.959610  -19.898428  -24.066214  800.575073
   99.525200  -20.864588  -24.661377  800.582397
  100.069603  -21.812881  -25.245129  800.589355
  100.592804  -22.741217  -25.816368  800.595886
  101.094849  -23.647560  -26.373739  800.601990
  101.575706  -24.529989  -26.851156  800.607666
  102.035400  -25.386457  -26.996315  800.613159
  102.473869  -26.451254  -26.451643  800.618103
  102.912407  -27.122536  -27.122728  800.621033
  103.385811  -27.847013  -27.847013  800.624023
  103.896866  -28.629118  -28.629118  800.627258
  104.448578  -29.473442  -29.473442  800.630432
  105.044197  -30.384937  -30.384937  800.634033
  105.687180  -31.368937  -31.368937  800.637695
  106.381317  -32.431221  -32.431221  800.641602
  107.130684  -33.578014  -33.578014  800.645630
  107.939651  -34.816032  -34.816032  800.649841
  108.812988  -36.152534  -36.152534  800.654053
  109.755798  -37.595356  -37.595356  800.658508
  110.773613  -39.152954  -39.152954  800.663208
  111.872406  -40.834461  -40.834461  800.667786
  113.058586  -42.649723  -42.649723  800.672546
  114.339157  -44.609390  -44.609390  800.677124
  115.721596  -46.724945  -46.724945  800.681824
  117.214005  -49.008766  -49.008766  800.686401
  118.825127  -51.474262  -51.474262  800.690857
  120.564445  -54.135880  -54.135880  800.695129
  122.442123  -57.009190  -57.009190  800.698914
