  BLADE PROFILES IN CARTESIAN COORDINATES (2D) BEFORE   PROJECTION, SCALING, MESHING AND STACKING 
  VARIABLES = "X", "YSS", "YPS" 
  BLADE           1  SECTION           1
    0.000000   -0.002947   -0.002947
    0.000062   -0.000320   -0.005215
    0.000249    0.002042   -0.008034
    0.000561    0.004396   -0.010933
    0.000997    0.006536   -0.013961
    0.001557    0.008546   -0.016916
    0.002241    0.010618   -0.019591
    0.003050    0.012685   -0.022163
    0.003982    0.014758   -0.024631
    0.005038    0.016854   -0.027004
    0.006218    0.018975   -0.029215
    0.007520    0.021132   -0.031304
    0.008945    0.023313   -0.033280
    0.010493    0.025512   -0.035165
    0.012162    0.027726   -0.037004
    0.013954    0.029910   -0.038862
    0.015866    0.032030   -0.040791
    0.017899    0.034045   -0.042804
    0.020052    0.035924   -0.044906
    0.022325    0.037657   -0.047064
    0.024716    0.039232   -0.049290
    0.027226    0.040692   -0.051577
    0.029854    0.042126   -0.053924
    0.032600    0.043586   -0.056327
    0.035461    0.045081   -0.058782
    0.038439    0.046607   -0.061285
    0.041531    0.048164   -0.063831
    0.044738    0.049748   -0.066418
    0.048058    0.051352   -0.069039
    0.051491    0.052995   -0.071693
    0.055036    0.054666   -0.074373
    0.058691    0.056364   -0.077077
    0.062456    0.058088   -0.079806
    0.066331    0.059837   -0.082568
    0.070314    0.061611   -0.085316
    0.074403    0.063408   -0.088069
    0.078599    0.065230   -0.090819
    0.082900    0.067074   -0.093566
    0.087305    0.068938   -0.096305
    0.091812    0.070816   -0.099034
    0.096421    0.072725   -0.101747
    0.101131    0.074656   -0.104440
    0.105941    0.076608   -0.107110
    0.110848    0.078580   -0.109762
    0.115853    0.080574   -0.112405
    0.120953    0.082587   -0.114980
    0.126148    0.084619   -0.117503
    0.131435    0.086664   -0.119981
    0.136815    0.088737   -0.122409
    0.142285    0.090830   -0.124785
    0.147845    0.092942   -0.127104
    0.153492    0.095074   -0.129363
    0.159225    0.097224   -0.131566
    0.165044    0.099389   -0.133737
    0.170946    0.101580   -0.135776
    0.176930    0.103790   -0.137738
    0.182994    0.106020   -0.139620
    0.189138    0.108269   -0.141419
    0.195358    0.110535   -0.143132
    0.201655    0.112824   -0.144764
    0.208026    0.115133   -0.146343
    0.214470    0.117463   -0.147756
    0.220986    0.119810   -0.149067
    0.227570    0.122181   -0.150275
    0.234223    0.124572   -0.151377
    0.240941    0.126984   -0.152385
    0.247725    0.129416   -0.153314
    0.254571    0.131870   -0.154069
    0.261478    0.134345   -0.154691
    0.268445    0.136842   -0.155194
    0.275470    0.139360   -0.155574
    0.282550    0.141901   -0.155848
    0.289685    0.144463   -0.156024
    0.296872    0.147047   -0.156017
    0.304110    0.149653   -0.155854
    0.311396    0.152282   -0.155557
    0.318730    0.154936   -0.155125
    0.326109    0.157610   -0.154555
    0.333531    0.160306   -0.153859
    0.340994    0.163025   -0.153068
    0.348497    0.165772   -0.152049
    0.356038    0.168538   -0.150883
    0.363615    0.171327   -0.149573
    0.371226    0.174138   -0.148116
    0.378869    0.176972   -0.146532
    0.386542    0.179832   -0.144833
    0.394243    0.182719   -0.142928
    0.401971    0.185623   -0.140849
    0.409723    0.188550   -0.138621
    0.417498    0.191500   -0.136242
    0.425293    0.194473   -0.133713
    0.433107    0.197471   -0.131033
    0.440937    0.200496   -0.128215
    0.448783    0.203537   -0.125293
    0.456641    0.206601   -0.122147
    0.464509    0.209686   -0.118841
    0.472387    0.212792   -0.115386
    0.480272    0.215920   -0.111783
    0.488161    0.219069   -0.108031
    0.496053    0.222241   -0.104132
    0.503947    0.225441   -0.100109
    0.511839    0.228652   -0.095970
    0.519729    0.231882   -0.091637
    0.527613    0.235131   -0.087160
    0.535491    0.238399   -0.082534
    0.543360    0.241685   -0.077765
    0.551217    0.244988   -0.072861
    0.559063    0.248308   -0.067822
    0.566893    0.251645   -0.062651
    0.574707    0.254996   -0.057351
    0.582502    0.258363   -0.051924
    0.590277    0.261744   -0.046372
    0.598029    0.265139   -0.040698
    0.605757    0.268546   -0.034905
    0.613458    0.271965   -0.028996
    0.621131    0.275396   -0.022974
    0.628774    0.278836   -0.016842
    0.636385    0.282286   -0.010622
    0.643962    0.285744   -0.004327
    0.651503    0.289210    0.002115
    0.659006    0.292682    0.008652
    0.666469    0.296159    0.015281
    0.673891    0.299641    0.021998
    0.681270    0.303126    0.028800
    0.688604    0.306613    0.035681
    0.695890    0.310101    0.042638
    0.703128    0.313590    0.049666
    0.710315    0.317076    0.056762
    0.717450    0.320561    0.063920
    0.724530    0.324041    0.071154
    0.731555    0.327517    0.078461
    0.738522    0.330986    0.085778
    0.745429    0.334448    0.093141
    0.752275    0.337901    0.100542
    0.759059    0.341344    0.107978
    0.765777    0.344775    0.115444
    0.772430    0.348194    0.122935
    0.779015    0.351598    0.130445
    0.785530    0.354986    0.137970
    0.791974    0.358354    0.145506
    0.798345    0.361701    0.153046
    0.804642    0.365034    0.160585
    0.810863    0.368346    0.168120
    0.817006    0.371635    0.175644
    0.823070    0.374900    0.183153
    0.829054    0.378140    0.190645
    0.834956    0.381352    0.198111
    0.840775    0.384537    0.205546
    0.846508    0.387692    0.212945
    0.852155    0.390815    0.220302
    0.857715    0.393905    0.227613
    0.863185    0.396961    0.234888
    0.868565    0.399981    0.242106
    0.873852    0.402964    0.249246
    0.879047    0.405908    0.256320
    0.884147    0.408812    0.263321
    0.889152    0.411672    0.270247
    0.894059    0.414488    0.277090
    0.898869    0.417263    0.283848
    0.903579    0.419993    0.290518
    0.908188    0.422675    0.297091
    0.912695    0.425309    0.303564
    0.917100    0.427893    0.309932
    0.921401    0.430426    0.316190
    0.925597    0.432906    0.322333
    0.929686    0.435332    0.328358
    0.933669    0.437704    0.334260
    0.937544    0.440019    0.340035
    0.941309    0.442276    0.345678
    0.944965    0.444475    0.351185
    0.948509    0.446614    0.356553
    0.951942    0.448691    0.361788
    0.955262    0.450707    0.366866
    0.958469    0.452659    0.371792
    0.961561    0.454547    0.376564
    0.964539    0.456371    0.381178
    0.967400    0.458127    0.385631
    0.970146    0.459737    0.389918
    0.972774    0.460862    0.394033
    0.975284    0.461520    0.397983
    0.977675    0.461854    0.401759
    0.979948    0.461958    0.405358
    0.982101    0.461879    0.408779
    0.984134    0.461641    0.412017
    0.986046    0.461262    0.415072
    0.987838    0.460746    0.417940
    0.989507    0.460105    0.420618
    0.991055    0.459345    0.423107
    0.992480    0.458469    0.425404
    0.993782    0.457513    0.427507
    0.994962    0.456429    0.429414
    0.996018    0.455182    0.431123
    0.996950    0.453883    0.432635
    0.997759    0.452498    0.434020
    0.998443    0.451038    0.435246
    0.999003    0.449526    0.436727
    0.999439    0.447996    0.438192
    0.999751    0.446340    0.439597
    0.999938    0.444647    0.441301
    1.000000    0.443975    0.443975
  BLADE PROFILES IN CARTESIAN COORDINATES (3D) 
  VARIABLES = "X", "YSS", "YPS" "R" 
  BLADE           1  SECTION           1
  -12.357451   -2.913044   -2.913044  212.863022
  -10.894761   -3.226972   -3.226972  212.823822
   -9.590913   -3.506716   -3.506716  212.782150
   -8.428695   -3.755994   -3.755994  212.739273
   -7.392742   -3.978122   -3.978122  212.696350
   -6.469346   -4.176060   -4.176060  212.654037
   -5.646271   -4.352444   -4.352444  212.613129
   -4.912615   -4.509625   -4.509625  212.573929
   -4.258657   -4.649698   -4.649698  212.536804
   -3.675729   -4.774527   -4.774527  212.501907
   -3.156111   -4.885775   -4.885775  212.469406
   -2.692918   -4.984923   -4.984923  212.439194
   -2.280017   -5.073290   -5.073290  212.411331
   -1.911941   -5.152050   -5.152050  212.385712
   -1.583817   -5.222251   -5.222251  212.362259
   -1.291308   -5.284823   -5.284823  212.340881
   -1.030543   -5.340598   -5.340598  212.321426
   -0.798072   -5.390315   -5.390315  212.303757
   -0.590826   -5.434632   -5.434632  212.287750
   -0.406063   -5.474138   -5.474138  212.273285
   -0.241344   -5.509355   -5.509355  212.260162
   -0.094491   -5.540749   -5.540749  212.248413
    0.036432   -5.568736   -5.568736  212.237793
    0.153155   -5.593687   -5.593687  212.228241
    0.257221   -5.615931   -5.615931  212.219681
    0.350000   -5.635760   -5.635760  212.211990
    0.441996   -5.158493   -6.123004  212.198257
    0.538173   -4.979821   -6.311660  212.183853
    0.638919   -4.832299   -6.439399  212.168671
    0.744617   -4.704824   -6.549487  212.152603
    0.855651   -4.599497   -6.659719  212.135620
    0.972406   -4.515558   -6.770432  212.117615
    1.095264   -4.444989   -6.882353  212.098495
    1.224614   -4.375302   -6.995850  212.078217
    1.360833   -4.304324   -7.111026  212.056702
    1.504310   -4.232055   -7.227911  212.033844
    1.655422   -4.158130   -7.346464  212.009552
    1.814557   -4.082146   -7.466578  211.983749
    1.982095   -4.004148   -7.588721  211.956345
    2.158417   -3.923992   -7.711669  211.927216
    2.343815   -3.841580   -7.835025  211.896301
    2.538337   -3.756995   -7.958580  211.863571
    2.742428   -3.670264   -8.082079  211.828888
    2.956589   -3.580655   -8.205151  211.792145
    3.181381   -3.488241   -8.328030  211.753143
    3.417420   -3.392787   -8.449528  211.711746
    3.665375   -3.294313   -8.568148  211.667877
    3.925842   -3.192066   -8.684209  211.621307
    4.199305   -3.086090   -8.796913  211.571915
    4.486680   -2.976222   -8.906807  211.519455
    4.788983   -2.861665   -9.009525  211.463654
    5.107349   -2.742144   -9.106042  211.404388
    5.443017   -2.617175   -9.195775  211.341156
    5.797340   -2.486020   -9.276327  211.273788
    6.174611   -2.347056   -9.345307  211.201416
    6.580246   -2.198085   -9.403949  211.122772
    7.014696   -2.038765   -9.444053  211.037857
    7.477608   -1.868885   -9.465564  210.946548
    7.967875   -1.688529   -9.463303  210.849045
    8.483594   -1.497811   -9.432373  210.745697
    9.022109   -1.297288   -9.372985  210.637161
    9.574700   -1.089674   -9.278240  210.525208
   10.132553   -0.877719   -9.154164  210.411819
   10.692665   -0.662274   -8.995145  210.297760
   11.252638   -0.443859   -8.805708  210.183670
   11.810575   -0.222929   -8.588339  210.070114
   12.365175    0.000000   -8.339723  209.957489
   12.915664    0.225214   -8.064429  209.846283
   13.465788    0.453985   -7.761805  209.735733
   14.018063    0.687657   -7.427055  209.625580
   14.572036    0.926333   -7.062434  209.515991
   15.127026    1.169924   -6.668559  209.407440
   15.682041    1.418178   -6.246183  209.300125
   16.235813    1.670671   -5.796851  209.194595
   16.786814    1.926788   -5.322867  209.091263
   17.330130    2.184245   -4.827143  208.991135
   17.862736    2.441459   -4.315313  208.894897
   18.383158    2.697516   -3.790439  208.802704
   18.890244    2.951578   -3.254725  208.714905
   19.383078    3.202905   -2.713476  208.631546
   19.861046    3.450850   -2.168128  208.552719
   20.323801    3.694660   -1.621082  208.478378
   20.773016    3.935392   -1.072196  208.408096
   21.209139    4.172745   -0.522377  208.341904
   21.632156    4.406496    0.026682  208.279480
   22.042048    4.636277    0.573990  208.220947
   22.438812    4.861807    1.116862  208.166000
   22.822422    5.082630    1.654325  208.114655
   23.192869    5.298810    2.185405  208.066803
   23.550133    5.509883    2.708559  208.022202
   23.894197    5.715588    3.222542  207.980804
   24.225054    5.915644    3.726439  207.942490
   24.542675    6.109946    4.218523  207.907104
   24.847055    6.233530    4.697869  207.874466
   25.138163    6.193738    5.163699  207.844482
   25.415997    5.777293    5.776993  207.817001
   25.694677    6.091412    6.091261  207.796875
   25.989294    6.423597    6.423597  207.775650
   26.300745    6.774721    6.774721  207.753342
   26.629997    7.145859    7.145859  207.729782
   26.978073    7.538151    7.538151  207.704971
   27.346022    7.952795    7.952795  207.678741
   27.735001    8.391062    8.391062  207.650986
   28.146191    8.854291    8.854291  207.621582
   28.580851    9.343898    9.343898  207.590347
   29.040281    9.861358    9.861358  207.556641
   29.525930   10.408264   10.408264  207.520737
   30.039282   10.986283   10.986283  207.482376
   30.581907   11.597174   11.597174  207.441391
   31.155474   12.242789   12.242789  207.397522
   31.761736   12.925090   12.925090  207.350494
  BLADE PROFILES IN CARTESIAN COORDINATES (2D) BEFORE   PROJECTION, SCALING, MESHING AND STACKING 
  VARIABLES = "X", "YSS", "YPS" 
  BLADE           1  SECTION           2
    0.000000   -0.003241   -0.003241
    0.000062    0.000010   -0.004758
    0.000249    0.002319   -0.007498
    0.000561    0.004645   -0.010359
    0.000997    0.006709   -0.013362
    0.001557    0.008665   -0.016265
    0.002241    0.010698   -0.018910
    0.003050    0.012736   -0.021445
    0.003982    0.014785   -0.023907
    0.005038    0.016862   -0.026260
    0.006218    0.018973   -0.028495
    0.007520    0.021108   -0.030610
    0.008945    0.023276   -0.032606
    0.010493    0.025471   -0.034499
    0.012162    0.027661   -0.036333
    0.013954    0.029804   -0.038171
    0.015866    0.031877   -0.040058
    0.017899    0.033850   -0.042024
    0.020052    0.035686   -0.044063
    0.022325    0.037366   -0.046171
    0.024716    0.038895   -0.048345
    0.027226    0.040325   -0.050583
    0.029854    0.041752   -0.052879
    0.032600    0.043209   -0.055231
    0.035461    0.044697   -0.057634
    0.038439    0.046206   -0.060084
    0.041531    0.047758   -0.062577
    0.044738    0.049340   -0.065110
    0.048058    0.050950   -0.067678
    0.051491    0.052588   -0.070277
    0.055036    0.054252   -0.072903
    0.058691    0.055942   -0.075558
    0.062456    0.057657   -0.078253
    0.066331    0.059396   -0.080938
    0.070314    0.061158   -0.083631
    0.074403    0.062942   -0.086329
    0.078599    0.064749   -0.089029
    0.082900    0.066574   -0.091728
    0.087305    0.068411   -0.094421
    0.091812    0.070279   -0.097104
    0.096421    0.072167   -0.099774
    0.101131    0.074074   -0.102426
    0.105941    0.076000   -0.105057
    0.110848    0.077945   -0.107670
    0.115853    0.079908   -0.110278
    0.120953    0.081889   -0.112821
    0.126148    0.083884   -0.115316
    0.131435    0.085891   -0.117768
    0.136815    0.087922   -0.120175
    0.142285    0.089971   -0.122532
    0.147845    0.092036   -0.124835
    0.153492    0.094118   -0.127082
    0.159225    0.096215   -0.129279
    0.165044    0.098321   -0.131440
    0.170946    0.100450   -0.133491
    0.176930    0.102596   -0.135458
    0.182994    0.104758   -0.137349
    0.189138    0.106936   -0.139162
    0.195358    0.109128   -0.140893
    0.201655    0.111332   -0.142539
    0.208026    0.113557   -0.144106
    0.214470    0.115798   -0.145619
    0.220986    0.118054   -0.146974
    0.227570    0.120327   -0.148227
    0.234223    0.122611   -0.149379
    0.240941    0.124916   -0.150427
    0.247725    0.127237   -0.151369
    0.254571    0.129573   -0.152212
    0.261478    0.131926   -0.152985
    0.268445    0.134293   -0.153571
    0.275470    0.136679   -0.154037
    0.282550    0.139082   -0.154385
    0.289685    0.141500   -0.154611
    0.296872    0.143935   -0.154731
    0.304110    0.146388   -0.154756
    0.311396    0.148857   -0.154603
    0.318730    0.151342   -0.154297
    0.326109    0.153845   -0.153861
    0.333531    0.156365   -0.153293
    0.340994    0.158903   -0.152590
    0.348497    0.161458   -0.151768
    0.356038    0.164029   -0.150845
    0.363615    0.166617   -0.149723
    0.371226    0.169223   -0.148445
    0.378869    0.171848   -0.147027
    0.386542    0.174488   -0.145468
    0.394243    0.177145   -0.143767
    0.401971    0.179819   -0.141942
    0.409723    0.182510   -0.140008
    0.417498    0.185219   -0.137878
    0.425293    0.187949   -0.135583
    0.433107    0.190691   -0.133143
    0.440937    0.193449   -0.130561
    0.448783    0.196224   -0.127834
    0.456641    0.199015   -0.124965
    0.464509    0.201822   -0.121973
    0.472387    0.204646   -0.118869
    0.480272    0.207491   -0.115573
    0.488161    0.210346   -0.112129
    0.496053    0.213215   -0.108534
    0.503947    0.216099   -0.104801
    0.511839    0.218998   -0.100930
    0.519729    0.221910   -0.096923
    0.527613    0.224836   -0.092782
    0.535491    0.227775   -0.088507
    0.543360    0.230727   -0.084101
    0.551217    0.233693   -0.079583
    0.559063    0.236670   -0.074968
    0.566893    0.239658   -0.070178
    0.574707    0.242660   -0.065264
    0.582502    0.245676   -0.060229
    0.590277    0.248695   -0.055067
    0.598029    0.251724   -0.049789
    0.605757    0.254760   -0.044398
    0.613458    0.257805   -0.038897
    0.621131    0.260857   -0.033289
    0.628774    0.263914   -0.027576
    0.636385    0.266978   -0.021762
    0.643962    0.270046   -0.015850
    0.651503    0.273119   -0.009844
    0.659006    0.276195   -0.003747
    0.666469    0.279273    0.002438
    0.673891    0.282352    0.008706
    0.681270    0.285432    0.015055
    0.688604    0.288512    0.021480
    0.695890    0.291591    0.027977
    0.703128    0.294668    0.034542
    0.710315    0.297741    0.041172
    0.717450    0.300810    0.047861
    0.724530    0.303874    0.054607
    0.731555    0.306932    0.061404
    0.738522    0.309983    0.068248
    0.745429    0.313025    0.075134
    0.752275    0.316055    0.082059
    0.759059    0.319072    0.089017
    0.765777    0.322082    0.096005
    0.772430    0.325080    0.103016
    0.779015    0.328065    0.110048
    0.785530    0.331034    0.117094
    0.791974    0.333986    0.124151
    0.798345    0.336922    0.131215
    0.804642    0.339838    0.138281
    0.810863    0.342736    0.145344
    0.817006    0.345612    0.152397
    0.823070    0.348466    0.159437
    0.829054    0.351297    0.166458
    0.834956    0.354104    0.173456
    0.840775    0.356884    0.180425
    0.846508    0.359637    0.187376
    0.852155    0.362362    0.194291
    0.857715    0.365057    0.201145
    0.863185    0.367722    0.207951
    0.868565    0.370354    0.214705
    0.873852    0.372951    0.221402
    0.879047    0.375513    0.228037
    0.884147    0.378042    0.234605
    0.889152    0.380535    0.241102
    0.894059    0.382989    0.247525
    0.898869    0.385405    0.253869
    0.903579    0.387780    0.260127
    0.908188    0.390113    0.266296
    0.912695    0.392404    0.272370
    0.917100    0.394651    0.278346
    0.921401    0.396853    0.284219
    0.925597    0.399009    0.289986
    0.929686    0.401117    0.295641
    0.933669    0.403178    0.301181
    0.937544    0.405189    0.306602
    0.941309    0.407150    0.311910
    0.944965    0.409060    0.317084
    0.948509    0.410917    0.322123
    0.951942    0.412721    0.327027
    0.955262    0.414470    0.331794
    0.958469    0.416165    0.336421
    0.961561    0.417803    0.340902
    0.964539    0.419386    0.345235
    0.967400    0.420910    0.349416
    0.970146    0.422311    0.353443
    0.972774    0.423269    0.357311
    0.975284    0.423759    0.361016
    0.977675    0.423933    0.364563
    0.979948    0.423879    0.367943
    0.982101    0.423646    0.371156
    0.984134    0.423259    0.374198
    0.986046    0.422740    0.377067
    0.987838    0.422097    0.379760
    0.989507    0.421341    0.382276
    0.991055    0.420475    0.384614
    0.992480    0.419503    0.386772
    0.993782    0.418470    0.388747
    0.994962    0.417311    0.390538
    0.996018    0.415990    0.392144
    0.996950    0.414637    0.393565
    0.997759    0.413207    0.394875
    0.998443    0.411713    0.396030
    0.999003    0.410176    0.397472
    0.999439    0.408595    0.398919
    0.999751    0.406922    0.400270
    0.999938    0.405203    0.401962
    1.000000    0.404494    0.404494
  BLADE PROFILES IN CARTESIAN COORDINATES (3D) 
  VARIABLES = "X", "YSS", "YPS" "R" 
  BLADE           1  SECTION           2
  -13.250833   -2.884538   -2.884538  225.864334
  -11.748322   -3.189168   -3.189168  225.862030
  -10.408675   -3.460770   -3.460770  225.859726
   -9.214243   -3.702928   -3.702928  225.857590
   -8.149286   -3.918833   -3.918833  225.855591
   -7.199762   -4.111332   -4.111332  225.853729
   -6.353167   -4.282963   -4.282963  225.852066
   -5.598338   -4.435989   -4.435989  225.850571
   -4.925330   -4.572427   -4.572427  225.849258
   -4.325275   -4.694074   -4.694074  225.848038
   -3.790262   -4.802535   -4.802535  225.846970
   -3.313243   -4.899239   -4.899239  225.846039
   -2.887931   -4.985460   -4.985460  225.845215
   -2.508724   -5.062334   -5.062334  225.844452
   -2.170618   -5.130877   -5.130877  225.843811
   -1.869165   -5.191989   -5.191989  225.843231
   -1.600386   -5.246476   -5.246476  225.842743
   -1.360742   -5.295058   -5.295058  225.842316
   -1.147075   -5.338375   -5.338375  225.841904
   -0.956569   -5.376994   -5.376994  225.841553
   -0.786713   -5.411427   -5.411427  225.841217
   -0.635269   -5.442129   -5.442129  225.840958
   -0.500241   -5.469502   -5.469502  225.840698
   -0.379851   -5.493910   -5.493910  225.840500
   -0.272509   -5.515669   -5.515669  225.840317
   -0.176802   -5.535072   -5.535072  225.840134
   -0.081096   -5.055190   -6.028180  225.839996
    0.018972   -4.873465   -6.223133  225.840103
    0.123804   -4.723030   -6.355469  225.840118
    0.233802   -4.594924   -6.467347  225.840225
    0.349370   -4.489453   -6.577940  225.840317
    0.470908   -4.406174   -6.689468  225.840424
    0.598817   -4.335005   -6.802402  225.840561
    0.733501   -4.264034   -6.916954  225.840652
    0.875362   -4.192163   -7.033244  225.840805
    1.024802   -4.118410   -7.151308  225.840958
    1.182221   -4.043017   -7.271114  225.841080
    1.348021   -3.965805   -7.392680  225.841309
    1.522609   -3.886631   -7.516386  225.841461
    1.706382   -3.805367   -7.640515  225.841644
    1.899654   -3.721944   -7.765482  225.841873
    2.102467   -3.636740   -7.890842  225.842148
    2.315299   -3.548935   -8.016287  225.842407
    2.538678   -3.458652   -8.141459  225.842667
    2.773195   -3.365705   -8.266571  225.843048
    3.019491   -3.269896   -8.390519  225.843399
    3.278277   -3.171306   -8.511835  225.843735
    3.550174   -3.069135   -8.630818  225.844162
    3.835704   -2.963495   -8.746673  225.844589
    4.135818   -2.854285   -8.859946  225.845093
    4.451592   -2.740714   -8.966737  225.845581
    4.784215   -2.622519   -9.067368  225.846176
    5.134992   -2.499430   -9.161024  225.846817
    5.505341   -2.370554   -9.247688  225.847504
    5.899751   -2.234549   -9.322114  225.848206
    6.323908   -2.089255   -9.385161  225.849060
    6.778282   -1.934480   -9.434812  225.849930
    7.262523   -1.770113   -9.462961  225.850876
    7.775462   -1.596310   -9.470757  225.851959
    8.315121   -1.413383   -9.449697  225.853027
    8.878699   -1.221824   -9.399167  225.854294
    9.457071   -1.024369   -9.318440  225.855530
   10.040980   -0.823592   -9.203915  225.856735
   10.627284   -0.620387   -9.060879  225.858017
   11.213428   -0.415041   -8.884493  225.859268
   11.797423   -0.208283   -8.679100  225.860535
   12.377865    0.000000   -8.447709  225.861740
   12.953943    0.209338   -8.186845  225.863007
   13.529557    0.421472   -7.897829  225.864136
   14.107297    0.637599   -7.579747  225.865250
   14.686687    0.857840   -7.234125  225.866409
   15.266973    1.082272   -6.857912  225.867538
   15.847124    1.310235   -6.453399  225.868576
   16.425793    1.541573   -6.022213  225.869568
   17.001324    1.775743   -5.566009  225.870453
   17.568604    2.010678   -5.089767  225.871323
   18.124458    2.244975   -4.597642  225.872101
   18.667355    2.477836   -4.092739  225.872787
   19.196077    2.708538   -3.578091  225.873444
   19.709692    2.936202   -3.056569  225.873917
   20.207558    3.160764   -2.530822  225.874435
   20.689316    3.381534   -2.003169  225.874756
   21.156757    3.599086   -1.473292  225.875092
   21.610327    3.813391   -0.942534  225.875351
   22.050013    4.024175   -0.411745  225.875534
   22.475838    4.231202    0.116248  225.875610
   22.887789    4.434062    0.640497  225.875641
   23.285881    4.632848    1.159895  225.875656
   23.670084    4.827146    1.673103  225.875595
   24.040430    5.016726    2.178723  225.875504
   24.396900    5.201363    2.675713  225.875320
   24.739500    5.380810    3.162698  225.875137
   25.068224    5.554978    3.638471  225.874924
   25.383089    5.660758    4.101943  225.874710
   25.684074    5.599310    4.552361  225.874390
   25.971189    5.152610    5.152312  225.874100
   26.258316    5.449760    5.449611  225.873337
   26.561827    5.764037    5.764037  225.872375
   26.882679    6.096265    6.096265  225.871445
   27.221859    6.447468    6.447468  225.870590
   27.580402    6.818731    6.818731  225.869812
   27.959421    7.211201    7.211201  225.869125
   28.360094    7.626091    7.626091  225.868546
   28.783646    8.064682    8.064682  225.868179
   29.231388    8.528331    8.528331  225.867996
   29.704704    9.018477    9.018477  225.868301
   30.205050    9.536627    9.536627  225.868866
   30.733973   10.084385   10.084385  225.869812
   31.293102   10.663446   10.663446  225.871140
   31.884163   11.275601   11.275601  225.872955
   32.508987   11.922725   11.922725  225.875061
  BLADE PROFILES IN CARTESIAN COORDINATES (2D) BEFORE   PROJECTION, SCALING, MESHING AND STACKING 
  VARIABLES = "X", "YSS", "YPS" 
  BLADE           1  SECTION           3
    0.000000   -0.001225   -0.001225
    0.000062    0.000218   -0.004338
    0.000249    0.002510   -0.007010
    0.000561    0.004718   -0.009810
    0.000997    0.006768   -0.012767
    0.001557    0.008751   -0.015603
    0.002241    0.010760   -0.018253
    0.003050    0.012769   -0.020811
    0.003982    0.014809   -0.023278
    0.005038    0.016878   -0.025644
    0.006218    0.018971   -0.027900
    0.007520    0.021101   -0.030036
    0.008945    0.023273   -0.032054
    0.010493    0.025449   -0.033969
    0.012162    0.027617   -0.035790
    0.013954    0.029745   -0.037585
    0.015866    0.031793   -0.039435
    0.017899    0.033729   -0.041361
    0.020052    0.035525   -0.043361
    0.022325    0.037163   -0.045430
    0.024716    0.038655   -0.047565
    0.027226    0.040061   -0.049761
    0.029854    0.041472   -0.052015
    0.032600    0.042930   -0.054324
    0.035461    0.044421   -0.056683
    0.038439    0.045943   -0.059089
    0.041531    0.047496   -0.061537
    0.044738    0.049077   -0.064024
    0.048058    0.050687   -0.066547
    0.051491    0.052323   -0.069106
    0.055036    0.053985   -0.071710
    0.058691    0.055672   -0.074315
    0.062456    0.057383   -0.076940
    0.066331    0.059117   -0.079577
    0.070314    0.060874   -0.082224
    0.074403    0.062651   -0.084879
    0.078599    0.064446   -0.087538
    0.082900    0.066253   -0.090196
    0.087305    0.068090   -0.092849
    0.091812    0.069945   -0.095495
    0.096421    0.071819   -0.098128
    0.101131    0.073711   -0.100745
    0.105941    0.075620   -0.103343
    0.110848    0.077545   -0.105923
    0.115853    0.079487   -0.108502
    0.120953    0.081444   -0.111017
    0.126148    0.083405   -0.113487
    0.131435    0.085391   -0.115918
    0.136815    0.087392   -0.118306
    0.142285    0.089408   -0.120647
    0.147845    0.091437   -0.122938
    0.153492    0.093481   -0.125174
    0.159225    0.095538   -0.127353
    0.165044    0.097606   -0.129478
    0.170946    0.099681   -0.131573
    0.176930    0.101776   -0.133549
    0.182994    0.103884   -0.135449
    0.189138    0.106005   -0.137274
    0.195358    0.108138   -0.139020
    0.201655    0.110283   -0.140685
    0.208026    0.112434   -0.142266
    0.214470    0.114603   -0.143768
    0.220986    0.116785   -0.145217
    0.227570    0.118978   -0.146514
    0.234223    0.121184   -0.147708
    0.240941    0.123396   -0.148804
    0.247725    0.125626   -0.149798
    0.254571    0.127867   -0.150687
    0.261478    0.130120   -0.151483
    0.268445    0.132386   -0.152204
    0.275470    0.134662   -0.152758
    0.282550    0.136948   -0.153184
    0.289685    0.139249   -0.153495
    0.296872    0.141562   -0.153687
    0.304110    0.143887   -0.153759
    0.311396    0.146224   -0.153725
    0.318730    0.148571   -0.153600
    0.326109    0.150932   -0.153297
    0.333531    0.153305   -0.152848
    0.340994    0.155691   -0.152271
    0.348497    0.158088   -0.151564
    0.356038    0.160497   -0.150727
    0.363615    0.162918   -0.149757
    0.371226    0.165352   -0.148664
    0.378869    0.167797   -0.147483
    0.386542    0.170255   -0.146091
    0.394243    0.172724   -0.144561
    0.401971    0.175207   -0.142895
    0.409723    0.177701   -0.141092
    0.417498    0.180206   -0.139152
    0.425293    0.182722   -0.137092
    0.433107    0.185250   -0.134928
    0.440937    0.187789   -0.132576
    0.448783    0.190341   -0.130071
    0.456641    0.192907   -0.127425
    0.464509    0.195480   -0.124644
    0.472387    0.198064   -0.121726
    0.480272    0.200659   -0.118673
    0.488161    0.203264   -0.115486
    0.496053    0.205879   -0.112183
    0.503947    0.208503   -0.108777
    0.511839    0.211138   -0.105191
    0.519729    0.213784   -0.101474
    0.527613    0.216442   -0.097616
    0.535491    0.219104   -0.093629
    0.543360    0.221774   -0.089517
    0.551217    0.224453   -0.085282
    0.559063    0.227139   -0.080924
    0.566893    0.229832   -0.076447
    0.574707    0.232531   -0.071851
    0.582502    0.235237   -0.067140
    0.590277    0.237949   -0.062315
    0.598029    0.240666   -0.057379
    0.605757    0.243387   -0.052351
    0.613458    0.246113   -0.047246
    0.621131    0.248843   -0.041992
    0.628774    0.251575   -0.036638
    0.636385    0.254311   -0.031186
    0.643962    0.257048   -0.025641
    0.651503    0.259786   -0.020004
    0.659006    0.262525   -0.014280
    0.666469    0.265263   -0.008471
    0.673891    0.268001   -0.002580
    0.681270    0.270736    0.003387
    0.688604    0.273470    0.009428
    0.695890    0.276200    0.015538
    0.703128    0.278926    0.021714
    0.710315    0.281648    0.027952
    0.717450    0.284363    0.034247
    0.724530    0.287073    0.040596
    0.731555    0.289775    0.046994
    0.738522    0.292469    0.053438
    0.745429    0.295153    0.059925
    0.752275    0.297828    0.066449
    0.759059    0.300493    0.073006
    0.765777    0.303145    0.079592
    0.772430    0.305785    0.086202
    0.779015    0.308411    0.092831
    0.785530    0.311023    0.099475
    0.791974    0.313618    0.106131
    0.798345    0.316198    0.112792
    0.804642    0.318759    0.119455
    0.810863    0.321303    0.126114
    0.817006    0.323826    0.132781
    0.823070    0.326329    0.139442
    0.829054    0.328810    0.146064
    0.834956    0.331269    0.152665
    0.840775    0.333704    0.159240
    0.846508    0.336114    0.165784
    0.852155    0.338496    0.172292
    0.857715    0.340851    0.178761
    0.863185    0.343181    0.185185
    0.868565    0.345483    0.191561
    0.873852    0.347755    0.197883
    0.879047    0.349995    0.204147
    0.884147    0.352205    0.210352
    0.889152    0.354381    0.216489
    0.894059    0.356523    0.222555
    0.898869    0.358631    0.228546
    0.903579    0.360703    0.234456
    0.908188    0.362738    0.240282
    0.912695    0.364735    0.246019
    0.917100    0.366694    0.251664
    0.921401    0.368613    0.257212
    0.925597    0.370492    0.262660
    0.929686    0.372329    0.268013
    0.933669    0.374123    0.273252
    0.937544    0.375875    0.278373
    0.941309    0.377582    0.283378
    0.944965    0.379244    0.288263
    0.948509    0.380861    0.293025
    0.951942    0.382430    0.297660
    0.955262    0.383953    0.302166
    0.958469    0.385427    0.306538
    0.961561    0.386852    0.310773
    0.964539    0.388227    0.314868
    0.967400    0.389553    0.318820
    0.970146    0.390783    0.322627
    0.972774    0.391619    0.326284
    0.975284    0.391977    0.329790
    0.977675    0.392018    0.333141
    0.979948    0.391831    0.336333
    0.982101    0.391468    0.339369
    0.984134    0.390958    0.342245
    0.986046    0.390321    0.344957
    0.987838    0.389570    0.347504
    0.989507    0.388712    0.349883
    0.991055    0.387753    0.352092
    0.992480    0.386696    0.354132
    0.993782    0.385600    0.355999
    0.994962    0.384369    0.357693
    0.996018    0.382981    0.359211
    0.996950    0.381577    0.360554
    0.997759    0.380105    0.361803
    0.998443    0.378577    0.362932
    0.999003    0.377017    0.364321
    0.999439    0.375364    0.365767
    0.999751    0.373666    0.367174
    0.999938    0.371904    0.368757
    1.000000    0.371132    0.371132
  BLADE PROFILES IN CARTESIAN COORDINATES (3D) 
  VARIABLES = "X", "YSS", "YPS" "R" 
  BLADE           1  SECTION           3
  -14.471556   -2.964342   -2.964342  238.827789
  -12.885737   -3.268899   -3.268899  238.862274
  -11.472035   -3.540586   -3.540586  238.900253
  -10.211818   -3.782954   -3.782954  238.940247
   -9.088445   -3.999168   -3.999168  238.980927
   -8.087069   -4.192047   -4.192047  239.021408
   -7.194441   -4.364108   -4.364108  239.060974
   -6.398753   -4.517594   -4.517594  239.099060
   -5.689468   -4.654508   -4.654508  239.135269
   -5.057199   -4.776635   -4.776635  239.169479
   -4.493578   -4.885569   -4.885569  239.201431
   -3.991142   -4.982731   -4.982731  239.231155
   -3.543247   -5.069394   -5.069394  239.258667
   -3.143964   -5.146687   -5.146687  239.283981
   -2.788014   -5.215622   -5.215622  239.307144
   -2.470690   -5.277102   -5.277102  239.328384
   -2.187798   -5.331931   -5.331931  239.347702
   -1.935599   -5.380828   -5.380828  239.365219
   -1.710757   -5.424433   -5.424433  239.381149
   -1.510308   -5.463319   -5.463319  239.395554
   -1.331601   -5.497996   -5.497996  239.408569
   -1.172276   -5.528918   -5.528918  239.420258
   -1.030233   -5.556494   -5.556494  239.430862
   -0.903593   -5.581081   -5.581081  239.440338
   -0.790687   -5.603007   -5.603007  239.448868
   -0.690024   -5.622558   -5.622558  239.456543
   -0.590065   -5.126032   -6.136095  239.464188
   -0.485562   -4.935492   -6.343642  239.475403
   -0.376096   -4.777819   -6.484706  239.490143
   -0.261249   -4.644210   -6.600682  239.505692
   -0.140602   -4.535478   -6.715421  239.522263
   -0.013740   -4.450065   -6.831268  239.539749
    0.119759   -4.376380   -6.948589  239.558273
    0.260308   -4.301803   -7.067616  239.578033
    0.408324   -4.225904   -7.188481  239.599014
    0.564227   -4.148498   -7.311224  239.621368
    0.728429   -4.069406   -7.436066  239.645081
    0.901348   -3.988472   -7.563041  239.670303
    1.083401   -3.905558   -7.691022  239.697189
    1.274996   -3.820549   -7.820269  239.725739
    1.476461   -3.733534   -7.950573  239.756210
    1.687837   -3.644537   -8.081394  239.788391
    1.909612   -3.553017   -8.212423  239.822632
    2.142335   -3.459065   -8.343307  239.858917
    2.386613   -3.362501   -8.474251  239.897461
    2.643112   -3.263222   -8.604176  239.938416
    2.912566   -3.161127   -8.731621  239.981949
    3.195613   -3.055603   -8.856869  240.028198
    3.492788   -2.946731   -8.979105  240.077393
    3.805084   -2.834254   -9.097794  240.129684
    4.133601   -2.717998   -9.212564  240.185333
    4.479576   -2.597114   -9.319996  240.244614
    4.844356   -2.471459   -9.420537  240.307831
    5.229413   -2.340581   -9.513650  240.375381
    5.639398   -2.202649   -9.596488  240.448059
    6.080220   -2.056052   -9.666965  240.527145
    6.552356   -1.900276   -9.724105  240.612732
    7.055419   -1.735640   -9.761138  240.704941
    7.588208   -1.562156   -9.775006  240.803497
    8.148652   -1.380412   -9.764729  240.908096
    8.733862   -1.190920   -9.721696  241.018112
    9.334358   -0.996397   -9.647528  241.131851
    9.940565   -0.799566   -9.542888  241.247208
   10.549230   -0.601020   -9.404549  241.363327
   11.157713   -0.401414   -9.237946  241.479752
   11.763982   -0.200928   -9.038872  241.595718
   12.366595    0.000000   -8.811301  241.710815
   12.964740    0.201383   -8.558260  241.824600
   13.562477    0.404954   -8.275413  241.937943
   14.162506    0.611680   -7.961957  242.050949
   14.764375    0.821603   -7.619202  242.163269
   15.367313    1.034716   -7.247497  242.274796
   15.970256    1.250823   -6.849188  242.385117
   16.571823    1.469603   -6.422258  242.493744
   17.170355    1.690556   -5.969849  242.600052
   17.760508    1.911744   -5.496932  242.703201
   18.338997    2.131877   -5.007785  242.802505
   18.904228    2.350245   -4.505597  242.897446
   19.454933    2.566209   -3.993395  242.988083
   19.990143    2.779216   -3.473945  243.074036
   20.509165    2.988794   -2.950013  243.155487
   21.011646    3.194566   -2.423972  243.232330
   21.499411    3.397053   -1.895450  243.304871
   21.972918    3.596253   -1.365527  243.373367
   22.432178    3.791928   -0.836846  243.437820
   22.877169    3.983845   -0.310176  243.498459
   23.307871    4.171973    0.213081  243.555267
   23.724277    4.356001    0.731670  243.608337
   24.126373    4.535722    1.244036  243.657837
   24.514139    4.710938    1.748941  243.703964
   24.887569    4.881452    2.245435  243.746765
   25.246635    5.047056    2.731645  243.786453
   25.591318    5.207625    3.206898  243.823135
   25.921621    5.301170    3.669992  243.856857
   26.237514    5.217850    4.119881  243.887924
   26.538967    4.726020    4.725715  243.916397
   26.841286    5.016516    5.016364  243.940033
   27.160868    5.323792    5.323792  243.961014
   27.498695    5.648648    5.648648  243.983292
   27.855806    5.992095    5.992095  244.007050
   28.233301    6.355202    6.355202  244.032425
   28.632332    6.739098    6.739098  244.059570
   29.054121    7.144976    7.144976  244.088745
   29.499960    7.574107    7.574107  244.120087
   29.971189    8.027838    8.027838  244.154053
   30.469242    8.507591    8.507591  244.191299
   30.995670    9.014863    9.014863  244.231689
   31.552061    9.551237    9.551237  244.275528
   32.140118   10.118404   10.118404  244.323196
   32.761627   10.718148   10.718148  244.375031
   33.417366   11.352678   11.352678  244.436295
  BLADE PROFILES IN CARTESIAN COORDINATES (2D) BEFORE   PROJECTION, SCALING, MESHING AND STACKING 
  VARIABLES = "X", "YSS", "YPS" 
  BLADE           2  SECTION           1
    0.000000    0.008478    0.008478
    0.000062    0.012607    0.005024
    0.000249    0.016515    0.001397
    0.000561    0.019562   -0.001991
    0.000997    0.022054   -0.005073
    0.001557    0.024326   -0.007725
    0.002241    0.026502   -0.010248
    0.003050    0.028646   -0.012488
    0.003982    0.030737   -0.014528
    0.005038    0.032703   -0.016567
    0.006218    0.034561   -0.018547
    0.007520    0.036432   -0.020492
    0.008945    0.038350   -0.022447
    0.010493    0.040353   -0.024391
    0.012162    0.042447   -0.026356
    0.013954    0.044619   -0.028326
    0.015866    0.046871   -0.030268
    0.017899    0.049223   -0.032202
    0.020052    0.051636   -0.034097
    0.022325    0.054103   -0.035904
    0.024716    0.056632   -0.037559
    0.027226    0.059218   -0.039054
    0.029854    0.061857   -0.040354
    0.032600    0.064545   -0.041451
    0.035461    0.067278   -0.042404
    0.038439    0.070048   -0.043328
    0.041531    0.072851   -0.044242
    0.044738    0.075686   -0.045134
    0.048058    0.078548   -0.046012
    0.051491    0.081435   -0.046890
    0.055036    0.084342   -0.047755
    0.058691    0.087265   -0.048607
    0.062456    0.090200   -0.049445
    0.066331    0.093158   -0.050269
    0.070314    0.096130   -0.051076
    0.074403    0.099079   -0.051870
    0.078599    0.102024   -0.052646
    0.082900    0.104963   -0.053402
    0.087305    0.107887   -0.054157
    0.091812    0.110791   -0.054899
    0.096421    0.113676   -0.055629
    0.101131    0.116540   -0.056347
    0.105941    0.119377   -0.057053
    0.110848    0.122185   -0.057749
    0.115853    0.124959   -0.058433
    0.120953    0.127711   -0.059105
    0.126148    0.130442   -0.059763
    0.131435    0.133097   -0.060422
    0.136815    0.135702   -0.061075
    0.142285    0.138247   -0.061721
    0.147845    0.140737   -0.062362
    0.153492    0.143170   -0.062998
    0.159225    0.145542   -0.063629
    0.165044    0.147850   -0.064255
    0.170946    0.150106   -0.064885
    0.176930    0.152316   -0.065514
    0.182994    0.154416   -0.066145
    0.189138    0.156425   -0.066778
    0.195358    0.158353   -0.067413
    0.201655    0.160198   -0.068052
    0.208026    0.161959   -0.068698
    0.214470    0.163633   -0.069351
    0.220986    0.165229   -0.070011
    0.227570    0.166764   -0.070681
    0.234223    0.168154   -0.071361
    0.240941    0.169433   -0.072055
    0.247725    0.170612   -0.072760
    0.254571    0.171689   -0.073478
    0.261478    0.172661   -0.074212
    0.268445    0.173542   -0.074962
    0.275470    0.174346   -0.075736
    0.282550    0.174987   -0.076522
    0.289685    0.175500   -0.077329
    0.296872    0.175899   -0.078155
    0.304110    0.176183   -0.079005
    0.311396    0.176349   -0.079887
    0.318730    0.176411   -0.080785
    0.326109    0.176387   -0.081707
    0.333531    0.176185   -0.082655
    0.340994    0.175845   -0.083632
    0.348497    0.175381   -0.084649
    0.356038    0.174793   -0.085684
    0.363615    0.174079   -0.086749
    0.371226    0.173254   -0.087844
    0.378869    0.172334   -0.088970
    0.386542    0.171235   -0.090134
    0.394243    0.169988   -0.091341
    0.401971    0.168613   -0.092570
    0.409723    0.167109   -0.093834
    0.417498    0.165476   -0.095132
    0.425293    0.163713   -0.096466
    0.433107    0.161834   -0.097842
    0.440937    0.159864   -0.099268
    0.448783    0.157707   -0.100716
    0.456641    0.155409   -0.102202
    0.464509    0.152982   -0.103726
    0.472387    0.150428   -0.105288
    0.480272    0.147748   -0.106889
    0.488161    0.144941   -0.108532
    0.496053    0.142009   -0.110233
    0.503947    0.138965   -0.111955
    0.511839    0.135836   -0.113716
    0.519729    0.132534   -0.115517
    0.527613    0.129100   -0.117357
    0.535491    0.125545   -0.119236
    0.543360    0.121873   -0.121154
    0.551217    0.118086   -0.123111
    0.559063    0.114185   -0.125107
    0.566893    0.110171   -0.127141
    0.574707    0.106048   -0.129214
    0.582502    0.101817   -0.131325
    0.590277    0.097480   -0.133474
    0.598029    0.093040   -0.135662
    0.605757    0.088498   -0.137902
    0.613458    0.083858   -0.140158
    0.621131    0.079130   -0.142449
    0.628774    0.074349   -0.144774
    0.636385    0.069429   -0.147132
    0.643962    0.064421   -0.149522
    0.651503    0.059326   -0.151943
    0.659006    0.054148   -0.154394
    0.666469    0.048893   -0.156874
    0.673891    0.043563   -0.159383
    0.681270    0.038162   -0.161919
    0.688604    0.032692   -0.164480
    0.695890    0.027158   -0.167067
    0.703128    0.021563   -0.169676
    0.710315    0.015910   -0.172308
    0.717450    0.010203   -0.174960
    0.724530    0.004446   -0.177632
    0.731555   -0.001357   -0.180322
    0.738522   -0.007202   -0.183029
    0.745429   -0.013087   -0.185750
    0.752275   -0.019006   -0.188485
    0.759059   -0.024956   -0.191232
    0.765777   -0.030933   -0.193986
    0.772430   -0.036932   -0.196737
    0.779015   -0.042951   -0.199510
    0.785530   -0.048983   -0.202289
    0.791974   -0.055027   -0.205071
    0.798345   -0.061078   -0.207857
    0.804642   -0.067132   -0.210643
    0.810863   -0.073184   -0.213427
    0.817006   -0.079233   -0.216208
    0.823070   -0.085297   -0.218984
    0.829054   -0.091316   -0.221754
    0.834956   -0.097317   -0.224514
    0.840775   -0.103294   -0.227263
    0.846508   -0.109243   -0.230001
    0.852155   -0.115161   -0.232724
    0.857715   -0.121043   -0.235430
    0.863185   -0.126885   -0.238119
    0.868565   -0.132683   -0.240788
    0.873852   -0.138433   -0.243435
    0.879047   -0.144130   -0.246059
    0.884147   -0.149771   -0.248657
    0.889152   -0.155351   -0.251228
    0.894059   -0.160867   -0.253768
    0.898869   -0.166314   -0.256271
    0.903579   -0.171689   -0.258750
    0.908188   -0.176987   -0.261194
    0.912695   -0.182205   -0.263602
    0.917100   -0.187339   -0.265972
    0.921401   -0.192386   -0.268303
    0.925597   -0.197342   -0.270592
    0.929686   -0.202203   -0.272838
    0.933669   -0.206965   -0.275039
    0.937544   -0.211628   -0.277193
    0.941309   -0.216193   -0.279299
    0.944965   -0.220637   -0.281356
    0.948509   -0.224970   -0.283361
    0.951942   -0.229187   -0.285314
    0.955262   -0.233286   -0.287212
    0.958469   -0.237263   -0.289054
    0.961561   -0.241116   -0.290839
    0.964539   -0.244842   -0.292566
    0.967400   -0.248437   -0.294233
    0.970146   -0.251900   -0.295838
    0.972774   -0.255227   -0.297382
    0.975284   -0.258417   -0.298862
    0.977675   -0.261467   -0.300277
    0.979948   -0.264374   -0.301604
    0.982101   -0.267136   -0.302696
    0.984134   -0.269752   -0.303473
    0.986046   -0.272219   -0.304019
    0.987838   -0.274534   -0.304386
    0.989507   -0.276699   -0.304603
    0.991055   -0.278710   -0.304690
    0.992480   -0.280566   -0.304657
    0.993782   -0.282265   -0.304511
    0.994962   -0.283806   -0.304255
    0.996018   -0.285240   -0.303891
    0.996950   -0.286647   -0.303416
    0.997759   -0.288106   -0.302878
    0.998443   -0.289619   -0.302185
    0.999003   -0.291176   -0.301313
    0.999439   -0.292715   -0.300380
    0.999751   -0.294216   -0.299327
    0.999938   -0.295671   -0.298135
    1.000000   -0.297448   -0.297448
  BLADE PROFILES IN CARTESIAN COORDINATES (3D) 
  VARIABLES = "X", "YSS", "YPS" "R" 
  BLADE           2  SECTION           1
   21.856668   -9.544554   -9.544554  208.247192
   23.013163   -9.115254   -9.115254  208.089890
   24.051691   -8.731226   -8.731226  207.962387
   24.984238   -8.387609   -8.387609  207.860199
   25.822561   -8.080425   -8.080425  207.787628
   26.575480   -7.805530   -7.805530  207.733673
   27.250565   -7.559137   -7.559137  207.685562
   27.855825   -7.338278   -7.338278  207.642349
   28.398472   -7.140297   -7.140297  207.603455
   28.884943   -6.962812   -6.962812  207.568115
   29.321054   -6.803697   -6.803697  207.535950
   29.712042   -6.661055   -6.661055  207.506866
   30.062555   -6.533180   -6.533180  207.480637
   30.376801   -6.418540   -6.418540  207.456970
   30.658529   -6.315767   -6.315767  207.435608
   30.911104   -6.223630   -6.223630  207.416306
   31.137543   -6.141029   -6.141029  207.398926
   31.340551   -6.066976   -6.066976  207.383224
   31.522543   -6.000586   -6.000586  207.369141
   31.685713   -5.941065   -5.941065  207.356430
   31.831999   -5.887704   -5.887704  207.345001
   31.977974   -5.011798   -6.772751  207.331207
   32.130581   -4.757674   -7.036051  207.316528
   32.290424   -4.547522   -7.241881  207.300919
   32.458099   -4.344242   -7.422767  207.284271
   32.634224   -4.142110   -7.584705  207.266403
   32.819408   -3.942301   -7.722120  207.247345
   33.014256   -3.742346   -7.828933  207.226852
   33.219360   -3.541584   -7.905956  207.204895
   33.435349   -3.339821   -7.972415  207.181290
   33.662800   -3.136802   -8.035920  207.155914
   33.902344   -2.932206   -8.097695  207.128616
   34.154552   -2.726073   -8.157854  207.099335
   34.420055   -2.518210   -8.216277  207.067764
   34.699429   -2.308181   -8.272964  207.033859
   34.993149   -2.098770   -8.327873  206.997391
   35.301258   -1.889461   -8.381310  206.958328
   35.624470   -1.681051   -8.433918  206.916336
   35.963566   -1.473536   -8.485471  206.871338
   36.319439   -1.267436   -8.536159  206.823013
   36.693031   -1.062359   -8.585916  206.771042
   37.085423   -0.859803   -8.635306  206.715195
   37.497505   -0.662403   -8.684854  206.655228
   37.930080   -0.470051   -8.734561  206.590729
   38.384537   -0.283378   -8.784503  206.521408
   38.862492   -0.101409   -8.835733  206.446777
   39.365711    0.069749   -8.888473  206.366333
   39.896145    0.230284   -8.943235  206.279617
   40.455902    0.379257   -9.000925  206.185867
   41.051743    0.517232   -9.062687  206.083771
   41.692196    0.636082   -9.130335  205.971603
   42.377911    0.735268   -9.204645  205.848709
   43.108311    0.810873   -9.287187  205.714661
   43.881588    0.852081   -9.378566  205.569672
   44.694714    0.860190   -9.480662  205.413879
   45.543457    0.824503   -9.594131  205.247849
   46.414082    0.745245   -9.718603  205.074524
   47.292610    0.624359   -9.853650  204.896454
   48.174423    0.456658   -9.999101  204.715042
   49.055649    0.248798  -10.155137  204.531448
   49.933357    0.000000  -10.321948  204.346588
   50.805515   -0.289417  -10.498642  204.161011
   51.670940   -0.615139  -10.686760  203.975616
   52.535496   -0.977219  -10.885964  203.789307
   53.403137   -1.382199  -11.098346  203.601562
   54.273186   -1.826272  -11.324202  203.412842
   55.144558   -2.308850  -11.563810  203.223831
   56.015709   -2.828891  -11.817859  203.034943
   56.884659   -3.382480  -12.084140  202.846924
   57.749020   -3.972269  -12.362893  202.660828
   58.601101   -4.589130  -12.651442  202.478470
   59.436161   -5.227358  -12.947667  202.300964
   60.251942   -5.882830  -13.250062  202.129166
   61.046608   -6.551527  -13.557137  201.963486
   61.818783   -7.229632  -13.867455  201.804337
   62.567509   -7.913640  -14.178986  201.651901
   63.292267   -8.600527  -14.492025  201.506393
   63.995720   -9.290544  -14.806149  201.367203
   64.678535   -9.983064  -15.120718  201.234207
   65.340744  -10.673653  -15.434921  201.107300
   65.982300  -11.361642  -15.747973  200.986511
   66.603210  -12.045135  -16.059101  200.871689
   67.203468  -12.722326  -16.367241  200.762756
   67.783058  -13.391469  -16.672205  200.659607
   68.341957  -14.050975  -16.973175  200.562149
   68.880165  -14.699576  -17.269281  200.470200
   69.397644  -15.334971  -17.559809  200.383606
   69.894379  -15.955853  -17.844086  200.302261
   70.370377  -16.560955  -18.121494  200.225983
   70.825584  -17.148830  -18.290878  200.154633
   71.259987  -18.000008  -18.000355  200.087982
   71.698448  -18.421034  -18.421207  200.050644
   72.171867  -18.875353  -18.875353  200.011139
   72.683052  -19.365803  -19.365803  199.969482
   73.235008  -19.895266  -19.895266  199.925659
   73.830978  -20.466846  -20.466846  199.879639
   74.474518  -21.083899  -21.083899  199.831482
   75.169395  -21.750059  -21.750059  199.781204
   75.919731  -22.469238  -22.469238  199.728928
   76.729965  -23.245678  -23.245678  199.674774
   77.604881  -24.083954  -24.083954  199.618942
   78.549629  -24.989012  -24.989012  199.561676
   79.569801  -25.966206  -25.966206  199.503265
   80.671410  -27.021330  -27.021330  199.444138
   81.860977  -28.160646  -28.160646  199.384766
   83.145515  -29.390928  -29.390928  199.325699
   84.532585  -30.719526  -30.719526  199.267685
   86.030350  -32.154385  -32.154385  199.211517
   87.647606  -33.704117  -33.704117  199.158142
   89.393852  -35.378056  -35.378056  199.108582
   91.279259  -37.186325  -37.186325  199.064117
  BLADE PROFILES IN CARTESIAN COORDINATES (2D) BEFORE   PROJECTION, SCALING, MESHING AND STACKING 
  VARIABLES = "X", "YSS", "YPS" 
  BLADE           2  SECTION           2
    0.000000    0.000285    0.000285
    0.000062    0.004004   -0.002307
    0.000249    0.007962   -0.004935
    0.000561    0.012326   -0.007473
    0.000997    0.016405   -0.009739
    0.001557    0.019474   -0.011784
    0.002241    0.022418   -0.013888
    0.003050    0.025220   -0.015958
    0.003982    0.027891   -0.018057
    0.005038    0.030447   -0.020194
    0.006218    0.032856   -0.022381
    0.007520    0.035099   -0.024640
    0.008945    0.037206   -0.026957
    0.010493    0.039203   -0.029328
    0.012162    0.041127   -0.031725
    0.013954    0.043097   -0.034111
    0.015866    0.045127   -0.036428
    0.017899    0.047215   -0.038628
    0.020052    0.049372   -0.040653
    0.022325    0.051582   -0.042484
    0.024716    0.053816   -0.044134
    0.027226    0.056089   -0.045632
    0.029854    0.058398   -0.047078
    0.032600    0.060738   -0.048527
    0.035461    0.063102   -0.049986
    0.038439    0.065486   -0.051449
    0.041531    0.067889   -0.052918
    0.044738    0.070308   -0.054392
    0.048058    0.072738   -0.055863
    0.051491    0.075176   -0.057329
    0.055036    0.077617   -0.058815
    0.058691    0.080059   -0.060303
    0.062456    0.082509   -0.061793
    0.066331    0.084967   -0.063285
    0.070314    0.087387   -0.064777
    0.074403    0.089793   -0.066270
    0.078599    0.092176   -0.067762
    0.082900    0.094532   -0.069253
    0.087305    0.096863   -0.070741
    0.091812    0.099165   -0.072220
    0.096421    0.101434   -0.073713
    0.101131    0.103667   -0.075207
    0.105941    0.105861   -0.076702
    0.110848    0.108024   -0.078198
    0.115853    0.110163   -0.079695
    0.120953    0.112219   -0.081192
    0.126148    0.114216   -0.082688
    0.131435    0.116151   -0.084180
    0.136815    0.118026   -0.085685
    0.142285    0.119840   -0.087193
    0.147845    0.121588   -0.088706
    0.153492    0.123267   -0.090223
    0.159225    0.124887   -0.091744
    0.165044    0.126459   -0.093263
    0.170946    0.127916   -0.094797
    0.176930    0.129277   -0.096338
    0.182994    0.130556   -0.097888
    0.189138    0.131748   -0.099446
    0.195358    0.132853   -0.101013
    0.201655    0.133866   -0.102586
    0.208026    0.134800   -0.104174
    0.214470    0.135666   -0.105775
    0.220986    0.136390   -0.107388
    0.227570    0.136999   -0.109014
    0.234223    0.137504   -0.110655
    0.240941    0.137905   -0.112310
    0.247725    0.138199   -0.113982
    0.254571    0.138385   -0.115671
    0.261478    0.138470   -0.117378
    0.268445    0.138479   -0.119102
    0.275470    0.138318   -0.120847
    0.282550    0.138030   -0.122615
    0.289685    0.137625   -0.124401
    0.296872    0.137100   -0.126208
    0.304110    0.136455   -0.128038
    0.311396    0.135689   -0.129891
    0.318730    0.134810   -0.131768
    0.326109    0.133846   -0.133677
    0.333531    0.132696   -0.135605
    0.340994    0.131412   -0.137559
    0.348497    0.130001   -0.139540
    0.356038    0.128463   -0.141547
    0.363615    0.126796   -0.143583
    0.371226    0.125001   -0.145648
    0.378869    0.123076   -0.147753
    0.386542    0.121029   -0.149877
    0.394243    0.118900   -0.152032
    0.401971    0.116571   -0.154217
    0.409723    0.114110   -0.156432
    0.417498    0.111520   -0.158679
    0.425293    0.108800   -0.160957
    0.433107    0.105951   -0.163267
    0.440937    0.102973   -0.165612
    0.448783    0.099867   -0.168001
    0.456641    0.096633   -0.170410
    0.464509    0.093282   -0.172852
    0.472387    0.089846   -0.175326
    0.480272    0.086234   -0.177833
    0.488161    0.082486   -0.180373
    0.496053    0.078616   -0.182945
    0.503947    0.074624   -0.185550
    0.511839    0.070512   -0.188188
    0.519729    0.066283   -0.190858
    0.527613    0.061936   -0.193559
    0.535491    0.057474   -0.196293
    0.543360    0.052899   -0.199058
    0.551217    0.048213   -0.201854
    0.559063    0.043417   -0.204681
    0.566893    0.038514   -0.207538
    0.574707    0.033507   -0.210426
    0.582502    0.028396   -0.213342
    0.590277    0.023186   -0.216287
    0.598029    0.017878   -0.219259
    0.605757    0.012475   -0.222258
    0.613458    0.006980   -0.225283
    0.621131    0.001395   -0.228334
    0.628774   -0.004276   -0.231409
    0.636385   -0.010030   -0.234507
    0.643962   -0.015865   -0.237628
    0.651503   -0.021777   -0.240771
    0.659006   -0.027762   -0.243934
    0.666469   -0.033819   -0.247117
    0.673891   -0.039942   -0.250317
    0.681270   -0.046129   -0.253535
    0.688604   -0.052376   -0.256769
    0.695890   -0.058679   -0.260019
    0.703128   -0.065035   -0.263281
    0.710315   -0.071440   -0.266556
    0.717450   -0.077890   -0.269841
    0.724530   -0.084382   -0.273136
    0.731555   -0.090911   -0.276438
    0.738522   -0.097473   -0.279747
    0.745429   -0.104066   -0.283060
    0.752275   -0.110683   -0.286377
    0.759059   -0.117322   -0.289695
    0.765777   -0.123978   -0.293014
    0.772430   -0.130647   -0.296331
    0.779015   -0.137326   -0.299645
    0.785530   -0.144009   -0.302953
    0.791974   -0.150692   -0.306256
    0.798345   -0.157372   -0.309550
    0.804642   -0.164044   -0.312834
    0.810863   -0.170704   -0.316107
    0.817006   -0.177347   -0.319366
    0.823070   -0.183970   -0.322608
    0.829054   -0.190568   -0.325824
    0.834956   -0.197136   -0.329032
    0.840775   -0.203671   -0.332221
    0.846508   -0.210168   -0.335388
    0.852155   -0.216626   -0.338531
    0.857715   -0.223040   -0.341648
    0.863185   -0.229424   -0.344738
    0.868565   -0.235729   -0.347797
    0.873852   -0.241976   -0.350826
    0.879047   -0.248159   -0.353821
    0.884147   -0.254275   -0.356781
    0.889152   -0.260320   -0.359705
    0.894059   -0.266289   -0.362590
    0.898869   -0.272179   -0.365435
    0.903579   -0.277986   -0.368238
    0.908188   -0.283706   -0.370998
    0.912695   -0.289335   -0.373712
    0.917100   -0.294869   -0.376377
    0.921401   -0.300305   -0.378990
    0.925597   -0.305638   -0.381558
    0.929686   -0.310866   -0.384074
    0.933669   -0.315985   -0.386537
    0.937544   -0.320991   -0.388944
    0.941309   -0.325881   -0.391295
    0.944965   -0.330652   -0.393587
    0.948509   -0.335299   -0.395820
    0.951942   -0.339821   -0.397992
    0.955262   -0.344215   -0.400101
    0.958469   -0.348482   -0.402146
    0.961561   -0.352606   -0.404125
    0.964539   -0.356592   -0.406038
    0.967400   -0.360438   -0.407884
    0.970146   -0.364139   -0.409660
    0.972774   -0.367695   -0.411365
    0.975284   -0.371103   -0.413000
    0.977675   -0.374359   -0.414563
    0.979948   -0.377461   -0.416008
    0.982101   -0.380407   -0.417164
    0.984134   -0.383199   -0.418010
    0.986046   -0.385831   -0.418625
    0.987838   -0.388302   -0.419059
    0.989507   -0.390610   -0.419338
    0.991055   -0.392754   -0.419480
    0.992480   -0.394732   -0.419496
    0.993782   -0.396542   -0.419392
    0.994962   -0.398184   -0.419169
    0.996018   -0.399697   -0.418830
    0.996950   -0.401137   -0.418372
    0.997759   -0.402644   -0.417836
    0.998443   -0.404238   -0.417146
    0.999003   -0.405836   -0.416270
    0.999439   -0.407416   -0.415322
    0.999751   -0.408957   -0.414250
    0.999938   -0.410447   -0.413052
    1.000000   -0.411180   -0.411180
  BLADE PROFILES IN CARTESIAN COORDINATES (3D) 
  VARIABLES = "X", "YSS", "YPS" "R" 
  BLADE           2  SECTION           2
   23.083803   -5.389896   -5.389896  225.875687
   24.187283   -5.166141   -5.166141  225.875443
   25.176611   -4.965523   -4.965523  225.874847
   26.063604   -4.785651   -4.785651  225.873962
   26.858843   -4.624354   -4.624354  225.871506
   27.571823   -4.479751   -4.479751  225.869827
   28.211046   -4.350115   -4.350115  225.868744
   28.784147   -4.233897   -4.233897  225.868195
   29.297956   -4.129707   -4.129707  225.868027
   29.758633   -4.036304   -4.036304  225.868317
   30.171642   -3.952567   -3.952567  225.868820
   30.541931   -3.877494   -3.877494  225.869415
   30.873911   -3.810189   -3.810189  225.870148
   31.171558   -3.749848   -3.749848  225.870819
   31.438410   -3.695750   -3.695750  225.871536
   31.677656   -3.647249   -3.647249  225.872253
   31.892162   -3.603766   -3.603766  225.872940
   32.084476   -3.564782   -3.564782  225.873596
   32.256889   -3.529830   -3.529830  225.874222
   32.411472   -3.498495   -3.498495  225.874802
   32.550064   -3.470401   -3.470401  225.875107
   32.688656   -2.614960   -4.295587  225.875366
   32.833565   -2.311181   -4.569109  225.875565
   32.985374   -2.109286   -4.804040  225.875778
   33.144669   -1.935942   -5.010481  225.875977
   33.312016   -1.766084   -5.179891  225.876190
   33.488018   -1.598596   -5.310672  225.876373
   33.673237   -1.433282   -5.416946  225.876633
   33.868275   -1.268891   -5.518612  225.876862
   34.073696   -1.105304   -5.618961  225.877060
   34.290104   -0.942001   -5.718431  225.877274
   34.518066   -0.778934   -5.816766  225.877472
   34.758163   -0.616195   -5.915909  225.877686
   35.010983   -0.452767   -6.015169  225.877853
   35.277103   -0.290932   -6.114786  225.878052
   35.556980   -0.130900   -6.214846  225.878189
   35.850677    0.026801   -6.315118  225.878342
   36.158882    0.182099   -6.415822  225.878448
   36.482357    0.334475   -6.518099  225.878510
   36.821964    0.484405   -6.621654  225.878571
   37.178623    0.630000   -6.726705  225.878677
   37.553375    0.769254   -6.833162  225.878601
   37.947098    0.902534   -6.942392  225.878525
   38.360573    1.028854   -7.054150  225.878510
   38.795174    1.149038   -7.168543  225.878235
   39.252449    1.257501   -7.286857  225.878098
   39.734123    1.354549   -7.409416  225.877731
   40.242069    1.439152   -7.536718  225.877426
   40.778381    1.511334   -7.670024  225.876923
   41.349529    1.563497   -7.811099  225.876373
   41.963760    1.595803   -7.962488  225.875732
   42.621746    1.605691   -8.125041  225.875000
   43.322960    1.584459   -8.299614  225.873810
   44.065754    1.528556   -8.486583  225.872742
   44.847240    1.436851   -8.686748  225.871506
   45.663361    1.300205   -8.900117  225.870010
   46.500889    1.120318   -9.124496  225.868408
   47.346458    0.900853   -9.358074  225.866684
   48.195488    0.639302   -9.599442  225.864731
   49.044300    0.338042   -9.848615  225.862930
   49.889961    0.000000  -10.106104  225.860916
   50.730507   -0.370734  -10.370377  225.858978
   51.564743   -0.778263  -10.641884  225.856873
   52.398273   -1.220963  -10.922792  225.854721
   53.234898   -1.700668  -11.214811  225.852631
   54.073925   -2.217048  -11.518218  225.850433
   54.914238   -2.769378  -11.833041  225.848282
   55.754360   -3.356450  -12.158979  225.846054
   56.592304   -3.976496  -12.495529  225.843872
   57.425739   -4.627100  -12.841879  225.841705
   58.247242   -5.301224  -13.194839  225.839584
   59.052174   -5.993164  -13.552120  225.837555
   59.838337   -6.698786  -13.912172  225.835617
   60.603981   -7.414115  -14.273499  225.833786
   61.347748   -8.135432  -14.634725  225.832031
   62.068707   -8.859354  -14.994617  225.830368
   62.766357   -9.582925  -15.352108  225.828842
   63.443245  -10.306539  -15.707739  225.827377
   64.100060  -11.028923  -16.060658  225.826019
   64.736786  -11.748216  -16.411346  225.824814
   65.353424  -12.463784  -16.758505  225.823654
   65.949974  -13.171421  -17.101421  225.822617
   66.526428  -13.870670  -17.439451  225.821686
   67.082794  -14.559869  -17.771959  225.820816
   67.619087  -15.237473  -18.098066  225.820023
   68.135307  -15.902048  -18.417725  225.819305
   68.631439  -16.552191  -18.730045  225.818695
   69.107475  -17.186680  -19.034431  225.818176
   69.563400  -17.803604  -19.330444  225.817688
   69.999275  -18.401979  -19.512709  225.817276
   70.415047  -19.206282  -19.206631  225.817154
   70.830826  -19.637087  -19.637260  225.818130
   71.279686  -20.101984  -20.101984  225.819138
   71.764244  -20.603857  -20.603857  225.820282
   72.287338  -21.145666  -21.145666  225.821503
   72.852058  -21.730577  -21.730577  225.822876
   73.461708  -22.362032  -22.362032  225.824310
   74.119850  -23.043722  -23.043722  225.825958
   74.830353  -23.779652  -23.779652  225.827682
   75.597374  -24.574131  -24.574131  225.829605
   76.425415  -25.431826  -25.431826  225.831665
   77.319321  -26.357759  -26.357759  225.833908
   78.284340  -27.357357  -27.357357  225.836349
   79.326141  -28.436491  -28.436491  225.838989
   80.450806  -29.601482  -29.601482  225.841766
   81.664932  -30.859167  -30.859167  225.844772
   82.975655  -32.216908  -32.216908  225.847961
   84.390640  -33.682667  -33.682667  225.851257
   85.918205  -35.265038  -35.265038  225.854691
   87.567284  -36.973267  -36.973267  225.858215
   89.347557  -38.817379  -38.817379  225.861679
  BLADE PROFILES IN CARTESIAN COORDINATES (2D) BEFORE   PROJECTION, SCALING, MESHING AND STACKING 
  VARIABLES = "X", "YSS", "YPS" 
  BLADE           2  SECTION           3
    0.000000   -0.001554   -0.001554
    0.000062    0.000998   -0.003688
    0.000249    0.003773   -0.005883
    0.000561    0.006881   -0.008009
    0.000997    0.010211   -0.010148
    0.001557    0.013369   -0.012382
    0.002241    0.016495   -0.014725
    0.003050    0.019604   -0.017244
    0.003982    0.022712   -0.019950
    0.005038    0.025787   -0.022766
    0.006218    0.028791   -0.025648
    0.007520    0.031689   -0.028555
    0.008945    0.034448   -0.031437
    0.010493    0.037072   -0.034244
    0.012162    0.039468   -0.036927
    0.013954    0.041661   -0.039433
    0.015866    0.043697   -0.041707
    0.017899    0.045642   -0.043799
    0.020052    0.047583   -0.045716
    0.022325    0.049550   -0.047557
    0.024716    0.051543   -0.049412
    0.027226    0.053560   -0.051296
    0.029854    0.055595   -0.053209
    0.032600    0.057645   -0.055149
    0.035461    0.059706   -0.057113
    0.038439    0.061773   -0.059100
    0.041531    0.063845   -0.061109
    0.044738    0.065915   -0.063139
    0.048058    0.067985   -0.065187
    0.051491    0.070080   -0.067227
    0.055036    0.072121   -0.069309
    0.058691    0.074146   -0.071408
    0.062456    0.076153   -0.073523
    0.066331    0.078137   -0.075653
    0.070314    0.080095   -0.077798
    0.074403    0.082024   -0.079957
    0.078599    0.083921   -0.082129
    0.082900    0.085781   -0.084314
    0.087305    0.087601   -0.086512
    0.091812    0.089379   -0.088700
    0.096421    0.091114   -0.090920
    0.101131    0.092832   -0.093152
    0.105941    0.094454   -0.095396
    0.110848    0.096018   -0.097651
    0.115853    0.097522   -0.099919
    0.120953    0.098964   -0.102198
    0.126148    0.100341   -0.104490
    0.131435    0.101650   -0.106776
    0.136815    0.102887   -0.109089
    0.142285    0.104057   -0.111415
    0.147845    0.105186   -0.113754
    0.153492    0.106183   -0.116105
    0.159225    0.107094   -0.118469
    0.165044    0.107919   -0.120847
    0.170946    0.108656   -0.123227
    0.176930    0.109302   -0.125631
    0.182994    0.109855   -0.128050
    0.189138    0.110312   -0.130483
    0.195358    0.110679   -0.132932
    0.201655    0.110984   -0.135397
    0.208026    0.111128   -0.137878
    0.214470    0.111164   -0.140368
    0.220986    0.111093   -0.142883
    0.227570    0.110913   -0.145414
    0.234223    0.110622   -0.147964
    0.240941    0.110217   -0.150533
    0.247725    0.109698   -0.153120
    0.254571    0.109069   -0.155727
    0.261478    0.108365   -0.158353
    0.268445    0.107477   -0.161001
    0.275470    0.106466   -0.163670
    0.282550    0.105332   -0.166361
    0.289685    0.104074   -0.169074
    0.296872    0.102691   -0.171810
    0.304110    0.101181   -0.174568
    0.311396    0.099544   -0.177350
    0.318730    0.097778   -0.180160
    0.326109    0.095887   -0.182991
    0.333531    0.093913   -0.185847
    0.340994    0.091744   -0.188728
    0.348497    0.089443   -0.191635
    0.356038    0.087010   -0.194568
    0.363615    0.084445   -0.197526
    0.371226    0.081748   -0.200511
    0.378869    0.078919   -0.203523
    0.386542    0.075956   -0.206562
    0.394243    0.072862   -0.209637
    0.401971    0.069635   -0.212732
    0.409723    0.066276   -0.215855
    0.417498    0.062789   -0.219005
    0.425293    0.059224   -0.222183
    0.433107    0.055462   -0.225389
    0.440937    0.051571   -0.228622
    0.448783    0.047551   -0.231883
    0.456641    0.043403   -0.235172
    0.464509    0.039128   -0.238489
    0.472387    0.034728   -0.241834
    0.480272    0.030203   -0.245205
    0.488161    0.025555   -0.248604
    0.496053    0.020786   -0.252030
    0.503947    0.015896   -0.255482
    0.511839    0.010889   -0.258961
    0.519729    0.005764   -0.262466
    0.527613    0.000526   -0.265996
    0.535491   -0.004826   -0.269551
    0.543360   -0.010288   -0.273131
    0.551217   -0.015858   -0.276734
    0.559063   -0.021534   -0.280362
    0.566893   -0.027314   -0.284011
    0.574707   -0.033194   -0.287683
    0.582502   -0.039174   -0.291377
    0.590277   -0.045249   -0.295090
    0.598029   -0.051416   -0.298824
    0.605757   -0.057674   -0.302577
    0.613458   -0.064019   -0.306347
    0.621131   -0.070448   -0.310135
    0.628774   -0.076958   -0.313938
    0.636385   -0.083545   -0.317757
    0.643962   -0.090207   -0.321590
    0.651503   -0.096939   -0.325435
    0.659006   -0.103739   -0.329293
    0.666469   -0.110603   -0.333160
    0.673891   -0.117527   -0.337038
    0.681270   -0.124508   -0.340923
    0.688604   -0.131542   -0.344815
    0.695890   -0.138625   -0.348713
    0.703128   -0.145753   -0.352614
    0.710315   -0.152923   -0.356518
    0.717450   -0.160130   -0.360424
    0.724530   -0.167371   -0.364330
    0.731555   -0.174640   -0.368233
    0.738522   -0.181936   -0.372134
    0.745429   -0.189252   -0.376030
    0.752275   -0.196586   -0.379918
    0.759059   -0.203932   -0.383788
    0.765777   -0.211287   -0.387661
    0.772430   -0.218646   -0.391524
    0.779015   -0.226008   -0.395374
    0.785530   -0.233370   -0.399211
    0.791974   -0.240752   -0.403031
    0.798345   -0.248087   -0.406833
    0.804642   -0.255406   -0.410616
    0.810863   -0.262703   -0.414378
    0.817006   -0.269973   -0.418117
    0.823070   -0.277214   -0.421831
    0.829054   -0.284419   -0.425519
    0.834956   -0.291586   -0.429178
    0.840775   -0.298708   -0.432808
    0.846508   -0.305783   -0.436406
    0.852155   -0.312806   -0.439968
    0.857715   -0.319773   -0.443489
    0.863185   -0.326678   -0.446982
    0.868565   -0.333519   -0.450435
    0.873852   -0.340290   -0.453850
    0.879047   -0.346991   -0.457222
    0.884147   -0.353616   -0.460549
    0.889152   -0.360175   -0.463831
    0.894059   -0.366629   -0.467066
    0.898869   -0.372992   -0.470251
    0.903579   -0.379262   -0.473385
    0.908188   -0.385434   -0.476467
    0.912695   -0.391503   -0.479494
    0.917100   -0.397468   -0.482465
    0.921401   -0.403322   -0.485379
    0.925597   -0.409064   -0.488233
    0.929686   -0.414688   -0.491027
    0.933669   -0.420192   -0.493759
    0.937544   -0.425572   -0.496427
    0.941309   -0.430825   -0.499029
    0.944965   -0.435947   -0.501564
    0.948509   -0.440934   -0.504028
    0.951942   -0.445785   -0.506426
    0.955262   -0.450496   -0.508753
    0.958469   -0.455063   -0.511007
    0.961561   -0.459483   -0.513188
    0.964539   -0.463754   -0.515294
    0.967400   -0.467872   -0.517325
    0.970146   -0.471836   -0.519280
    0.972774   -0.475642   -0.521153
    0.975284   -0.479288   -0.522948
    0.977675   -0.482772   -0.524661
    0.979948   -0.486091   -0.526228
    0.982101   -0.489243   -0.527446
    0.984134   -0.492227   -0.528355
    0.986046   -0.495039   -0.529034
    0.987838   -0.497679   -0.529529
    0.989507   -0.500144   -0.529867
    0.991055   -0.502434   -0.530064
    0.992480   -0.504546   -0.530125
    0.993782   -0.506478   -0.530058
    0.994962   -0.508231   -0.529863
    0.996018   -0.509832   -0.529542
    0.996950   -0.511310   -0.529094
    0.997759   -0.512921   -0.528530
    0.998443   -0.514563   -0.527825
    0.999003   -0.516214   -0.526962
    0.999439   -0.517850   -0.525985
    0.999751   -0.519455   -0.524874
    0.999938   -0.521050   -0.523619
    1.000000   -0.522007   -0.522007
  BLADE PROFILES IN CARTESIAN COORDINATES (3D) 
  VARIABLES = "X", "YSS", "YPS" "R" 
  BLADE           2  SECTION           3
   24.023388   -2.088258   -2.088258  243.645340
   25.093250   -2.027032   -2.027032  243.769699
   26.053698   -1.972021   -1.972021  243.870010
   26.916107   -1.922587   -1.922587  243.944931
   27.691481   -1.878097   -1.878097  243.996094
   28.386612   -1.838207   -1.838207  244.042847
   29.009790   -1.802444   -1.802444  244.085648
   29.568447   -1.770382   -1.770382  244.124969
   30.069250   -1.741637   -1.741637  244.161285
   30.518152   -1.715872   -1.715872  244.195007
   30.920576   -1.692774   -1.692774  244.225876
   31.281330   -1.672066   -1.672066  244.254044
   31.604729   -1.653500   -1.653500  244.279739
   31.894646   -1.636856   -1.636856  244.303085
   32.154549   -1.621934   -1.621934  244.324356
   32.387550   -1.608556   -1.608556  244.343643
   32.596432   -1.596563   -1.596563  244.361084
   32.783691   -1.585810   -1.585810  244.376892
   32.951569   -1.576169   -1.576169  244.391205
   33.102077   -1.567526   -1.567526  244.404114
   33.237000   -1.559777   -1.559777  244.417740
   33.371624   -0.797417   -2.304304  244.431519
   33.512356   -0.429972   -2.653858  244.446182
   33.659756   -0.173222   -2.928167  244.461792
   33.814377    0.010805   -3.136441  244.478485
   33.976791    0.162958   -3.293637  244.496277
   34.147549    0.308847   -3.429681  244.515335
   34.327213    0.451730   -3.563536  244.535736
   34.516346    0.592258   -3.696738  244.557587
   34.715492    0.730798   -3.829990  244.581070
   34.925209    0.867490   -3.963858  244.606232
   35.146065    1.003886   -4.097556  244.633347
   35.378590    1.136375   -4.233669  244.662369
   35.623371    1.266721   -4.371442  244.693634
   35.880920    1.394547   -4.511189  244.727173
   36.151691    1.519385   -4.653087  244.763260
   36.435715    1.640540   -4.797118  244.801849
   36.733662    1.757541   -4.942667  244.843323
   37.046223    1.871157   -5.091778  244.887665
   37.374241    1.977275   -5.243988  244.935318
   37.718582    2.077325   -5.399734  244.986496
   38.080219    2.170386   -5.558709  245.041412
   38.460014    2.255777   -5.722546  245.100388
   38.858650    2.332841   -5.891002  245.163712
   39.277439    2.397395   -6.064700  245.231796
   39.717861    2.450132   -6.243842  245.305054
   40.181541    2.489437   -6.430068  245.383896
   40.670273    2.515430   -6.623869  245.468857
   41.185993    2.520668   -6.825926  245.560638
   41.734905    2.505628   -7.039472  245.660461
   42.324913    2.466352   -7.267606  245.770218
   42.956562    2.400370   -7.510964  245.890350
   43.629326    2.297720   -7.770131  246.021301
   44.341541    2.157637   -8.045182  246.162994
   45.090416    1.976153   -8.336229  246.315063
   45.872036    1.751152   -8.642653  246.477066
   46.673729    1.479450   -8.960711  246.646393
   47.482689    1.166722   -9.286565  246.820114
   48.294575    0.814414   -9.619216  246.997131
   49.105907    0.426396   -9.957726  247.176529
   49.913948    0.000000  -10.301686  247.356949
   50.716831   -0.459891  -10.650748  247.538116
   51.513477   -0.951508  -11.004789  247.719315
   52.309299   -1.477379  -11.366586  247.901382
   53.107903   -2.039682  -11.738228  248.084991
   53.908710   -2.637985  -12.119906  248.269562
   54.710690   -3.271425  -12.511549  248.454803
   55.512447   -3.938628  -12.912813  248.639832
   56.312176   -4.637632  -13.323049  248.824203
   57.107635   -5.365799  -13.741264  249.007095
   57.891781   -6.115427  -14.163688  249.186279
   58.660244   -6.880432  -14.587648  249.360870
   59.410942   -7.656545  -15.011528  249.530228
   60.142220   -8.439701  -15.433824  249.693741
   60.852810   -9.226129  -15.852612  249.850967
   61.541798  -10.012530  -16.267933  250.001816
   62.208733  -10.797432  -16.678122  250.145996
   62.856049  -11.578521  -17.083946  250.284073
   63.484386  -12.356029  -17.485195  250.416428
   64.093742  -13.128102  -17.881247  250.542786
   64.684105  -13.892954  -18.271196  250.663406
   65.255508  -14.649067  -18.655256  250.778198
   65.807877  -15.395385  -19.032345  250.887360
   66.341240  -16.128727  -19.401878  250.990921
   66.855583  -16.848391  -19.763294  251.089066
   67.350861  -17.552946  -20.116053  251.181778
   67.827072  -18.241047  -20.459473  251.269348
   68.284210  -18.911373  -20.793362  251.351776
   68.722260  -19.562584  -21.117128  251.429230
   69.141197  -20.193453  -21.316692  251.501953
   69.540993  -21.034504  -21.034836  251.559586
   69.945305  -21.490047  -21.490213  251.596603
   70.381882  -21.981657  -21.981657  251.635666
   70.853264  -22.512379  -22.512379  251.676941
   71.362289  -23.085323  -23.085323  251.720428
   71.911919  -23.703844  -23.703844  251.766113
   72.505432  -24.371557  -24.371557  251.814011
   73.146332  -25.092375  -25.092375  251.864044
   73.838409  -25.870504  -25.870504  251.916229
   74.585754  -26.710489  -26.710489  251.970322
   75.392784  -27.617239  -27.617239  252.026260
   76.264290  -28.596035  -28.596035  252.083832
   77.205406  -29.652571  -29.652571  252.142792
   78.221725  -30.793001  -30.793001  252.202606
   79.319237  -32.023956  -32.023956  252.263092
   80.504448  -33.352551  -33.352551  252.323593
   81.784355  -34.786488  -34.786488  252.383621
   83.166466  -36.334057  -36.334057  252.442444
   84.658981  -38.004158  -38.004158  252.499222
   86.270630  -39.806416  -39.806416  252.553040
   88.010880  -41.751160  -41.751160  252.602966
