 DATA SET FOR "multall" . GENERATED BY "stagen" .                       
    CP   and   GAMMA 
  -10.0000    1.0000
287.0491            1.4492              
       ITIMST 
         3
     CFL,    DAMP,    MACHLIM,    F_PDOWN 
  0.400000 10.000000  2.000000  0.000000
  IF_RESTART 
         0
  NSTEPS_MAX, CONLIM 
     10000  0.000150
   SFX,      SFT,      FAC_4TH,     NCHANGE 
  0.005000  0.005000  0.800000      1000
       NUMBER OF BLADE ROWS 
         2
        IM        KM 
        37        37
  FP(I),I=1,IMM1 
  1.000000  1.250000  1.562500  1.953125  2.441406  3.051758  3.814697  4.768372
  5.960464  7.450581  9.313226 11.641532 14.551915 18.189894 20.000000 20.000000
 20.000000 20.000000 20.000000 20.000000 20.000000 20.000000 18.189894 14.551915
 11.641532  9.313226  7.450581  5.960464  4.768372  3.814697  3.051758  2.441406
  1.953125  1.562500  1.250000  1.000000
  FR(K),K=1,KMM1 
  1.000000  1.250000  1.562500  1.953125  2.441406  3.051758  3.814697  4.768372
  5.960464  7.450581  9.313226 11.641532 14.551915 18.189894 20.000000 20.000000
 20.000000 20.000000 20.000000 20.000000 20.000000 20.000000 18.189894 14.551915
 11.641532  9.313226  7.450581  5.960464  4.768372  3.814697  3.051758  2.441406
  1.953125  1.562500  1.250000  1.000000
        IR        JR        KR        IRBB      JRBB      KRBB 
         3         3         3         9         9         9
   FBLK1,     FBLK2,     FBLK3  
  0.400000  0.200000  0.100000
       IFMIX 
         1
   RFMIX,    FEXTRAP,   FSMTHB,    FANGLE 
  0.025000  0.800000  1.000000  0.800000
      IFCOOL    IFBLEED    IF_ROUGH 
         0         0         0
       NSECS_IN 
         3
       IN_PRESS  IN_VTAN   IN_VR    IN_FLOW  IF_REPEAT  RFIN 
         0         0         1         0         0   0.50000
  IPOUT  SFEXIT  NSFEXIT 
    1  0.000000    0
  PLATE_LOSS  THROTTLE_EXIT 
  0.000000  0.000000
        ILOS      NLOS      IBOUND 
       100         5         0
   REYNO,     RF_VIS,   FTRANS, TURBVIS_LIM, PRANDTL, YPLUSWALL
       0.0     0.500     0.000  3000.000       1.0     0.000
   YPLAM      YPTURB 
  5.000000 25.000000
      ISHIFT    NEXTRAP_LE  NEXTRAP_TE 
         2        10        10
  (NSTG(N),N=1,NROWS) 
         1         1
  5  TIME STEPS FOR PRINTOUT 
 10010 10010 10010 10010 10010
  MARKER FOR VARIABLES TO BE SENT TO THE OUTPUT FILE.
 0 0 0 0 0 0 0 0 0 0 0 0 0 0 0 0 0 0 0 0
  STREAM SURFACES ON WHICH RESULTS ARE TO BE SENT TO   THE OUTPUT FILE 
 0 0 0 0 0 0 0 0 0 0 0 0 0 0 0 0 0 0 0 0 0 0 0 0 0 0 0 0 0 0 0 0 0 0 0 0 0
 ***************************************************************
 ************STARTING THE INPUT FOR EACH BLADE ROW**************
  BLADE ROW NUMBER =        1                                           
    NUMBER OF BLADES IN ROW 
        47
        JM        JLE       JTE 
       111        26        96
      KTIPSTART  KTIPEND 
         0         0
       BOUNDARY LAYER TRANSITION POINTS 
         0         0         0         0
  SET NEWGRID= 1 TO GENERATE A NEW GRID WITH DIFFERENT "J" POINTS AND SPACINGS.
         0
   RPMROW,    RPMHUB 
       0.0       0.0
       JROTHS    JROTHE    JROTTS    JROTTE 
         1         1         1         1
   PUPROW    PLEROW   PTEROW    PDROW 
 2610894.5 2610894.5 1632324.6 1632324.6
      NSECS_ROW   INSURF  
         3         0
  IF_CUSP_OUT   IFANGLES 
         1         0
         0         3         0
 ***************************************************************
  ROW NUMBER           1  SECTION NUMBER            1
           0           0           0  IF_DESIGN etc 
   1.00000   0.00000    0
 -0.012357 -0.010895 -0.009591 -0.008429 -0.007393 -0.006469 -0.005646 -0.004913
 -0.004259 -0.003676 -0.003156 -0.002693 -0.002280 -0.001912 -0.001584 -0.001291
 -0.001031 -0.000798 -0.000591 -0.000406 -0.000241 -0.000094  0.000036  0.000153
  0.000257  0.000350  0.000442  0.000538  0.000639  0.000745  0.000856  0.000972
  0.001095  0.001225  0.001361  0.001504  0.001655  0.001815  0.001982  0.002158
  0.002344  0.002538  0.002742  0.002957  0.003181  0.003417  0.003665  0.003926
  0.004199  0.004487  0.004789  0.005107  0.005443  0.005797  0.006175  0.006580
  0.007015  0.007478  0.007968  0.008484  0.009022  0.009575  0.010133  0.010693
  0.011253  0.011811  0.012365  0.012916  0.013466  0.014018  0.014572  0.015127
  0.015682  0.016236  0.016787  0.017330  0.017863  0.018383  0.018890  0.019383
  0.019861  0.020324  0.020773  0.021209  0.021632  0.022042  0.022439  0.022822
  0.023193  0.023550  0.023894  0.024225  0.024543  0.024847  0.025138  0.025416
  0.025695  0.025989  0.026301  0.026630  0.026978  0.027346  0.027735  0.028146
  0.028581  0.029040  0.029526  0.030039  0.030582  0.031155  0.031762
  1.000000  0.000000
 -0.002913 -0.003227 -0.003507 -0.003756 -0.003978 -0.004176 -0.004352 -0.004510
 -0.004650 -0.004775 -0.004886 -0.004985 -0.005073 -0.005152 -0.005222 -0.005285
 -0.005341 -0.005390 -0.005435 -0.005474 -0.005509 -0.005541 -0.005569 -0.005594
 -0.005616 -0.005636 -0.005158 -0.004980 -0.004832 -0.004705 -0.004599 -0.004516
 -0.004445 -0.004375 -0.004304 -0.004232 -0.004158 -0.004082 -0.004004 -0.003924
 -0.003842 -0.003757 -0.003670 -0.003581 -0.003488 -0.003393 -0.003294 -0.003192
 -0.003086 -0.002976 -0.002862 -0.002742 -0.002617 -0.002486 -0.002347 -0.002198
 -0.002039 -0.001869 -0.001689 -0.001498 -0.001297 -0.001090 -0.000878 -0.000662
 -0.000444 -0.000223  0.000000  0.000225  0.000454  0.000688  0.000926  0.001170
  0.001418  0.001671  0.001927  0.002184  0.002441  0.002698  0.002952  0.003203
  0.003451  0.003695  0.003935  0.004173  0.004406  0.004636  0.004862  0.005083
  0.005299  0.005510  0.005716  0.005916  0.006110  0.006234  0.006194  0.005777
  0.006091  0.006424  0.006775  0.007146  0.007538  0.007953  0.008391  0.008854
  0.009344  0.009861  0.010408  0.010986  0.011597  0.012243  0.012925
  1.000000
  0.000000  0.000000  0.000000  0.000000  0.000000  0.000000  0.000000  0.000000
  0.000000  0.000000  0.000000  0.000000  0.000000  0.000000  0.000000  0.000000
  0.000000  0.000000  0.000000  0.000000  0.000000  0.000000  0.000000  0.000000
  0.000000  0.000000  0.000965  0.001332  0.001607  0.001845  0.002060  0.002255
  0.002437  0.002621  0.002807  0.002996  0.003188  0.003384  0.003585  0.003788
  0.003993  0.004202  0.004412  0.004624  0.004840  0.005057  0.005274  0.005492
  0.005711  0.005931  0.006148  0.006364  0.006579  0.006790  0.006998  0.007206
  0.007405  0.007597  0.007775  0.007935  0.008076  0.008189  0.008276  0.008333
  0.008362  0.008365  0.008340  0.008290  0.008216  0.008115  0.007989  0.007838
  0.007664  0.007468  0.007250  0.007011  0.006757  0.006488  0.006206  0.005916
  0.005619  0.005316  0.005008  0.004695  0.004380  0.004062  0.003745  0.003428
  0.003113  0.002801  0.002493  0.002189  0.001891  0.001536  0.001030  0.000000
  0.000000  0.000000  0.000000  0.000000  0.000000  0.000000  0.000000  0.000000
  0.000000  0.000000  0.000000  0.000000  0.000000  0.000000  0.000000
  1.000000  0.000000
  0.212863  0.212824  0.212782  0.212739  0.212696  0.212654  0.212613  0.212574
  0.212537  0.212502  0.212469  0.212439  0.212411  0.212386  0.212362  0.212341
  0.212321  0.212304  0.212288  0.212273  0.212260  0.212248  0.212238  0.212228
  0.212220  0.212212  0.212198  0.212184  0.212169  0.212153  0.212136  0.212118
  0.212098  0.212078  0.212057  0.212034  0.212010  0.211984  0.211956  0.211927
  0.211896  0.211864  0.211829  0.211792  0.211753  0.211712  0.211668  0.211621
  0.211572  0.211519  0.211464  0.211404  0.211341  0.211274  0.211201  0.211123
  0.211038  0.210947  0.210849  0.210746  0.210637  0.210525  0.210412  0.210298
  0.210184  0.210070  0.209957  0.209846  0.209736  0.209626  0.209516  0.209407
  0.209300  0.209195  0.209091  0.208991  0.208895  0.208803  0.208715  0.208632
  0.208553  0.208478  0.208408  0.208342  0.208279  0.208221  0.208166  0.208115
  0.208067  0.208022  0.207981  0.207942  0.207907  0.207874  0.207844  0.207817
  0.207797  0.207776  0.207753  0.207730  0.207705  0.207679  0.207651  0.207622
  0.207590  0.207557  0.207521  0.207482  0.207441  0.207398  0.207350
 ***************************************************************
  ROW NUMBER           1  SECTION NUMBER            2
           0           0           0  IF_DESIGN etc 
   1.00000   0.00000    0
 -0.013251 -0.011748 -0.010409 -0.009214 -0.008149 -0.007200 -0.006353 -0.005598
 -0.004925 -0.004325 -0.003790 -0.003313 -0.002888 -0.002509 -0.002171 -0.001869
 -0.001600 -0.001361 -0.001147 -0.000957 -0.000787 -0.000635 -0.000500 -0.000380
 -0.000273 -0.000177 -0.000081  0.000019  0.000124  0.000234  0.000349  0.000471
  0.000599  0.000734  0.000875  0.001025  0.001182  0.001348  0.001523  0.001706
  0.001900  0.002102  0.002315  0.002539  0.002773  0.003019  0.003278  0.003550
  0.003836  0.004136  0.004452  0.004784  0.005135  0.005505  0.005900  0.006324
  0.006778  0.007263  0.007775  0.008315  0.008879  0.009457  0.010041  0.010627
  0.011213  0.011797  0.012378  0.012954  0.013530  0.014107  0.014687  0.015267
  0.015847  0.016426  0.017001  0.017569  0.018124  0.018667  0.019196  0.019710
  0.020208  0.020689  0.021157  0.021610  0.022050  0.022476  0.022888  0.023286
  0.023670  0.024040  0.024397  0.024740  0.025068  0.025383  0.025684  0.025971
  0.026258  0.026562  0.026883  0.027222  0.027580  0.027959  0.028360  0.028784
  0.029231  0.029705  0.030205  0.030734  0.031293  0.031884  0.032509
  1.000000  0.000000
 -0.002885 -0.003189 -0.003461 -0.003703 -0.003919 -0.004111 -0.004283 -0.004436
 -0.004572 -0.004694 -0.004803 -0.004899 -0.004985 -0.005062 -0.005131 -0.005192
 -0.005246 -0.005295 -0.005338 -0.005377 -0.005411 -0.005442 -0.005470 -0.005494
 -0.005516 -0.005535 -0.005055 -0.004873 -0.004723 -0.004595 -0.004489 -0.004406
 -0.004335 -0.004264 -0.004192 -0.004118 -0.004043 -0.003966 -0.003887 -0.003805
 -0.003722 -0.003637 -0.003549 -0.003459 -0.003366 -0.003270 -0.003171 -0.003069
 -0.002963 -0.002854 -0.002741 -0.002623 -0.002499 -0.002371 -0.002235 -0.002089
 -0.001934 -0.001770 -0.001596 -0.001413 -0.001222 -0.001024 -0.000824 -0.000620
 -0.000415 -0.000208  0.000000  0.000209  0.000421  0.000638  0.000858  0.001082
  0.001310  0.001542  0.001776  0.002011  0.002245  0.002478  0.002709  0.002936
  0.003161  0.003382  0.003599  0.003813  0.004024  0.004231  0.004434  0.004633
  0.004827  0.005017  0.005201  0.005381  0.005555  0.005661  0.005599  0.005153
  0.005450  0.005764  0.006096  0.006447  0.006819  0.007211  0.007626  0.008065
  0.008528  0.009018  0.009537  0.010084  0.010663  0.011276  0.011923
  1.000000
  0.000000  0.000000  0.000000  0.000000  0.000000  0.000000  0.000000  0.000000
  0.000000  0.000000  0.000000  0.000000  0.000000  0.000000  0.000000  0.000000
  0.000000  0.000000  0.000000  0.000000  0.000000  0.000000  0.000000  0.000000
  0.000000  0.000000  0.000973  0.001350  0.001632  0.001872  0.002088  0.002283
  0.002467  0.002653  0.002841  0.003033  0.003228  0.003427  0.003630  0.003835
  0.004044  0.004254  0.004467  0.004683  0.004901  0.005121  0.005341  0.005562
  0.005783  0.006006  0.006226  0.006445  0.006662  0.006877  0.007088  0.007296
  0.007500  0.007693  0.007874  0.008036  0.008177  0.008294  0.008380  0.008440
  0.008469  0.008471  0.008448  0.008396  0.008319  0.008217  0.008092  0.007940
  0.007764  0.007564  0.007342  0.007100  0.006843  0.006571  0.006287  0.005993
  0.005692  0.005385  0.005072  0.004756  0.004436  0.004115  0.003794  0.003473
  0.003154  0.002838  0.002526  0.002218  0.001917  0.001559  0.001047  0.000000
  0.000000  0.000000  0.000000  0.000000  0.000000  0.000000  0.000000  0.000000
  0.000000  0.000000  0.000000  0.000000  0.000000  0.000000  0.000000
  1.000000  0.000000
  0.225864  0.225862  0.225860  0.225858  0.225856  0.225854  0.225852  0.225851
  0.225849  0.225848  0.225847  0.225846  0.225845  0.225844  0.225844  0.225843
  0.225843  0.225842  0.225842  0.225842  0.225841  0.225841  0.225841  0.225840
  0.225840  0.225840  0.225840  0.225840  0.225840  0.225840  0.225840  0.225840
  0.225841  0.225841  0.225841  0.225841  0.225841  0.225841  0.225841  0.225842
  0.225842  0.225842  0.225842  0.225843  0.225843  0.225843  0.225844  0.225844
  0.225845  0.225845  0.225846  0.225846  0.225847  0.225847  0.225848  0.225849
  0.225850  0.225851  0.225852  0.225853  0.225854  0.225856  0.225857  0.225858
  0.225859  0.225861  0.225862  0.225863  0.225864  0.225865  0.225866  0.225868
  0.225869  0.225870  0.225870  0.225871  0.225872  0.225873  0.225873  0.225874
  0.225874  0.225875  0.225875  0.225875  0.225876  0.225876  0.225876  0.225876
  0.225876  0.225875  0.225875  0.225875  0.225875  0.225875  0.225874  0.225874
  0.225873  0.225872  0.225871  0.225871  0.225870  0.225869  0.225869  0.225868
  0.225868  0.225868  0.225869  0.225870  0.225871  0.225873  0.225875
 ***************************************************************
  ROW NUMBER           1  SECTION NUMBER            3
           0           0           0  IF_DESIGN etc 
   1.00000   0.00000    0
 -0.014472 -0.012886 -0.011472 -0.010212 -0.009088 -0.008087 -0.007194 -0.006399
 -0.005689 -0.005057 -0.004494 -0.003991 -0.003543 -0.003144 -0.002788 -0.002471
 -0.002188 -0.001936 -0.001711 -0.001510 -0.001332 -0.001172 -0.001030 -0.000904
 -0.000791 -0.000690 -0.000590 -0.000486 -0.000376 -0.000261 -0.000141 -0.000014
  0.000120  0.000260  0.000408  0.000564  0.000728  0.000901  0.001083  0.001275
  0.001476  0.001688  0.001910  0.002142  0.002387  0.002643  0.002913  0.003196
  0.003493  0.003805  0.004134  0.004480  0.004844  0.005229  0.005639  0.006080
  0.006552  0.007055  0.007588  0.008149  0.008734  0.009334  0.009941  0.010549
  0.011158  0.011764  0.012367  0.012965  0.013562  0.014163  0.014764  0.015367
  0.015970  0.016572  0.017170  0.017761  0.018339  0.018904  0.019455  0.019990
  0.020509  0.021012  0.021499  0.021973  0.022432  0.022877  0.023308  0.023724
  0.024126  0.024514  0.024888  0.025247  0.025591  0.025922  0.026238  0.026539
  0.026841  0.027161  0.027499  0.027856  0.028233  0.028632  0.029054  0.029500
  0.029971  0.030469  0.030996  0.031552  0.032140  0.032762  0.033417
  1.000000  0.000000
 -0.002964 -0.003269 -0.003541 -0.003783 -0.003999 -0.004192 -0.004364 -0.004518
 -0.004655 -0.004777 -0.004886 -0.004983 -0.005069 -0.005147 -0.005216 -0.005277
 -0.005332 -0.005381 -0.005424 -0.005463 -0.005498 -0.005529 -0.005556 -0.005581
 -0.005603 -0.005623 -0.005126 -0.004935 -0.004778 -0.004644 -0.004535 -0.004450
 -0.004376 -0.004302 -0.004226 -0.004148 -0.004069 -0.003988 -0.003906 -0.003821
 -0.003734 -0.003645 -0.003553 -0.003459 -0.003363 -0.003263 -0.003161 -0.003056
 -0.002947 -0.002834 -0.002718 -0.002597 -0.002471 -0.002341 -0.002203 -0.002056
 -0.001900 -0.001736 -0.001562 -0.001380 -0.001191 -0.000996 -0.000800 -0.000601
 -0.000401 -0.000201  0.000000  0.000201  0.000405  0.000612  0.000822  0.001035
  0.001251  0.001470  0.001691  0.001912  0.002132  0.002350  0.002566  0.002779
  0.002989  0.003195  0.003397  0.003596  0.003792  0.003984  0.004172  0.004356
  0.004536  0.004711  0.004881  0.005047  0.005208  0.005301  0.005218  0.004726
  0.005017  0.005324  0.005649  0.005992  0.006355  0.006739  0.007145  0.007574
  0.008028  0.008508  0.009015  0.009551  0.010118  0.010718  0.011353
  1.000000
  0.000000  0.000000  0.000000  0.000000  0.000000  0.000000  0.000000  0.000000
  0.000000  0.000000  0.000000  0.000000  0.000000  0.000000  0.000000  0.000000
  0.000000  0.000000  0.000000  0.000000  0.000000  0.000000  0.000000  0.000000
  0.000000  0.000000  0.001010  0.001408  0.001707  0.001956  0.002180  0.002381
  0.002572  0.002766  0.002963  0.003163  0.003367  0.003575  0.003785  0.004000
  0.004217  0.004437  0.004659  0.004884  0.005112  0.005341  0.005570  0.005801
  0.006032  0.006264  0.006495  0.006723  0.006949  0.007173  0.007394  0.007611
  0.007824  0.008025  0.008213  0.008384  0.008531  0.008651  0.008743  0.008804
  0.008837  0.008838  0.008811  0.008760  0.008680  0.008574  0.008441  0.008282
  0.008100  0.007892  0.007660  0.007409  0.007140  0.006856  0.006560  0.006253
  0.005939  0.005619  0.005293  0.004962  0.004629  0.004294  0.003959  0.003624
  0.003292  0.002962  0.002636  0.002315  0.002001  0.001631  0.001098  0.000000
  0.000000  0.000000  0.000000  0.000000  0.000000  0.000000  0.000000  0.000000
  0.000000  0.000000  0.000000  0.000000  0.000000  0.000000  0.000000
  1.000000  0.000000
  0.238828  0.238862  0.238900  0.238940  0.238981  0.239021  0.239061  0.239099
  0.239135  0.239169  0.239201  0.239231  0.239259  0.239284  0.239307  0.239328
  0.239348  0.239365  0.239381  0.239396  0.239409  0.239420  0.239431  0.239440
  0.239449  0.239457  0.239464  0.239475  0.239490  0.239506  0.239522  0.239540
  0.239558  0.239578  0.239599  0.239621  0.239645  0.239670  0.239697  0.239726
  0.239756  0.239788  0.239823  0.239859  0.239897  0.239938  0.239982  0.240028
  0.240077  0.240130  0.240185  0.240245  0.240308  0.240375  0.240448  0.240527
  0.240613  0.240705  0.240803  0.240908  0.241018  0.241132  0.241247  0.241363
  0.241480  0.241596  0.241711  0.241825  0.241938  0.242051  0.242163  0.242275
  0.242385  0.242494  0.242600  0.242703  0.242803  0.242897  0.242988  0.243074
  0.243155  0.243232  0.243305  0.243373  0.243438  0.243498  0.243555  0.243608
  0.243658  0.243704  0.243747  0.243786  0.243823  0.243857  0.243888  0.243916
  0.243940  0.243961  0.243983  0.244007  0.244032  0.244060  0.244089  0.244120
  0.244154  0.244191  0.244232  0.244276  0.244323  0.244375  0.244436
 ***************************************************************
 ************STARTING THE INPUT FOR EACH BLADE ROW**************
  BLADE ROW NUMBER =        2                                           
    NUMBER OF BLADES IN ROW 
        33
        JM        JLE       JTE 
       111        21        91
      KTIPSTART  KTIPEND 
         0         0
       BOUNDARY LAYER TRANSITION POINTS 
         0         0         0         0
  SET NEWGRID= 1 TO GENERATE A NEW GRID WITH DIFFERENT "J" POINTS AND SPACINGS.
         0
   RPMROW,    RPMHUB 
    9000.0    9000.0
       JROTHS    JROTHE    JROTTS    JROTTE 
         1         1         1         1
   PUPROW    PLEROW   PTEROW    PDROW 
 1632324.6 1632324.6  965456.4  965456.4
      NSECS_ROW   INSURF  
         3         0
  IF_CUSP_OUT   IFANGLES 
         1         0
         0         3         0
 ***************************************************************
  ROW NUMBER           2  SECTION NUMBER            1
           0           0           0  IF_DESIGN etc 
   1.00000   0.00000    0
  0.021857  0.023013  0.024052  0.024984  0.025823  0.026575  0.027251  0.027856
  0.028398  0.028885  0.029321  0.029712  0.030063  0.030377  0.030659  0.030911
  0.031138  0.031341  0.031523  0.031686  0.031832  0.031978  0.032131  0.032290
  0.032458  0.032634  0.032819  0.033014  0.033219  0.033435  0.033663  0.033902
  0.034155  0.034420  0.034699  0.034993  0.035301  0.035624  0.035964  0.036319
  0.036693  0.037085  0.037498  0.037930  0.038385  0.038862  0.039366  0.039896
  0.040456  0.041052  0.041692  0.042378  0.043108  0.043882  0.044695  0.045543
  0.046414  0.047293  0.048174  0.049056  0.049933  0.050806  0.051671  0.052535
  0.053403  0.054273  0.055145  0.056016  0.056885  0.057749  0.058601  0.059436
  0.060252  0.061047  0.061819  0.062568  0.063292  0.063996  0.064679  0.065341
  0.065982  0.066603  0.067203  0.067783  0.068342  0.068880  0.069398  0.069894
  0.070370  0.070826  0.071260  0.071698  0.072172  0.072683  0.073235  0.073831
  0.074475  0.075169  0.075920  0.076730  0.077605  0.078550  0.079570  0.080671
  0.081861  0.083146  0.084533  0.086030  0.087648  0.089394  0.091279
  1.000000  0.000000
 -0.009545 -0.009115 -0.008731 -0.008388 -0.008080 -0.007806 -0.007559 -0.007338
 -0.007140 -0.006963 -0.006804 -0.006661 -0.006533 -0.006419 -0.006316 -0.006224
 -0.006141 -0.006067 -0.006001 -0.005941 -0.005888 -0.005012 -0.004758 -0.004548
 -0.004344 -0.004142 -0.003942 -0.003742 -0.003542 -0.003340 -0.003137 -0.002932
 -0.002726 -0.002518 -0.002308 -0.002099 -0.001889 -0.001681 -0.001474 -0.001267
 -0.001062 -0.000860 -0.000662 -0.000470 -0.000283 -0.000101  0.000070  0.000230
  0.000379  0.000517  0.000636  0.000735  0.000811  0.000852  0.000860  0.000825
  0.000745  0.000624  0.000457  0.000249  0.000000 -0.000289 -0.000615 -0.000977
 -0.001382 -0.001826 -0.002309 -0.002829 -0.003382 -0.003972 -0.004589 -0.005227
 -0.005883 -0.006552 -0.007230 -0.007914 -0.008601 -0.009291 -0.009983 -0.010674
 -0.011362 -0.012045 -0.012722 -0.013391 -0.014051 -0.014700 -0.015335 -0.015956
 -0.016561 -0.017149 -0.018000 -0.018421 -0.018875 -0.019366 -0.019895 -0.020467
 -0.021084 -0.021750 -0.022469 -0.023246 -0.024084 -0.024989 -0.025966 -0.027021
 -0.028161 -0.029391 -0.030720 -0.032154 -0.033704 -0.035378 -0.037186
  1.000000
  0.000000  0.000000  0.000000  0.000000  0.000000  0.000000  0.000000  0.000000
  0.000000  0.000000  0.000000  0.000000  0.000000  0.000000  0.000000  0.000000
  0.000000  0.000000  0.000000  0.000000  0.000000  0.001761  0.002278  0.002694
  0.003079  0.003443  0.003780  0.004087  0.004364  0.004633  0.004899  0.005165
  0.005432  0.005698  0.005965  0.006229  0.006492  0.006753  0.007012  0.007269
  0.007524  0.007776  0.008022  0.008265  0.008501  0.008734  0.008958  0.009174
  0.009380  0.009580  0.009766  0.009940  0.010098  0.010231  0.010341  0.010419
  0.010464  0.010478  0.010456  0.010404  0.010322  0.010209  0.010072  0.009909
  0.009716  0.009498  0.009255  0.008989  0.008702  0.008391  0.008062  0.007720
  0.007367  0.007006  0.006638  0.006265  0.005891  0.005516  0.005138  0.004761
  0.004386  0.004014  0.003645  0.003281  0.002922  0.002570  0.002225  0.001888
  0.001561  0.001142  0.000000  0.000000  0.000000  0.000000  0.000000  0.000000
  0.000000  0.000000  0.000000  0.000000  0.000000  0.000000  0.000000  0.000000
  0.000000  0.000000  0.000000  0.000000  0.000000  0.000000  0.000000
  1.000000  0.000000
  0.208247  0.208090  0.207962  0.207860  0.207788  0.207734  0.207686  0.207642
  0.207603  0.207568  0.207536  0.207507  0.207481  0.207457  0.207436  0.207416
  0.207399  0.207383  0.207369  0.207356  0.207345  0.207331  0.207317  0.207301
  0.207284  0.207266  0.207247  0.207227  0.207205  0.207181  0.207156  0.207129
  0.207099  0.207068  0.207034  0.206997  0.206958  0.206916  0.206871  0.206823
  0.206771  0.206715  0.206655  0.206591  0.206521  0.206447  0.206366  0.206280
  0.206186  0.206084  0.205972  0.205849  0.205715  0.205570  0.205414  0.205248
  0.205075  0.204896  0.204715  0.204531  0.204347  0.204161  0.203976  0.203789
  0.203602  0.203413  0.203224  0.203035  0.202847  0.202661  0.202478  0.202301
  0.202129  0.201963  0.201804  0.201652  0.201506  0.201367  0.201234  0.201107
  0.200987  0.200872  0.200763  0.200660  0.200562  0.200470  0.200384  0.200302
  0.200226  0.200155  0.200088  0.200051  0.200011  0.199969  0.199926  0.199880
  0.199831  0.199781  0.199729  0.199675  0.199619  0.199562  0.199503  0.199444
  0.199385  0.199326  0.199268  0.199212  0.199158  0.199109  0.199064
 ***************************************************************
  ROW NUMBER           2  SECTION NUMBER            2
           0           0           0  IF_DESIGN etc 
   1.00000   0.00000    0
  0.023084  0.024187  0.025177  0.026064  0.026859  0.027572  0.028211  0.028784
  0.029298  0.029759  0.030172  0.030542  0.030874  0.031172  0.031438  0.031678
  0.031892  0.032084  0.032257  0.032411  0.032550  0.032689  0.032834  0.032985
  0.033145  0.033312  0.033488  0.033673  0.033868  0.034074  0.034290  0.034518
  0.034758  0.035011  0.035277  0.035557  0.035851  0.036159  0.036482  0.036822
  0.037179  0.037553  0.037947  0.038361  0.038795  0.039252  0.039734  0.040242
  0.040778  0.041350  0.041964  0.042622  0.043323  0.044066  0.044847  0.045663
  0.046501  0.047346  0.048195  0.049044  0.049890  0.050731  0.051565  0.052398
  0.053235  0.054074  0.054914  0.055754  0.056592  0.057426  0.058247  0.059052
  0.059838  0.060604  0.061348  0.062069  0.062766  0.063443  0.064100  0.064737
  0.065353  0.065950  0.066526  0.067083  0.067619  0.068135  0.068631  0.069107
  0.069563  0.069999  0.070415  0.070831  0.071280  0.071764  0.072287  0.072852
  0.073462  0.074120  0.074830  0.075597  0.076425  0.077319  0.078284  0.079326
  0.080451  0.081665  0.082976  0.084391  0.085918  0.087567  0.089348
  1.000000  0.000000
 -0.005390 -0.005166 -0.004966 -0.004786 -0.004624 -0.004480 -0.004350 -0.004234
 -0.004130 -0.004036 -0.003953 -0.003877 -0.003810 -0.003750 -0.003696 -0.003647
 -0.003604 -0.003565 -0.003530 -0.003498 -0.003470 -0.002615 -0.002311 -0.002109
 -0.001936 -0.001766 -0.001599 -0.001433 -0.001269 -0.001105 -0.000942 -0.000779
 -0.000616 -0.000453 -0.000291 -0.000131  0.000027  0.000182  0.000334  0.000484
  0.000630  0.000769  0.000903  0.001029  0.001149  0.001258  0.001355  0.001439
  0.001511  0.001563  0.001596  0.001606  0.001584  0.001529  0.001437  0.001300
  0.001120  0.000901  0.000639  0.000338  0.000000 -0.000371 -0.000778 -0.001221
 -0.001701 -0.002217 -0.002769 -0.003356 -0.003976 -0.004627 -0.005301 -0.005993
 -0.006699 -0.007414 -0.008135 -0.008859 -0.009583 -0.010307 -0.011029 -0.011748
 -0.012464 -0.013171 -0.013871 -0.014560 -0.015237 -0.015902 -0.016552 -0.017187
 -0.017804 -0.018402 -0.019206 -0.019637 -0.020102 -0.020604 -0.021146 -0.021731
 -0.022362 -0.023044 -0.023780 -0.024574 -0.025432 -0.026358 -0.027357 -0.028436
 -0.029601 -0.030859 -0.032217 -0.033683 -0.035265 -0.036973 -0.038817
  1.000000
  0.000000  0.000000  0.000000  0.000000  0.000000  0.000000  0.000000  0.000000
  0.000000  0.000000  0.000000  0.000000  0.000000  0.000000  0.000000  0.000000
  0.000000  0.000000  0.000000  0.000000  0.000000  0.001681  0.002258  0.002695
  0.003075  0.003414  0.003712  0.003984  0.004250  0.004514  0.004776  0.005038
  0.005300  0.005562  0.005824  0.006084  0.006342  0.006598  0.006853  0.007106
  0.007357  0.007602  0.007845  0.008083  0.008318  0.008544  0.008764  0.008976
  0.009181  0.009375  0.009558  0.009731  0.009884  0.010015  0.010124  0.010200
  0.010245  0.010259  0.010239  0.010187  0.010106  0.010000  0.009864  0.009702
  0.009514  0.009301  0.009064  0.008803  0.008519  0.008215  0.007894  0.007559
  0.007213  0.006859  0.006499  0.006135  0.005769  0.005401  0.005032  0.004663
  0.004295  0.003930  0.003569  0.003212  0.002861  0.002516  0.002178  0.001848
  0.001527  0.001111  0.000000  0.000000  0.000000  0.000000  0.000000  0.000000
  0.000000  0.000000  0.000000  0.000000  0.000000  0.000000  0.000000  0.000000
  0.000000  0.000000  0.000000  0.000000  0.000000  0.000000  0.000000
  1.000000  0.000000
  0.225876  0.225875  0.225875  0.225874  0.225872  0.225870  0.225869  0.225868
  0.225868  0.225868  0.225869  0.225869  0.225870  0.225871  0.225872  0.225872
  0.225873  0.225874  0.225874  0.225875  0.225875  0.225875  0.225876  0.225876
  0.225876  0.225876  0.225876  0.225877  0.225877  0.225877  0.225877  0.225877
  0.225878  0.225878  0.225878  0.225878  0.225878  0.225878  0.225879  0.225879
  0.225879  0.225879  0.225879  0.225879  0.225878  0.225878  0.225878  0.225877
  0.225877  0.225876  0.225876  0.225875  0.225874  0.225873  0.225872  0.225870
  0.225868  0.225867  0.225865  0.225863  0.225861  0.225859  0.225857  0.225855
  0.225853  0.225850  0.225848  0.225846  0.225844  0.225842  0.225840  0.225838
  0.225836  0.225834  0.225832  0.225830  0.225829  0.225827  0.225826  0.225825
  0.225824  0.225823  0.225822  0.225821  0.225820  0.225819  0.225819  0.225818
  0.225818  0.225817  0.225817  0.225818  0.225819  0.225820  0.225821  0.225823
  0.225824  0.225826  0.225828  0.225830  0.225832  0.225834  0.225836  0.225839
  0.225842  0.225845  0.225848  0.225851  0.225855  0.225858  0.225862
 ***************************************************************
  ROW NUMBER           2  SECTION NUMBER            3
           0           0           0  IF_DESIGN etc 
   1.00000   0.00000    0
  0.024023  0.025093  0.026054  0.026916  0.027691  0.028387  0.029010  0.029568
  0.030069  0.030518  0.030921  0.031281  0.031605  0.031895  0.032155  0.032388
  0.032596  0.032784  0.032952  0.033102  0.033237  0.033372  0.033512  0.033660
  0.033814  0.033977  0.034148  0.034327  0.034516  0.034715  0.034925  0.035146
  0.035379  0.035623  0.035881  0.036152  0.036436  0.036734  0.037046  0.037374
  0.037719  0.038080  0.038460  0.038859  0.039277  0.039718  0.040182  0.040670
  0.041186  0.041735  0.042325  0.042957  0.043629  0.044342  0.045090  0.045872
  0.046674  0.047483  0.048295  0.049106  0.049914  0.050717  0.051513  0.052309
  0.053108  0.053909  0.054711  0.055512  0.056312  0.057108  0.057892  0.058660
  0.059411  0.060142  0.060853  0.061542  0.062209  0.062856  0.063484  0.064094
  0.064684  0.065256  0.065808  0.066341  0.066856  0.067351  0.067827  0.068284
  0.068722  0.069141  0.069541  0.069945  0.070382  0.070853  0.071362  0.071912
  0.072505  0.073146  0.073838  0.074586  0.075393  0.076264  0.077205  0.078222
  0.079319  0.080504  0.081784  0.083166  0.084659  0.086271  0.088011
  1.000000  0.000000
 -0.002088 -0.002027 -0.001972 -0.001923 -0.001878 -0.001838 -0.001802 -0.001770
 -0.001742 -0.001716 -0.001693 -0.001672 -0.001654 -0.001637 -0.001622 -0.001609
 -0.001597 -0.001586 -0.001576 -0.001568 -0.001560 -0.000797 -0.000430 -0.000173
  0.000011  0.000163  0.000309  0.000452  0.000592  0.000731  0.000867  0.001004
  0.001136  0.001267  0.001395  0.001519  0.001641  0.001758  0.001871  0.001977
  0.002077  0.002170  0.002256  0.002333  0.002397  0.002450  0.002489  0.002515
  0.002521  0.002506  0.002466  0.002400  0.002298  0.002158  0.001976  0.001751
  0.001479  0.001167  0.000814  0.000426  0.000000 -0.000460 -0.000952 -0.001477
 -0.002040 -0.002638 -0.003271 -0.003939 -0.004638 -0.005366 -0.006115 -0.006880
 -0.007657 -0.008440 -0.009226 -0.010013 -0.010797 -0.011579 -0.012356 -0.013128
 -0.013893 -0.014649 -0.015395 -0.016129 -0.016848 -0.017553 -0.018241 -0.018911
 -0.019563 -0.020193 -0.021035 -0.021490 -0.021982 -0.022512 -0.023085 -0.023704
 -0.024372 -0.025092 -0.025871 -0.026710 -0.027617 -0.028596 -0.029653 -0.030793
 -0.032024 -0.033353 -0.034786 -0.036334 -0.038004 -0.039806 -0.041751
  1.000000
  0.000000  0.000000  0.000000  0.000000  0.000000  0.000000  0.000000  0.000000
  0.000000  0.000000  0.000000  0.000000  0.000000  0.000000  0.000000  0.000000
  0.000000  0.000000  0.000000  0.000000  0.000000  0.001507  0.002224  0.002755
  0.003147  0.003457  0.003739  0.004015  0.004289  0.004561  0.004831  0.005101
  0.005370  0.005638  0.005906  0.006172  0.006438  0.006700  0.006963  0.007221
  0.007477  0.007729  0.007978  0.008224  0.008462  0.008694  0.008920  0.009139
  0.009347  0.009545  0.009734  0.009911  0.010068  0.010203  0.010312  0.010394
  0.010440  0.010453  0.010434  0.010384  0.010302  0.010191  0.010053  0.009889
  0.009699  0.009482  0.009240  0.008974  0.008685  0.008375  0.008048  0.007707
  0.007355  0.006994  0.006626  0.006255  0.005881  0.005505  0.005129  0.004753
  0.004378  0.004006  0.003637  0.003273  0.002915  0.002563  0.002218  0.001882
  0.001555  0.001123  0.000000  0.000000  0.000000  0.000000  0.000000  0.000000
  0.000000  0.000000  0.000000  0.000000  0.000000  0.000000  0.000000  0.000000
  0.000000  0.000000  0.000000  0.000000  0.000000  0.000000  0.000000
  1.000000  0.000000
  0.243645  0.243770  0.243870  0.243945  0.243996  0.244043  0.244086  0.244125
  0.244161  0.244195  0.244226  0.244254  0.244280  0.244303  0.244324  0.244344
  0.244361  0.244377  0.244391  0.244404  0.244418  0.244432  0.244446  0.244462
  0.244478  0.244496  0.244515  0.244536  0.244558  0.244581  0.244606  0.244633
  0.244662  0.244694  0.244727  0.244763  0.244802  0.244843  0.244888  0.244935
  0.244986  0.245041  0.245100  0.245164  0.245232  0.245305  0.245384  0.245469
  0.245561  0.245660  0.245770  0.245890  0.246021  0.246163  0.246315  0.246477
  0.246646  0.246820  0.246997  0.247177  0.247357  0.247538  0.247719  0.247901
  0.248085  0.248270  0.248455  0.248640  0.248824  0.249007  0.249186  0.249361
  0.249530  0.249694  0.249851  0.250002  0.250146  0.250284  0.250416  0.250543
  0.250663  0.250778  0.250887  0.250991  0.251089  0.251182  0.251269  0.251352
  0.251429  0.251502  0.251560  0.251597  0.251636  0.251677  0.251720  0.251766
  0.251814  0.251864  0.251916  0.251970  0.252026  0.252084  0.252143  0.252203
  0.252263  0.252324  0.252384  0.252442  0.252499  0.252553  0.252603
  STARTING INLET BOUNDARY CONDITION DATA .
  NUMBER OF POINTS FOR INLET BOUNDARY CONDITIONS 
        37
  SPACING OF INLET BOUNDARY CONDITION POINTS 
  1.000000  1.250000  1.562500  1.953125  2.441406  3.051758  3.814697  4.768372
  5.960464  7.450581  9.313226 11.641532 14.551915 18.189894 20.000000 20.000000
 20.000000 20.000000 20.000000 20.000000 20.000000 20.000000 18.189894 14.551915
 11.641532  9.313226  7.450581  5.960464  4.768372  3.814697  3.051758  2.441406
  1.953125  1.562500  1.250000  1.000000
   INLET STAGNATION PRESSURES 
 3786000.0 3786000.0 3786000.0 3786000.0 3786000.0 3785999.8 3786000.0 3786000.2
 3785999.8 3786000.0 3786000.2 3786000.0 3786000.2 3786000.0 3786000.0 3786000.0
 3786000.0 3786000.0 3786000.0 3786000.0 3786000.0 3786000.0 3786000.0 3786000.0
 3786000.0 3786000.0 3786000.0 3786000.0 3786000.0 3786000.0 3786000.0 3786000.0
 3786000.0 3786000.0 3786000.0 3786000.0 3786000.0
   INLET STAGNATION TEMPERATURES 
  332.8109  332.8109  332.8109  332.8109  332.8109  332.8109  332.8109  332.8109
  332.8109  332.8109  332.8109  332.8109  332.8109  332.8109  332.8109  332.8109
  332.8109  332.8109  332.8109  332.8109  332.8109  332.8109  332.8109  332.8109
  332.8109  332.8109  332.8109  332.8109  332.8109  332.8109  332.8109  332.8109
  332.8109  332.8109  332.8109  332.8109  332.8109
   INLET ABSOLUTE TANGENTIAL VELOCITY 
    0.0000    0.0000    0.0000    0.0000    0.0000    0.0000    0.0000    0.0000
    0.0000    0.0000    0.0000    0.0000    0.0000    0.0000    0.0000    0.0000
    0.0000    0.0000    0.0000    0.0000    0.0000    0.0000    0.0000    0.0000
    0.0000    0.0000    0.0000    0.0000    0.0000    0.0000    0.0000    0.0000
    0.0000    0.0000    0.0000    0.0000    0.0000
   INLET MERIDIONAL VELOCITY 
  255.4486  255.4486  255.4486  255.4486  255.4486  255.4486  255.4486  255.4486
  255.4486  255.4486  255.4486  255.4486  255.4486  255.4486  255.4486  255.4486
  255.4486  255.4486  255.4486  255.4486  255.4486  255.4486  255.4486  255.4486
  255.4486  255.4486  255.4486  255.4486  255.4486  255.4486  255.4486  255.4486
  255.4486  255.4486  255.4486  255.4486  255.4486
   INLET MERIDIONAL YAW ANGLE  
   -9.4623   -9.4623   -9.4623   -9.4623   -9.4623   -9.4623   -9.4623   -9.4623
   -9.4623   -9.4623   -9.4623   -9.4623   -9.4623   -9.4623   -9.4623   -9.4623
   -9.4623   -9.4623   -9.4623   -9.4623   -9.4623   -9.4623   -9.4623   -9.4623
   -9.4623   -9.4623   -9.4623   -9.4623   -9.4623   -9.4623   -9.4623   -9.4623
   -9.4623   -9.4623   -9.4623   -9.4623   -9.4623
   INLET PITCH ANGLE 
   -0.3190   -0.3172   -0.3148   -0.3119   -0.3082   -0.3037   -0.2980   -0.2908
   -0.2819   -0.2707   -0.2568   -0.2394   -0.2176   -0.1903   -0.1563   -0.1188
   -0.0814   -0.0440   -0.0065    0.0309    0.0683    0.1058    0.1432    0.1773
    0.2045    0.2263    0.2437    0.2577    0.2688    0.2777    0.2849    0.2906
    0.2952    0.2988    0.3018    0.3041    0.3060
   PDOWN_HUB   PDOWN_TIP 
  965456.4  965456.4
 MIXING LENGTH LIMITS ON ALL BLADE ROWS
  0.020000  0.030000  0.040000  0.050000  1.000000  0.500000
  0.020000  0.030000  0.040000  0.050000  1.000000  0.500000
  FACTOR TO INCREASE THE TURBULENT VISCOSITY OVER THE FIRST NMIXUP STEPS 
   2.00000 1000
