 DATA SET FOR "multall" . GENERATED BY "stagen" .                       
    CP   and   GAMMA 
  -10.0000    1.0000
287.0491            1.4492              
       ITIMST 
         3
     CFL,    DAMP,    MACHLIM,    F_PDOWN 
  0.400000 10.000000  2.000000  0.000000
  IF_RESTART 
         0
  NSTEPS_MAX, CONLIM 
     10000  0.000150
   SFX,      SFT,      FAC_4TH,     NCHANGE 
  0.005000  0.005000  0.800000      1000
       NUMBER OF BLADE ROWS 
         2
        IM        KM 
        37        37
  FP(I),I=1,IMM1 
  1.000000  1.250000  1.562500  1.953125  2.441406  3.051758  3.814697  4.768372
  5.960464  7.450581  9.313226 11.641532 14.551915 18.189894 20.000000 20.000000
 20.000000 20.000000 20.000000 20.000000 20.000000 20.000000 18.189894 14.551915
 11.641532  9.313226  7.450581  5.960464  4.768372  3.814697  3.051758  2.441406
  1.953125  1.562500  1.250000  1.000000
  FR(K),K=1,KMM1 
  1.000000  1.250000  1.562500  1.953125  2.441406  3.051758  3.814697  4.768372
  5.960464  7.450581  9.313226 11.641532 14.551915 18.189894 20.000000 20.000000
 20.000000 20.000000 20.000000 20.000000 20.000000 20.000000 18.189894 14.551915
 11.641532  9.313226  7.450581  5.960464  4.768372  3.814697  3.051758  2.441406
  1.953125  1.562500  1.250000  1.000000
        IR        JR        KR        IRBB      JRBB      KRBB 
         3         3         3         9         9         9
   FBLK1,     FBLK2,     FBLK3  
  0.400000  0.200000  0.100000
       IFMIX 
         1
   RFMIX,    FEXTRAP,   FSMTHB,    FANGLE 
  0.025000  0.800000  1.000000  0.800000
      IFCOOL    IFBLEED    IF_ROUGH 
         0         0         0
       NSECS_IN 
         3
       IN_PRESS  IN_VTAN   IN_VR    IN_FLOW  IF_REPEAT  RFIN 
         0         0         1         0         0   0.50000
  IPOUT  SFEXIT  NSFEXIT 
    1  0.000000    0
  PLATE_LOSS  THROTTLE_EXIT 
  0.000000  0.000000
        ILOS      NLOS      IBOUND 
       100         5         0
   REYNO,     RF_VIS,   FTRANS, TURBVIS_LIM, PRANDTL, YPLUSWALL
       0.0     0.500     0.000  3000.000       1.0     0.000
   YPLAM      YPTURB 
  5.000000 25.000000
      ISHIFT    NEXTRAP_LE  NEXTRAP_TE 
         2        10        10
  (NSTG(N),N=1,NROWS) 
         1         1
  5  TIME STEPS FOR PRINTOUT 
 10010 10010 10010 10010 10010
  MARKER FOR VARIABLES TO BE SENT TO THE OUTPUT FILE.
 0 0 0 0 0 0 0 0 0 0 0 0 0 0 0 0 0 0 0 0
  STREAM SURFACES ON WHICH RESULTS ARE TO BE SENT TO   THE OUTPUT FILE 
 0 0 0 0 0 0 0 0 0 0 0 0 0 0 0 0 0 0 0 0 0 0 0 0 0 0 0 0 0 0 0 0 0 0 0 0 0
 ***************************************************************
 ************STARTING THE INPUT FOR EACH BLADE ROW**************
  BLADE ROW NUMBER =        1                                           
    NUMBER OF BLADES IN ROW 
        30
        JM        JLE       JTE 
       111        26        96
      KTIPSTART  KTIPEND 
         0         0
       BOUNDARY LAYER TRANSITION POINTS 
         0         0         0         0
  SET NEWGRID= 1 TO GENERATE A NEW GRID WITH DIFFERENT "J" POINTS AND SPACINGS.
         0
   RPMROW,    RPMHUB 
       0.0       0.0
       JROTHS    JROTHE    JROTTS    JROTTE 
         1         1         1         1
   PUPROW    PLEROW   PTEROW    PDROW 
 3480630.8 3480630.8 2255212.2 2255212.2
      NSECS_ROW   INSURF  
         3         0
  IF_CUSP_OUT   IFANGLES 
         1         0
         0         3         0
 ***************************************************************
  ROW NUMBER           1  SECTION NUMBER            1
           0           0           0  IF_DESIGN etc 
   1.00000   0.00000    0
 -0.010597 -0.009341 -0.008221 -0.007223 -0.006333 -0.005540 -0.004833 -0.004202
 -0.003641 -0.003140 -0.002693 -0.002296 -0.001941 -0.001625 -0.001343 -0.001091
 -0.000867 -0.000668 -0.000489 -0.000331 -0.000189 -0.000063  0.000050  0.000150
  0.000239  0.000319  0.000398  0.000481  0.000568  0.000658  0.000754  0.000854
  0.000960  0.001071  0.001189  0.001312  0.001442  0.001579  0.001723  0.001875
  0.002034  0.002202  0.002378  0.002562  0.002755  0.002958  0.003172  0.003396
  0.003631  0.003879  0.004139  0.004413  0.004702  0.005007  0.005332  0.005681
  0.006055  0.006453  0.006876  0.007320  0.007783  0.008259  0.008739  0.009222
  0.009704  0.010184  0.010662  0.011136  0.011609  0.012085  0.012562  0.013039
  0.013517  0.013994  0.014468  0.014936  0.015394  0.015842  0.016278  0.016703
  0.017114  0.017512  0.017898  0.018274  0.018637  0.018990  0.019331  0.019661
  0.019980  0.020287  0.020583  0.020867  0.021140  0.021402  0.021652  0.021891
  0.022130  0.022384  0.022651  0.022934  0.023233  0.023549  0.023883  0.024237
  0.024610  0.025005  0.025422  0.025863  0.026329  0.026822  0.027343
  1.000000  0.000000
  0.006775  0.005342  0.004064  0.002924  0.001909  0.001003  0.000196 -0.000524
 -0.001165 -0.001737 -0.002247 -0.002701 -0.003106 -0.003467 -0.003789 -0.004076
 -0.004332 -0.004560 -0.004764 -0.004945 -0.005106 -0.005251 -0.005379 -0.005494
 -0.005596 -0.005687 -0.005318 -0.005149 -0.005025 -0.004927 -0.004848 -0.004780
 -0.004721 -0.004668 -0.004621 -0.004579 -0.004542 -0.004513 -0.004493 -0.004484
 -0.004486 -0.004488 -0.004489 -0.004487 -0.004483 -0.004475 -0.004463 -0.004445
 -0.004422 -0.004391 -0.004352 -0.004302 -0.004241 -0.004165 -0.004072 -0.003957
 -0.003817 -0.003647 -0.003444 -0.003206 -0.002928 -0.002611 -0.002258 -0.001870
 -0.001451 -0.000997 -0.000515  0.000000  0.000546  0.001129  0.001746  0.002403
  0.003090  0.003815  0.004567  0.005345  0.006140  0.006946  0.007764  0.008585
  0.009410  0.010233  0.011055  0.011876  0.012694  0.013504  0.014309  0.015104
  0.015888  0.016658  0.017414  0.018154  0.018877  0.019574  0.020036  0.019887
  0.020718  0.021597  0.022525  0.023506  0.024544  0.025640  0.026799  0.028024
  0.029319  0.030687  0.032134  0.033662  0.035278  0.036985  0.038789
  1.000000
  0.000000  0.000000  0.000000  0.000000  0.000000  0.000000  0.000000  0.000000
  0.000000  0.000000  0.000000  0.000000  0.000000  0.000000  0.000000  0.000000
  0.000000  0.000000  0.000000  0.000000  0.000000  0.000000  0.000000  0.000000
  0.000000  0.000000  0.000774  0.001151  0.001480  0.001784  0.002072  0.002353
  0.002630  0.002904  0.003178  0.003452  0.003725  0.003995  0.004259  0.004516
  0.004766  0.005016  0.005271  0.005527  0.005785  0.006046  0.006308  0.006573
  0.006835  0.007098  0.007361  0.007621  0.007879  0.008134  0.008387  0.008636
  0.008874  0.009104  0.009321  0.009515  0.009684  0.009822  0.009930  0.010001
  0.010037  0.010040  0.010014  0.009954  0.009864  0.009746  0.009596  0.009420
  0.009209  0.008977  0.008716  0.008430  0.008127  0.007804  0.007471  0.007121
  0.006768  0.006403  0.006034  0.005661  0.005283  0.004904  0.004524  0.004144
  0.003768  0.003394  0.003025  0.002661  0.002304  0.001948  0.001387  0.000000
  0.000000  0.000000  0.000000  0.000000  0.000000  0.000000  0.000000  0.000000
  0.000000  0.000000  0.000000  0.000000  0.000000  0.000000  0.000000
  1.000000  0.000000
  0.177617  0.177585  0.177552  0.177517  0.177483  0.177449  0.177416  0.177384
  0.177355  0.177327  0.177300  0.177276  0.177254  0.177233  0.177214  0.177197
  0.177182  0.177168  0.177155  0.177143  0.177133  0.177123  0.177115  0.177107
  0.177100  0.177094  0.177083  0.177071  0.177059  0.177046  0.177033  0.177018
  0.177003  0.176987  0.176970  0.176951  0.176932  0.176911  0.176889  0.176866
  0.176841  0.176815  0.176787  0.176758  0.176727  0.176693  0.176658  0.176621
  0.176581  0.176539  0.176495  0.176447  0.176397  0.176343  0.176285  0.176222
  0.176154  0.176081  0.176003  0.175920  0.175833  0.175744  0.175653  0.175561
  0.175470  0.175379  0.175289  0.175200  0.175112  0.175023  0.174936  0.174849
  0.174763  0.174678  0.174596  0.174516  0.174439  0.174365  0.174295  0.174228
  0.174165  0.174105  0.174049  0.173996  0.173946  0.173899  0.173855  0.173814
  0.173776  0.173740  0.173707  0.173677  0.173648  0.173622  0.173598  0.173576
  0.173560  0.173543  0.173525  0.173506  0.173486  0.173465  0.173443  0.173419
  0.173394  0.173368  0.173339  0.173309  0.173277  0.173242  0.173205
 ***************************************************************
  ROW NUMBER           1  SECTION NUMBER            2
           0           0           0  IF_DESIGN etc 
   1.00000   0.00000    0
 -0.011382 -0.010089 -0.008936 -0.007908 -0.006992 -0.006174 -0.005446 -0.004796
 -0.004217 -0.003701 -0.003240 -0.002830 -0.002464 -0.002137 -0.001846 -0.001587
 -0.001355 -0.001149 -0.000965 -0.000801 -0.000655 -0.000525 -0.000409 -0.000305
 -0.000213 -0.000130 -0.000048  0.000038  0.000128  0.000223  0.000323  0.000427
  0.000537  0.000653  0.000775  0.000904  0.001039  0.001182  0.001332  0.001491
  0.001657  0.001831  0.002015  0.002207  0.002409  0.002621  0.002843  0.003077
  0.003323  0.003581  0.003853  0.004139  0.004441  0.004760  0.005099  0.005465
  0.005856  0.006272  0.006714  0.007178  0.007663  0.008161  0.008664  0.009168
  0.009673  0.010175  0.010675  0.011171  0.011666  0.012163  0.012662  0.013161
  0.013661  0.014159  0.014654  0.015142  0.015621  0.016088  0.016543  0.016985
  0.017413  0.017828  0.018230  0.018621  0.018999  0.019366  0.019720  0.020063
  0.020393  0.020712  0.021019  0.021314  0.021597  0.021868  0.022127  0.022374
  0.022621  0.022882  0.023158  0.023450  0.023759  0.024085  0.024430  0.024794
  0.025180  0.025587  0.026018  0.026473  0.026954  0.027463  0.028000
  1.000000  0.000000
  0.006785  0.005398  0.004162  0.003059  0.002076  0.001200  0.000419 -0.000278
 -0.000899 -0.001453 -0.001947 -0.002387 -0.002779 -0.003129 -0.003441 -0.003720
 -0.003968 -0.004189 -0.004386 -0.004562 -0.004719 -0.004858 -0.004983 -0.005094
 -0.005193 -0.005282 -0.004901 -0.004728 -0.004607 -0.004511 -0.004435 -0.004370
 -0.004313 -0.004262 -0.004217 -0.004178 -0.004146 -0.004123 -0.004113 -0.004114
 -0.004118 -0.004121 -0.004123 -0.004122 -0.004120 -0.004114 -0.004104 -0.004090
 -0.004070 -0.004044 -0.004009 -0.003965 -0.003911 -0.003842 -0.003758 -0.003655
 -0.003528 -0.003373 -0.003189 -0.002970 -0.002713 -0.002421 -0.002096 -0.001737
 -0.001347 -0.000929 -0.000478  0.000000  0.000508  0.001053  0.001628  0.002241
  0.002884  0.003561  0.004266  0.004994  0.005739  0.006495  0.007263  0.008033
  0.008808  0.009581  0.010353  0.011125  0.011893  0.012656  0.013411  0.014159
  0.014896  0.015621  0.016332  0.017029  0.017709  0.018361  0.018785  0.018626
  0.019413  0.020244  0.021123  0.022053  0.023035  0.024074  0.025172  0.026333
  0.027560  0.028857  0.030228  0.031678  0.033210  0.034830  0.036543
  1.000000
  0.000000  0.000000  0.000000  0.000000  0.000000  0.000000  0.000000  0.000000
  0.000000  0.000000  0.000000  0.000000  0.000000  0.000000  0.000000  0.000000
  0.000000  0.000000  0.000000  0.000000  0.000000  0.000000  0.000000  0.000000
  0.000000  0.000000  0.000791  0.001165  0.001486  0.001782  0.002061  0.002334
  0.002603  0.002870  0.003135  0.003400  0.003662  0.003920  0.004169  0.004410
  0.004654  0.004898  0.005144  0.005394  0.005646  0.005900  0.006156  0.006413
  0.006669  0.006925  0.007182  0.007435  0.007687  0.007935  0.008180  0.008423
  0.008660  0.008883  0.009091  0.009281  0.009446  0.009583  0.009684  0.009753
  0.009790  0.009791  0.009767  0.009708  0.009620  0.009509  0.009360  0.009185
  0.008982  0.008756  0.008497  0.008222  0.007925  0.007611  0.007285  0.006944
  0.006599  0.006244  0.005884  0.005520  0.005151  0.004781  0.004411  0.004040
  0.003673  0.003309  0.002949  0.002593  0.002246  0.001896  0.001345  0.000000
  0.000000  0.000000  0.000000  0.000000  0.000000  0.000000  0.000000  0.000000
  0.000000  0.000000  0.000000  0.000000  0.000000  0.000000  0.000000
  1.000000  0.000000
  0.188971  0.188969  0.188968  0.188966  0.188964  0.188963  0.188962  0.188960
  0.188959  0.188958  0.188957  0.188957  0.188956  0.188956  0.188955  0.188955
  0.188954  0.188954  0.188953  0.188953  0.188953  0.188953  0.188953  0.188952
  0.188952  0.188952  0.188952  0.188952  0.188952  0.188952  0.188952  0.188952
  0.188952  0.188953  0.188953  0.188953  0.188953  0.188953  0.188953  0.188953
  0.188953  0.188954  0.188954  0.188954  0.188954  0.188954  0.188955  0.188955
  0.188955  0.188956  0.188956  0.188957  0.188957  0.188958  0.188958  0.188959
  0.188959  0.188960  0.188961  0.188962  0.188963  0.188964  0.188965  0.188966
  0.188967  0.188968  0.188968  0.188969  0.188970  0.188971  0.188972  0.188973
  0.188974  0.188975  0.188975  0.188976  0.188977  0.188977  0.188978  0.188978
  0.188979  0.188979  0.188979  0.188979  0.188980  0.188980  0.188980  0.188980
  0.188980  0.188980  0.188980  0.188980  0.188980  0.188979  0.188979  0.188979
  0.188979  0.188978  0.188977  0.188977  0.188976  0.188976  0.188975  0.188975
  0.188975  0.188975  0.188976  0.188976  0.188977  0.188979  0.188980
 ***************************************************************
  ROW NUMBER           1  SECTION NUMBER            3
           0           0           0  IF_DESIGN etc 
   1.00000   0.00000    0
 -0.012413 -0.011050 -0.009836 -0.008753 -0.007788 -0.006927 -0.006160 -0.005476
 -0.004867 -0.004324 -0.003839 -0.003407 -0.003022 -0.002679 -0.002373 -0.002101
 -0.001857 -0.001641 -0.001447 -0.001275 -0.001121 -0.000984 -0.000862 -0.000754
 -0.000656 -0.000570 -0.000484 -0.000394 -0.000300 -0.000201 -0.000097  0.000012
  0.000127  0.000248  0.000375  0.000509  0.000651  0.000799  0.000956  0.001121
  0.001294  0.001476  0.001667  0.001867  0.002078  0.002298  0.002530  0.002774
  0.003030  0.003299  0.003581  0.003879  0.004193  0.004525  0.004878  0.005257
  0.005664  0.006097  0.006556  0.007038  0.007542  0.008059  0.008581  0.009105
  0.009629  0.010151  0.010670  0.011185  0.011700  0.012217  0.012735  0.013254
  0.013773  0.014291  0.014806  0.015314  0.015812  0.016299  0.016773  0.017233
  0.017680  0.018113  0.018532  0.018940  0.019335  0.019718  0.020088  0.020446
  0.020792  0.021126  0.021447  0.021756  0.022052  0.022336  0.022608  0.022867
  0.023127  0.023402  0.023692  0.023999  0.024323  0.024666  0.025029  0.025412
  0.025817  0.026245  0.026698  0.027176  0.027682  0.028216  0.028780
  1.000000  0.000000
  0.006904  0.005526  0.004298  0.003203  0.002226  0.001355  0.000578 -0.000114
 -0.000732 -0.001282 -0.001773 -0.002211 -0.002602 -0.002950 -0.003261 -0.003537
 -0.003784 -0.004004 -0.004201 -0.004376 -0.004532 -0.004671 -0.004795 -0.004906
 -0.005004 -0.005092 -0.004688 -0.004512 -0.004388 -0.004294 -0.004217 -0.004151
 -0.004094 -0.004043 -0.003998 -0.003960 -0.003932 -0.003916 -0.003913 -0.003916
 -0.003920 -0.003923 -0.003925 -0.003925 -0.003922 -0.003917 -0.003909 -0.003896
 -0.003878 -0.003853 -0.003821 -0.003780 -0.003729 -0.003665 -0.003586 -0.003488
 -0.003368 -0.003222 -0.003046 -0.002838 -0.002594 -0.002316 -0.002006 -0.001664
 -0.001291 -0.000888 -0.000457  0.000000  0.000490  0.001013  0.001567  0.002156
  0.002775  0.003428  0.004107  0.004810  0.005529  0.006258  0.007000  0.007745
  0.008492  0.009240  0.009986  0.010732  0.011476  0.012214  0.012945  0.013668
  0.014382  0.015084  0.015772  0.016446  0.017104  0.017732  0.018130  0.017955
  0.018722  0.019533  0.020391  0.021297  0.022256  0.023269  0.024341  0.025473
  0.026671  0.027937  0.029276  0.030692  0.032189  0.033772  0.035447
  1.000000
  0.000000  0.000000  0.000000  0.000000  0.000000  0.000000  0.000000  0.000000
  0.000000  0.000000  0.000000  0.000000  0.000000  0.000000  0.000000  0.000000
  0.000000  0.000000  0.000000  0.000000  0.000000  0.000000  0.000000  0.000000
  0.000000  0.000000  0.000833  0.001211  0.001534  0.001829  0.002111  0.002384
  0.002654  0.002922  0.003188  0.003452  0.003711  0.003963  0.004205  0.004445
  0.004688  0.004934  0.005183  0.005436  0.005688  0.005943  0.006202  0.006458
  0.006718  0.006976  0.007232  0.007491  0.007742  0.007991  0.008238  0.008481
  0.008718  0.008946  0.009155  0.009347  0.009511  0.009647  0.009749  0.009818
  0.009856  0.009859  0.009831  0.009774  0.009687  0.009569  0.009422  0.009248
  0.009043  0.008811  0.008554  0.008276  0.007976  0.007660  0.007332  0.006990
  0.006642  0.006284  0.005922  0.005556  0.005184  0.004812  0.004439  0.004065
  0.003696  0.003329  0.002966  0.002609  0.002259  0.001905  0.001346  0.000000
  0.000000  0.000000  0.000000  0.000000  0.000000  0.000000  0.000000  0.000000
  0.000000  0.000000  0.000000  0.000000  0.000000  0.000000  0.000000
  1.000000  0.000000
  0.200296  0.200324  0.200354  0.200387  0.200419  0.200452  0.200484  0.200514
  0.200543  0.200571  0.200597  0.200620  0.200642  0.200663  0.200681  0.200698
  0.200714  0.200728  0.200741  0.200752  0.200763  0.200772  0.200781  0.200788
  0.200795  0.200801  0.200807  0.200817  0.200829  0.200842  0.200855  0.200869
  0.200884  0.200900  0.200917  0.200935  0.200954  0.200974  0.200995  0.201018
  0.201043  0.201069  0.201096  0.201125  0.201156  0.201189  0.201224  0.201261
  0.201301  0.201342  0.201387  0.201435  0.201485  0.201540  0.201598  0.201661
  0.201730  0.201804  0.201883  0.201967  0.202055  0.202146  0.202239  0.202332
  0.202425  0.202518  0.202610  0.202701  0.202792  0.202883  0.202973  0.203062
  0.203150  0.203237  0.203322  0.203405  0.203484  0.203560  0.203633  0.203702
  0.203767  0.203828  0.203886  0.203941  0.203992  0.204041  0.204086  0.204128
  0.204168  0.204205  0.204239  0.204270  0.204300  0.204326  0.204351  0.204374
  0.204392  0.204409  0.204427  0.204446  0.204466  0.204488  0.204511  0.204536
  0.204563  0.204592  0.204624  0.204659  0.204697  0.204738  0.204786
 ***************************************************************
 ************STARTING THE INPUT FOR EACH BLADE ROW**************
  BLADE ROW NUMBER =        2                                           
    NUMBER OF BLADES IN ROW 
        21
        JM        JLE       JTE 
       111        21        91
      KTIPSTART  KTIPEND 
         0         0
       BOUNDARY LAYER TRANSITION POINTS 
         0         0         0         0
  SET NEWGRID= 1 TO GENERATE A NEW GRID WITH DIFFERENT "J" POINTS AND SPACINGS.
         0
   RPMROW,    RPMHUB 
    9000.0    9000.0
       JROTHS    JROTHE    JROTTS    JROTTE 
         1         1         1         1
   PUPROW    PLEROW   PTEROW    PDROW 
 2255212.2 2255212.2 1396468.2 1396468.2
      NSECS_ROW   INSURF  
         3         0
  IF_CUSP_OUT   IFANGLES 
         1         0
         0         3         0
 ***************************************************************
  ROW NUMBER           2  SECTION NUMBER            1
           0           0           0  IF_DESIGN etc 
   1.00000   0.00000    0
  0.019103  0.020069  0.020936  0.021715  0.022415  0.023043  0.023606  0.024111
  0.024564  0.024969  0.025333  0.025659  0.025952  0.026214  0.026449  0.026660
  0.026849  0.027018  0.027170  0.027306  0.027428  0.027550  0.027677  0.027811
  0.027950  0.028097  0.028252  0.028415  0.028586  0.028766  0.028956  0.029156
  0.029367  0.029588  0.029821  0.030067  0.030324  0.030594  0.030877  0.031174
  0.031486  0.031814  0.032158  0.032520  0.032899  0.033299  0.033719  0.034162
  0.034630  0.035128  0.035663  0.036237  0.036847  0.037494  0.038174  0.038883
  0.039611  0.040346  0.041084  0.041821  0.042555  0.043284  0.044008  0.044731
  0.045457  0.046185  0.046914  0.047643  0.048370  0.049093  0.049806  0.050504
  0.051186  0.051851  0.052497  0.053123  0.053729  0.054318  0.054889  0.055442
  0.055979  0.056498  0.057000  0.057484  0.057951  0.058401  0.058834  0.059249
  0.059647  0.060027  0.060390  0.060756  0.061151  0.061577  0.062038  0.062535
  0.063072  0.063652  0.064277  0.064953  0.065683  0.066471  0.067322  0.068241
  0.069233  0.070304  0.071461  0.072710  0.074058  0.075515  0.077087
  1.000000  0.000000
 -0.023757 -0.022267 -0.020933 -0.019739 -0.018671 -0.017714 -0.016856 -0.016087
 -0.015398 -0.014780 -0.014226 -0.013729 -0.013284 -0.012885 -0.012527 -0.012207
 -0.011919 -0.011661 -0.011430 -0.011223 -0.011037 -0.010318 -0.009956 -0.009602
 -0.009248 -0.008893 -0.008534 -0.008169 -0.007798 -0.007419 -0.007032 -0.006638
 -0.006236 -0.005827 -0.005411 -0.004989 -0.004563 -0.004134 -0.003701 -0.003268
 -0.002833 -0.002396 -0.001967 -0.001542 -0.001124 -0.000713 -0.000317  0.000065
  0.000427  0.000764  0.001077  0.001355  0.001583  0.001752  0.001848  0.001864
  0.001786  0.001612  0.001345  0.000985  0.000535  0.000000 -0.000629 -0.001334
 -0.002137 -0.003029 -0.004008 -0.005074 -0.006223 -0.007458 -0.008751 -0.010098
 -0.011496 -0.012923 -0.014377 -0.015855 -0.017341 -0.018838 -0.020344 -0.021856
 -0.023364 -0.024866 -0.026358 -0.027837 -0.029296 -0.030733 -0.032144 -0.033526
 -0.034874 -0.036186 -0.037788 -0.038922 -0.040146 -0.041467 -0.042894 -0.044434
 -0.046096 -0.047890 -0.049828 -0.051919 -0.054177 -0.056614 -0.059246 -0.062087
 -0.065154 -0.068467 -0.072043 -0.075905 -0.080076 -0.084580 -0.089445
  1.000000
  0.000000  0.000000  0.000000  0.000000  0.000000  0.000000  0.000000  0.000000
  0.000000  0.000000  0.000000  0.000000  0.000000  0.000000  0.000000  0.000000
  0.000000  0.000000  0.000000  0.000000  0.000000  0.001301  0.001889  0.002365
  0.002780  0.003164  0.003530  0.003884  0.004227  0.004560  0.004880  0.005179
  0.005459  0.005729  0.005999  0.006267  0.006535  0.006800  0.007064  0.007326
  0.007585  0.007844  0.008096  0.008343  0.008586  0.008825  0.009055  0.009279
  0.009495  0.009697  0.009894  0.010078  0.010243  0.010387  0.010504  0.010598
  0.010656  0.010678  0.010668  0.010630  0.010560  0.010460  0.010330  0.010184
  0.010001  0.009794  0.009565  0.009308  0.009034  0.008731  0.008415  0.008088
  0.007741  0.007392  0.007037  0.006672  0.006308  0.005944  0.005577  0.005208
  0.004840  0.004477  0.004118  0.003760  0.003409  0.003065  0.002727  0.002397
  0.002076  0.001592  0.000001  0.000000  0.000000  0.000000  0.000000  0.000000
  0.000000  0.000000  0.000000  0.000000  0.000000  0.000000  0.000000  0.000000
  0.000000  0.000000  0.000000  0.000000  0.000000  0.000000  0.000000
  1.000000  0.000000
  0.173885  0.173765  0.173669  0.173592  0.173541  0.173499  0.173461  0.173428
  0.173398  0.173370  0.173345  0.173323  0.173303  0.173285  0.173268  0.173253
  0.173240  0.173228  0.173217  0.173208  0.173199  0.173188  0.173177  0.173165
  0.173152  0.173138  0.173124  0.173108  0.173091  0.173073  0.173053  0.173032
  0.173010  0.172985  0.172959  0.172931  0.172901  0.172869  0.172834  0.172797
  0.172757  0.172714  0.172668  0.172619  0.172565  0.172508  0.172446  0.172380
  0.172308  0.172229  0.172143  0.172048  0.171946  0.171834  0.171715  0.171587
  0.171454  0.171317  0.171178  0.171037  0.170895  0.170752  0.170610  0.170467
  0.170322  0.170177  0.170032  0.169887  0.169743  0.169600  0.169460  0.169323
  0.169191  0.169064  0.168942  0.168825  0.168713  0.168606  0.168504  0.168407
  0.168314  0.168226  0.168142  0.168063  0.167988  0.167917  0.167851  0.167788
  0.167730  0.167675  0.167624  0.167595  0.167565  0.167533  0.167499  0.167464
  0.167427  0.167388  0.167348  0.167306  0.167263  0.167219  0.167174  0.167129
  0.167083  0.167038  0.166993  0.166950  0.166908  0.166870  0.166835
 ***************************************************************
  ROW NUMBER           2  SECTION NUMBER            2
           0           0           0  IF_DESIGN etc 
   1.00000   0.00000    0
  0.020108  0.021030  0.021857  0.022599  0.023263  0.023859  0.024394  0.024873
  0.025302  0.025688  0.026033  0.026342  0.026620  0.026869  0.027092  0.027292
  0.027471  0.027632  0.027776  0.027905  0.028021  0.028137  0.028258  0.028385
  0.028518  0.028658  0.028805  0.028960  0.029123  0.029295  0.029476  0.029666
  0.029867  0.030078  0.030301  0.030535  0.030780  0.031038  0.031308  0.031592
  0.031890  0.032204  0.032533  0.032879  0.033242  0.033624  0.034027  0.034451
  0.034900  0.035377  0.035891  0.036441  0.037027  0.037648  0.038301  0.038983
  0.039684  0.040390  0.041100  0.041810  0.042517  0.043219  0.043917  0.044614
  0.045313  0.046014  0.046717  0.047419  0.048120  0.048816  0.049503  0.050176
  0.050833  0.051473  0.052095  0.052698  0.053281  0.053847  0.054396  0.054928
  0.055444  0.055942  0.056424  0.056889  0.057338  0.057769  0.058184  0.058582
  0.058963  0.059328  0.059675  0.060023  0.060398  0.060803  0.061240  0.061712
  0.062222  0.062772  0.063366  0.064007  0.064700  0.065447  0.066254  0.067125
  0.068065  0.069080  0.070175  0.071358  0.072635  0.074014  0.075502
  1.000000  0.000000
 -0.014112 -0.013122 -0.012236 -0.011440 -0.010727 -0.010088 -0.009515 -0.009001
 -0.008541 -0.008128 -0.007757 -0.007425 -0.007128 -0.006861 -0.006622 -0.006407
 -0.006215 -0.006043 -0.005888 -0.005750 -0.005625 -0.005018 -0.004701 -0.004399
 -0.004102 -0.003807 -0.003512 -0.003214 -0.002912 -0.002608 -0.002301 -0.001991
 -0.001677 -0.001361 -0.001042 -0.000722 -0.000400 -0.000082  0.000235  0.000551
  0.000859  0.001163  0.001459  0.001748  0.002019  0.002278  0.002521  0.002739
  0.002935  0.003097  0.003227  0.003311  0.003341  0.003309  0.003194  0.002999
  0.002713  0.002341  0.001879  0.001332  0.000708  0.000000 -0.000781 -0.001642
 -0.002585 -0.003610 -0.004715 -0.005899 -0.007164 -0.008496 -0.009883 -0.011320
 -0.012788 -0.014285 -0.015802 -0.017327 -0.018859 -0.020398 -0.021936 -0.023472
 -0.025004 -0.026524 -0.028029 -0.029515 -0.030980 -0.032419 -0.033830 -0.035208
 -0.036551 -0.037855 -0.039477 -0.040584 -0.041779 -0.043069 -0.044462 -0.045966
 -0.047589 -0.049341 -0.051233 -0.053275 -0.055479 -0.057859 -0.060429 -0.063203
 -0.066197 -0.069430 -0.072920 -0.076687 -0.080755 -0.085146 -0.089886
  1.000000
  0.000000  0.000000  0.000000  0.000000  0.000000  0.000000  0.000000  0.000000
  0.000000  0.000000  0.000000  0.000000  0.000000  0.000000  0.000000  0.000000
  0.000000  0.000000  0.000000  0.000000  0.000000  0.001170  0.001761  0.002268
  0.002726  0.003154  0.003561  0.003955  0.004341  0.004719  0.005089  0.005451
  0.005801  0.006130  0.006436  0.006726  0.007018  0.007304  0.007588  0.007873
  0.008151  0.008428  0.008701  0.008971  0.009232  0.009488  0.009739  0.009977
  0.010211  0.010431  0.010643  0.010839  0.011019  0.011181  0.011305  0.011402
  0.011467  0.011494  0.011480  0.011437  0.011365  0.011253  0.011118  0.010954
  0.010759  0.010540  0.010290  0.010019  0.009718  0.009395  0.009058  0.008696
  0.008331  0.007954  0.007565  0.007178  0.006788  0.006391  0.005994  0.005600
  0.005205  0.004812  0.004423  0.004040  0.003662  0.003290  0.002926  0.002571
  0.002225  0.001664  0.000001  0.000000  0.000000  0.000000  0.000000  0.000000
  0.000000  0.000000  0.000000  0.000000  0.000000  0.000000  0.000000  0.000000
  0.000000  0.000000  0.000000  0.000000  0.000000  0.000000  0.000000
  1.000000  0.000000
  0.188980  0.188980  0.188979  0.188979  0.188977  0.188976  0.188975  0.188975
  0.188975  0.188975  0.188976  0.188976  0.188977  0.188977  0.188978  0.188978
  0.188979  0.188979  0.188979  0.188980  0.188980  0.188980  0.188980  0.188980
  0.188981  0.188981  0.188981  0.188981  0.188981  0.188981  0.188981  0.188982
  0.188982  0.188982  0.188982  0.188982  0.188982  0.188982  0.188982  0.188982
  0.188982  0.188982  0.188982  0.188982  0.188982  0.188982  0.188981  0.188981
  0.188981  0.188980  0.188980  0.188979  0.188978  0.188977  0.188976  0.188975
  0.188974  0.188973  0.188971  0.188970  0.188968  0.188967  0.188965  0.188964
  0.188962  0.188961  0.188959  0.188957  0.188956  0.188954  0.188952  0.188951
  0.188950  0.188948  0.188947  0.188946  0.188945  0.188943  0.188943  0.188942
  0.188941  0.188940  0.188939  0.188939  0.188938  0.188938  0.188937  0.188937
  0.188936  0.188936  0.188936  0.188937  0.188938  0.188938  0.188939  0.188940
  0.188942  0.188943  0.188944  0.188946  0.188947  0.188949  0.188951  0.188953
  0.188955  0.188957  0.188960  0.188962  0.188965  0.188968  0.188970
 ***************************************************************
  ROW NUMBER           2  SECTION NUMBER            3
           0           0           0  IF_DESIGN etc 
   1.00000   0.00000    0
  0.020934  0.021827  0.022629  0.023348  0.023995  0.024574  0.025094  0.025560
  0.025977  0.026351  0.026687  0.026988  0.027257  0.027499  0.027716  0.027910
  0.028084  0.028240  0.028380  0.028506  0.028618  0.028731  0.028848  0.028971
  0.029100  0.029235  0.029378  0.029528  0.029686  0.029852  0.030027  0.030211
  0.030405  0.030609  0.030824  0.031050  0.031287  0.031536  0.031797  0.032071
  0.032358  0.032660  0.032977  0.033310  0.033660  0.034028  0.034415  0.034823
  0.035254  0.035713  0.036206  0.036734  0.037296  0.037891  0.038517  0.039171
  0.039841  0.040517  0.041196  0.041875  0.042550  0.043222  0.043888  0.044554
  0.045222  0.045892  0.046562  0.047233  0.047902  0.048567  0.049223  0.049866
  0.050494  0.051105  0.051700  0.052276  0.052834  0.053375  0.053900  0.054410
  0.054903  0.055381  0.055843  0.056288  0.056718  0.057132  0.057530  0.057912
  0.058278  0.058628  0.058962  0.059299  0.059664  0.060057  0.060481  0.060939
  0.061434  0.061969  0.062546  0.063169  0.063842  0.064568  0.065353  0.066200
  0.067115  0.068103  0.069170  0.070322  0.071566  0.072909  0.074359
  1.000000  0.000000
 -0.006455 -0.005853 -0.005312 -0.004827 -0.004392 -0.004002 -0.003652 -0.003338
 -0.003057 -0.002804 -0.002578 -0.002375 -0.002194 -0.002031 -0.001884 -0.001753
 -0.001636 -0.001530 -0.001436 -0.001351 -0.001275 -0.000672 -0.000384 -0.000115
  0.000144  0.000398  0.000649  0.000902  0.001151  0.001401  0.001652  0.001903
  0.002152  0.002403  0.002650  0.002895  0.003137  0.003375  0.003604  0.003828
  0.004044  0.004247  0.004441  0.004617  0.004777  0.004917  0.005034  0.005126
  0.005182  0.005206  0.005181  0.005107  0.004966  0.004753  0.004459  0.004075
  0.003605  0.003042  0.002402  0.001676  0.000875  0.000000 -0.000944 -0.001963
 -0.003061 -0.004244 -0.005499 -0.006829 -0.008235 -0.009703 -0.011227 -0.012784
 -0.014374 -0.015984 -0.017604 -0.019235 -0.020860 -0.022485 -0.024110 -0.025726
 -0.027330 -0.028919 -0.030491 -0.032039 -0.033561 -0.035054 -0.036514 -0.037938
 -0.039325 -0.040669 -0.042280 -0.043402 -0.044613 -0.045919 -0.047330 -0.048854
 -0.050498 -0.052273 -0.054190 -0.056259 -0.058492 -0.060903 -0.063506 -0.066315
 -0.069348 -0.072621 -0.076154 -0.079968 -0.084084 -0.088526 -0.093319
  1.000000
  0.000000  0.000000  0.000000  0.000000  0.000000  0.000000  0.000000  0.000000
  0.000000  0.000000  0.000000  0.000000  0.000000  0.000000  0.000000  0.000000
  0.000000  0.000000  0.000000  0.000000  0.000000  0.001263  0.001895  0.002441
  0.002942  0.003413  0.003864  0.004304  0.004734  0.005157  0.005577  0.005989
  0.006387  0.006764  0.007103  0.007424  0.007743  0.008062  0.008375  0.008687
  0.008998  0.009303  0.009606  0.009900  0.010190  0.010473  0.010749  0.011017
  0.011269  0.011517  0.011749  0.011971  0.012165  0.012336  0.012478  0.012586
  0.012658  0.012685  0.012675  0.012627  0.012542  0.012423  0.012274  0.012091
  0.011881  0.011630  0.011360  0.011056  0.010724  0.010372  0.009989  0.009600
  0.009193  0.008773  0.008351  0.007918  0.007484  0.007050  0.006611  0.006174
  0.005738  0.005305  0.004875  0.004451  0.004034  0.003624  0.003222  0.002829
  0.002443  0.001785  0.000001  0.000000  0.000000  0.000000  0.000000  0.000000
  0.000000  0.000000  0.000000  0.000000  0.000000  0.000000  0.000000  0.000000
  0.000000  0.000000  0.000000  0.000000  0.000000  0.000000  0.000000
  1.000000  0.000000
  0.204184  0.204277  0.204353  0.204406  0.204445  0.204482  0.204515  0.204545
  0.204574  0.204600  0.204623  0.204645  0.204665  0.204683  0.204699  0.204714
  0.204728  0.204740  0.204751  0.204761  0.204771  0.204782  0.204793  0.204805
  0.204818  0.204832  0.204846  0.204862  0.204879  0.204897  0.204916  0.204937
  0.204960  0.204984  0.205010  0.205037  0.205067  0.205099  0.205133  0.205170
  0.205209  0.205251  0.205297  0.205345  0.205398  0.205454  0.205514  0.205580
  0.205650  0.205727  0.205811  0.205904  0.206004  0.206113  0.206230  0.206354
  0.206484  0.206618  0.206754  0.206891  0.207030  0.207169  0.207308  0.207448
  0.207589  0.207731  0.207873  0.208015  0.208157  0.208297  0.208435  0.208569
  0.208699  0.208824  0.208945  0.209061  0.209172  0.209278  0.209379  0.209476
  0.209569  0.209657  0.209741  0.209820  0.209896  0.209967  0.210034  0.210097
  0.210157  0.210212  0.210257  0.210285  0.210316  0.210347  0.210381  0.210416
  0.210452  0.210491  0.210531  0.210573  0.210616  0.210660  0.210705  0.210751
  0.210798  0.210844  0.210891  0.210936  0.210980  0.211021  0.211060
  STARTING INLET BOUNDARY CONDITION DATA .
  NUMBER OF POINTS FOR INLET BOUNDARY CONDITIONS 
        37
  SPACING OF INLET BOUNDARY CONDITION POINTS 
  1.000000  1.250000  1.562500  1.953125  2.441406  3.051758  3.814697  4.768372
  5.960464  7.450581  9.313226 11.641532 14.551915 18.189894 20.000000 20.000000
 20.000000 20.000000 20.000000 20.000000 20.000000 20.000000 18.189894 14.551915
 11.641532  9.313226  7.450581  5.960464  4.768372  3.814697  3.051758  2.441406
  1.953125  1.562500  1.250000  1.000000
   INLET STAGNATION PRESSURES 
 3786000.0 3786000.0 3786000.0 3786000.0 3786000.0 3785999.8 3786000.0 3786000.2
 3785999.8 3786000.0 3786000.2 3786000.0 3786000.2 3786000.0 3786000.0 3786000.0
 3786000.0 3786000.0 3786000.0 3786000.0 3786000.0 3786000.0 3786000.0 3786000.0
 3786000.0 3786000.0 3786000.0 3786000.0 3786000.0 3786000.0 3786000.0 3786000.0
 3786000.0 3786000.0 3786000.0 3786000.0 3786000.0
   INLET STAGNATION TEMPERATURES 
  332.8109  332.8109  332.8109  332.8109  332.8109  332.8109  332.8109  332.8109
  332.8109  332.8109  332.8109  332.8109  332.8109  332.8109  332.8109  332.8109
  332.8109  332.8109  332.8109  332.8109  332.8109  332.8109  332.8109  332.8109
  332.8109  332.8109  332.8109  332.8109  332.8109  332.8109  332.8109  332.8109
  332.8109  332.8109  332.8109  332.8109  332.8109
   INLET ABSOLUTE TANGENTIAL VELOCITY 
    0.0000    0.0000    0.0000    0.0000    0.0000    0.0000    0.0000    0.0000
    0.0000    0.0000    0.0000    0.0000    0.0000    0.0000    0.0000    0.0000
    0.0000    0.0000    0.0000    0.0000    0.0000    0.0000    0.0000    0.0000
    0.0000    0.0000    0.0000    0.0000    0.0000    0.0000    0.0000    0.0000
    0.0000    0.0000    0.0000    0.0000    0.0000
   INLET MERIDIONAL VELOCITY 
   89.0515   89.0515   89.0515   89.0515   89.0515   89.0515   89.0515   89.0515
   89.0515   89.0515   89.0515   89.0515   89.0515   89.0515   89.0515   89.0515
   89.0515   89.0515   89.0515   89.0515   89.0515   89.0515   89.0515   89.0515
   89.0515   89.0515   89.0515   89.0515   89.0515   89.0515   89.0515   89.0515
   89.0515   89.0515   89.0515   89.0515   89.0515
   INLET MERIDIONAL YAW ANGLE  
  -45.0000  -45.0000  -45.0000  -45.0000  -45.0000  -45.0000  -45.0000  -45.0000
  -45.0000  -45.0000  -45.0000  -45.0000  -45.0000  -45.0000  -45.0000  -45.0000
  -45.0000  -45.0000  -45.0000  -45.0000  -45.0000  -45.0000  -45.0000  -45.0000
  -45.0000  -45.0000  -45.0000  -45.0000  -45.0000  -45.0000  -45.0000  -45.0000
  -45.0000  -45.0000  -45.0000  -45.0000  -45.0000
   INLET PITCH ANGLE 
   -0.2974   -0.2957   -0.2935   -0.2908   -0.2874   -0.2831   -0.2778   -0.2711
   -0.2628   -0.2524   -0.2394   -0.2232   -0.2029   -0.1775   -0.1457   -0.1108
   -0.0759   -0.0411   -0.0062    0.0287    0.0636    0.0985    0.1334    0.1652
    0.1905    0.2109    0.2271    0.2401    0.2505    0.2588    0.2655    0.2708
    0.2751    0.2785    0.2812    0.2834    0.2851
   PDOWN_HUB   PDOWN_TIP 
 1396468.2 1396468.2
 MIXING LENGTH LIMITS ON ALL BLADE ROWS
  0.020000  0.030000  0.040000  0.050000  1.000000  0.500000
  0.020000  0.030000  0.040000  0.050000  1.000000  0.500000
  FACTOR TO INCREASE THE TURBULENT VISCOSITY OVER THE FIRST NMIXUP STEPS 
   2.00000 1000
