  BLADE PROFILES IN CARTESIAN COORDINATES (2D) BEFORE   PROJECTION, SCALING, MESHING AND STACKING 
  VARIABLES = "X", "YSS", "YPS" 
  BLADE           1  SECTION           1
    0.000000   -0.006360   -0.006360
    0.000062   -0.003146   -0.008924
    0.000249   -0.000306   -0.012216
    0.000561    0.002379   -0.015476
    0.000997    0.004925   -0.018777
    0.001557    0.007471   -0.021659
    0.002241    0.009791   -0.024200
    0.003050    0.011995   -0.026631
    0.003982    0.014246   -0.028950
    0.005038    0.016481   -0.031169
    0.006218    0.018725   -0.033287
    0.007520    0.020979   -0.035302
    0.008945    0.023257   -0.037245
    0.010493    0.025559   -0.039152
    0.012162    0.027869   -0.041143
    0.013954    0.030186   -0.043230
    0.015866    0.032501   -0.045415
    0.017899    0.034784   -0.047699
    0.020052    0.036985   -0.050079
    0.022325    0.039077   -0.052525
    0.024716    0.041023   -0.055049
    0.027226    0.042794   -0.057644
    0.029854    0.044395   -0.060303
    0.032600    0.045883   -0.063026
    0.035461    0.047375   -0.065806
    0.038439    0.048914   -0.068640
    0.041531    0.050486   -0.071522
    0.044738    0.052091   -0.074448
    0.048058    0.053729   -0.077412
    0.051491    0.055398   -0.080418
    0.055036    0.057098   -0.083471
    0.058691    0.058827   -0.086522
    0.062456    0.060578   -0.089587
    0.066331    0.062370   -0.092659
    0.070314    0.064192   -0.095740
    0.074403    0.066045   -0.098822
    0.078599    0.067928   -0.101903
    0.082900    0.069842   -0.104976
    0.087305    0.071784   -0.108047
    0.091812    0.073751   -0.111126
    0.096421    0.075756   -0.114144
    0.101131    0.077792   -0.117121
    0.105941    0.079859   -0.120064
    0.110848    0.081957   -0.122970
    0.115853    0.084083   -0.125832
    0.120953    0.086246   -0.128658
    0.126148    0.088442   -0.131465
    0.131435    0.090670   -0.134151
    0.136815    0.092930   -0.136768
    0.142285    0.095227   -0.139318
    0.147845    0.097558   -0.141816
    0.153492    0.099924   -0.144261
    0.159225    0.102327   -0.146575
    0.165044    0.104766   -0.148777
    0.170946    0.107242   -0.150889
    0.176930    0.109758   -0.152907
    0.182994    0.112310   -0.154838
    0.189138    0.114902   -0.156701
    0.195358    0.117536   -0.158372
    0.201655    0.120208   -0.159928
    0.208026    0.122922   -0.161394
    0.214470    0.125681   -0.162767
    0.220986    0.128477   -0.163947
    0.227570    0.131325   -0.164972
    0.234223    0.134210   -0.165867
    0.240941    0.137138   -0.166649
    0.247725    0.140122   -0.167333
    0.254571    0.143142   -0.167772
    0.261478    0.146209   -0.168058
    0.268445    0.149333   -0.168198
    0.275470    0.152495   -0.168201
    0.282550    0.155706   -0.168089
    0.289685    0.158978   -0.167716
    0.296872    0.162287   -0.167179
    0.304110    0.165644   -0.166508
    0.311396    0.169070   -0.165705
    0.318730    0.172531   -0.164646
    0.326109    0.176043   -0.163390
    0.333531    0.179608   -0.161962
    0.340994    0.183241   -0.160385
    0.348497    0.186911   -0.158670
    0.356038    0.190633   -0.156684
    0.363615    0.194407   -0.154494
    0.371226    0.198240   -0.152122
    0.378869    0.202140   -0.149598
    0.386542    0.206077   -0.146919
    0.394243    0.210066   -0.143989
    0.401971    0.214109   -0.140830
    0.409723    0.218205   -0.137482
    0.417498    0.222356   -0.133946
    0.425293    0.226566   -0.130221
    0.433107    0.230843   -0.126324
    0.440937    0.235155   -0.122291
    0.448783    0.239519   -0.117976
    0.456641    0.243936   -0.113455
    0.464509    0.248404   -0.108745
    0.472387    0.252924   -0.103846
    0.480272    0.257494   -0.098758
    0.488161    0.262115   -0.093483
    0.496053    0.266786   -0.088045
    0.503947    0.271506   -0.082467
    0.511839    0.276274   -0.076635
    0.519729    0.281090   -0.070620
    0.527613    0.285953   -0.064409
    0.535491    0.290861   -0.058022
    0.543360    0.295815   -0.051459
    0.551217    0.300812   -0.044724
    0.559063    0.305851   -0.037819
    0.566893    0.310933   -0.030748
    0.574707    0.316054   -0.023512
    0.582502    0.321214   -0.016115
    0.590277    0.326412   -0.008561
    0.598029    0.331646   -0.000853
    0.605757    0.336915    0.007005
    0.613458    0.342216    0.015010
    0.621131    0.347549    0.023156
    0.628774    0.352912    0.031441
    0.636385    0.358302    0.039858
    0.643962    0.363719    0.048405
    0.651503    0.369160    0.057076
    0.659006    0.374624    0.065867
    0.666469    0.380101    0.074772
    0.673891    0.385587    0.083786
    0.681270    0.391106    0.092905
    0.688604    0.396641    0.102122
    0.695890    0.402187    0.111432
    0.703128    0.407746    0.120831
    0.710315    0.413315    0.130314
    0.717450    0.418890    0.139879
    0.724530    0.424468    0.149515
    0.731555    0.430048    0.159216
    0.738522    0.435626    0.168976
    0.745429    0.441202    0.178812
    0.752275    0.446771    0.188712
    0.759059    0.452325    0.198610
    0.765777    0.457861    0.208542
    0.772430    0.463398    0.218501
    0.779015    0.468920    0.228482
    0.785530    0.474423    0.238477
    0.791974    0.479909    0.248481
    0.798345    0.485372    0.258490
    0.804642    0.490809    0.268500
    0.810863    0.496217    0.278498
    0.817006    0.501594    0.288478
    0.823070    0.506937    0.298454
    0.829054    0.512236    0.308406
    0.834956    0.517494    0.318291
    0.840775    0.522720    0.328131
    0.846508    0.527901    0.337920
    0.852155    0.533036    0.347651
    0.857715    0.538121    0.357318
    0.863185    0.543154    0.366920
    0.868565    0.548134    0.376445
    0.873852    0.553057    0.385886
    0.879047    0.557919    0.395236
    0.884147    0.562718    0.404490
    0.889152    0.567452    0.413659
    0.894059    0.572118    0.422712
    0.898869    0.576708    0.431635
    0.903579    0.581226    0.440435
    0.908188    0.585674    0.449108
    0.912695    0.590044    0.457647
    0.917100    0.594334    0.466049
    0.921401    0.598541    0.474305
    0.925597    0.602663    0.482408
    0.929686    0.606698    0.490353
    0.933669    0.610643    0.498135
    0.937544    0.614496    0.505748
    0.941309    0.618255    0.513186
    0.944965    0.621919    0.520445
    0.948509    0.625483    0.527519
    0.951942    0.628948    0.534403
    0.955262    0.632309    0.541093
    0.958469    0.635567    0.547596
    0.961561    0.638718    0.553882
    0.964539    0.641765    0.559958
    0.967400    0.644698    0.565822
    0.970146    0.647451    0.571468
    0.972774    0.649681    0.576886
    0.975284    0.651348    0.582086
    0.977675    0.652617    0.587058
    0.979948    0.653581    0.591796
    0.982101    0.654296    0.596298
    0.984134    0.654787    0.600561
    0.986046    0.655078    0.604581
    0.987838    0.655178    0.608356
    0.989507    0.655097    0.611880
    0.991055    0.654840    0.615156
    0.992480    0.654411    0.618179
    0.993782    0.653865    0.620946
    0.994962    0.653118    0.623455
    0.996018    0.652126    0.625704
    0.996950    0.651050    0.627694
    0.997759    0.649831    0.629505
    0.998443    0.648485    0.631091
    0.999003    0.647036    0.632940
    0.999439    0.645459    0.634743
    0.999751    0.643740    0.636399
    0.999938    0.641908    0.638340
    1.000000    0.641133    0.641133
  BLADE PROFILES IN CARTESIAN COORDINATES (3D) 
  VARIABLES = "X", "YSS", "YPS" "R" 
  BLADE           1  SECTION           1
  -12.560295   -3.158818   -3.158818  212.490509
  -11.072157   -3.588909   -3.588909  212.452179
   -9.745600   -3.972198   -3.972198  212.411469
   -8.563112   -4.313768   -4.313768  212.369598
   -7.509070   -4.618161   -4.618161  212.327698
   -6.569520   -4.889423   -4.889423  212.286514
   -5.732032   -5.131162   -5.131162  212.246552
   -4.985512   -5.346596   -5.346596  212.208374
   -4.320070   -5.538591   -5.538591  212.172211
   -3.726895   -5.709702   -5.709702  212.138214
   -3.198130   -5.862204   -5.862204  212.106506
   -2.726774   -5.998125   -5.998125  212.077133
   -2.306589   -6.119270   -6.119270  212.050034
   -1.932014   -6.227249   -6.227249  212.025070
   -1.598094   -6.323496   -6.323496  212.002258
   -1.300409   -6.409288   -6.409288  211.981445
   -1.035030   -6.485760   -6.485760  211.962494
   -0.798442   -6.553929   -6.553929  211.945297
   -0.587522   -6.614696   -6.614696  211.929703
   -0.399485   -6.668866   -6.668866  211.915649
   -0.231843   -6.717157   -6.717157  211.902924
   -0.082386   -6.760207   -6.760207  211.891495
    0.050862   -6.798585   -6.798585  211.881104
    0.169658   -6.832799   -6.832799  211.871841
    0.275571   -6.863301   -6.863301  211.863495
    0.370000   -6.890493   -6.890493  211.855988
    0.463701   -6.345520   -7.425155  211.842651
    0.561662   -6.152891   -7.607475  211.828644
    0.664275   -5.996020   -7.739116  211.813858
    0.771935   -5.857228   -7.864911  211.798203
    0.885032   -5.733965   -7.992000  211.781693
    1.003955   -5.629663   -8.119700  211.764206
    1.129101   -5.545778   -8.248796  211.745590
    1.260855   -5.473940   -8.379574  211.725906
    1.399613   -5.401118   -8.512208  211.704987
    1.545763   -5.326468   -8.646683  211.682755
    1.699695   -5.249828   -8.783273  211.659164
    1.861800   -5.171032   -8.921785  211.634048
    2.032469   -5.090072   -9.060818  211.607407
    2.212089   -5.006152   -9.200722  211.579086
    2.400958   -4.919395   -9.341227  211.549011
    2.599123   -4.829792   -9.481956  211.517212
    2.807040   -4.737151   -9.622879  211.483459
    3.025219   -4.640823   -9.761169  211.447739
    3.254237   -4.540756   -9.897881  211.409821
    3.494715   -4.436474  -10.033085  211.369537
    3.747341   -4.327509  -10.165146  211.326904
    4.012712   -4.213534  -10.291990  211.281647
    4.291342   -4.094084  -10.415649  211.233582
    4.584140   -3.968553  -10.530968  211.182541
    4.892159   -3.836233  -10.638625  211.128357
    5.216550   -3.696393  -10.739470  211.070709
    5.558575   -3.548045  -10.826792  211.009232
    5.919624   -3.390163  -10.903994  210.943817
    6.304054   -3.220305  -10.963216  210.873337
    6.717401   -3.035386  -11.007864  210.796951
    7.160112   -2.834425  -11.026466  210.714355
    7.631842   -2.616527  -11.021253  210.625595
    8.131450   -2.381063  -10.981244  210.530746
    8.657006   -2.127555  -10.905733  210.430283
    9.205805   -1.856208  -10.789719  210.324814
    9.768943   -1.570840  -10.628829  210.215927
   10.337448   -1.274110  -10.429488  210.105774
   10.908270   -0.968257  -10.185197  209.994858
   11.478929   -0.652856   -9.903325  209.883865
   12.047522   -0.330110   -9.582824  209.773529
   12.612710    0.000000   -9.224298  209.664062
   13.173715    0.337088   -8.833289  209.555939
   13.734333    0.683578   -8.403570  209.448517
   14.297128    1.041308   -7.933929  209.341370
   14.861643    1.410298   -7.425886  209.234848
   15.427179    1.790326   -6.879907  209.129349
   15.992723    2.180904   -6.297029  209.025055
   16.556997    2.581242   -5.678904  208.922577
   17.118416    2.990238   -5.027877  208.822159
   17.671995    3.403383   -4.350970  208.724747
   18.214628    3.819312   -3.653969  208.631256
   18.744841    4.235862   -2.940726  208.541672
   19.261431    4.651220   -2.215308  208.456329
   19.763483    5.063670   -1.480630  208.375366
   20.250364    5.472240   -0.743212  208.298752
   20.721737    5.876346   -0.004447  208.226517
   21.179295    6.276382    0.736360  208.158264
   21.623493    6.671635    1.478602  208.093887
   22.054325    7.062217    2.217468  208.033310
   22.471773    7.447276    2.952756  207.976410
   22.875814    7.826246    3.682459  207.923111
   23.266443    8.198285    4.405438  207.873184
   23.643665    8.562881    5.118089  207.826660
   24.007433    8.919733    5.820008  207.783432
   24.357756    9.268104    6.509230  207.743195
   24.694607    9.607458    7.184202  207.705917
   25.017969    9.937457    7.843809  207.671555
   25.327831   10.190134    8.485738  207.639847
   25.624180   10.256106    9.109339  207.610733
   25.906998    9.892196    9.891871  207.584000
   26.190599   10.344858   10.344696  207.564362
   26.490414   10.823504   10.823504  207.543716
   26.807362   11.329435   11.329435  207.521973
   27.142431   11.864208   11.864208  207.499115
   27.496645   12.429466   12.429466  207.474976
   27.871098   13.026937   13.026937  207.449478
   28.266939   13.658447   13.658447  207.422577
   28.685383   14.325933   14.325933  207.394058
   29.127735   15.031433   15.031433  207.363785
   29.595297   15.777072   15.777072  207.331268
   30.089537   16.565144   16.565144  207.296585
   30.611980   17.398056   17.398056  207.259583
   31.164227   18.278343   18.278343  207.220093
   31.747967   19.208677   19.208677  207.177872
   32.364994   20.191879   20.191879  207.132660
  BLADE PROFILES IN CARTESIAN COORDINATES (2D) BEFORE   PROJECTION, SCALING, MESHING AND STACKING 
  VARIABLES = "X", "YSS", "YPS" 
  BLADE           1  SECTION           2
    0.000000   -0.004069   -0.004069
    0.000062   -0.002242   -0.007736
    0.000249    0.000519   -0.010891
    0.000561    0.003075   -0.014119
    0.000997    0.005497   -0.017369
    0.001557    0.007804   -0.020277
    0.002241    0.010028   -0.022907
    0.003050    0.012221   -0.025402
    0.003982    0.014403   -0.027782
    0.005038    0.016575   -0.030058
    0.006218    0.018757   -0.032197
    0.007520    0.020970   -0.034183
    0.008945    0.023195   -0.036102
    0.010493    0.025454   -0.038001
    0.012162    0.027725   -0.039948
    0.013954    0.029996   -0.041984
    0.015866    0.032244   -0.044100
    0.017899    0.034450   -0.046306
    0.020052    0.036563   -0.048595
    0.022325    0.038544   -0.050959
    0.024716    0.040359   -0.053399
    0.027226    0.041994   -0.055909
    0.029854    0.043503   -0.058485
    0.032600    0.044965   -0.061123
    0.035461    0.046451   -0.063818
    0.038439    0.047969   -0.066564
    0.041531    0.049520   -0.069358
    0.044738    0.051102   -0.072202
    0.048058    0.052712   -0.075101
    0.051491    0.054344   -0.078010
    0.055036    0.056016   -0.080946
    0.058691    0.057717   -0.083900
    0.062456    0.059448   -0.086872
    0.066331    0.061208   -0.089857
    0.070314    0.062996   -0.092851
    0.074403    0.064812   -0.095849
    0.078599    0.066655   -0.098845
    0.082900    0.068517   -0.101847
    0.087305    0.070417   -0.104860
    0.091812    0.072344   -0.107826
    0.096421    0.074300   -0.110761
    0.101131    0.076284   -0.113667
    0.105941    0.078295   -0.116543
    0.110848    0.080328   -0.119383
    0.115853    0.082396   -0.122184
    0.120953    0.084494   -0.124950
    0.126148    0.086620   -0.127700
    0.131435    0.088775   -0.130340
    0.136815    0.090956   -0.132914
    0.142285    0.093172   -0.135424
    0.147845    0.095418   -0.137867
    0.153492    0.097694   -0.140252
    0.159225    0.100000   -0.142592
    0.165044    0.102340   -0.144788
    0.170946    0.104711   -0.146888
    0.176930    0.107116   -0.148898
    0.182994    0.109554   -0.150815
    0.189138    0.112025   -0.152645
    0.195358    0.114531   -0.154410
    0.201655    0.117073   -0.155990
    0.208026    0.119649   -0.157457
    0.214470    0.122260   -0.158812
    0.220986    0.124913   -0.160063
    0.227570    0.127598   -0.161235
    0.234223    0.130320   -0.162188
    0.240941    0.133087   -0.163013
    0.247725    0.135886   -0.163708
    0.254571    0.138724   -0.164282
    0.261478    0.141610   -0.164762
    0.268445    0.144529   -0.165001
    0.275470    0.147488   -0.165096
    0.282550    0.150490   -0.165045
    0.289685    0.153540   -0.164860
    0.296872    0.156624   -0.164566
    0.304110    0.159750   -0.164015
    0.311396    0.162932   -0.163306
    0.318730    0.166145   -0.162438
    0.326109    0.169402   -0.161425
    0.333531    0.172704   -0.160300
    0.340994    0.176062   -0.158895
    0.348497    0.179452   -0.157324
    0.356038    0.182887   -0.155584
    0.363615    0.186365   -0.153695
    0.371226    0.189896   -0.151676
    0.378869    0.193479   -0.149396
    0.386542    0.197096   -0.146922
    0.394243    0.200757   -0.144272
    0.401971    0.204464   -0.141445
    0.409723    0.208217   -0.138463
    0.417498    0.212020   -0.135346
    0.425293    0.215879   -0.131971
    0.433107    0.219769   -0.128395
    0.440937    0.223703   -0.124640
    0.448783    0.227682   -0.120707
    0.456641    0.231704   -0.116594
    0.464509    0.235771   -0.112327
    0.472387    0.239880   -0.107921
    0.480272    0.244035   -0.103273
    0.488161    0.248233   -0.098434
    0.496053    0.252473   -0.093411
    0.503947    0.256759   -0.088214
    0.511839    0.261097   -0.082845
    0.519729    0.265460   -0.077305
    0.527613    0.269861   -0.071596
    0.535491    0.274301   -0.065719
    0.543360    0.278779   -0.059678
    0.551217    0.283294   -0.053473
    0.559063    0.287844   -0.047129
    0.566893    0.292430   -0.040670
    0.574707    0.297048   -0.033991
    0.582502    0.301700   -0.027160
    0.590277    0.306383   -0.020181
    0.598029    0.311096   -0.013055
    0.605757    0.315838   -0.005787
    0.613458    0.320607    0.001619
    0.621131    0.325403    0.009160
    0.628774    0.330218    0.016831
    0.636385    0.335045    0.024629
    0.643962    0.339911    0.032549
    0.651503    0.344796    0.040587
    0.659006    0.349700    0.048738
    0.666469    0.354620    0.056998
    0.673891    0.359556    0.065362
    0.681270    0.364507    0.073825
    0.688604    0.369470    0.082381
    0.695890    0.374443    0.091027
    0.703128    0.379423    0.099756
    0.710315    0.384409    0.108584
    0.717450    0.389400    0.117511
    0.724530    0.394392    0.126458
    0.731555    0.399384    0.135466
    0.738522    0.404374    0.144531
    0.745429    0.409353    0.153646
    0.752275    0.414320    0.162805
    0.759059    0.419291    0.172004
    0.765777    0.424252    0.181236
    0.772430    0.429199    0.190494
    0.779015    0.434132    0.199774
    0.785530    0.439050    0.209071
    0.791974    0.443949    0.218383
    0.798345    0.448826    0.227697
    0.804642    0.453679    0.237008
    0.810863    0.458506    0.246308
    0.817006    0.463303    0.255615
    0.823070    0.468070    0.264905
    0.829054    0.472798    0.274138
    0.834956    0.477488    0.283338
    0.840775    0.482148    0.292497
    0.846508    0.486769    0.301609
    0.852155    0.491347    0.310668
    0.857715    0.495880    0.319672
    0.863185    0.500366    0.328613
    0.868565    0.504804    0.337482
    0.873852    0.509191    0.346274
    0.879047    0.513523    0.354981
    0.884147    0.517799    0.363616
    0.889152    0.522016    0.372153
    0.894059    0.526172    0.380572
    0.898869    0.530260    0.388884
    0.903579    0.534284    0.397082
    0.908188    0.538245    0.405162
    0.912695    0.542136    0.413119
    0.917100    0.545956    0.420947
    0.921401    0.549701    0.428639
    0.925597    0.553371    0.436190
    0.929686    0.556962    0.443593
    0.933669    0.560474    0.450845
    0.937544    0.563903    0.457940
    0.941309    0.567249    0.464872
    0.944965    0.570509    0.471637
    0.948509    0.573681    0.478230
    0.951942    0.576763    0.484646
    0.955262    0.579755    0.490882
    0.958469    0.582653    0.496931
    0.961561    0.585456    0.502802
    0.964539    0.588167    0.508467
    0.967400    0.590776    0.513932
    0.970146    0.593207    0.519188
    0.972774    0.595110    0.524246
    0.975284    0.596488    0.529095
    0.977675    0.597496    0.533729
    0.979948    0.598222    0.538147
    0.982101    0.598720    0.542345
    0.984134    0.599014    0.546319
    0.986046    0.599124    0.550067
    0.987838    0.599060    0.553586
    0.989507    0.598832    0.556872
    0.991055    0.598444    0.559927
    0.992480    0.597899    0.562745
    0.993782    0.597242    0.565325
    0.994962    0.596410    0.567664
    0.996018    0.595363    0.569762
    0.996950    0.594235    0.571617
    0.997759    0.592980    0.573304
    0.998443    0.591612    0.574790
    0.999003    0.590155    0.576520
    0.999439    0.588623    0.578205
    0.999751    0.586939    0.579775
    0.999938    0.585175    0.581650
    1.000000    0.584457    0.584457
  BLADE PROFILES IN CARTESIAN COORDINATES (3D) 
  VARIABLES = "X", "YSS", "YPS" "R" 
  BLADE           1  SECTION           2
  -13.485240   -3.049322   -3.049322  225.864304
  -11.954458   -3.466356   -3.466356  225.861984
  -10.589607   -3.838178   -3.838178  225.859726
   -9.372695   -4.169690   -4.169690  225.857544
   -8.287700   -4.465263   -4.465263  225.855530
   -7.320314   -4.728794   -4.728794  225.853683
   -6.457786   -4.963757   -4.963757  225.852036
   -5.688755   -5.173249   -5.173249  225.850555
   -5.003085   -5.360031   -5.360031  225.849213
   -4.391738   -5.526566   -5.526566  225.848007
   -3.846658   -5.675048   -5.675048  225.846954
   -3.360665   -5.807436   -5.807436  225.846008
   -2.927349   -5.925472   -5.925472  225.845169
   -2.541006   -6.030713   -6.030713  225.844452
   -2.196540   -6.124547   -6.124547  225.843796
   -1.889413   -6.208210   -6.208210  225.843231
   -1.615578   -6.282803   -6.282803  225.842712
   -1.371425   -6.349310   -6.349310  225.842270
   -1.153738   -6.408610   -6.408610  225.841888
   -0.959647   -6.461480   -6.461480  225.841553
   -0.786595   -6.508620   -6.508620  225.841217
   -0.632303   -6.550649   -6.550649  225.840942
   -0.494734   -6.588125   -6.588125  225.840729
   -0.372077   -6.621536   -6.621536  225.840500
   -0.262716   -6.651327   -6.651327  225.840271
   -0.165208   -6.677887   -6.677887  225.840149
   -0.067701   -6.134450   -7.218507  225.840012
    0.034249   -5.941767   -7.408374  225.840042
    0.141055   -5.784025   -7.542749  225.840179
    0.253123   -5.644915   -7.669078  225.840225
    0.370864   -5.523192   -7.795544  225.840332
    0.494689   -5.422814   -7.923010  225.840408
    0.625005   -5.342881   -8.052089  225.840530
    0.762224   -5.270434   -8.182981  225.840668
    0.906754   -5.196965   -8.315774  225.840759
    1.059005   -5.121837   -8.450953  225.840927
    1.219385   -5.045197   -8.587974  225.841110
    1.388309   -4.966055   -8.726100  225.841248
    1.566180   -4.884583   -8.865541  225.841461
    1.753410   -4.800560   -9.006145  225.841675
    1.950318   -4.713933   -9.147517  225.841904
    2.156949   -4.624692   -9.290045  225.842148
    2.373785   -4.532244   -9.431049  225.842453
    2.601369   -4.436501   -9.570747  225.842743
    2.840295   -4.337383   -9.709090  225.843018
    3.091225   -4.234099   -9.846121  225.843369
    3.354881   -4.126516   -9.980407  225.843781
    3.631894   -4.014293  -10.109738  225.844177
    3.922796   -3.896919  -10.234960  225.844574
    4.228559   -3.773962  -10.355156  225.845139
    4.550275   -3.644697  -10.466430  225.845642
    4.889155   -3.508416  -10.570198  225.846176
    5.246532   -3.364260  -10.664128  225.846832
    5.623849   -3.211371  -10.744733  225.847488
    6.025678   -3.047414  -10.813316  225.848221
    6.457819   -2.869353  -10.862481  225.849045
    6.920751   -2.676348  -10.893129  225.849960
    7.414092   -2.467872  -10.894941  225.850891
    7.936683   -2.243252  -10.868513  225.852020
    8.486498   -2.002186  -10.804719  225.853088
    9.060686   -1.744887  -10.702914  225.854279
    9.649938   -1.474973  -10.560174  225.855453
   10.244833   -1.195162  -10.375030  225.856735
   10.842175   -0.907278  -10.151470  225.858002
   11.439335   -0.611235   -9.888247  225.859314
   12.034323   -0.308801   -9.586790  225.860565
   12.625690    0.000000   -9.252561  225.861801
   13.212603    0.315028   -8.880811  225.862946
   13.799052    0.638745   -8.473252  225.864166
   14.387656    0.972009   -8.028141  225.865341
   14.977951    1.315332   -7.547948  225.866440
   15.569162    1.668530   -7.028274  225.867538
   16.160227    2.031163   -6.472678  225.868546
   16.749762    2.402022   -5.882657  225.869598
   17.336138    2.781048   -5.260478  225.870453
   17.914097    3.164383   -4.612899  225.871384
   18.480413    3.549564   -3.945529  225.872101
   19.033518    3.934880   -3.260505  225.872849
   19.572195    4.318837   -2.565836  225.873428
   20.095474    4.699773   -1.863128  225.873993
   20.602703    5.077426   -1.155895  225.874420
   21.093536    5.450592   -0.446724  225.874771
   21.569769    5.819770    0.264721  225.875031
   22.031864    6.184414    0.976821  225.875351
   22.479826    6.544606    1.686396  225.875504
   22.913662    6.899583    2.392799  225.875641
   23.333372    7.248815    3.094115  225.875641
   23.738949    7.591551    3.788531  225.875671
   24.130379    7.927331    4.473447  225.875626
   24.507690    8.255866    5.148097  225.875473
   24.870872    8.576500    5.810613  225.875366
   25.219913    8.888736    6.459496  225.875122
   25.554832    9.192301    7.093622  225.874939
   25.875616    9.416527    7.710797  225.874649
   26.182272    9.456045    8.310351  225.874420
   26.474783    9.070863    9.070533  225.874084
   26.767309    9.499299    9.499133  225.873306
   27.076534    9.952378    9.952378  225.872330
   27.403423   10.431339   10.431339  225.871445
   27.748983   10.937654   10.937654  225.870575
   28.114279   11.472890   11.472890  225.869812
   28.500429   12.038700   12.038700  225.869141
   28.908636   12.636833   12.636833  225.868546
   29.340160   13.269140   13.269140  225.868195
   29.796328   13.937571   13.937571  225.868011
   30.278545   14.644203   14.644203  225.868271
   30.788305   15.391212   15.391212  225.868851
   31.327185   16.180912   16.180912  225.869797
   31.896833   17.015738   17.015738  225.871140
   32.499020   17.898281   17.898281  225.872925
   33.135597   18.831242   18.831242  225.875046
  BLADE PROFILES IN CARTESIAN COORDINATES (2D) BEFORE   PROJECTION, SCALING, MESHING AND STACKING 
  VARIABLES = "X", "YSS", "YPS" 
  BLADE           1  SECTION           3
    0.000000   -0.004434   -0.004434
    0.000062   -0.001605   -0.007003
    0.000249    0.000982   -0.009989
    0.000561    0.003422   -0.013094
    0.000997    0.005864   -0.016269
    0.001557    0.008090   -0.019247
    0.002241    0.010169   -0.021900
    0.003050    0.012313   -0.024420
    0.003982    0.014444   -0.026810
    0.005038    0.016582   -0.029060
    0.006218    0.018737   -0.031197
    0.007520    0.020914   -0.033227
    0.008945    0.023121   -0.035178
    0.010493    0.025342   -0.037081
    0.012162    0.027572   -0.038976
    0.013954    0.029811   -0.040945
    0.015866    0.032021   -0.043001
    0.017899    0.034164   -0.045143
    0.020052    0.036195   -0.047366
    0.022325    0.038087   -0.049667
    0.024716    0.039821   -0.052041
    0.027226    0.041393   -0.054484
    0.029854    0.042851   -0.056991
    0.032600    0.044295   -0.059558
    0.035461    0.045769   -0.062181
    0.038439    0.047272   -0.064861
    0.041531    0.048797   -0.067604
    0.044738    0.050364   -0.070367
    0.048058    0.051961   -0.073167
    0.051491    0.053587   -0.075995
    0.055036    0.055243   -0.078851
    0.058691    0.056926   -0.081731
    0.062456    0.058637   -0.084629
    0.066331    0.060375   -0.087541
    0.070314    0.062140   -0.090463
    0.074403    0.063928   -0.093390
    0.078599    0.065736   -0.096317
    0.082900    0.067579   -0.099246
    0.087305    0.069448   -0.102194
    0.091812    0.071342   -0.105089
    0.096421    0.073263   -0.107959
    0.101131    0.075209   -0.110806
    0.105941    0.077178   -0.113625
    0.110848    0.079168   -0.116411
    0.115853    0.081190   -0.119160
    0.120953    0.083239   -0.121877
    0.126148    0.085313   -0.124579
    0.131435    0.087413   -0.127179
    0.136815    0.089534   -0.129717
    0.142285    0.091687   -0.132195
    0.147845    0.093867   -0.134608
    0.153492    0.096074   -0.136954
    0.159225    0.098307   -0.139236
    0.165044    0.100567   -0.141479
    0.170946    0.102857   -0.143571
    0.176930    0.105175   -0.145577
    0.182994    0.107522   -0.147494
    0.189138    0.109897   -0.149337
    0.195358    0.112303   -0.151109
    0.201655    0.114738   -0.152730
    0.208026    0.117205   -0.154221
    0.214470    0.119702   -0.155605
    0.220986    0.122229   -0.156878
    0.227570    0.124789   -0.158052
    0.234223    0.127383   -0.159146
    0.240941    0.130007   -0.160036
    0.247725    0.132664   -0.160793
    0.254571    0.135359   -0.161423
    0.261478    0.138083   -0.161943
    0.268445    0.140841   -0.162362
    0.275470    0.143635   -0.162572
    0.282550    0.146469   -0.162622
    0.289685    0.149332   -0.162530
    0.296872    0.152230   -0.162293
    0.304110    0.155174   -0.161923
    0.311396    0.158146   -0.161447
    0.318730    0.161154   -0.160724
    0.326109    0.164198   -0.159845
    0.333531    0.167291   -0.158812
    0.340994    0.170412   -0.157640
    0.348497    0.173570   -0.156350
    0.356038    0.176764   -0.154814
    0.363615    0.180002   -0.153101
    0.371226    0.183284   -0.151223
    0.378869    0.186596   -0.149181
    0.386542    0.189944   -0.146992
    0.394243    0.193331   -0.144681
    0.401971    0.196760   -0.142115
    0.409723    0.200237   -0.139367
    0.417498    0.203741   -0.136451
    0.425293    0.207283   -0.133365
    0.433107    0.210862   -0.130136
    0.440937    0.214479   -0.126767
    0.448783    0.218133   -0.123171
    0.456641    0.221827   -0.119387
    0.464509    0.225561   -0.115424
    0.472387    0.229342   -0.111292
    0.480272    0.233146   -0.106993
    0.488161    0.236985   -0.102527
    0.496053    0.240860   -0.097895
    0.503947    0.244770   -0.093119
    0.511839    0.248714   -0.088219
    0.519729    0.252692   -0.083095
    0.527613    0.256703   -0.077808
    0.535491    0.260746   -0.072350
    0.543360    0.264821   -0.066735
    0.551217    0.268927   -0.060967
    0.559063    0.273063   -0.055047
    0.566893    0.277228   -0.048978
    0.574707    0.281421   -0.042763
    0.582502    0.285642   -0.036404
    0.590277    0.289889   -0.029904
    0.598029    0.294161   -0.023267
    0.605757    0.298457   -0.016495
    0.613458    0.302776   -0.009593
    0.621131    0.307117   -0.002563
    0.628774    0.311478    0.004591
    0.636385    0.315858    0.011864
    0.643962    0.320256    0.019254
    0.651503    0.324670    0.026755
    0.659006    0.329100    0.034363
    0.666469    0.333543    0.042075
    0.673891    0.337997    0.049886
    0.681270    0.342463    0.057790
    0.688604    0.346937    0.065784
    0.695890    0.351418    0.073863
    0.703128    0.355905    0.082021
    0.710315    0.360395    0.090254
    0.717450    0.364888    0.098557
    0.724530    0.369382    0.106924
    0.731555    0.373868    0.115350
    0.738522    0.378345    0.123831
    0.745429    0.382829    0.132360
    0.752275    0.387306    0.140932
    0.759059    0.391774    0.149542
    0.765777    0.396232    0.158184
    0.772430    0.400678    0.166859
    0.779015    0.405111    0.175555
    0.785530    0.409527    0.184265
    0.791974    0.413925    0.192986
    0.798345    0.418303    0.201709
    0.804642    0.422658    0.210451
    0.810863    0.426988    0.219192
    0.817006    0.431292    0.227891
    0.823070    0.435562    0.236569
    0.829054    0.439799    0.245223
    0.834956    0.444012    0.253845
    0.840775    0.448190    0.262430
    0.846508    0.452331    0.270971
    0.852155    0.456433    0.279468
    0.857715    0.460495    0.287912
    0.863185    0.464515    0.296294
    0.868565    0.468491    0.304611
    0.873852    0.472420    0.312854
    0.879047    0.476299    0.321020
    0.884147    0.480128    0.329120
    0.889152    0.483904    0.337126
    0.894059    0.487624    0.345023
    0.898869    0.491283    0.352819
    0.903579    0.494885    0.360510
    0.908188    0.498430    0.368089
    0.912695    0.501912    0.375556
    0.917100    0.505329    0.382900
    0.921401    0.508680    0.390117
    0.925597    0.511963    0.397201
    0.929686    0.515175    0.404148
    0.933669    0.518316    0.410953
    0.937544    0.521384    0.417611
    0.941309    0.524376    0.424116
    0.944965    0.527291    0.430465
    0.948509    0.530127    0.436653
    0.951942    0.532883    0.442675
    0.955262    0.535557    0.448527
    0.958469    0.538148    0.454205
    0.961561    0.540657    0.459705
    0.964539    0.543077    0.465032
    0.967400    0.545409    0.470154
    0.970146    0.547568    0.475096
    0.972774    0.549204    0.479844
    0.975284    0.550340    0.484396
    0.977675    0.551119    0.488746
    0.979948    0.551643    0.492894
    0.982101    0.551955    0.496834
    0.984134    0.552081    0.500565
    0.986046    0.552040    0.504084
    0.987838    0.551833    0.507388
    0.989507    0.551475    0.510473
    0.991055    0.550971    0.513341
    0.992480    0.550324    0.515986
    0.993782    0.549572    0.518408
    0.994962    0.548663    0.520605
    0.996018    0.547561    0.522575
    0.996950    0.546384    0.524316
    0.997759    0.545093    0.525902
    0.998443    0.543703    0.527301
    0.999003    0.542234    0.528938
    0.999439    0.540725    0.530535
    0.999751    0.539063    0.532055
    0.999938    0.537340    0.533856
    1.000000    0.536656    0.536656
  BLADE PROFILES IN CARTESIAN COORDINATES (3D) 
  VARIABLES = "X", "YSS", "YPS" "R" 
  BLADE           1  SECTION           3
  -14.714522   -3.065983   -3.065983  239.201233
  -13.100682   -3.481637   -3.481637  239.234909
  -11.661981   -3.852395   -3.852395  239.271988
  -10.379454   -4.183113   -4.183113  239.310989
   -9.236176   -4.478117   -4.478117  239.350647
   -8.217035   -4.741264   -4.741264  239.390137
   -7.308556   -4.975992   -4.975992  239.428635
   -6.498720   -5.185365   -5.185365  239.465698
   -5.776810   -5.372119   -5.372119  239.501022
   -5.133276   -5.538694   -5.538694  239.534286
   -4.559603   -5.687269   -5.687269  239.565414
   -4.048198   -5.819781   -5.819781  239.594406
   -3.592299   -5.937966   -5.937966  239.621155
   -3.185878   -6.043372   -6.043372  239.645798
   -2.823558   -6.137376   -6.137376  239.668365
   -2.500553   -6.221211   -6.221211  239.689011
   -2.212594   -6.295975   -6.295975  239.707794
   -1.955871   -6.362648   -6.362648  239.724899
   -1.726999   -6.422104   -6.422104  239.740387
   -1.522953   -6.475126   -6.475126  239.754364
   -1.341037   -6.522405   -6.522405  239.767014
   -1.178853   -6.564566   -6.564566  239.778427
   -1.034256   -6.602161   -6.602161  239.788727
   -0.905341   -6.635684   -6.635684  239.797974
   -0.790406   -6.665577   -6.665577  239.806274
   -0.687933   -6.692233   -6.692233  239.813721
   -0.586115   -6.134400   -7.251382  239.821213
   -0.479667   -5.934824   -7.452274  239.832733
   -0.368164   -5.771173   -7.594533  239.847061
   -0.251177   -5.627220   -7.723934  239.862228
   -0.128280   -5.503548   -7.853767  239.878326
    0.000948   -5.402852   -7.984900  239.895370
    0.136938   -5.322092   -8.117708  239.913437
    0.280112   -5.246995   -8.252410  239.932663
    0.430896   -5.170943   -8.389694  239.953079
    0.589712   -5.093083   -8.528748  239.974823
    0.756989   -5.013179   -8.669317  239.997910
    0.933147   -4.931151   -8.811612  240.022461
    1.118612   -4.846796   -8.955494  240.048660
    1.313805   -4.759978   -9.100683  240.076492
    1.519051   -4.670805   -9.246767  240.106033
    1.734400   -4.578611   -9.394196  240.137375
    1.960347   -4.483482   -9.540005  240.170715
    2.197453   -4.385176   -9.684907  240.206039
    2.446331   -4.283605   -9.828609  240.243591
    2.707669   -4.177953   -9.971138  240.283432
    2.982209   -4.068152  -10.111166  240.325836
    3.270606   -3.953909  -10.246406  240.370804
    3.573404   -3.834663  -10.377300  240.418671
    3.891612   -3.710116  -10.504414  240.469543
    4.226359   -3.579466  -10.622202  240.523712
    4.578898   -3.442149  -10.732795  240.581360
    4.950607   -3.297320  -10.834184  240.642868
    5.342985   -3.144105  -10.921662  240.708633
    5.760778   -2.980274  -10.998007  240.779434
    6.209999   -2.803057  -11.055697  240.856323
    6.691132   -2.611501  -11.094555  240.939636
    7.203802   -2.405043  -11.106104  241.029266
    7.746763   -2.183381  -11.087679  241.125168
    8.317928   -1.946651  -11.035058  241.226974
    8.914336   -1.694500  -10.943970  241.334091
    9.526333   -1.430461  -10.809498  241.444626
   10.144148   -1.158124  -10.636472  241.556839
   10.764472   -0.877848  -10.421869  241.669907
   11.384610   -0.591323  -10.169277  241.783081
   12.002490   -0.298711   -9.879267  241.895920
   12.616650    0.000000   -9.551455  242.007828
   13.226245    0.303501   -9.190219  242.118530
   13.835408    0.614473   -8.794742  242.228775
   14.446907    0.934604   -8.358639  242.338501
   15.060280    1.263957   -7.885041  242.447906
   15.674726    1.602371   -7.374545  242.556335
   16.289152    1.949451   -6.828108  242.663528
   16.902174    2.304543   -6.247272  242.769028
   17.512083    2.666697   -5.634252  242.872513
   18.113426    3.032565   -4.995700  242.972763
   18.702862    3.399758   -4.337136  243.069138
   19.278776    3.766829   -3.662639  243.161499
   19.839869    4.131905   -2.976173  243.249512
   20.385147    4.494802   -2.281496  243.333130
   20.913925    4.854028   -1.581664  243.412201
   21.425814    5.208665   -0.879980  243.486893
   21.922701    5.559353   -0.174998  243.557327
   22.405043    5.905517    0.529055  243.623856
   22.872854    6.247427    1.231757  243.686432
   23.326097    6.584219    1.931480  243.745224
   23.764778    6.915390    2.626239  243.800385
   24.188877    7.240284    3.314214  243.851913
   24.598387    7.558480    3.992956  243.900024
   24.993288    7.869694    4.661561  243.944763
   25.373560    8.173326    5.318209  243.986328
   25.739197    8.468901    5.961402  244.024826
   26.090185    8.756208    6.589945  244.060349
   26.426498    8.960559    7.201857  244.093124
   26.748133    8.976388    7.796251  244.123245
   27.055065    8.557814    8.557467  244.150803
   27.362783    8.975929    8.975758  244.173477
   27.688084    9.418148    9.418148  244.193817
   28.031952    9.885666    9.885666  244.215515
   28.395456   10.379942   10.379942  244.238586
   28.779705   10.902504   10.902504  244.263184
   29.185881   11.454992   11.454992  244.289581
   29.615225   12.039112   12.039112  244.317825
   30.069057   12.656698   12.656698  244.348236
   30.548742   13.309689   13.309689  244.381165
   31.055742   14.000134   14.000134  244.417328
   31.591623   14.730180   14.730180  244.456467
   32.158024   15.502116   15.502116  244.498993
   32.756668   16.318367   16.318367  244.545135
   33.389385   17.181507   17.181507  244.595398
   34.057102   18.094734   18.094734  244.654785
  BLADE PROFILES IN CARTESIAN COORDINATES (2D) BEFORE   PROJECTION, SCALING, MESHING AND STACKING 
  VARIABLES = "X", "YSS", "YPS" 
  BLADE           2  SECTION           1
    0.000000    0.016338    0.016338
    0.000062    0.019070    0.012215
    0.000249    0.021260    0.008549
    0.000561    0.023514    0.004955
    0.000997    0.025443    0.001464
    0.001557    0.027397   -0.001879
    0.002241    0.029404   -0.004969
    0.003050    0.031293   -0.007801
    0.003982    0.033132   -0.010440
    0.005038    0.035020   -0.012930
    0.006218    0.036960   -0.015183
    0.007520    0.039020   -0.017309
    0.008945    0.041175   -0.019342
    0.010493    0.043442   -0.021329
    0.012162    0.045820   -0.023254
    0.013954    0.048301   -0.025163
    0.015866    0.050878   -0.027034
    0.017899    0.053543   -0.028894
    0.020052    0.056287   -0.030707
    0.022325    0.059112   -0.032497
    0.024716    0.062013   -0.034218
    0.027226    0.064983   -0.035833
    0.029854    0.068036   -0.037346
    0.032600    0.071151   -0.038687
    0.035461    0.074301   -0.039805
    0.038439    0.077501   -0.040692
    0.041531    0.080745   -0.041407
    0.044738    0.084030   -0.042040
    0.048058    0.087351   -0.042648
    0.051491    0.090694   -0.043233
    0.055036    0.094063   -0.043795
    0.058691    0.097453   -0.044332
    0.062456    0.100859   -0.044865
    0.066331    0.104276   -0.045380
    0.070314    0.107701   -0.045879
    0.074403    0.111144   -0.046361
    0.078599    0.114598   -0.046827
    0.082900    0.118015   -0.047278
    0.087305    0.121421   -0.047712
    0.091812    0.124807   -0.048132
    0.096421    0.128162   -0.048548
    0.101131    0.131491   -0.048955
    0.105941    0.134790   -0.049353
    0.110848    0.138055   -0.049745
    0.115853    0.141280   -0.050128
    0.120953    0.144474   -0.050505
    0.126148    0.147652   -0.050885
    0.131435    0.150729   -0.051264
    0.136815    0.153735   -0.051643
    0.142285    0.156681   -0.052025
    0.147845    0.159561   -0.052411
    0.153492    0.162373   -0.052803
    0.159225    0.165125   -0.053204
    0.165044    0.167837   -0.053614
    0.170946    0.170399   -0.054036
    0.176930    0.172870   -0.054475
    0.182994    0.175252   -0.054926
    0.189138    0.177542   -0.055393
    0.195358    0.179750   -0.055880
    0.201655    0.181901   -0.056397
    0.208026    0.183862   -0.056929
    0.214470    0.185716   -0.057484
    0.220986    0.187461   -0.058069
    0.227570    0.189113   -0.058692
    0.234223    0.190683   -0.059335
    0.240941    0.192060   -0.060010
    0.247725    0.193299   -0.060735
    0.254571    0.194413   -0.061483
    0.261478    0.195424   -0.062266
    0.268445    0.196334   -0.063111
    0.275470    0.197042   -0.063979
    0.282550    0.197590   -0.064889
    0.289685    0.198002   -0.065867
    0.296872    0.198299   -0.066873
    0.304110    0.198482   -0.067925
    0.311396    0.198453   -0.069033
    0.318730    0.198250   -0.070211
    0.326109    0.197899   -0.071420
    0.333531    0.197399   -0.072687
    0.340994    0.196760   -0.074035
    0.348497    0.196012   -0.075417
    0.356038    0.195012   -0.076855
    0.363615    0.193854   -0.078385
    0.371226    0.192539   -0.079951
    0.378869    0.191085   -0.081578
    0.386542    0.189515   -0.083266
    0.394243    0.187693   -0.085030
    0.401971    0.185699   -0.086881
    0.409723    0.183545   -0.088771
    0.417498    0.181228   -0.090728
    0.425293    0.178766   -0.092753
    0.433107    0.176188   -0.094857
    0.440937    0.173360   -0.097054
    0.448783    0.170358   -0.099292
    0.456641    0.167193   -0.101600
    0.464509    0.163867   -0.103978
    0.472387    0.160379   -0.106427
    0.480272    0.156747   -0.108947
    0.488161    0.153000   -0.111547
    0.496053    0.149023   -0.114246
    0.503947    0.144870   -0.116985
    0.511839    0.140561   -0.119795
    0.519729    0.136096   -0.122675
    0.527613    0.131478   -0.125626
    0.535491    0.126708   -0.128646
    0.543360    0.121786   -0.131737
    0.551217    0.116717   -0.134896
    0.559063    0.111500   -0.138123
    0.566893    0.106151   -0.141419
    0.574707    0.100714   -0.144781
    0.582502    0.095071   -0.148208
    0.590277    0.089288   -0.151701
    0.598029    0.083368   -0.155257
    0.605757    0.077318   -0.158875
    0.613458    0.071142   -0.162555
    0.621131    0.064843   -0.166294
    0.628774    0.058424   -0.170092
    0.636385    0.051889   -0.173946
    0.643962    0.045242   -0.177855
    0.651503    0.038486   -0.181818
    0.659006    0.031626   -0.185831
    0.666469    0.024665   -0.189895
    0.673891    0.017608   -0.194006
    0.681270    0.010458   -0.198163
    0.688604    0.003221   -0.202363
    0.695890   -0.004099   -0.206605
    0.703128   -0.011498   -0.210885
    0.710315   -0.018971   -0.215203
    0.717450   -0.026513   -0.219555
    0.724530   -0.034119   -0.223939
    0.731555   -0.041785   -0.228348
    0.738522   -0.049505   -0.232763
    0.745429   -0.057276   -0.237229
    0.752275   -0.065094   -0.241718
    0.759059   -0.072957   -0.246230
    0.765777   -0.080898   -0.250758
    0.772430   -0.088817   -0.255301
    0.779015   -0.096760   -0.259854
    0.785530   -0.104721   -0.264416
    0.791974   -0.112694   -0.268983
    0.798345   -0.120675   -0.273553
    0.804642   -0.128658   -0.278122
    0.810863   -0.136636   -0.282689
    0.817006   -0.144606   -0.287249
    0.823070   -0.152561   -0.291799
    0.829054   -0.160496   -0.296334
    0.834956   -0.168405   -0.300838
    0.840775   -0.176283   -0.305344
    0.846508   -0.184124   -0.309830
    0.852155   -0.191923   -0.314294
    0.857715   -0.199677   -0.318731
    0.863185   -0.207382   -0.323137
    0.868565   -0.215056   -0.327510
    0.873852   -0.222635   -0.331846
    0.879047   -0.230143   -0.336143
    0.884147   -0.237577   -0.340398
    0.889152   -0.244930   -0.344607
    0.894059   -0.252199   -0.348767
    0.898869   -0.259376   -0.352876
    0.903579   -0.266458   -0.356931
    0.908188   -0.273438   -0.360926
    0.912695   -0.280313   -0.364853
    0.917100   -0.287077   -0.368729
    0.921401   -0.293726   -0.372538
    0.925597   -0.300253   -0.376280
    0.929686   -0.306656   -0.379951
    0.933669   -0.312929   -0.383548
    0.937544   -0.319069   -0.387069
    0.941309   -0.325069   -0.390510
    0.944965   -0.330928   -0.393870
    0.948509   -0.336648   -0.397145
    0.951942   -0.342204   -0.400334
    0.955262   -0.347603   -0.403433
    0.958469   -0.352843   -0.406441
    0.961561   -0.357918   -0.409356
    0.964539   -0.362826   -0.412174
    0.967400   -0.367562   -0.414894
    0.970146   -0.372124   -0.417515
    0.972774   -0.376507   -0.420033
    0.975284   -0.380709   -0.422448
    0.977675   -0.384726   -0.424757
    0.979948   -0.388555   -0.426942
    0.982101   -0.392194   -0.428866
    0.984134   -0.395640   -0.430421
    0.986046   -0.398889   -0.431695
    0.987838   -0.401939   -0.432739
    0.989507   -0.404791   -0.433585
    0.991055   -0.407440   -0.434254
    0.992480   -0.409885   -0.434754
    0.993782   -0.412123   -0.435094
    0.994962   -0.414154   -0.435277
    0.996018   -0.416032   -0.435303
    0.996950   -0.417852   -0.435169
    0.997759   -0.419683   -0.434912
    0.998443   -0.421510   -0.434461
    0.999003   -0.423330   -0.433794
    0.999439   -0.425096   -0.433001
    0.999751   -0.426774   -0.432032
    0.999938   -0.428354   -0.430853
    1.000000   -0.430051   -0.430051
  BLADE PROFILES IN CARTESIAN COORDINATES (3D) 
  VARIABLES = "X", "YSS", "YPS" "R" 
  BLADE           2  SECTION           1
   22.496456  -11.200032  -11.200032  207.973083
   23.651705  -10.611631  -10.611631  207.825684
   24.688948  -10.085091  -10.085091  207.706573
   25.620203   -9.613808   -9.613808  207.611084
   26.457434   -9.192377   -9.192377  207.545975
   27.208845   -8.814948   -8.814948  207.494568
   27.882572   -8.476649   -8.476649  207.448715
   28.486616   -8.173409   -8.173409  207.407593
   29.028179   -7.901584   -7.901584  207.370621
   29.513681   -7.657899   -7.657899  207.336960
   29.948931   -7.439443   -7.439443  207.306473
   30.339142   -7.243606   -7.243606  207.278946
   30.688974   -7.068044   -7.068044  207.254089
   31.002613   -6.910656   -6.910656  207.231735
   31.283789   -6.769558   -6.769558  207.211517
   31.535875   -6.643067   -6.643067  207.193268
   31.761877   -6.529665   -6.529665  207.176865
   31.964493   -6.428000   -6.428000  207.162079
   32.146145   -6.336856   -6.336856  207.148788
   32.308998   -6.255144   -6.255144  207.136780
   32.455002   -6.181887   -6.181887  207.126007
   32.600719   -5.363752   -7.048384  207.112946
   32.753071   -5.105688   -7.354840  207.099030
   32.912636   -4.868895   -7.564442  207.084229
   33.080029   -4.637237   -7.738958  207.068436
   33.255863   -4.408274   -7.893992  207.051468
   33.440739   -4.179841   -8.033240  207.033371
   33.635277   -3.949951   -8.152352  207.013977
   33.840061   -3.718372   -8.245275  206.993134
   34.055706   -3.485843   -8.306966  206.970779
   34.282814   -3.251150   -8.352205  206.946686
   34.521992   -3.014665   -8.393592  206.920929
   34.773838   -2.776281   -8.431844  206.893097
   35.038960   -2.536024   -8.468553  206.863220
   35.317947   -2.293983   -8.503299  206.831100
   35.611259   -2.049421   -8.536167  206.796555
   35.918964   -1.806451   -8.567219  206.759537
   36.241764   -1.564402   -8.596885  206.719833
   36.580441   -1.323760   -8.625925  206.677246
   36.935875   -1.084777   -8.654263  206.631393
   37.309052   -0.847176   -8.682127  206.582245
   37.700989   -0.612760   -8.710492  206.529404
   38.112625   -0.385208   -8.739512  206.472565
   38.544750   -0.163414   -8.769773  206.411560
   38.998772    0.053869   -8.801964  206.345947
   39.476280    0.258417   -8.837000  206.275360
   39.979057    0.452491   -8.875468  206.199188
   40.509048    0.637027   -8.918917  206.117065
   41.068367    0.801355   -8.967854  206.028427
   41.663754    0.951974   -9.025071  205.931839
   42.303772    1.078807   -9.092614  205.825592
   42.989067    1.181416   -9.172372  205.709305
   43.719048    1.248060   -9.266884  205.582565
   44.491940    1.277849   -9.378704  205.445374
   45.304703    1.256610   -9.510396  205.298050
   46.153111    1.186665   -9.663902  205.140961
   47.023403    1.057319   -9.839249  204.976974
   47.901695    0.876654  -10.034154  204.808517
   48.783260    0.635571  -10.251261  204.637009
   49.664295    0.346280  -10.488272  204.463226
   50.541843    0.000000  -10.745901  204.288223
   51.413864   -0.393677  -11.022346  204.112793
   52.279171   -0.832750  -11.320228  203.937332
   53.143631   -1.324342  -11.638092  203.761032
   54.011177   -1.866352  -11.979433  203.583450
   54.881157   -2.457772  -12.344546  203.404968
   55.752445   -3.097974  -12.733455  203.226044
   56.623520   -3.789350  -13.145812  203.047424
   57.492393   -4.526790  -13.580819  202.869644
   58.356663   -5.307423  -14.037207  202.693512
   59.208637   -6.122668  -14.510405  202.521027
   60.043571   -6.965349  -14.996726  202.353149
   60.859219   -7.830097  -15.493545  202.190567
   61.653732   -8.711686  -15.996896  202.033905
   62.425755   -9.606195  -16.507404  201.883331
   63.174309  -10.508986  -17.021204  201.739136
   63.898853  -11.413497  -17.536116  201.601501
   64.602074  -12.321492  -18.052460  201.469849
   65.284645  -13.231093  -18.568628  201.344040
   65.946564  -14.139655  -19.084728  201.223999
   66.587837  -15.045827  -19.599176  201.109787
   67.208450  -15.945573  -20.110182  201.001190
   67.808403  -16.836365  -20.616503  200.898163
   68.387657  -17.716463  -21.116430  200.800629
   68.946220  -18.583710  -21.609810  200.708450
   69.484055  -19.436153  -22.095148  200.621475
   70.001175  -20.272226  -22.571081  200.539581
   70.497551  -21.088697  -23.036530  200.462662
   70.973145  -21.884407  -23.490463  200.390503
   71.427971  -22.657457  -23.833250  200.323013
   71.861992  -23.693748  -23.694096  200.259979
   72.299644  -24.289337  -24.289513  200.224655
   72.772186  -24.932100  -24.932100  200.187271
   73.282402  -25.625975  -25.625975  200.147873
   73.833305  -26.375034  -26.375034  200.106369
   74.428154  -27.183664  -27.183664  200.062836
   75.070442  -28.056622  -28.056622  200.017258
   75.763962  -28.999023  -28.999023  199.969666
   76.512810  -30.016422  -30.016422  199.920151
   77.321434  -31.114796  -31.114796  199.868851
   78.194550  -32.300621  -32.300621  199.815994
   79.137352  -33.580879  -33.580879  199.761719
   80.155388  -34.963146  -34.963146  199.706390
   81.254684  -36.455589  -36.455589  199.650375
   82.441704  -38.067066  -38.067066  199.594070
   83.723457  -39.807144  -39.807144  199.538101
   85.107491  -41.686192  -41.686192  199.483063
   86.601936  -43.715416  -43.715416  199.429749
   88.215584  -45.906998  -45.906998  199.379044
   89.957886  -48.274067  -48.274067  199.331940
   91.839043  -50.830921  -50.830921  199.289612
  BLADE PROFILES IN CARTESIAN COORDINATES (2D) BEFORE   PROJECTION, SCALING, MESHING AND STACKING 
  VARIABLES = "X", "YSS", "YPS" 
  BLADE           2  SECTION           2
    0.000000    0.007059    0.007059
    0.000062    0.010759    0.002438
    0.000249    0.015309   -0.001461
    0.000561    0.019423   -0.004933
    0.000997    0.022464   -0.007907
    0.001557    0.025205   -0.010748
    0.002241    0.027808   -0.013299
    0.003050    0.030324   -0.015615
    0.003982    0.032731   -0.017952
    0.005038    0.035035   -0.020271
    0.006218    0.037225   -0.022576
    0.007520    0.039256   -0.024909
    0.008945    0.041267   -0.027260
    0.010493    0.043311   -0.029659
    0.012162    0.045425   -0.032094
    0.013954    0.047619   -0.034527
    0.015866    0.049877   -0.036988
    0.017899    0.052199   -0.039428
    0.020052    0.054585   -0.041778
    0.022325    0.057048   -0.043966
    0.024716    0.059561   -0.045987
    0.027226    0.062102   -0.047790
    0.029854    0.064684   -0.049359
    0.032600    0.067303   -0.050815
    0.035461    0.069951   -0.052249
    0.038439    0.072617   -0.053687
    0.041531    0.075306   -0.055148
    0.044738    0.078013   -0.056615
    0.048058    0.080732   -0.058087
    0.051491    0.083477   -0.059561
    0.055036    0.086234   -0.061038
    0.058691    0.088965   -0.062514
    0.062456    0.091691   -0.063988
    0.066331    0.094401   -0.065481
    0.070314    0.097089   -0.066979
    0.074403    0.099759   -0.068482
    0.078599    0.102404   -0.069987
    0.082900    0.105023   -0.071493
    0.087305    0.107624   -0.072999
    0.091812    0.110211   -0.074523
    0.096421    0.112723   -0.076055
    0.101131    0.115172   -0.077595
    0.105941    0.117571   -0.079140
    0.110848    0.119917   -0.080687
    0.115853    0.122206   -0.082255
    0.120953    0.124449   -0.083835
    0.126148    0.126654   -0.085427
    0.131435    0.128742   -0.087029
    0.136815    0.130739   -0.088643
    0.142285    0.132660   -0.090278
    0.147845    0.134500   -0.091930
    0.153492    0.136274   -0.093599
    0.159225    0.137986   -0.095286
    0.165044    0.139554   -0.096996
    0.170946    0.141007   -0.098727
    0.176930    0.142361   -0.100482
    0.182994    0.143613   -0.102262
    0.189138    0.144775   -0.104068
    0.195358    0.145863   -0.105900
    0.201655    0.146768   -0.107763
    0.208026    0.147546   -0.109658
    0.214470    0.148206   -0.111581
    0.220986    0.148745   -0.113536
    0.227570    0.149171   -0.115534
    0.234223    0.149511   -0.117561
    0.240941    0.149635   -0.119624
    0.247725    0.149626   -0.121725
    0.254571    0.149481   -0.123878
    0.261478    0.149217   -0.126061
    0.268445    0.148850   -0.128285
    0.275470    0.148266   -0.130555
    0.282550    0.147521   -0.132883
    0.289685    0.146629   -0.135244
    0.296872    0.145589   -0.137652
    0.304110    0.144415   -0.140107
    0.311396    0.143132   -0.142632
    0.318730    0.141610   -0.145192
    0.326109    0.139922   -0.147802
    0.333531    0.138078   -0.150465
    0.340994    0.136075   -0.153180
    0.348497    0.133932   -0.155956
    0.356038    0.131666   -0.158804
    0.363615    0.129172   -0.161691
    0.371226    0.126493   -0.164633
    0.378869    0.123650   -0.167634
    0.386542    0.120644   -0.170692
    0.394243    0.117473   -0.173810
    0.401971    0.114137   -0.176991
    0.409723    0.110649   -0.180256
    0.417498    0.107047   -0.183558
    0.425293    0.103203   -0.186921
    0.433107    0.099184   -0.190345
    0.440937    0.095000   -0.193831
    0.448783    0.090653   -0.197378
    0.456641    0.086143   -0.200987
    0.464509    0.081470   -0.204657
    0.472387    0.076636   -0.208389
    0.480272    0.071641   -0.212183
    0.488161    0.066488   -0.216038
    0.496053    0.061189   -0.219955
    0.503947    0.055787   -0.223932
    0.511839    0.050164   -0.227969
    0.519729    0.044389   -0.232066
    0.527613    0.038455   -0.236222
    0.535491    0.032374   -0.240437
    0.543360    0.026148   -0.244709
    0.551217    0.019780   -0.249038
    0.559063    0.013271   -0.253423
    0.566893    0.006625   -0.257863
    0.574707   -0.000155   -0.262357
    0.582502   -0.007067   -0.266904
    0.590277   -0.014106   -0.271501
    0.598029   -0.021271   -0.276149
    0.605757   -0.028557   -0.280846
    0.613458   -0.035961   -0.285590
    0.621131   -0.043479   -0.290379
    0.628774   -0.051108   -0.295212
    0.636385   -0.058843   -0.300088
    0.643962   -0.066680   -0.305004
    0.651503   -0.074616   -0.309959
    0.659006   -0.082646   -0.314951
    0.666469   -0.090765   -0.319977
    0.673891   -0.098970   -0.325031
    0.681270   -0.107256   -0.330097
    0.688604   -0.115622   -0.335216
    0.695890   -0.124066   -0.340363
    0.703128   -0.132626   -0.345537
    0.710315   -0.141191   -0.350733
    0.717450   -0.149814   -0.355949
    0.724530   -0.158488   -0.361182
    0.731555   -0.167208   -0.366430
    0.738522   -0.175970   -0.371691
    0.745429   -0.184769   -0.376961
    0.752275   -0.193599   -0.382238
    0.759059   -0.202454   -0.387519
    0.765777   -0.211330   -0.392803
    0.772430   -0.220221   -0.398080
    0.779015   -0.229121   -0.403339
    0.785530   -0.238025   -0.408612
    0.791974   -0.246928   -0.413879
    0.798345   -0.255826   -0.419135
    0.804642   -0.264719   -0.424377
    0.810863   -0.273631   -0.429601
    0.817006   -0.282476   -0.434804
    0.823070   -0.291293   -0.439984
    0.829054   -0.300075   -0.445137
    0.834956   -0.308816   -0.450262
    0.840775   -0.317511   -0.455354
    0.846508   -0.326154   -0.460411
    0.852155   -0.334740   -0.465426
    0.857715   -0.343263   -0.470390
    0.863185   -0.351718   -0.475325
    0.868565   -0.360099   -0.480213
    0.873852   -0.368401   -0.485055
    0.879047   -0.376621   -0.489843
    0.884147   -0.384755   -0.494576
    0.889152   -0.392815   -0.499251
    0.894059   -0.400748   -0.503864
    0.898869   -0.408575   -0.508413
    0.903579   -0.416291   -0.512895
    0.908188   -0.423890   -0.517307
    0.912695   -0.431368   -0.521647
    0.917100   -0.438719   -0.525911
    0.921401   -0.445938   -0.530098
    0.925597   -0.453022   -0.534204
    0.929686   -0.459964   -0.538226
    0.933669   -0.466761   -0.542155
    0.937544   -0.473408   -0.546005
    0.941309   -0.479900   -0.549764
    0.944965   -0.486233   -0.553430
    0.948509   -0.492404   -0.557001
    0.951942   -0.498406   -0.560474
    0.955262   -0.504237   -0.563846
    0.958469   -0.509893   -0.567117
    0.961561   -0.515371   -0.570283
    0.964539   -0.520670   -0.573342
    0.967400   -0.525774   -0.576293
    0.970146   -0.530687   -0.579133
    0.972774   -0.535407   -0.581861
    0.975284   -0.539929   -0.584474
    0.977675   -0.544251   -0.586972
    0.979948   -0.548368   -0.589314
    0.982101   -0.552277   -0.591323
    0.984134   -0.555982   -0.592961
    0.986046   -0.559474   -0.594312
    0.987838   -0.562753   -0.595428
    0.989507   -0.565816   -0.596338
    0.991055   -0.568661   -0.597059
    0.992480   -0.571285   -0.597603
    0.993782   -0.573688   -0.597976
    0.994962   -0.575866   -0.598181
    0.996018   -0.577865   -0.598216
    0.996950   -0.579751   -0.598082
    0.997759   -0.581651   -0.597833
    0.998443   -0.583610   -0.597366
    0.999003   -0.585527   -0.596634
    0.999439   -0.587376   -0.595797
    0.999751   -0.589132   -0.594783
    0.999938   -0.590776   -0.593591
    1.000000   -0.592957   -0.592957
  BLADE PROFILES IN CARTESIAN COORDINATES (3D) 
  VARIABLES = "X", "YSS", "YPS" "R" 
  BLADE           2  SECTION           2
   23.723242   -5.521384   -5.521384  225.875656
   24.826077   -5.220903   -5.220903  225.875381
   25.814835   -4.951499   -4.951499  225.874680
   26.701319   -4.709953   -4.709953  225.873520
   27.496096   -4.493366   -4.493366  225.871201
   28.208658   -4.299193   -4.299193  225.869614
   28.847511   -4.125117   -4.125117  225.868622
   29.420279   -3.969054   -3.969054  225.868149
   29.933800   -3.829141   -3.829141  225.868057
   30.394196   -3.703709   -3.703709  225.868347
   30.806967   -3.591256   -3.591256  225.868912
   31.177040   -3.490437   -3.490437  225.869522
   31.508833   -3.400049   -3.400049  225.870193
   31.806305   -3.319012   -3.319012  225.870911
   32.072998   -3.246359   -3.246359  225.871613
   32.312115   -3.181222   -3.181222  225.872330
   32.526489   -3.122824   -3.122824  225.873001
   32.718689   -3.070467   -3.070467  225.873642
   32.891003   -3.023525   -3.023525  225.874222
   33.045498   -2.981441   -2.981441  225.874817
   33.184010   -2.943710   -2.943710  225.875137
   33.322525   -2.021941   -3.881128  225.875336
   33.467350   -1.747254   -4.171463  225.875534
   33.619061   -1.543520   -4.409480  225.875763
   33.778267   -1.350642   -4.623025  225.875977
   33.945515   -1.162387   -4.814757  225.876175
   34.121410   -0.974877   -4.972887  225.876434
   34.306538   -0.790175   -5.094846  225.876617
   34.501461   -0.606247   -5.196172  225.876831
   34.706764   -0.423328   -5.295044  225.877014
   34.923042   -0.240742   -5.394074  225.877274
   35.150875   -0.057537   -5.492677  225.877487
   35.390831    0.125268   -5.591032  225.877655
   35.643501    0.306413   -5.689606  225.877823
   35.909473    0.485739   -5.789566  225.878006
   36.189178    0.663284   -5.890380  225.878159
   36.482712    0.838825   -5.991733  225.878281
   36.790737    1.012230   -6.095231  225.878448
   37.114021    1.179287   -6.200617  225.878510
   37.453423    1.341609   -6.307874  225.878601
   37.809872    1.499586   -6.418522  225.878632
   38.184414    1.651083   -6.532404  225.878647
   38.577930    1.792478   -6.650185  225.878601
   38.991161    1.925581   -6.772636  225.878555
   39.425499    2.049062   -6.900347  225.878372
   39.882515    2.157015   -7.034400  225.878174
   40.363895    2.251858   -7.175813  225.877899
   40.871552    2.330478   -7.325778  225.877533
   41.407547    2.387022   -7.485700  225.877136
   41.978378    2.424011   -7.658698  225.876556
   42.592236    2.430837   -7.847979  225.875977
   43.249836    2.407514   -8.055945  225.875214
   43.950653    2.342875   -8.284171  225.874237
   44.693016    2.233971   -8.533313  225.873276
   45.474033    2.076100   -8.806234  225.871979
   46.289688    1.861363   -9.102183  225.870560
   47.126736    1.593666   -9.420288  225.869080
   47.971813    1.269323   -9.755087  225.867462
   48.820351    0.896189  -10.108068  225.865646
   49.668659    0.472422  -10.476223  225.863785
   50.513840    0.000000  -10.859844  225.861908
   51.353901   -0.516735  -11.258319  225.860046
   52.187637   -1.073367  -11.671269  225.858093
   53.020710   -1.677432  -12.101744  225.856094
   53.856846   -2.330398  -12.552180  225.854065
   54.695370   -3.030571  -13.022779  225.851959
   55.535198   -3.777057  -13.513397  225.849930
   56.374821   -4.568305  -14.023499  225.847763
   57.212284   -5.401995  -14.552105  225.845734
   58.045242   -6.274964  -15.097749  225.843704
   58.866264   -7.177893  -15.654382  225.841614
   59.670719   -8.105170  -16.219576  225.839691
   60.456429   -9.048955  -16.790754  225.837799
   61.221645  -10.003710  -17.364744  225.836075
   61.964966  -10.965513  -17.939226  225.834396
   62.685513  -11.929972  -18.511126  225.832825
   63.382759  -12.893312  -19.080914  225.831360
   64.059258  -13.858344  -19.648273  225.829956
   64.715675  -14.819289  -20.212368  225.828674
   65.352028  -15.775602  -20.771996  225.827515
   65.968307  -16.724892  -21.325548  225.826416
   66.564514  -17.665081  -21.873432  225.825394
   67.140648  -18.594965  -22.413597  225.824478
   67.696701  -19.510090  -22.944988  225.823639
   68.232674  -20.409559  -23.466570  225.822922
   68.748589  -21.291471  -23.977077  225.822235
   69.244423  -22.154100  -24.476250  225.821625
   69.720169  -22.995880  -24.962753  225.821136
   70.175850  -23.814190  -25.435757  225.820648
   70.611473  -24.607805  -25.787180  225.820267
   71.027000  -25.668438  -25.668816  225.820175
   71.442543  -26.277630  -26.277819  225.821075
   71.891129  -26.935080  -26.935080  225.822113
   72.375412  -27.644835  -27.644835  225.823166
   72.898209  -28.411060  -28.411060  225.824356
   73.462608  -29.238256  -29.238256  225.825638
   74.071892  -30.131248  -30.131248  225.827026
   74.729668  -31.095301  -31.095301  225.828552
   75.439735  -32.136044  -32.136044  225.830261
   76.206314  -33.259602  -33.259602  225.832062
   77.033875  -34.472546  -34.472546  225.834061
   77.927261  -35.782001  -35.782001  225.836182
   78.891716  -37.195629  -37.195629  225.838516
   79.932899  -38.721737  -38.721737  225.841019
   81.056931  -40.369267  -40.369267  225.843704
   82.270363  -42.147869  -42.147869  225.846542
   83.580315  -44.067978  -44.067978  225.849579
   84.994484  -46.140846  -46.140846  225.852722
   86.521164  -48.378613  -48.378613  225.855988
   88.169281  -50.794399  -50.794399  225.859314
   89.948524  -53.402332  -53.402332  225.862579
  BLADE PROFILES IN CARTESIAN COORDINATES (2D) BEFORE   PROJECTION, SCALING, MESHING AND STACKING 
  VARIABLES = "X", "YSS", "YPS" 
  BLADE           2  SECTION           3
    0.000000   -0.002610   -0.002610
    0.000062    0.001057   -0.004491
    0.000249    0.004303   -0.006831
    0.000561    0.007927   -0.009085
    0.000997    0.011750   -0.011476
    0.001557    0.015380   -0.013923
    0.002241    0.018863   -0.016438
    0.003050    0.022335   -0.019139
    0.003982    0.025769   -0.022048
    0.005038    0.029123   -0.025085
    0.006218    0.032383   -0.028234
    0.007520    0.035513   -0.031446
    0.008945    0.038482   -0.034656
    0.010493    0.041268   -0.037807
    0.012162    0.043864   -0.040837
    0.013954    0.046297   -0.043689
    0.015866    0.048527   -0.046288
    0.017899    0.050647   -0.048603
    0.020052    0.052780   -0.050747
    0.022325    0.054943   -0.052798
    0.024716    0.057133   -0.054866
    0.027226    0.059347   -0.056971
    0.029854    0.061579   -0.059110
    0.032600    0.063824   -0.061282
    0.035461    0.066078   -0.063486
    0.038439    0.068343   -0.065718
    0.041531    0.070639   -0.067949
    0.044738    0.072886   -0.070235
    0.048058    0.075120   -0.072549
    0.051491    0.077340   -0.074889
    0.055036    0.079542   -0.077255
    0.058691    0.081721   -0.079646
    0.062456    0.083874   -0.082061
    0.066331    0.085996   -0.084474
    0.070314    0.088089   -0.086933
    0.074403    0.090180   -0.089416
    0.078599    0.092169   -0.091923
    0.082900    0.094110   -0.094453
    0.087305    0.096000   -0.097007
    0.091812    0.097833   -0.099563
    0.096421    0.099607   -0.102161
    0.101131    0.101327   -0.104783
    0.105941    0.103012   -0.107430
    0.110848    0.104570   -0.110101
    0.115853    0.106044   -0.112781
    0.120953    0.107439   -0.115500
    0.126148    0.108751   -0.118245
    0.131435    0.109976   -0.121017
    0.136815    0.111119   -0.123816
    0.142285    0.112208   -0.126631
    0.147845    0.113127   -0.129484
    0.153492    0.113944   -0.132367
    0.159225    0.114655   -0.135279
    0.165044    0.115258   -0.138216
    0.170946    0.115750   -0.141189
    0.176930    0.116131   -0.144195
    0.182994    0.116430   -0.147234
    0.189138    0.116546   -0.150306
    0.195358    0.116532   -0.153411
    0.201655    0.116391   -0.156554
    0.208026    0.116119   -0.159733
    0.214470    0.115725   -0.162949
    0.220986    0.115242   -0.166203
    0.227570    0.114536   -0.169500
    0.234223    0.113689   -0.172834
    0.240941    0.112698   -0.176210
    0.247725    0.111560   -0.179627
    0.254571    0.110275   -0.183086
    0.261478    0.108848   -0.186588
    0.268445    0.107319   -0.190144
    0.275470    0.105550   -0.193739
    0.282550    0.103624   -0.197379
    0.289685    0.101540   -0.201066
    0.296872    0.099295   -0.204800
    0.304110    0.096889   -0.208582
    0.311396    0.094320   -0.212413
    0.318730    0.091594   -0.216296
    0.326109    0.088760   -0.220242
    0.333531    0.085673   -0.224226
    0.340994    0.082418   -0.228263
    0.348497    0.078995   -0.232351
    0.356038    0.075403   -0.236491
    0.363615    0.071641   -0.240684
    0.371226    0.067710   -0.244931
    0.378869    0.063608   -0.249231
    0.386542    0.059335   -0.253586
    0.394243    0.054892   -0.257994
    0.401971    0.050283   -0.262457
    0.409723    0.045571   -0.266974
    0.417498    0.040607   -0.271546
    0.425293    0.035473   -0.276172
    0.433107    0.030172   -0.280853
    0.440937    0.024703   -0.285589
    0.448783    0.019069   -0.290379
    0.456641    0.013270   -0.295223
    0.464509    0.007308   -0.300120
    0.472387    0.001184   -0.305071
    0.480272   -0.005100   -0.310075
    0.488161   -0.011543   -0.315131
    0.496053   -0.018142   -0.320239
    0.503947   -0.024896   -0.325399
    0.511839   -0.031802   -0.330608
    0.519729   -0.038858   -0.335867
    0.527613   -0.046062   -0.341176
    0.535491   -0.053410   -0.346531
    0.543360   -0.060900   -0.351934
    0.551217   -0.068529   -0.357382
    0.559063   -0.076295   -0.362875
    0.566893   -0.084193   -0.368412
    0.574707   -0.092220   -0.373990
    0.582502   -0.100374   -0.379609
    0.590277   -0.108650   -0.385267
    0.598029   -0.117045   -0.390963
    0.605757   -0.125554   -0.396696
    0.613458   -0.134175   -0.402463
    0.621131   -0.142904   -0.408263
    0.628774   -0.151734   -0.414091
    0.636385   -0.160664   -0.419927
    0.643962   -0.169689   -0.425817
    0.651503   -0.178813   -0.431735
    0.659006   -0.188081   -0.437677
    0.666469   -0.197367   -0.443641
    0.673891   -0.206729   -0.449624
    0.681270   -0.216162   -0.455625
    0.688604   -0.225662   -0.461641
    0.695890   -0.235223   -0.467670
    0.703128   -0.244841   -0.473710
    0.710315   -0.254510   -0.479759
    0.717450   -0.264225   -0.485813
    0.724530   -0.273981   -0.491868
    0.731555   -0.283772   -0.497905
    0.738522   -0.293594   -0.503965
    0.745429   -0.303440   -0.510024
    0.752275   -0.313312   -0.516076
    0.759059   -0.323249   -0.522119
    0.765777   -0.333142   -0.528151
    0.772430   -0.343038   -0.534167
    0.779015   -0.352931   -0.540167
    0.785530   -0.362815   -0.546147
    0.791974   -0.372685   -0.552104
    0.798345   -0.382535   -0.558035
    0.804642   -0.392359   -0.563936
    0.810863   -0.402151   -0.569791
    0.817006   -0.411906   -0.575631
    0.823070   -0.421618   -0.581437
    0.829054   -0.431284   -0.587203
    0.834956   -0.440903   -0.592927
    0.840775   -0.450489   -0.598606
    0.846508   -0.459976   -0.604236
    0.852155   -0.469391   -0.609815
    0.857715   -0.478728   -0.615341
    0.863185   -0.487982   -0.620809
    0.868565   -0.497147   -0.626218
    0.873852   -0.506218   -0.631562
    0.879047   -0.515190   -0.636831
    0.884147   -0.524056   -0.642045
    0.889152   -0.532811   -0.647188
    0.894059   -0.541451   -0.652260
    0.898869   -0.549972   -0.657254
    0.903579   -0.558370   -0.662170
    0.908188   -0.566651   -0.667003
    0.912695   -0.574775   -0.671753
    0.917100   -0.582756   -0.676414
    0.921401   -0.590590   -0.680986
    0.925597   -0.598271   -0.685466
    0.929686   -0.605795   -0.689851
    0.933669   -0.613157   -0.694138
    0.937544   -0.620354   -0.698326
    0.941309   -0.627379   -0.702412
    0.944965   -0.634228   -0.706393
    0.948509   -0.640897   -0.710267
    0.951942   -0.647383   -0.714032
    0.955262   -0.653680   -0.717685
    0.958469   -0.659786   -0.721222
    0.961561   -0.665695   -0.724649
    0.964539   -0.671405   -0.727960
    0.967400   -0.676910   -0.731149
    0.970146   -0.682208   -0.734216
    0.972774   -0.687296   -0.737159
    0.975284   -0.692169   -0.739978
    0.977675   -0.696825   -0.742671
    0.979948   -0.701261   -0.745167
    0.982101   -0.705474   -0.747253
    0.984134   -0.709461   -0.748966
    0.986046   -0.713219   -0.750389
    0.987838   -0.716746   -0.751568
    0.989507   -0.720041   -0.752533
    0.991055   -0.723100   -0.753302
    0.992480   -0.725922   -0.753882
    0.993782   -0.728504   -0.754281
    0.994962   -0.730845   -0.754497
    0.996018   -0.732978   -0.754533
    0.996950   -0.734934   -0.754385
    0.997759   -0.736989   -0.754076
    0.998443   -0.739039   -0.753561
    0.999003   -0.741053   -0.752816
    0.999439   -0.743007   -0.751911
    0.999751   -0.744879   -0.750813
    0.999938   -0.746686   -0.749510
    1.000000   -0.747703   -0.747703
  BLADE PROFILES IN CARTESIAN COORDINATES (3D) 
  VARIABLES = "X", "YSS", "YPS" "R" 
  BLADE           2  SECTION           3
   24.676397   -1.036395   -1.036395  243.909012
   25.744436   -0.965525   -0.965525  244.025330
   26.703136   -0.901917   -0.901917  244.119080
   27.564171   -0.844817   -0.844817  244.186050
   28.337675   -0.793560   -0.793560  244.234894
   29.031132   -0.747599   -0.747599  244.279449
   29.652813   -0.706387   -0.706387  244.320343
   30.210131   -0.669436   -0.669436  244.357819
   30.709724   -0.636304   -0.636304  244.392563
   31.157576   -0.606598   -0.606598  244.424667
   31.559046   -0.579964   -0.579964  244.454071
   31.918955   -0.556083   -0.556083  244.480911
   32.241600   -0.534671   -0.534671  244.505341
   32.530846   -0.515473   -0.515473  244.527588
   32.790150   -0.498259   -0.498259  244.547775
   33.022617   -0.482826   -0.482826  244.566101
   33.231018   -0.468988   -0.468988  244.582703
   33.417847   -0.456582   -0.456582  244.597717
   33.585339   -0.445458   -0.445458  244.611313
   33.735504   -0.435484   -0.435484  244.623535
   33.870129   -0.426542   -0.426542  244.636398
   34.004475    0.426041   -1.260808  244.649567
   34.144920    0.824524   -1.640904  244.663498
   34.292011    1.098884   -1.947320  244.678391
   34.446327    1.301056   -2.183815  244.694199
   34.608429    1.467250   -2.358298  244.711105
   34.778851    1.627277   -2.509444  244.729172
   34.958172    1.783732   -2.658522  244.748566
   35.146946    1.937267   -2.807318  244.769333
   35.345715    2.089333   -2.955915  244.791641
   35.555058    2.238050   -3.105729  244.815552
   35.775513    2.383338   -3.257751  244.841293
   36.007645    2.525908   -3.412005  244.868835
   36.251980    2.665410   -3.568278  244.898483
   36.509113    2.802345   -3.727700  244.930359
   36.779430    2.934462   -3.890780  244.964523
   37.063007    3.060351   -4.057320  245.001144
   37.360485    3.180568   -4.226825  245.040375
   37.672581    3.295780   -4.401483  245.082535
   38.000111    3.402283   -4.580844  245.127625
   38.343964    3.499293   -4.765489  245.176086
   38.705109    3.586962   -4.956690  245.228180
   39.084408    3.666145   -5.154261  245.284058
   39.482525    3.729237   -5.359620  245.344009
   39.900818    3.778524   -5.573106  245.408447
   40.340729    3.812374   -5.796245  245.477737
   40.803894    3.828798   -6.030055  245.552399
   41.292110    3.822236   -6.275897  245.632858
   41.807312    3.793847   -6.535434  245.719757
   42.355724    3.736330   -6.812621  245.814270
   42.945206    3.644360   -7.112168  245.918106
   43.576355    3.515942   -7.435813  246.031784
   44.248634    3.340138   -7.784678  246.155640
   44.960373    3.113736   -8.159394  246.289719
   45.708786    2.835196   -8.561035  246.433548
   46.489983    2.494220   -8.988900  246.586716
   47.291275    2.095800   -9.438041  246.746826
   48.099880    1.644874   -9.902855  246.911072
   48.911453    1.146380  -10.381953  247.078491
   49.722511    0.595668  -10.874111  247.248001
   50.530327    0.000000  -11.378313  247.418823
   51.333004   -0.638256  -11.893786  247.590042
   52.129456   -1.316845  -12.420072  247.761368
   52.925106   -2.039390  -12.961052  247.933441
   53.723579   -2.808939  -13.519682  248.107086
   54.524231   -3.624939  -14.096081  248.281631
   55.326096   -4.486250  -14.689993  248.456635
   56.127728   -5.391051  -15.300731  248.631622
   56.927311   -6.336748  -15.926285  248.805817
   57.722645   -7.322122  -16.566896  248.978607
   58.506668   -8.333567  -17.215870  249.148010
   59.274967   -9.363497  -17.868628  249.313110
   60.025517  -10.406901  -18.522478  249.473129
   60.756630  -11.458456  -19.174187  249.627594
   61.467003  -12.515722  -19.823524  249.776260
   62.155792  -13.569832  -20.467184  249.918762
   62.822506  -14.619010  -21.103491  250.055069
   63.469574  -15.664179  -21.732889  250.185608
   64.097656  -16.704140  -22.356850  250.310593
   64.706726  -17.737761  -22.973160  250.430084
   65.296814  -18.759766  -23.580833  250.543976
   65.867897  -19.769333  -24.178337  250.652527
   66.419945  -20.764454  -24.766047  250.755661
   66.952965  -21.744091  -25.342266  250.853516
   67.466957  -22.704121  -25.906036  250.946198
   67.961861  -23.643702  -26.456455  251.033844
   68.437729  -24.561024  -26.992674  251.116547
   68.894493  -25.454477  -27.513901  251.194443
   69.332169  -26.322279  -28.019291  251.267639
   69.750702  -27.162804  -28.387556  251.336334
   70.150124  -28.226128  -28.226494  251.391357
   70.553581  -28.867945  -28.868128  251.426285
   70.989212  -29.560629  -29.560629  251.463257
   71.459595  -30.308434  -30.308434  251.502335
   71.967506  -31.115734  -31.115734  251.543457
   72.515915  -31.987249  -31.987249  251.586700
   73.108109  -32.928101  -32.928101  251.632004
   73.747536  -33.943783  -33.943783  251.679367
   74.438042  -35.040237  -35.040237  251.728714
   75.183655  -36.223873  -36.223873  251.779968
   75.988792  -37.501595  -37.501595  251.832962
   76.858208  -38.880871  -38.880871  251.887375
   77.797066  -40.369724  -40.369724  251.943176
   78.810898  -41.976833  -41.976833  251.999908
   79.905693  -43.711521  -43.711521  252.057251
   81.087929  -45.583885  -45.583885  252.114624
   82.364578  -47.604755  -47.604755  252.171570
   83.743149  -49.785820  -49.785820  252.227402
   85.231789  -52.139679  -52.139679  252.281311
   86.839203  -54.679890  -54.679890  252.332504
   88.574844  -57.421043  -57.421043  252.380051
