 DATA SET FOR "multall" . GENERATED BY "stagen" .                       
    CP   and   GAMMA 
  -10.0000    1.0000
287.0491            1.4492              
       ITIMST 
         3
     CFL,    DAMP,    MACHLIM,    F_PDOWN 
  0.400000 10.000000  2.000000  0.000000
  IF_RESTART 
         0
  NSTEPS_MAX, CONLIM 
     10000  0.000150
   SFX,      SFT,      FAC_4TH,     NCHANGE 
  0.005000  0.005000  0.800000      1000
       NUMBER OF BLADE ROWS 
         2
        IM        KM 
        37        37
  FP(I),I=1,IMM1 
  1.000000  1.250000  1.562500  1.953125  2.441406  3.051758  3.814697  4.768372
  5.960464  7.450581  9.313226 11.641532 14.551915 18.189894 20.000000 20.000000
 20.000000 20.000000 20.000000 20.000000 20.000000 20.000000 18.189894 14.551915
 11.641532  9.313226  7.450581  5.960464  4.768372  3.814697  3.051758  2.441406
  1.953125  1.562500  1.250000  1.000000
  FR(K),K=1,KMM1 
  1.000000  1.250000  1.562500  1.953125  2.441406  3.051758  3.814697  4.768372
  5.960464  7.450581  9.313226 11.641532 14.551915 18.189894 20.000000 20.000000
 20.000000 20.000000 20.000000 20.000000 20.000000 20.000000 18.189894 14.551915
 11.641532  9.313226  7.450581  5.960464  4.768372  3.814697  3.051758  2.441406
  1.953125  1.562500  1.250000  1.000000
        IR        JR        KR        IRBB      JRBB      KRBB 
         3         3         3         9         9         9
   FBLK1,     FBLK2,     FBLK3  
  0.400000  0.200000  0.100000
       IFMIX 
         1
   RFMIX,    FEXTRAP,   FSMTHB,    FANGLE 
  0.025000  0.800000  1.000000  0.800000
      IFCOOL    IFBLEED    IF_ROUGH 
         0         0         0
       NSECS_IN 
         3
       IN_PRESS  IN_VTAN   IN_VR    IN_FLOW  IF_REPEAT  RFIN 
         0         0         1         0         0   0.50000
  IPOUT  SFEXIT  NSFEXIT 
    1  0.000000    0
  PLATE_LOSS  THROTTLE_EXIT 
  0.000000  0.000000
        ILOS      NLOS      IBOUND 
       100         5         0
   REYNO,     RF_VIS,   FTRANS, TURBVIS_LIM, PRANDTL, YPLUSWALL
       0.0     0.500     0.000  3000.000       1.0     0.000
   YPLAM      YPTURB 
  5.000000 25.000000
      ISHIFT    NEXTRAP_LE  NEXTRAP_TE 
         2        10        10
  (NSTG(N),N=1,NROWS) 
         1         1
  5  TIME STEPS FOR PRINTOUT 
 10010 10010 10010 10010 10010
  MARKER FOR VARIABLES TO BE SENT TO THE OUTPUT FILE.
 0 0 0 0 0 0 0 0 0 0 0 0 0 0 0 0 0 0 0 0
  STREAM SURFACES ON WHICH RESULTS ARE TO BE SENT TO   THE OUTPUT FILE 
 0 0 0 0 0 0 0 0 0 0 0 0 0 0 0 0 0 0 0 0 0 0 0 0 0 0 0 0 0 0 0 0 0 0 0 0 0
 ***************************************************************
 ************STARTING THE INPUT FOR EACH BLADE ROW**************
  BLADE ROW NUMBER =        1                                           
    NUMBER OF BLADES IN ROW 
        48
        JM        JLE       JTE 
       111        26        96
      KTIPSTART  KTIPEND 
         0         0
       BOUNDARY LAYER TRANSITION POINTS 
         0         0         0         0
  SET NEWGRID= 1 TO GENERATE A NEW GRID WITH DIFFERENT "J" POINTS AND SPACINGS.
         0
   RPMROW,    RPMHUB 
       0.0       0.0
       JROTHS    JROTHE    JROTTS    JROTTE 
         1         1         1         1
   PUPROW    PLEROW   PTEROW    PDROW 
 3143073.5 3143073.5 2011671.1 2011671.1
      NSECS_ROW   INSURF  
         3         0
  IF_CUSP_OUT   IFANGLES 
         1         0
         0         3         0
 ***************************************************************
  ROW NUMBER           1  SECTION NUMBER            1
           0           0           0  IF_DESIGN etc 
   1.00000   0.00000    0
 -0.012560 -0.011072 -0.009746 -0.008563 -0.007509 -0.006570 -0.005732 -0.004986
 -0.004320 -0.003727 -0.003198 -0.002727 -0.002307 -0.001932 -0.001598 -0.001300
 -0.001035 -0.000798 -0.000588 -0.000399 -0.000232 -0.000082  0.000051  0.000170
  0.000276  0.000370  0.000464  0.000562  0.000664  0.000772  0.000885  0.001004
  0.001129  0.001261  0.001400  0.001546  0.001700  0.001862  0.002032  0.002212
  0.002401  0.002599  0.002807  0.003025  0.003254  0.003495  0.003747  0.004013
  0.004291  0.004584  0.004892  0.005217  0.005559  0.005920  0.006304  0.006717
  0.007160  0.007632  0.008131  0.008657  0.009206  0.009769  0.010337  0.010908
  0.011479  0.012048  0.012613  0.013174  0.013734  0.014297  0.014862  0.015427
  0.015993  0.016557  0.017118  0.017672  0.018215  0.018745  0.019261  0.019763
  0.020250  0.020722  0.021179  0.021623  0.022054  0.022472  0.022876  0.023266
  0.023644  0.024007  0.024358  0.024695  0.025018  0.025328  0.025624  0.025907
  0.026191  0.026490  0.026807  0.027142  0.027497  0.027871  0.028267  0.028685
  0.029128  0.029595  0.030090  0.030612  0.031164  0.031748  0.032365
  1.000000  0.000000
 -0.003159 -0.003589 -0.003972 -0.004314 -0.004618 -0.004889 -0.005131 -0.005347
 -0.005539 -0.005710 -0.005862 -0.005998 -0.006119 -0.006227 -0.006323 -0.006409
 -0.006486 -0.006554 -0.006615 -0.006669 -0.006717 -0.006760 -0.006799 -0.006833
 -0.006863 -0.006890 -0.006346 -0.006153 -0.005996 -0.005857 -0.005734 -0.005630
 -0.005546 -0.005474 -0.005401 -0.005326 -0.005250 -0.005171 -0.005090 -0.005006
 -0.004919 -0.004830 -0.004737 -0.004641 -0.004541 -0.004436 -0.004328 -0.004214
 -0.004094 -0.003969 -0.003836 -0.003696 -0.003548 -0.003390 -0.003220 -0.003035
 -0.002834 -0.002617 -0.002381 -0.002128 -0.001856 -0.001571 -0.001274 -0.000968
 -0.000653 -0.000330  0.000000  0.000337  0.000684  0.001041  0.001410  0.001790
  0.002181  0.002581  0.002990  0.003403  0.003819  0.004236  0.004651  0.005064
  0.005472  0.005876  0.006276  0.006672  0.007062  0.007447  0.007826  0.008198
  0.008563  0.008920  0.009268  0.009607  0.009937  0.010190  0.010256  0.009892
  0.010345  0.010824  0.011329  0.011864  0.012429  0.013027  0.013658  0.014326
  0.015031  0.015777  0.016565  0.017398  0.018278  0.019209  0.020192
  1.000000
  0.000000  0.000000  0.000000  0.000000  0.000000  0.000000  0.000000  0.000000
  0.000000  0.000000  0.000000  0.000000  0.000000  0.000000  0.000000  0.000000
  0.000000  0.000000  0.000000  0.000000  0.000000  0.000000  0.000000  0.000000
  0.000000  0.000000  0.001080  0.001455  0.001743  0.002008  0.002258  0.002490
  0.002703  0.002906  0.003111  0.003320  0.003533  0.003751  0.003971  0.004195
  0.004422  0.004652  0.004886  0.005120  0.005357  0.005597  0.005838  0.006078
  0.006322  0.006562  0.006802  0.007043  0.007279  0.007514  0.007743  0.007972
  0.008192  0.008405  0.008600  0.008778  0.008934  0.009058  0.009155  0.009217
  0.009250  0.009253  0.009224  0.009170  0.009087  0.008975  0.008836  0.008670
  0.008478  0.008260  0.008018  0.007754  0.007473  0.007177  0.006867  0.006544
  0.006215  0.005881  0.005540  0.005193  0.004845  0.004495  0.004144  0.003793
  0.003445  0.003100  0.002759  0.002423  0.002094  0.001704  0.001147  0.000000
  0.000000  0.000000  0.000000  0.000000  0.000000  0.000000  0.000000  0.000000
  0.000000  0.000000  0.000000  0.000000  0.000000  0.000000  0.000000
  1.000000  0.000000
  0.212491  0.212452  0.212411  0.212370  0.212328  0.212287  0.212247  0.212208
  0.212172  0.212138  0.212107  0.212077  0.212050  0.212025  0.212002  0.211981
  0.211962  0.211945  0.211930  0.211916  0.211903  0.211891  0.211881  0.211872
  0.211863  0.211856  0.211843  0.211829  0.211814  0.211798  0.211782  0.211764
  0.211746  0.211726  0.211705  0.211683  0.211659  0.211634  0.211607  0.211579
  0.211549  0.211517  0.211483  0.211448  0.211410  0.211370  0.211327  0.211282
  0.211234  0.211183  0.211128  0.211071  0.211009  0.210944  0.210873  0.210797
  0.210714  0.210626  0.210531  0.210430  0.210325  0.210216  0.210106  0.209995
  0.209884  0.209774  0.209664  0.209556  0.209449  0.209341  0.209235  0.209129
  0.209025  0.208923  0.208822  0.208725  0.208631  0.208542  0.208456  0.208375
  0.208299  0.208227  0.208158  0.208094  0.208033  0.207976  0.207923  0.207873
  0.207827  0.207783  0.207743  0.207706  0.207672  0.207640  0.207611  0.207584
  0.207564  0.207544  0.207522  0.207499  0.207475  0.207449  0.207423  0.207394
  0.207364  0.207331  0.207297  0.207260  0.207220  0.207178  0.207133
 ***************************************************************
  ROW NUMBER           1  SECTION NUMBER            2
           0           0           0  IF_DESIGN etc 
   1.00000   0.00000    0
 -0.013485 -0.011954 -0.010590 -0.009373 -0.008288 -0.007320 -0.006458 -0.005689
 -0.005003 -0.004392 -0.003847 -0.003361 -0.002927 -0.002541 -0.002197 -0.001889
 -0.001616 -0.001371 -0.001154 -0.000960 -0.000787 -0.000632 -0.000495 -0.000372
 -0.000263 -0.000165 -0.000068  0.000034  0.000141  0.000253  0.000371  0.000495
  0.000625  0.000762  0.000907  0.001059  0.001219  0.001388  0.001566  0.001753
  0.001950  0.002157  0.002374  0.002601  0.002840  0.003091  0.003355  0.003632
  0.003923  0.004229  0.004550  0.004889  0.005247  0.005624  0.006026  0.006458
  0.006921  0.007414  0.007937  0.008486  0.009061  0.009650  0.010245  0.010842
  0.011439  0.012034  0.012626  0.013213  0.013799  0.014388  0.014978  0.015569
  0.016160  0.016750  0.017336  0.017914  0.018480  0.019034  0.019572  0.020095
  0.020603  0.021094  0.021570  0.022032  0.022480  0.022914  0.023333  0.023739
  0.024130  0.024508  0.024871  0.025220  0.025555  0.025876  0.026182  0.026475
  0.026767  0.027077  0.027403  0.027749  0.028114  0.028500  0.028909  0.029340
  0.029796  0.030279  0.030788  0.031327  0.031897  0.032499  0.033136
  1.000000  0.000000
 -0.003049 -0.003466 -0.003838 -0.004170 -0.004465 -0.004729 -0.004964 -0.005173
 -0.005360 -0.005527 -0.005675 -0.005807 -0.005925 -0.006031 -0.006125 -0.006208
 -0.006283 -0.006349 -0.006409 -0.006461 -0.006509 -0.006551 -0.006588 -0.006622
 -0.006651 -0.006678 -0.006134 -0.005942 -0.005784 -0.005645 -0.005523 -0.005423
 -0.005343 -0.005270 -0.005197 -0.005122 -0.005045 -0.004966 -0.004885 -0.004801
 -0.004714 -0.004625 -0.004532 -0.004437 -0.004337 -0.004234 -0.004127 -0.004014
 -0.003897 -0.003774 -0.003645 -0.003508 -0.003364 -0.003211 -0.003047 -0.002869
 -0.002676 -0.002468 -0.002243 -0.002002 -0.001745 -0.001475 -0.001195 -0.000907
 -0.000611 -0.000309  0.000000  0.000315  0.000639  0.000972  0.001315  0.001669
  0.002031  0.002402  0.002781  0.003164  0.003550  0.003935  0.004319  0.004700
  0.005077  0.005451  0.005820  0.006184  0.006545  0.006900  0.007249  0.007592
  0.007927  0.008256  0.008577  0.008889  0.009192  0.009417  0.009456  0.009071
  0.009499  0.009952  0.010431  0.010938  0.011473  0.012039  0.012637  0.013269
  0.013938  0.014644  0.015391  0.016181  0.017016  0.017898  0.018831
  1.000000
  0.000000  0.000000  0.000000  0.000000  0.000000  0.000000  0.000000  0.000000
  0.000000  0.000000  0.000000  0.000000  0.000000  0.000000  0.000000  0.000000
  0.000000  0.000000  0.000000  0.000000  0.000000  0.000000  0.000000  0.000000
  0.000000  0.000000  0.001084  0.001467  0.001759  0.002024  0.002272  0.002500
  0.002709  0.002913  0.003119  0.003329  0.003543  0.003760  0.003981  0.004206
  0.004434  0.004665  0.004899  0.005134  0.005372  0.005612  0.005854  0.006095
  0.006338  0.006581  0.006822  0.007062  0.007300  0.007533  0.007766  0.007993
  0.008217  0.008427  0.008625  0.008803  0.008958  0.009085  0.009180  0.009244
  0.009277  0.009278  0.009253  0.009196  0.009112  0.009000  0.008863  0.008697
  0.008504  0.008285  0.008042  0.007777  0.007495  0.007195  0.006885  0.006563
  0.006233  0.005897  0.005555  0.005208  0.004858  0.004507  0.004155  0.003803
  0.003454  0.003108  0.002766  0.002429  0.002099  0.001706  0.001146  0.000000
  0.000000  0.000000  0.000000  0.000000  0.000000  0.000000  0.000000  0.000000
  0.000000  0.000000  0.000000  0.000000  0.000000  0.000000  0.000000
  1.000000  0.000000
  0.225864  0.225862  0.225860  0.225858  0.225856  0.225854  0.225852  0.225851
  0.225849  0.225848  0.225847  0.225846  0.225845  0.225844  0.225844  0.225843
  0.225843  0.225842  0.225842  0.225842  0.225841  0.225841  0.225841  0.225840
  0.225840  0.225840  0.225840  0.225840  0.225840  0.225840  0.225840  0.225840
  0.225841  0.225841  0.225841  0.225841  0.225841  0.225841  0.225841  0.225842
  0.225842  0.225842  0.225842  0.225843  0.225843  0.225843  0.225844  0.225844
  0.225845  0.225845  0.225846  0.225846  0.225847  0.225847  0.225848  0.225849
  0.225850  0.225851  0.225852  0.225853  0.225854  0.225855  0.225857  0.225858
  0.225859  0.225861  0.225862  0.225863  0.225864  0.225865  0.225866  0.225868
  0.225869  0.225870  0.225870  0.225871  0.225872  0.225873  0.225873  0.225874
  0.225874  0.225875  0.225875  0.225875  0.225875  0.225876  0.225876  0.225876
  0.225876  0.225875  0.225875  0.225875  0.225875  0.225875  0.225874  0.225874
  0.225873  0.225872  0.225871  0.225871  0.225870  0.225869  0.225869  0.225868
  0.225868  0.225868  0.225869  0.225870  0.225871  0.225873  0.225875
 ***************************************************************
  ROW NUMBER           1  SECTION NUMBER            3
           0           0           0  IF_DESIGN etc 
   1.00000   0.00000    0
 -0.014715 -0.013101 -0.011662 -0.010379 -0.009236 -0.008217 -0.007309 -0.006499
 -0.005777 -0.005133 -0.004560 -0.004048 -0.003592 -0.003186 -0.002824 -0.002501
 -0.002213 -0.001956 -0.001727 -0.001523 -0.001341 -0.001179 -0.001034 -0.000905
 -0.000790 -0.000688 -0.000586 -0.000480 -0.000368 -0.000251 -0.000128  0.000001
  0.000137  0.000280  0.000431  0.000590  0.000757  0.000933  0.001119  0.001314
  0.001519  0.001734  0.001960  0.002197  0.002446  0.002708  0.002982  0.003271
  0.003573  0.003892  0.004226  0.004579  0.004951  0.005343  0.005761  0.006210
  0.006691  0.007204  0.007747  0.008318  0.008914  0.009526  0.010144  0.010764
  0.011385  0.012002  0.012617  0.013226  0.013835  0.014447  0.015060  0.015675
  0.016289  0.016902  0.017512  0.018113  0.018703  0.019279  0.019840  0.020385
  0.020914  0.021426  0.021923  0.022405  0.022873  0.023326  0.023765  0.024189
  0.024598  0.024993  0.025374  0.025739  0.026090  0.026426  0.026748  0.027055
  0.027363  0.027688  0.028032  0.028395  0.028780  0.029186  0.029615  0.030069
  0.030549  0.031056  0.031592  0.032158  0.032757  0.033389  0.034057
  1.000000  0.000000
 -0.003066 -0.003482 -0.003852 -0.004183 -0.004478 -0.004741 -0.004976 -0.005185
 -0.005372 -0.005539 -0.005687 -0.005820 -0.005938 -0.006043 -0.006137 -0.006221
 -0.006296 -0.006363 -0.006422 -0.006475 -0.006522 -0.006565 -0.006602 -0.006636
 -0.006666 -0.006692 -0.006134 -0.005935 -0.005771 -0.005627 -0.005504 -0.005403
 -0.005322 -0.005247 -0.005171 -0.005093 -0.005013 -0.004931 -0.004847 -0.004760
 -0.004671 -0.004579 -0.004483 -0.004385 -0.004284 -0.004178 -0.004068 -0.003954
 -0.003835 -0.003710 -0.003579 -0.003442 -0.003297 -0.003144 -0.002980 -0.002803
 -0.002612 -0.002405 -0.002183 -0.001947 -0.001694 -0.001430 -0.001158 -0.000878
 -0.000591 -0.000299  0.000000  0.000304  0.000614  0.000935  0.001264  0.001602
  0.001949  0.002305  0.002667  0.003033  0.003400  0.003767  0.004132  0.004495
  0.004854  0.005209  0.005559  0.005906  0.006247  0.006584  0.006915  0.007240
  0.007558  0.007870  0.008173  0.008469  0.008756  0.008961  0.008976  0.008558
  0.008976  0.009418  0.009886  0.010380  0.010903  0.011455  0.012039  0.012657
  0.013310  0.014000  0.014730  0.015502  0.016318  0.017182  0.018095
  1.000000
  0.000000  0.000000  0.000000  0.000000  0.000000  0.000000  0.000000  0.000000
  0.000000  0.000000  0.000000  0.000000  0.000000  0.000000  0.000000  0.000000
  0.000000  0.000000  0.000000  0.000000  0.000000  0.000000  0.000000  0.000000
  0.000000  0.000000  0.001117  0.001517  0.001823  0.002097  0.002350  0.002582
  0.002796  0.003005  0.003219  0.003436  0.003656  0.003880  0.004109  0.004341
  0.004576  0.004816  0.005057  0.005300  0.005545  0.005793  0.006043  0.006292
  0.006543  0.006794  0.007043  0.007291  0.007537  0.007778  0.008018  0.008253
  0.008483  0.008701  0.008904  0.009088  0.009249  0.009379  0.009478  0.009544
  0.009578  0.009581  0.009551  0.009494  0.009409  0.009293  0.009149  0.008977
  0.008778  0.008552  0.008301  0.008028  0.007737  0.007429  0.007108  0.006776
  0.006436  0.006089  0.005734  0.005376  0.005016  0.004653  0.004289  0.003926
  0.003566  0.003208  0.002855  0.002507  0.002166  0.001759  0.001180  0.000000
  0.000000  0.000000  0.000000  0.000000  0.000000  0.000000  0.000000  0.000000
  0.000000  0.000000  0.000000  0.000000  0.000000  0.000000  0.000000
  1.000000  0.000000
  0.239201  0.239235  0.239272  0.239311  0.239351  0.239390  0.239429  0.239466
  0.239501  0.239534  0.239565  0.239594  0.239621  0.239646  0.239668  0.239689
  0.239708  0.239725  0.239740  0.239754  0.239767  0.239778  0.239789  0.239798
  0.239806  0.239814  0.239821  0.239833  0.239847  0.239862  0.239878  0.239895
  0.239913  0.239933  0.239953  0.239975  0.239998  0.240022  0.240049  0.240076
  0.240106  0.240137  0.240171  0.240206  0.240244  0.240283  0.240326  0.240371
  0.240419  0.240470  0.240524  0.240581  0.240643  0.240709  0.240779  0.240856
  0.240940  0.241029  0.241125  0.241227  0.241334  0.241445  0.241557  0.241670
  0.241783  0.241896  0.242008  0.242119  0.242229  0.242339  0.242448  0.242556
  0.242664  0.242769  0.242873  0.242973  0.243069  0.243161  0.243250  0.243333
  0.243412  0.243487  0.243557  0.243624  0.243686  0.243745  0.243800  0.243852
  0.243900  0.243945  0.243986  0.244025  0.244060  0.244093  0.244123  0.244151
  0.244173  0.244194  0.244216  0.244239  0.244263  0.244290  0.244318  0.244348
  0.244381  0.244417  0.244456  0.244499  0.244545  0.244595  0.244655
 ***************************************************************
 ************STARTING THE INPUT FOR EACH BLADE ROW**************
  BLADE ROW NUMBER =        2                                           
    NUMBER OF BLADES IN ROW 
        33
        JM        JLE       JTE 
       111        21        91
      KTIPSTART  KTIPEND 
         0         0
       BOUNDARY LAYER TRANSITION POINTS 
         0         0         0         0
  SET NEWGRID= 1 TO GENERATE A NEW GRID WITH DIFFERENT "J" POINTS AND SPACINGS.
         0
   RPMROW,    RPMHUB 
    9000.0    9000.0
       JROTHS    JROTHE    JROTTS    JROTTE 
         1         1         1         1
   PUPROW    PLEROW   PTEROW    PDROW 
 2011671.1 2011671.1 1226359.4 1226359.4
      NSECS_ROW   INSURF  
         3         0
  IF_CUSP_OUT   IFANGLES 
         1         0
         0         3         0
 ***************************************************************
  ROW NUMBER           2  SECTION NUMBER            1
           0           0           0  IF_DESIGN etc 
   1.00000   0.00000    0
  0.022496  0.023652  0.024689  0.025620  0.026457  0.027209  0.027883  0.028487
  0.029028  0.029514  0.029949  0.030339  0.030689  0.031003  0.031284  0.031536
  0.031762  0.031964  0.032146  0.032309  0.032455  0.032601  0.032753  0.032913
  0.033080  0.033256  0.033441  0.033635  0.033840  0.034056  0.034283  0.034522
  0.034774  0.035039  0.035318  0.035611  0.035919  0.036242  0.036580  0.036936
  0.037309  0.037701  0.038113  0.038545  0.038999  0.039476  0.039979  0.040509
  0.041068  0.041664  0.042304  0.042989  0.043719  0.044492  0.045305  0.046153
  0.047023  0.047902  0.048783  0.049664  0.050542  0.051414  0.052279  0.053144
  0.054011  0.054881  0.055752  0.056624  0.057492  0.058357  0.059209  0.060044
  0.060859  0.061654  0.062426  0.063174  0.063899  0.064602  0.065285  0.065947
  0.066588  0.067208  0.067808  0.068388  0.068946  0.069484  0.070001  0.070498
  0.070973  0.071428  0.071862  0.072300  0.072772  0.073282  0.073833  0.074428
  0.075070  0.075764  0.076513  0.077321  0.078195  0.079137  0.080155  0.081255
  0.082442  0.083723  0.085107  0.086602  0.088216  0.089958  0.091839
  1.000000  0.000000
 -0.011200 -0.010612 -0.010085 -0.009614 -0.009192 -0.008815 -0.008477 -0.008173
 -0.007902 -0.007658 -0.007439 -0.007244 -0.007068 -0.006911 -0.006770 -0.006643
 -0.006530 -0.006428 -0.006337 -0.006255 -0.006182 -0.005364 -0.005106 -0.004869
 -0.004637 -0.004408 -0.004180 -0.003950 -0.003718 -0.003486 -0.003251 -0.003015
 -0.002776 -0.002536 -0.002294 -0.002049 -0.001806 -0.001564 -0.001324 -0.001085
 -0.000847 -0.000613 -0.000385 -0.000163  0.000054  0.000258  0.000452  0.000637
  0.000801  0.000952  0.001079  0.001181  0.001248  0.001278  0.001257  0.001187
  0.001057  0.000877  0.000636  0.000346  0.000000 -0.000394 -0.000833 -0.001324
 -0.001866 -0.002458 -0.003098 -0.003789 -0.004527 -0.005307 -0.006123 -0.006965
 -0.007830 -0.008712 -0.009606 -0.010509 -0.011413 -0.012321 -0.013231 -0.014140
 -0.015046 -0.015946 -0.016836 -0.017716 -0.018584 -0.019436 -0.020272 -0.021089
 -0.021884 -0.022657 -0.023694 -0.024289 -0.024932 -0.025626 -0.026375 -0.027184
 -0.028057 -0.028999 -0.030016 -0.031115 -0.032301 -0.033581 -0.034963 -0.036456
 -0.038067 -0.039807 -0.041686 -0.043715 -0.045907 -0.048274 -0.050831
  1.000000
  0.000000  0.000000  0.000000  0.000000  0.000000  0.000000  0.000000  0.000000
  0.000000  0.000000  0.000000  0.000000  0.000000  0.000000  0.000000  0.000000
  0.000000  0.000000  0.000000  0.000000  0.000000  0.001685  0.002249  0.002696
  0.003102  0.003486  0.003853  0.004202  0.004527  0.004821  0.005101  0.005379
  0.005656  0.005933  0.006209  0.006487  0.006761  0.007032  0.007302  0.007569
  0.007835  0.008098  0.008354  0.008606  0.008856  0.009095  0.009328  0.009556
  0.009769  0.009977  0.010171  0.010354  0.010515  0.010657  0.010767  0.010851
  0.010897  0.010911  0.010887  0.010835  0.010746  0.010629  0.010487  0.010314
  0.010113  0.009887  0.009635  0.009356  0.009054  0.008730  0.008388  0.008031
  0.007663  0.007285  0.006901  0.006512  0.006123  0.005731  0.005338  0.004945
  0.004553  0.004165  0.003780  0.003400  0.003026  0.002659  0.002299  0.001948
  0.001606  0.001176  0.000000  0.000000  0.000000  0.000000  0.000000  0.000000
  0.000000  0.000000  0.000000  0.000000  0.000000  0.000000  0.000000  0.000000
  0.000000  0.000000  0.000000  0.000000  0.000000  0.000000  0.000000
  1.000000  0.000000
  0.207973  0.207826  0.207707  0.207611  0.207546  0.207495  0.207449  0.207408
  0.207371  0.207337  0.207306  0.207279  0.207254  0.207232  0.207212  0.207193
  0.207177  0.207162  0.207149  0.207137  0.207126  0.207113  0.207099  0.207084
  0.207068  0.207051  0.207033  0.207014  0.206993  0.206971  0.206947  0.206921
  0.206893  0.206863  0.206831  0.206797  0.206760  0.206720  0.206677  0.206631
  0.206582  0.206529  0.206473  0.206412  0.206346  0.206275  0.206199  0.206117
  0.206028  0.205932  0.205826  0.205709  0.205583  0.205445  0.205298  0.205141
  0.204977  0.204809  0.204637  0.204463  0.204288  0.204113  0.203937  0.203761
  0.203583  0.203405  0.203226  0.203047  0.202870  0.202694  0.202521  0.202353
  0.202191  0.202034  0.201883  0.201739  0.201602  0.201470  0.201344  0.201224
  0.201110  0.201001  0.200898  0.200801  0.200708  0.200621  0.200540  0.200463
  0.200391  0.200323  0.200260  0.200225  0.200187  0.200148  0.200106  0.200063
  0.200017  0.199970  0.199920  0.199869  0.199816  0.199762  0.199706  0.199650
  0.199594  0.199538  0.199483  0.199430  0.199379  0.199332  0.199290
 ***************************************************************
  ROW NUMBER           2  SECTION NUMBER            2
           0           0           0  IF_DESIGN etc 
   1.00000   0.00000    0
  0.023723  0.024826  0.025815  0.026701  0.027496  0.028209  0.028848  0.029420
  0.029934  0.030394  0.030807  0.031177  0.031509  0.031806  0.032073  0.032312
  0.032526  0.032719  0.032891  0.033045  0.033184  0.033323  0.033467  0.033619
  0.033778  0.033946  0.034121  0.034307  0.034501  0.034707  0.034923  0.035151
  0.035391  0.035644  0.035909  0.036189  0.036483  0.036791  0.037114  0.037453
  0.037810  0.038184  0.038578  0.038991  0.039425  0.039883  0.040364  0.040872
  0.041408  0.041978  0.042592  0.043250  0.043951  0.044693  0.045474  0.046290
  0.047127  0.047972  0.048820  0.049669  0.050514  0.051354  0.052188  0.053021
  0.053857  0.054695  0.055535  0.056375  0.057212  0.058045  0.058866  0.059671
  0.060456  0.061222  0.061965  0.062686  0.063383  0.064059  0.064716  0.065352
  0.065968  0.066565  0.067141  0.067697  0.068233  0.068749  0.069244  0.069720
  0.070176  0.070611  0.071027  0.071443  0.071891  0.072375  0.072898  0.073463
  0.074072  0.074730  0.075440  0.076206  0.077034  0.077927  0.078892  0.079933
  0.081057  0.082270  0.083580  0.084994  0.086521  0.088169  0.089949
  1.000000  0.000000
 -0.005521 -0.005221 -0.004951 -0.004710 -0.004493 -0.004299 -0.004125 -0.003969
 -0.003829 -0.003704 -0.003591 -0.003490 -0.003400 -0.003319 -0.003246 -0.003181
 -0.003123 -0.003070 -0.003024 -0.002981 -0.002944 -0.002022 -0.001747 -0.001544
 -0.001351 -0.001162 -0.000975 -0.000790 -0.000606 -0.000423 -0.000241 -0.000058
  0.000125  0.000306  0.000486  0.000663  0.000839  0.001012  0.001179  0.001342
  0.001500  0.001651  0.001792  0.001926  0.002049  0.002157  0.002252  0.002330
  0.002387  0.002424  0.002431  0.002408  0.002343  0.002234  0.002076  0.001861
  0.001594  0.001269  0.000896  0.000472  0.000000 -0.000517 -0.001073 -0.001677
 -0.002330 -0.003031 -0.003777 -0.004568 -0.005402 -0.006275 -0.007178 -0.008105
 -0.009049 -0.010004 -0.010966 -0.011930 -0.012893 -0.013858 -0.014819 -0.015776
 -0.016725 -0.017665 -0.018595 -0.019510 -0.020410 -0.021291 -0.022154 -0.022996
 -0.023814 -0.024608 -0.025668 -0.026278 -0.026935 -0.027645 -0.028411 -0.029238
 -0.030131 -0.031095 -0.032136 -0.033260 -0.034473 -0.035782 -0.037196 -0.038722
 -0.040369 -0.042148 -0.044068 -0.046141 -0.048379 -0.050794 -0.053402
  1.000000
  0.000000  0.000000  0.000000  0.000000  0.000000  0.000000  0.000000  0.000000
  0.000000  0.000000  0.000000  0.000000  0.000000  0.000000  0.000000  0.000000
  0.000000  0.000000  0.000000  0.000000  0.000000  0.001859  0.002424  0.002866
  0.003272  0.003652  0.003998  0.004305  0.004590  0.004872  0.005153  0.005435
  0.005716  0.005996  0.006275  0.006554  0.006831  0.007107  0.007380  0.007649
  0.007918  0.008183  0.008443  0.008698  0.008949  0.009191  0.009428  0.009656
  0.009873  0.010083  0.010279  0.010463  0.010627  0.010767  0.010882  0.010964
  0.011014  0.011024  0.011004  0.010949  0.010860  0.010742  0.010598  0.010424
  0.010222  0.009992  0.009736  0.009455  0.009150  0.008823  0.008476  0.008114
  0.007742  0.007361  0.006974  0.006581  0.006188  0.005790  0.005393  0.004996
  0.004601  0.004208  0.003819  0.003435  0.003057  0.002686  0.002322  0.001967
  0.001622  0.001179  0.000000  0.000000  0.000000  0.000000  0.000000  0.000000
  0.000000  0.000000  0.000000  0.000000  0.000000  0.000000  0.000000  0.000000
  0.000000  0.000000  0.000000  0.000000  0.000000  0.000000  0.000000
  1.000000  0.000000
  0.225876  0.225875  0.225875  0.225874  0.225871  0.225870  0.225869  0.225868
  0.225868  0.225868  0.225869  0.225870  0.225870  0.225871  0.225872  0.225872
  0.225873  0.225874  0.225874  0.225875  0.225875  0.225875  0.225876  0.225876
  0.225876  0.225876  0.225876  0.225877  0.225877  0.225877  0.225877  0.225877
  0.225878  0.225878  0.225878  0.225878  0.225878  0.225878  0.225879  0.225879
  0.225879  0.225879  0.225879  0.225879  0.225878  0.225878  0.225878  0.225878
  0.225877  0.225877  0.225876  0.225875  0.225874  0.225873  0.225872  0.225871
  0.225869  0.225867  0.225866  0.225864  0.225862  0.225860  0.225858  0.225856
  0.225854  0.225852  0.225850  0.225848  0.225846  0.225844  0.225842  0.225840
  0.225838  0.225836  0.225834  0.225833  0.225831  0.225830  0.225829  0.225828
  0.225826  0.225825  0.225824  0.225824  0.225823  0.225822  0.225822  0.225821
  0.225821  0.225820  0.225820  0.225821  0.225822  0.225823  0.225824  0.225826
  0.225827  0.225829  0.225830  0.225832  0.225834  0.225836  0.225839  0.225841
  0.225844  0.225847  0.225850  0.225853  0.225856  0.225859  0.225863
 ***************************************************************
  ROW NUMBER           2  SECTION NUMBER            3
           0           0           0  IF_DESIGN etc 
   1.00000   0.00000    0
  0.024676  0.025744  0.026703  0.027564  0.028338  0.029031  0.029653  0.030210
  0.030710  0.031158  0.031559  0.031919  0.032242  0.032531  0.032790  0.033023
  0.033231  0.033418  0.033585  0.033736  0.033870  0.034004  0.034145  0.034292
  0.034446  0.034608  0.034779  0.034958  0.035147  0.035346  0.035555  0.035776
  0.036008  0.036252  0.036509  0.036779  0.037063  0.037360  0.037673  0.038000
  0.038344  0.038705  0.039084  0.039483  0.039901  0.040341  0.040804  0.041292
  0.041807  0.042356  0.042945  0.043576  0.044249  0.044960  0.045709  0.046490
  0.047291  0.048100  0.048911  0.049723  0.050530  0.051333  0.052129  0.052925
  0.053724  0.054524  0.055326  0.056128  0.056927  0.057723  0.058507  0.059275
  0.060026  0.060757  0.061467  0.062156  0.062823  0.063470  0.064098  0.064707
  0.065297  0.065868  0.066420  0.066953  0.067467  0.067962  0.068438  0.068894
  0.069332  0.069751  0.070150  0.070554  0.070989  0.071460  0.071968  0.072516
  0.073108  0.073748  0.074438  0.075184  0.075989  0.076858  0.077797  0.078811
  0.079906  0.081088  0.082365  0.083743  0.085232  0.086839  0.088575
  1.000000  0.000000
 -0.001036 -0.000966 -0.000902 -0.000845 -0.000794 -0.000748 -0.000706 -0.000669
 -0.000636 -0.000607 -0.000580 -0.000556 -0.000535 -0.000515 -0.000498 -0.000483
 -0.000469 -0.000457 -0.000445 -0.000435 -0.000427  0.000426  0.000825  0.001099
  0.001301  0.001467  0.001627  0.001784  0.001937  0.002089  0.002238  0.002383
  0.002526  0.002665  0.002802  0.002934  0.003060  0.003181  0.003296  0.003402
  0.003499  0.003587  0.003666  0.003729  0.003779  0.003812  0.003829  0.003822
  0.003794  0.003736  0.003644  0.003516  0.003340  0.003114  0.002835  0.002494
  0.002096  0.001645  0.001146  0.000596  0.000000 -0.000638 -0.001317 -0.002039
 -0.002809 -0.003625 -0.004486 -0.005391 -0.006337 -0.007322 -0.008334 -0.009363
 -0.010407 -0.011458 -0.012516 -0.013570 -0.014619 -0.015664 -0.016704 -0.017738
 -0.018760 -0.019769 -0.020764 -0.021744 -0.022704 -0.023644 -0.024561 -0.025454
 -0.026322 -0.027163 -0.028226 -0.028868 -0.029561 -0.030308 -0.031116 -0.031987
 -0.032928 -0.033944 -0.035040 -0.036224 -0.037502 -0.038881 -0.040370 -0.041977
 -0.043712 -0.045584 -0.047605 -0.049786 -0.052140 -0.054680 -0.057421
  1.000000
  0.000000  0.000000  0.000000  0.000000  0.000000  0.000000  0.000000  0.000000
  0.000000  0.000000  0.000000  0.000000  0.000000  0.000000  0.000000  0.000000
  0.000000  0.000000  0.000000  0.000000  0.000000  0.001687  0.002465  0.003046
  0.003485  0.003826  0.004137  0.004442  0.004745  0.005045  0.005344  0.005641
  0.005938  0.006234  0.006530  0.006825  0.007118  0.007407  0.007697  0.007983
  0.008265  0.008544  0.008820  0.009089  0.009352  0.009609  0.009859  0.010098
  0.010329  0.010549  0.010757  0.010952  0.011125  0.011273  0.011396  0.011483
  0.011534  0.011548  0.011528  0.011470  0.011378  0.011256  0.011103  0.010922
  0.010711  0.010471  0.010204  0.009910  0.009590  0.009245  0.008882  0.008505
  0.008116  0.007716  0.007308  0.006897  0.006484  0.006069  0.005653  0.005235
  0.004821  0.004409  0.004002  0.003598  0.003202  0.002813  0.002432  0.002059
  0.001697  0.001225  0.000000  0.000000  0.000000  0.000000  0.000000  0.000000
  0.000000  0.000000  0.000000  0.000000  0.000000  0.000000  0.000000  0.000000
  0.000000  0.000000  0.000000  0.000000  0.000000  0.000000  0.000000
  1.000000  0.000000
  0.243909  0.244025  0.244119  0.244186  0.244235  0.244279  0.244320  0.244358
  0.244393  0.244425  0.244454  0.244481  0.244505  0.244528  0.244548  0.244566
  0.244583  0.244598  0.244611  0.244624  0.244636  0.244650  0.244663  0.244678
  0.244694  0.244711  0.244729  0.244749  0.244769  0.244792  0.244816  0.244841
  0.244869  0.244898  0.244930  0.244965  0.245001  0.245040  0.245083  0.245128
  0.245176  0.245228  0.245284  0.245344  0.245408  0.245478  0.245552  0.245633
  0.245720  0.245814  0.245918  0.246032  0.246156  0.246290  0.246434  0.246587
  0.246747  0.246911  0.247078  0.247248  0.247419  0.247590  0.247761  0.247933
  0.248107  0.248282  0.248457  0.248632  0.248806  0.248979  0.249148  0.249313
  0.249473  0.249628  0.249776  0.249919  0.250055  0.250186  0.250311  0.250430
  0.250544  0.250653  0.250756  0.250854  0.250946  0.251034  0.251117  0.251194
  0.251268  0.251336  0.251391  0.251426  0.251463  0.251502  0.251543  0.251587
  0.251632  0.251679  0.251729  0.251780  0.251833  0.251887  0.251943  0.252000
  0.252057  0.252115  0.252172  0.252227  0.252281  0.252333  0.252380
  STARTING INLET BOUNDARY CONDITION DATA .
  NUMBER OF POINTS FOR INLET BOUNDARY CONDITIONS 
        37
  SPACING OF INLET BOUNDARY CONDITION POINTS 
  1.000000  1.250000  1.562500  1.953125  2.441406  3.051758  3.814697  4.768372
  5.960464  7.450581  9.313226 11.641532 14.551915 18.189894 20.000000 20.000000
 20.000000 20.000000 20.000000 20.000000 20.000000 20.000000 18.189894 14.551915
 11.641532  9.313226  7.450581  5.960464  4.768372  3.814697  3.051758  2.441406
  1.953125  1.562500  1.250000  1.000000
   INLET STAGNATION PRESSURES 
 3786000.0 3786000.0 3786000.0 3786000.0 3786000.0 3785999.8 3786000.0 3786000.2
 3785999.8 3786000.0 3786000.2 3786000.0 3786000.2 3786000.0 3786000.0 3786000.0
 3786000.0 3786000.0 3786000.0 3786000.0 3786000.0 3786000.0 3786000.0 3786000.0
 3786000.0 3786000.0 3786000.0 3786000.0 3786000.0 3786000.0 3786000.0 3786000.0
 3786000.0 3786000.0 3786000.0 3786000.0 3786000.0
   INLET STAGNATION TEMPERATURES 
  332.8109  332.8109  332.8109  332.8109  332.8109  332.8109  332.8109  332.8109
  332.8109  332.8109  332.8109  332.8109  332.8109  332.8109  332.8109  332.8109
  332.8109  332.8109  332.8109  332.8109  332.8109  332.8109  332.8109  332.8109
  332.8109  332.8109  332.8109  332.8109  332.8109  332.8109  332.8109  332.8109
  332.8109  332.8109  332.8109  332.8109  332.8109
   INLET ABSOLUTE TANGENTIAL VELOCITY 
    0.0000    0.0000    0.0000    0.0000    0.0000    0.0000    0.0000    0.0000
    0.0000    0.0000    0.0000    0.0000    0.0000    0.0000    0.0000    0.0000
    0.0000    0.0000    0.0000    0.0000    0.0000    0.0000    0.0000    0.0000
    0.0000    0.0000    0.0000    0.0000    0.0000    0.0000    0.0000    0.0000
    0.0000    0.0000    0.0000    0.0000    0.0000
   INLET MERIDIONAL VELOCITY 
  180.9428  180.9428  180.9428  180.9428  180.9427  180.9428  180.9428  180.9428
  180.9427  180.9427  180.9428  180.9428  180.9428  180.9428  180.9428  180.9428
  180.9428  180.9428  180.9428  180.9428  180.9428  180.9428  180.9428  180.9428
  180.9428  180.9428  180.9428  180.9428  180.9427  180.9428  180.9428  180.9428
  180.9428  180.9428  180.9428  180.9428  180.9428
   INLET MERIDIONAL YAW ANGLE  
  -13.2405  -13.2405  -13.2405  -13.2405  -13.2405  -13.2405  -13.2405  -13.2405
  -13.2405  -13.2405  -13.2405  -13.2405  -13.2405  -13.2405  -13.2405  -13.2405
  -13.2405  -13.2405  -13.2405  -13.2405  -13.2405  -13.2405  -13.2405  -13.2405
  -13.2405  -13.2405  -13.2405  -13.2405  -13.2405  -13.2405  -13.2405  -13.2405
  -13.2405  -13.2405  -13.2405  -13.2405  -13.2405
   INLET PITCH ANGLE 
   -0.3049   -0.3031   -0.3009   -0.2981   -0.2946   -0.2902   -0.2848   -0.2779
   -0.2694   -0.2587   -0.2454   -0.2288   -0.2079   -0.1819   -0.1494   -0.1136
   -0.0778   -0.0420   -0.0063    0.0295    0.0653    0.1011    0.1368    0.1694
    0.1954    0.2162    0.2329    0.2462    0.2569    0.2654    0.2722    0.2777
    0.2820    0.2855    0.2883    0.2906    0.2924
   PDOWN_HUB   PDOWN_TIP 
 1226359.4 1226359.4
 MIXING LENGTH LIMITS ON ALL BLADE ROWS
  0.020000  0.030000  0.040000  0.050000  1.000000  0.500000
  0.020000  0.030000  0.040000  0.050000  1.000000  0.500000
  FACTOR TO INCREASE THE TURBULENT VISCOSITY OVER THE FIRST NMIXUP STEPS 
   2.00000 1000
