  BLADE PROFILES IN CARTESIAN COORDINATES (2D) BEFORE   PROJECTION, SCALING, MESHING AND STACKING 
  VARIABLES = "X", "YSS", "YPS" 
  BLADE           1  SECTION           1
    0.000000   -0.010333   -0.010333
    0.000062   -0.008973   -0.014136
    0.000249   -0.006362   -0.016779
    0.000561   -0.003832   -0.019309
    0.000997   -0.001393   -0.021633
    0.001557    0.000936   -0.023585
    0.002241    0.003139   -0.025428
    0.003050    0.005219   -0.027289
    0.003982    0.007174   -0.029155
    0.005038    0.009011   -0.030969
    0.006218    0.010741   -0.032823
    0.007520    0.012396   -0.034803
    0.008945    0.013984   -0.036922
    0.010493    0.015529   -0.039174
    0.012162    0.017022   -0.041564
    0.013954    0.018483   -0.044083
    0.015866    0.019901   -0.046732
    0.017899    0.021292   -0.049505
    0.020052    0.022637   -0.052397
    0.022325    0.023944   -0.055405
    0.024716    0.025191   -0.058523
    0.027226    0.026353   -0.061747
    0.029854    0.027422   -0.065071
    0.032600    0.028370   -0.068490
    0.035461    0.029164   -0.072000
    0.038439    0.029784   -0.075596
    0.041531    0.030231   -0.079273
    0.044738    0.030561   -0.083025
    0.048058    0.030862   -0.086847
    0.051491    0.031164   -0.090735
    0.055036    0.031458   -0.094682
    0.058691    0.031747   -0.098692
    0.062456    0.032029   -0.102772
    0.066331    0.032307   -0.106868
    0.070314    0.032579   -0.111003
    0.074403    0.032847   -0.115172
    0.078599    0.033112   -0.119368
    0.082900    0.033375   -0.123581
    0.087305    0.033636   -0.127810
    0.091812    0.033896   -0.132049
    0.096421    0.034157   -0.136294
    0.101131    0.034419   -0.140538
    0.105941    0.034683   -0.144776
    0.110848    0.034952   -0.149002
    0.115853    0.035226   -0.153212
    0.120953    0.035506   -0.157399
    0.126148    0.035794   -0.161572
    0.131435    0.036090   -0.165741
    0.136815    0.036396   -0.169832
    0.142285    0.036714   -0.173866
    0.147845    0.037044   -0.177847
    0.153492    0.037395   -0.181773
    0.159225    0.037756   -0.185639
    0.165044    0.038135   -0.189441
    0.170946    0.038532   -0.193189
    0.176930    0.038949   -0.196900
    0.182994    0.039388   -0.200468
    0.189138    0.039860   -0.203938
    0.195358    0.040348   -0.207319
    0.201655    0.040862   -0.210607
    0.208026    0.041402   -0.213815
    0.214470    0.041986   -0.216963
    0.220986    0.042589   -0.219920
    0.227570    0.043223   -0.222757
    0.234223    0.043894   -0.225480
    0.240941    0.044612   -0.228107
    0.247725    0.045353   -0.230652
    0.254571    0.046135   -0.232977
    0.261478    0.046970   -0.235162
    0.268445    0.047830   -0.237215
    0.275470    0.048753   -0.239150
    0.282550    0.049702   -0.240988
    0.289685    0.050697   -0.242574
    0.296872    0.051758   -0.244013
    0.304110    0.052845   -0.245331
    0.311396    0.054008   -0.246540
    0.318730    0.055197   -0.247482
    0.326109    0.056462   -0.248257
    0.333531    0.057758   -0.248907
    0.340994    0.059111   -0.249426
    0.348497    0.060538   -0.249690
    0.356038    0.061999   -0.249758
    0.363615    0.063545   -0.249662
    0.371226    0.065122   -0.249415
    0.378869    0.066788   -0.249035
    0.386542    0.068486   -0.248370
    0.394243    0.070246   -0.247528
    0.401971    0.072095   -0.246536
    0.409723    0.073978   -0.245418
    0.417498    0.075929   -0.243990
    0.425293    0.077966   -0.242382
    0.433107    0.080039   -0.240630
    0.440937    0.082179   -0.238726
    0.448783    0.084413   -0.236562
    0.456641    0.086681   -0.234177
    0.464509    0.089012   -0.231613
    0.472387    0.091415   -0.228900
    0.480272    0.093909   -0.226038
    0.488161    0.096439   -0.222918
    0.496053    0.099033   -0.219580
    0.503947    0.101689   -0.216063
    0.511839    0.104411   -0.212368
    0.519729    0.107208   -0.208519
    0.527613    0.110087   -0.204536
    0.535491    0.113002   -0.200294
    0.543360    0.115979   -0.195853
    0.551217    0.119017   -0.191240
    0.559063    0.122116   -0.186456
    0.566893    0.125275   -0.181502
    0.574707    0.128494   -0.176408
    0.582502    0.131770   -0.171185
    0.590277    0.135104   -0.165735
    0.598029    0.138496   -0.160120
    0.605757    0.141944   -0.154333
    0.613458    0.145445   -0.148393
    0.621131    0.148999   -0.142303
    0.628774    0.152604   -0.136068
    0.636385    0.156258   -0.129690
    0.643962    0.159960   -0.123173
    0.651503    0.163708   -0.116520
    0.659006    0.167502   -0.109737
    0.666469    0.171338   -0.102827
    0.673891    0.175215   -0.095794
    0.681270    0.179132   -0.088644
    0.688604    0.183087   -0.081380
    0.695890    0.187079   -0.074009
    0.703128    0.191105   -0.066534
    0.710315    0.195162   -0.058962
    0.717450    0.199248   -0.051297
    0.724530    0.203361   -0.043544
    0.731555    0.207499   -0.035710
    0.738522    0.211660   -0.027799
    0.745429    0.215841   -0.019817
    0.752275    0.220039   -0.011771
    0.759059    0.224253   -0.003666
    0.765777    0.228480    0.004493
    0.772430    0.232707    0.012698
    0.779015    0.236936    0.020945
    0.785530    0.241187    0.029227
    0.791974    0.245440    0.037538
    0.798345    0.249693    0.045872
    0.804642    0.253944    0.054222
    0.810863    0.258191    0.062583
    0.817006    0.262432    0.070949
    0.823070    0.266663    0.079319
    0.829054    0.270880    0.087679
    0.834956    0.275082    0.096025
    0.840775    0.279264    0.104350
    0.846508    0.283425    0.112647
    0.852155    0.287562    0.120931
    0.857715    0.291663    0.129177
    0.863185    0.295733    0.137353
    0.868565    0.299781    0.145476
    0.873852    0.303794    0.153540
    0.879047    0.307769    0.161539
    0.884147    0.311704    0.169467
    0.889152    0.315595    0.177319
    0.894059    0.319441    0.185091
    0.898869    0.323238    0.192773
    0.903579    0.326985    0.200361
    0.908188    0.330678    0.207846
    0.912695    0.334315    0.215225
    0.917100    0.337892    0.222490
    0.921401    0.341408    0.229637
    0.925597    0.344859    0.236674
    0.929686    0.348244    0.243576
    0.933669    0.351560    0.250332
    0.937544    0.354805    0.256948
    0.941309    0.357976    0.263419
    0.944965    0.361071    0.269739
    0.948509    0.364088    0.275904
    0.951942    0.367024    0.281909
    0.955262    0.369877    0.287749
    0.958469    0.372647    0.293419
    0.961561    0.375330    0.298914
    0.964539    0.377924    0.304231
    0.967400    0.380427    0.309364
    0.970146    0.382837    0.314310
    0.972774    0.385008    0.319064
    0.975284    0.386565    0.323624
    0.977675    0.387712    0.327985
    0.979948    0.388554    0.332144
    0.982101    0.389152    0.336096
    0.984134    0.389540    0.339837
    0.986046    0.389742    0.343371
    0.987838    0.389770    0.346690
    0.989507    0.389637    0.349791
    0.991055    0.389346    0.352673
    0.992480    0.388902    0.355332
    0.993782    0.388324    0.357769
    0.994962    0.387579    0.359978
    0.996018    0.386690    0.361960
    0.996950    0.385654    0.363712
    0.997759    0.384481    0.365342
    0.998443    0.383178    0.366899
    0.999003    0.381755    0.368512
    0.999439    0.380221    0.370291
    0.999751    0.378576    0.372072
    0.999938    0.376740    0.373863
    1.000000    0.375566    0.375566
  BLADE PROFILES IN CARTESIAN COORDINATES (3D) 
  VARIABLES = "X", "YSS", "YPS" "R" 
  BLADE           1  SECTION           1
  -24.965521   10.378438   10.378438  649.012024
  -22.094790    8.584682    8.584682  649.009399
  -19.535233    6.985364    6.985364  649.006409
  -17.253119    5.559409    5.559409  649.003479
  -15.218382    4.288025    4.288025  649.000732
  -13.404205    3.154458    3.154458  648.997681
  -11.786679    2.143769    2.143769  648.994812
  -10.344487    1.242638    1.242638  648.992249
   -9.058621    0.439190    0.439190  648.989746
   -7.912146   -0.277164   -0.277164  648.987244
   -6.889939   -0.915865   -0.915865  648.984924
   -5.978539   -1.485332   -1.485332  648.982849
   -5.165929   -1.993069   -1.993069  648.980896
   -4.441406   -2.445767   -2.445767  648.979065
   -3.795421   -2.849393   -2.849393  648.977539
   -3.219456   -3.209266   -3.209266  648.976013
   -2.705922   -3.530130   -3.530130  648.974609
   -2.248057   -3.816212   -3.816212  648.973328
   -1.839819   -4.071285   -4.071285  648.972351
   -1.475837   -4.298707   -4.298707  648.971191
   -1.151306   -4.501477   -4.501477  648.970337
   -0.861953   -4.682267   -4.682267  648.969543
   -0.603967   -4.843459   -4.843459  648.968872
   -0.373946   -4.987179   -4.987179  648.968140
   -0.168859   -5.115320   -5.115320  648.967651
    0.014000   -5.229571   -5.229571  648.967041
    0.196857   -4.363138   -6.115884  648.966064
    0.388047   -4.072680   -6.426227  648.965088
    0.588338   -3.868440   -6.719089  648.964050
    0.798500   -3.701542   -7.013463  648.962891
    1.019302   -3.556899   -7.312424  648.961792
    1.251511   -3.430097   -7.617258  648.960571
    1.495893   -3.323606   -7.928781  648.959290
    1.753221   -3.241079   -8.247553  648.957886
    2.024257   -3.187991   -8.573922  648.956604
    2.309774   -3.157462   -8.908074  648.955017
    2.610538   -3.130970   -9.250031  648.953308
    2.927321   -3.105325   -9.600003  648.951355
    3.260884   -3.080619   -9.958712  648.949524
    3.611995   -3.056628  -10.322895  648.947754
    3.981254   -3.033118  -10.693474  648.945557
    4.368755   -3.009857  -11.068642  648.943298
    4.775386   -2.986544  -11.448138  648.941040
    5.202169   -2.962867  -11.831267  648.938354
    5.650233   -2.938303  -12.217264  648.935791
    6.120807   -2.912446  -12.605329  648.933044
    6.615234   -2.884830  -12.997066  648.929871
    7.134723   -2.854899  -13.384981  648.926758
    7.680248   -2.821722  -13.769655  648.923279
    8.253643   -2.784963  -14.150443  648.919800
    8.856957   -2.743639  -14.529014  648.916077
    9.492458   -2.696092  -14.894585  648.911926
   10.162642   -2.642141  -15.249359  648.907532
   10.870218   -2.579105  -15.594436  648.902893
   11.623774   -2.506196  -15.917618  648.897888
   12.434166   -2.418938  -16.228451  648.892395
   13.302293   -2.315476  -16.505285  648.886414
   14.227472   -2.193142  -16.751995  648.880371
   15.207477   -2.049386  -16.946238  648.873596
   16.238533   -1.880458  -17.085733  648.866211
   17.315294   -1.686079  -17.161137  648.858704
   18.420321   -1.465301  -17.155396  648.850769
   19.535936   -1.220199  -17.075739  648.843018
   20.656120   -0.950629  -16.920050  648.835022
   21.775980   -0.657121  -16.681812  648.827087
   22.891733   -0.339962  -16.368155  648.818787
   24.000731    0.000000  -15.984629  648.811096
   25.101383    0.360636  -15.524108  648.803284
   26.201122    0.747386  -14.995701  648.795471
   27.304926    1.160682  -14.389544  648.787537
   28.411896    1.600600  -13.707481  648.779846
   29.520609    2.067768  -12.956923  648.772095
   30.629040    2.562020  -12.128174  648.764465
   31.734585    3.082123  -11.229641  648.757019
   32.834202    3.626514  -10.265323  648.749634
   33.918060    4.189797   -9.245872  648.742493
   34.980053    4.767884   -8.180675  648.735596
   36.017307    5.357617   -7.077104  648.728760
   37.027477    5.955864   -5.942513  648.722534
   38.008778    6.559763   -4.783982  648.716431
   38.960003    7.165311   -3.608144  648.710815
   39.880451    7.772867   -2.420947  648.705444
   40.773529    8.381665   -1.222732  648.700195
   41.640121    8.990805   -0.015756  648.695618
   42.480183    9.598412    1.195664  648.690796
   43.293758   10.202010    2.408022  648.686646
   44.080830   10.802135    3.614969  648.682556
   44.841419   11.396297    4.815020  648.678650
   45.575485   11.983287    6.004591  648.675110
   46.283058   12.561500    7.180815  648.671875
   46.964146   13.129613    8.339114  648.668640
   47.618710   13.686304    9.476820  648.665649
   48.246780   14.230459   10.591388  648.663086
   48.848351   14.675360   11.679764  648.660522
   49.423420   14.777880   12.739065  648.658142
   49.971985   14.072181   14.071686  648.656067
   50.520580   14.838906   14.838659  648.655212
   51.100479   15.649669   15.649669  648.654114
   51.713509   16.506731   16.506731  648.652832
   52.361542   17.412733   17.412733  648.651428
   53.046593   18.370474   18.370474  648.649475
   53.770760   19.382902   19.382902  648.647217
   54.536270   20.453133   20.453133  648.644409
   55.345516   21.584473   21.584473  648.641052
   56.200974   22.780401   22.780401  648.637146
   57.105278   24.044596   24.044596  648.632080
   58.061245   25.380957   25.380957  648.626099
   59.071785   26.793596   26.793596  648.619263
   60.140049   28.286873   28.286873  648.611084
   61.269321   29.865374   29.865374  648.601746
   62.463062   31.533957   31.533957  648.591064
  BLADE PROFILES IN CARTESIAN COORDINATES (2D) BEFORE   PROJECTION, SCALING, MESHING AND STACKING 
  VARIABLES = "X", "YSS", "YPS" 
  BLADE           1  SECTION           2
    0.000000   -0.010336   -0.010336
    0.000062   -0.008969   -0.014121
    0.000249   -0.006354   -0.016767
    0.000561   -0.003824   -0.019299
    0.000997   -0.001384   -0.021625
    0.001557    0.000945   -0.023574
    0.002241    0.003148   -0.025419
    0.003050    0.005227   -0.027281
    0.003982    0.007181   -0.029147
    0.005038    0.009017   -0.030960
    0.006218    0.010746   -0.032814
    0.007520    0.012400   -0.034793
    0.008945    0.013989   -0.036911
    0.010493    0.015533   -0.039163
    0.012162    0.017026   -0.041552
    0.013954    0.018489   -0.044070
    0.015866    0.019906   -0.046717
    0.017899    0.021298   -0.049489
    0.020052    0.022643   -0.052381
    0.022325    0.023949   -0.055387
    0.024716    0.025197   -0.058504
    0.027226    0.026358   -0.061726
    0.029854    0.027428   -0.065049
    0.032600    0.028375   -0.068467
    0.035461    0.029168   -0.071976
    0.038439    0.029788   -0.075571
    0.041531    0.030234   -0.079246
    0.044738    0.030565   -0.082996
    0.048058    0.030866   -0.086817
    0.051491    0.031168   -0.090703
    0.055036    0.031464   -0.094650
    0.058691    0.031753   -0.098658
    0.062456    0.032036   -0.102736
    0.066331    0.032314   -0.106831
    0.070314    0.032586   -0.110965
    0.074403    0.032855   -0.115131
    0.078599    0.033121   -0.119325
    0.082900    0.033384   -0.123537
    0.087305    0.033646   -0.127765
    0.091812    0.033906   -0.132003
    0.096421    0.034167   -0.136246
    0.101131    0.034430   -0.140488
    0.105941    0.034694   -0.144725
    0.110848    0.034963   -0.148950
    0.115853    0.035238   -0.153158
    0.120953    0.035518   -0.157345
    0.126148    0.035806   -0.161516
    0.131435    0.036102   -0.165684
    0.136815    0.036409   -0.169774
    0.142285    0.036726   -0.173807
    0.147845    0.037057   -0.177786
    0.153492    0.037407   -0.181712
    0.159225    0.037769   -0.185577
    0.165044    0.038147   -0.189379
    0.170946    0.038544   -0.193126
    0.176930    0.038961   -0.196836
    0.182994    0.039400   -0.200403
    0.189138    0.039871   -0.203873
    0.195358    0.040359   -0.207253
    0.201655    0.040872   -0.210541
    0.208026    0.041412   -0.213749
    0.214470    0.041995   -0.216897
    0.220986    0.042598   -0.219854
    0.227570    0.043231   -0.222691
    0.234223    0.043900   -0.225414
    0.240941    0.044617   -0.228041
    0.247725    0.045357   -0.230587
    0.254571    0.046138   -0.232913
    0.261478    0.046972   -0.235098
    0.268445    0.047830   -0.237152
    0.275470    0.048752   -0.239088
    0.282550    0.049699   -0.240928
    0.289685    0.050692   -0.242515
    0.296872    0.051751   -0.243955
    0.304110    0.052837   -0.245275
    0.311396    0.053997   -0.246484
    0.318730    0.055184   -0.247429
    0.326109    0.056447   -0.248205
    0.333531    0.057741   -0.248857
    0.340994    0.059091   -0.249378
    0.348497    0.060516   -0.249645
    0.356038    0.061973   -0.249715
    0.363615    0.063517   -0.249622
    0.371226    0.065091   -0.249378
    0.378869    0.066753   -0.249002
    0.386542    0.068449   -0.248339
    0.394243    0.070205   -0.247500
    0.401971    0.072051   -0.246511
    0.409723    0.073930   -0.245396
    0.417498    0.075877   -0.243973
    0.425293    0.077910   -0.242368
    0.433107    0.079979   -0.240620
    0.440937    0.082115   -0.238719
    0.448783    0.084345   -0.236562
    0.456641    0.086609   -0.234181
    0.464509    0.088936   -0.231620
    0.472387    0.091333   -0.228912
    0.480272    0.093823   -0.226054
    0.488161    0.096348   -0.222941
    0.496053    0.098936   -0.219607
    0.503947    0.101588   -0.216096
    0.511839    0.104304   -0.212406
    0.519729    0.107095   -0.208562
    0.527613    0.109969   -0.204584
    0.535491    0.112879   -0.200350
    0.543360    0.115850   -0.195914
    0.551217    0.118883   -0.191307
    0.559063    0.121976   -0.186529
    0.566893    0.125129   -0.181582
    0.574707    0.128341   -0.176494
    0.582502    0.131612   -0.171277
    0.590277    0.134940   -0.165834
    0.598029    0.138324   -0.160227
    0.605757    0.141766   -0.154447
    0.613458    0.145260   -0.148514
    0.621131    0.148807   -0.142431
    0.628774    0.152405   -0.136203
    0.636385    0.156053   -0.129832
    0.643962    0.159748   -0.123323
    0.651503    0.163489   -0.116678
    0.659006    0.167276   -0.109902
    0.666469    0.171105   -0.103000
    0.673891    0.174975   -0.095975
    0.681270    0.178884   -0.088833
    0.688604    0.182832   -0.081577
    0.695890    0.186817   -0.074214
    0.703128    0.190835   -0.066748
    0.710315    0.194884   -0.059183
    0.717450    0.198963   -0.051527
    0.724530    0.203069   -0.043782
    0.731555    0.207199   -0.035956
    0.738522    0.211352   -0.028054
    0.745429    0.215525   -0.020081
    0.752275    0.219716   -0.012043
    0.759059    0.223922   -0.003947
    0.765777    0.228141    0.004203
    0.772430    0.232360    0.012400
    0.779015    0.236582    0.020638
    0.785530    0.240825    0.028912
    0.791974    0.245070    0.037214
    0.798345    0.249316    0.045539
    0.804642    0.253559    0.053881
    0.810863    0.257798    0.062234
    0.817006    0.262032    0.070591
    0.823070    0.266255    0.078952
    0.829054    0.270464    0.087304
    0.834956    0.274658    0.095642
    0.840775    0.278833    0.103958
    0.846508    0.282986    0.112247
    0.852155    0.287115    0.120521
    0.857715    0.291210    0.128760
    0.863185    0.295272    0.136927
    0.868565    0.299313    0.145042
    0.873852    0.303319    0.153098
    0.879047    0.307287    0.161090
    0.884147    0.311214    0.169010
    0.889152    0.315099    0.176853
    0.894059    0.318937    0.184617
    0.898869    0.322728    0.192292
    0.903579    0.326468    0.199872
    0.908188    0.330155    0.207350
    0.912695    0.333785    0.214722
    0.917100    0.337356    0.221980
    0.921401    0.340865    0.229120
    0.925597    0.344311    0.236150
    0.929686    0.347690    0.243044
    0.933669    0.351000    0.249794
    0.937544    0.354239    0.256404
    0.941309    0.357404    0.262868
    0.944965    0.360493    0.269182
    0.948509    0.363505    0.275341
    0.951942    0.366436    0.281340
    0.955262    0.369284    0.287175
    0.958469    0.372049    0.292839
    0.961561    0.374727    0.298329
    0.964539    0.377316    0.303640
    0.967400    0.379815    0.308768
    0.970146    0.382221    0.313709
    0.972774    0.384387    0.318459
    0.975284    0.385940    0.323015
    0.977675    0.387083    0.327371
    0.979948    0.387922    0.331526
    0.982101    0.388516    0.335474
    0.984134    0.388901    0.339212
    0.986046    0.389100    0.342742
    0.987838    0.389127    0.346058
    0.989507    0.388991    0.349156
    0.991055    0.388698    0.352036
    0.992480    0.388252    0.354692
    0.993782    0.387673    0.357126
    0.994962    0.386926    0.359334
    0.996018    0.386035    0.361313
    0.996950    0.384999    0.363064
    0.997759    0.383825    0.364692
    0.998443    0.382521    0.366247
    0.999003    0.381098    0.367858
    0.999439    0.379564    0.369636
    0.999751    0.377919    0.371416
    0.999938    0.376085    0.373205
    1.000000    0.374911    0.374911
  BLADE PROFILES IN CARTESIAN COORDINATES (3D) 
  VARIABLES = "X", "YSS", "YPS" "R" 
  BLADE           1  SECTION           2
  -25.006214   10.382071   10.382071  649.437988
  -22.133123    8.588038    8.588038  649.437988
  -19.571465    6.988473    6.988473  649.437988
  -17.287479    5.562295    5.562295  649.437988
  -15.251069    4.290709    4.290709  649.437988
  -13.435400    3.156959    3.156959  649.438049
  -11.816545    2.146104    2.146104  649.437988
  -10.373167    1.244822    1.244822  649.438110
   -9.086246    0.441235    0.441235  649.437988
   -7.938820   -0.275244   -0.275244  649.438049
   -6.915771   -0.914060   -0.914060  649.438049
   -6.003620   -1.483631   -1.483631  649.438049
   -5.190344   -1.991462   -1.991462  649.438049
   -4.465220   -2.444247   -2.444247  649.437988
   -3.818700   -2.847950   -2.847950  649.438049
   -3.242264   -3.207895   -3.207895  649.438049
   -2.728307   -3.528822   -3.528822  649.438110
   -2.270060   -3.814961   -3.814961  649.438049
   -1.861488   -4.070085   -4.070085  649.438049
   -1.497203   -4.297554   -4.297554  649.438049
   -1.172407   -4.500365   -4.500365  649.438110
   -0.882817   -4.681193   -4.681193  649.437988
   -0.624614   -4.842420   -4.842420  649.438049
   -0.394402   -4.986170   -4.986170  649.438049
   -0.189146   -5.114339   -5.114339  649.438049
   -0.006137   -5.228614   -5.228614  649.437988
    0.176871   -4.361512   -6.115685  649.438171
    0.368221   -4.070961   -6.426204  649.438049
    0.568682   -3.866576   -6.719203  649.438049
    0.779020   -3.699503   -7.013704  649.437988
    1.000008   -3.554744   -7.312800  649.438110
    1.232410   -3.427841   -7.617771  649.438049
    1.476997   -3.321281   -7.929437  649.438049
    1.734537   -3.238724   -8.248349  649.438110
    2.005803   -3.185662   -8.574869  649.438049
    2.291559   -3.155105   -8.909176  649.437988
    2.592577   -3.128546   -9.251291  649.437988
    2.909622   -3.102838   -9.601421  649.438049
    3.243468   -3.078074   -9.960303  649.437988
    3.594878   -3.054025  -10.324663  649.438049
    3.964447   -3.030460  -10.695414  649.438110
    4.352269   -3.007149  -11.070770  649.438049
    4.759243   -2.983787  -11.450462  649.438049
    5.186386   -2.960068  -11.833795  649.438049
    5.634825   -2.935464  -12.219999  649.438049
    6.105790   -2.909573  -12.608276  649.438049
    6.600641   -2.881928  -13.000240  649.437988
    7.120559   -2.851976  -13.388377  649.438049
    7.666547   -2.818783  -13.773291  649.438049
    8.240424   -2.782022  -14.154329  649.438049
    8.844249   -2.740702  -14.533155  649.438049
    9.480285   -2.693172  -14.898992  649.438049
   10.151031   -2.639248  -15.254044  649.438110
   10.859210   -2.576254  -15.599404  649.438049
   11.613397   -2.503406  -15.922891  649.437927
   12.424479   -2.416228  -16.234034  649.438049
   13.293324   -2.312868  -16.511217  649.437927
   14.219286   -2.190665  -16.758308  649.438049
   15.200129   -2.047058  -16.952892  649.437927
   16.232050   -1.878325  -17.092768  649.437988
   17.309727   -1.684169  -17.168564  649.437988
   18.415688   -1.463635  -17.163189  649.437927
   19.532236   -1.218834  -17.083933  649.438110
   20.653372   -0.949567  -16.928602  649.437866
   21.774172   -0.656388  -16.690742  649.438110
   22.890882   -0.339573  -16.377468  649.438049
   24.000792    0.000000  -15.994234  649.437927
   25.102390    0.360257  -15.534101  649.438049
   26.203053    0.746563  -15.005985  649.438049
   27.307810    1.159436  -14.400199  649.437805
   28.415726    1.598900  -13.718423  649.437988
   29.525349    2.065587  -12.968144  649.438171
   30.634682    2.559315  -12.139746  649.437927
   31.741194    3.078900  -11.241487  649.438049
   32.841736    3.622755  -10.277435  649.438049
   33.926487    4.185493   -9.258248  649.438110
   34.989395    4.763038   -8.193303  649.437805
   36.027508    5.352211   -7.089980  649.437988
   37.038544    5.949905   -5.955615  649.437927
   38.020657    6.553243   -4.797314  649.437805
   38.972683    7.158238   -3.621681  649.437927
   39.893902    7.765244   -2.434684  649.438049
   40.787727    8.373509   -1.236643  649.438110
   41.655041    8.982103   -0.029849  649.437927
   42.495808    9.589175    1.181397  649.437927
   43.310070   10.192253    2.393600  649.438049
   44.097805   10.791857    3.600395  649.437866
   44.859013   11.385506    4.800300  649.438049
   45.593693   11.971992    5.989724  649.437988
   46.301857   12.549713    7.165821  649.437988
   46.983501   13.117346    8.323990  649.437927
   47.638618   13.673570    9.461587  649.437988
   48.267216   14.217269   10.576028  649.438049
   48.869289   14.661585   11.664300  649.437988
   49.444832   14.763407   12.723493  649.438049
   49.993858   14.056739   14.056243  649.437988
   50.542877   14.823166   14.822918  649.438049
   51.123253   15.633624   15.633624  649.438110
   51.736786   16.490372   16.490372  649.437988
   52.385361   17.396048   17.396048  649.438049
   53.070969   18.353447   18.353447  649.438110
   53.795734   19.365530   19.365530  649.438110
   54.561890   20.435411   20.435411  649.437988
   55.371807   21.566402   21.566402  649.438049
   56.227974   22.761978   22.761978  649.438110
   57.133049   24.025839   24.025839  649.438049
   58.089802   25.361877   25.361877  649.438049
   59.101200   26.774225   26.774225  649.437988
   60.170368   28.267233   28.267233  649.438049
   61.300598   29.845512   29.845512  649.438049
   62.495373   31.513926   31.513926  649.438049
  BLADE PROFILES IN CARTESIAN COORDINATES (2D) BEFORE   PROJECTION, SCALING, MESHING AND STACKING 
  VARIABLES = "X", "YSS", "YPS" 
  BLADE           1  SECTION           3
    0.000000   -0.010338   -0.010338
    0.000062   -0.008964   -0.014107
    0.000249   -0.006347   -0.016755
    0.000561   -0.003815   -0.019289
    0.000997   -0.001375   -0.021617
    0.001557    0.000954   -0.023564
    0.002241    0.003156   -0.025411
    0.003050    0.005235   -0.027273
    0.003982    0.007189   -0.029139
    0.005038    0.009023   -0.030951
    0.006218    0.010752   -0.032805
    0.007520    0.012405   -0.034783
    0.008945    0.013994   -0.036901
    0.010493    0.015538   -0.039151
    0.012162    0.017031   -0.041540
    0.013954    0.018494   -0.044057
    0.015866    0.019912   -0.046703
    0.017899    0.021303   -0.049474
    0.020052    0.022649   -0.052364
    0.022325    0.023955   -0.055370
    0.024716    0.025203   -0.058485
    0.027226    0.026364   -0.061706
    0.029854    0.027433   -0.065027
    0.032600    0.028380   -0.068444
    0.035461    0.029173   -0.071952
    0.038439    0.029792   -0.075545
    0.041531    0.030237   -0.079219
    0.044738    0.030569   -0.082968
    0.048058    0.030870   -0.086787
    0.051491    0.031173   -0.090672
    0.055036    0.031469   -0.094617
    0.058691    0.031759   -0.098623
    0.062456    0.032042   -0.102700
    0.066331    0.032321   -0.106793
    0.070314    0.032594   -0.110926
    0.074403    0.032864   -0.115091
    0.078599    0.033130   -0.119283
    0.082900    0.033393   -0.123493
    0.087305    0.033655   -0.127719
    0.091812    0.033917   -0.131956
    0.096421    0.034178   -0.136198
    0.101131    0.034441   -0.140439
    0.105941    0.034705   -0.144674
    0.110848    0.034975   -0.148898
    0.115853    0.035250   -0.153105
    0.120953    0.035530   -0.157290
    0.126148    0.035818   -0.161460
    0.131435    0.036115   -0.165627
    0.136815    0.036422   -0.169716
    0.142285    0.036739   -0.173747
    0.147845    0.037070   -0.177726
    0.153492    0.037420   -0.181650
    0.159225    0.037782   -0.185515
    0.165044    0.038160   -0.189316
    0.170946    0.038557   -0.193062
    0.176930    0.038973   -0.196771
    0.182994    0.039412   -0.200339
    0.189138    0.039883   -0.203807
    0.195358    0.040370   -0.207187
    0.201655    0.040883   -0.210475
    0.208026    0.041422   -0.213683
    0.214470    0.042005   -0.216830
    0.220986    0.042606   -0.219788
    0.227570    0.043239   -0.222625
    0.234223    0.043907   -0.225348
    0.240941    0.044623   -0.227976
    0.247725    0.045362   -0.230521
    0.254571    0.046141   -0.232849
    0.261478    0.046974   -0.235034
    0.268445    0.047831   -0.237089
    0.275470    0.048751   -0.239026
    0.282550    0.049697   -0.240868
    0.289685    0.050688   -0.242455
    0.296872    0.051746   -0.243896
    0.304110    0.052829   -0.245217
    0.311396    0.053987   -0.246428
    0.318730    0.055172   -0.247376
    0.326109    0.056433   -0.248153
    0.333531    0.057724   -0.248807
    0.340994    0.059072   -0.249330
    0.348497    0.060494   -0.249600
    0.356038    0.061948   -0.249673
    0.363615    0.063490   -0.249581
    0.371226    0.065061   -0.249340
    0.378869    0.066720   -0.248968
    0.386542    0.068412   -0.248307
    0.394243    0.070164   -0.247471
    0.401971    0.072007   -0.246486
    0.409723    0.073883   -0.245373
    0.417498    0.075825   -0.243956
    0.425293    0.077855   -0.242354
    0.433107    0.079920   -0.240575
    0.440937    0.082051   -0.238633
    0.448783    0.084277   -0.236555
    0.456641    0.086538   -0.234183
    0.464509    0.088860   -0.231627
    0.472387    0.091252   -0.228924
    0.480272    0.093737   -0.226070
    0.488161    0.096258   -0.222963
    0.496053    0.098841   -0.219634
    0.503947    0.101488   -0.216127
    0.511839    0.104199   -0.212442
    0.519729    0.106984   -0.208605
    0.527613    0.109853   -0.204632
    0.535491    0.112757   -0.200405
    0.543360    0.115723   -0.195975
    0.551217    0.118749   -0.191373
    0.559063    0.121837   -0.186601
    0.566893    0.124984   -0.181660
    0.574707    0.128190   -0.176580
    0.582502    0.131454   -0.171368
    0.590277    0.134776   -0.165931
    0.598029    0.138154   -0.160333
    0.605757    0.141589   -0.154560
    0.613458    0.145077   -0.148634
    0.621131    0.148617   -0.142559
    0.628774    0.152208   -0.136337
    0.636385    0.155849   -0.129974
    0.643962    0.159537   -0.123472
    0.651503    0.163272   -0.116834
    0.659006    0.167051   -0.110066
    0.666469    0.170873   -0.103172
    0.673891    0.174736   -0.096155
    0.681270    0.178638   -0.089021
    0.688604    0.182579   -0.081773
    0.695890    0.186556   -0.074418
    0.703128    0.190566   -0.066960
    0.710315    0.194608   -0.059404
    0.717450    0.198679   -0.051755
    0.724530    0.202777   -0.044019
    0.731555    0.206900   -0.036202
    0.738522    0.211045   -0.028308
    0.745429    0.215211   -0.020343
    0.752275    0.219394   -0.012314
    0.759059    0.223592   -0.004226
    0.765777    0.227803    0.003915
    0.772430    0.232016    0.012104
    0.779015    0.236229    0.020333
    0.785530    0.240464    0.028598
    0.791974    0.244702    0.036892
    0.798345    0.248940    0.045208
    0.804642    0.253175    0.053541
    0.810863    0.257407    0.061885
    0.817006    0.261633    0.070235
    0.823070    0.265848    0.078587
    0.829054    0.270050    0.086930
    0.834956    0.274236    0.095260
    0.840775    0.278404    0.103567
    0.846508    0.282549    0.111848
    0.852155    0.286671    0.120114
    0.857715    0.290758    0.128344
    0.863185    0.294813    0.136503
    0.868565    0.298847    0.144610
    0.873852    0.302846    0.152658
    0.879047    0.306806    0.160642
    0.884147    0.310727    0.168554
    0.889152    0.314604    0.176389
    0.894059    0.318436    0.184146
    0.898869    0.322220    0.191813
    0.903579    0.325953    0.199386
    0.908188    0.329633    0.206856
    0.912695    0.333257    0.214220
    0.917100    0.336821    0.221472
    0.921401    0.340325    0.228604
    0.925597    0.343764    0.235628
    0.929686    0.347137    0.242515
    0.933669    0.350441    0.249258
    0.937544    0.353674    0.255862
    0.941309    0.356834    0.262320
    0.944965    0.359918    0.268627
    0.948509    0.362924    0.274780
    0.951942    0.365849    0.280774
    0.955262    0.368693    0.286602
    0.958469    0.371453    0.292261
    0.961561    0.374126    0.297746
    0.964539    0.376711    0.303052
    0.967400    0.379205    0.308175
    0.970146    0.381607    0.313111
    0.972774    0.383769    0.317857
    0.975284    0.385317    0.322407
    0.977675    0.386456    0.326760
    0.979948    0.387291    0.330911
    0.982101    0.387883    0.334855
    0.984134    0.388265    0.338589
    0.986046    0.388461    0.342116
    0.987838    0.388485    0.345428
    0.989507    0.388347    0.348524
    0.991055    0.388052    0.351400
    0.992480    0.387603    0.354054
    0.993782    0.387023    0.356486
    0.994962    0.386275    0.358691
    0.996018    0.385383    0.360669
    0.996950    0.384346    0.362417
    0.997759    0.383171    0.364044
    0.998443    0.381867    0.365597
    0.999003    0.380443    0.367209
    0.999439    0.378908    0.368985
    0.999751    0.377263    0.370763
    0.999938    0.375429    0.372548
    1.000000    0.374259    0.374259
  BLADE PROFILES IN CARTESIAN COORDINATES (3D) 
  VARIABLES = "X", "YSS", "YPS" "R" 
  BLADE           1  SECTION           3
  -25.048746   10.386190   10.386190  649.863953
  -22.173126    8.591785    8.591785  649.866760
  -19.609217    6.991888    6.991888  649.869690
  -17.323221    5.565410    5.565410  649.872742
  -15.285020    4.293554    4.293554  649.875671
  -13.467760    3.159562    3.159562  649.878662
  -11.847480    2.148485    2.148485  649.881592
  -10.402833    1.247003    1.247003  649.884399
   -9.114786    0.443236    0.443236  649.887024
   -7.966357   -0.273409   -0.273409  649.889526
   -6.942411   -0.912374   -0.912374  649.891724
   -6.029459   -1.482081   -1.482081  649.893982
   -5.215469   -1.990034   -1.990034  649.895935
   -4.489713   -2.442928   -2.442928  649.897644
   -3.842626   -2.846732   -2.846732  649.899353
   -3.265682   -3.206766   -3.206766  649.900879
   -2.751276   -3.527774   -3.527774  649.902100
   -2.292632   -3.813987   -3.813987  649.903503
   -1.883701   -4.069175   -4.069175  649.904602
   -1.519098   -4.296703   -4.296703  649.905640
   -1.194015   -4.499568   -4.499568  649.906494
   -0.904170   -4.680443   -4.680443  649.907288
   -0.645744   -4.841711   -4.841711  649.908142
   -0.415333   -4.985499   -4.985499  649.908752
   -0.209895   -5.113701   -5.113701  649.909302
   -0.026727   -5.228007   -5.228007  649.909973
    0.156439   -4.360182   -6.115889  649.910706
    0.347953   -4.069524   -6.426603  649.911743
    0.548586   -3.864978   -6.719757  649.912903
    0.759107   -3.697722   -7.014400  649.914062
    0.980285   -3.552835   -7.313646  649.914978
    1.212889   -3.425822   -7.618773  649.916321
    1.457688   -3.319185   -7.930594  649.917603
    1.715452   -3.236593   -8.249672  649.919006
    1.986951   -3.183552   -8.576357  649.920410
    2.272955   -3.152963   -8.910836  649.921875
    2.574229   -3.126338   -9.253129  649.923584
    2.891548   -3.100565   -9.603440  649.925354
    3.225681   -3.075739   -9.962517  649.927246
    3.577394   -3.051631  -10.327075  649.929199
    3.947278   -3.028008  -10.698015  649.931396
    4.335438   -3.004642  -11.073582  649.933594
    4.742762   -2.981233  -11.453490  649.935913
    5.170272   -2.957466  -11.837044  649.938416
    5.619095   -2.932821  -12.223480  649.941101
    6.090475   -2.906893  -12.611997  649.944031
    6.585742   -2.879215  -13.004204  649.946838
    7.106109   -2.849238  -13.392585  649.950012
    7.652564   -2.816029  -13.777761  649.953491
    8.226940   -2.779258  -14.159066  649.956909
    8.831276   -2.737939  -14.538173  649.960876
    9.467860   -2.690421  -14.904295  649.964905
   10.139182   -2.636521  -15.259641  649.969238
   10.847971   -2.573566  -15.605310  649.973877
   11.602812   -2.500771  -15.929114  649.978943
   12.414578   -2.413664  -16.240585  649.984253
   13.284173   -2.310399  -16.518126  649.990295
   14.210920   -2.188319  -16.765617  649.996460
   15.192602   -2.044856  -16.960550  650.003296
   16.225409   -1.876306  -17.100821  650.010315
   17.304018   -1.682360  -17.177010  650.018005
   18.410910   -1.462055  -17.172001  650.025879
   19.528423   -1.217538  -17.093142  650.033569
   20.650517   -0.948559  -16.938156  650.041504
   21.772280   -0.655692  -16.697964  650.049561
   22.889946   -0.339205  -16.387766  650.057556
   24.000805    0.000000  -16.004782  650.065308
   25.103338    0.359899  -15.545015  650.073242
   26.204958    0.745784  -15.017160  650.080872
   27.310654    1.158258  -14.411705  650.088623
   28.419510    1.597293  -13.730176  650.096680
   29.530100    2.063529  -12.980130  650.104187
   30.640394    2.556764  -12.152033  650.112000
   31.747841    3.075859  -11.253992  650.119263
   32.849312    3.619214  -10.290155  650.126709
   33.935017    4.181435   -9.271173  650.133667
   34.998817    4.758478   -8.206418  650.140503
   36.037842    5.347126   -7.103274  650.147278
   37.049736    5.944293   -5.969079  650.153625
   38.032696    6.547109   -4.810927  650.159668
   38.985535    7.151590   -3.635435  650.165222
   39.907558    7.758087   -2.448559  650.170776
   40.802166    8.365844   -1.250621  650.175720
   41.670200    8.973933   -0.043941  650.180603
   42.511719    9.580515    1.167218  650.185242
   43.326672   10.183095    2.379325  650.189514
   44.115093   10.782215    3.586038  650.193420
   44.876945   11.375389    4.785864  650.197327
   45.612282   11.961409    5.975227  650.200867
   46.321053   12.538670    7.151256  650.204285
   47.003284   13.105845    8.309368  650.207397
   47.658974   13.661636    9.446904  650.210388
   48.288109   14.204905   10.561302  650.213013
   48.890709   14.648673   11.649523  650.215637
   49.466759   14.749785   12.708675  650.217896
   50.016266   14.042103   14.041606  650.219910
   50.565777   14.808281   14.808034  650.220764
   51.146671   15.618484   15.618484  650.221802
   51.760735   16.474958   16.474958  650.223083
   52.409882   17.380362   17.380362  650.224609
   53.096085   18.337481   18.337481  650.226562
   53.821480   19.349276   19.349276  650.228882
   54.588310   20.418871   20.418871  650.231567
   55.398930   21.549570   21.549570  650.234924
   56.255836   22.744865   22.744865  650.238892
   57.161694   24.008467   24.008467  650.243896
   58.119274   25.344267   25.344267  650.249817
   59.131542   26.756399   26.756399  650.256775
   60.201618   28.249231   28.249231  650.264893
   61.332794   29.827375   29.827375  650.274292
   62.528580   31.495720   31.495720  650.285034
  BLADE PROFILES IN CARTESIAN COORDINATES (2D) BEFORE   PROJECTION, SCALING, MESHING AND STACKING 
  VARIABLES = "X", "YSS", "YPS" 
  BLADE           2  SECTION           1
    0.000000    0.018147    0.018147
    0.000062    0.019357    0.013704
    0.000249    0.021859    0.010465
    0.000561    0.023626    0.007259
    0.000997    0.025458    0.004099
    0.001557    0.027387    0.001017
    0.002241    0.029140   -0.001939
    0.003050    0.030968   -0.004715
    0.003982    0.032860   -0.007266
    0.005038    0.034743   -0.009629
    0.006218    0.036750   -0.011883
    0.007520    0.038899   -0.013896
    0.008945    0.041186   -0.015759
    0.010493    0.043601   -0.017565
    0.012162    0.046130   -0.019270
    0.013954    0.048772   -0.020901
    0.015866    0.051525   -0.022498
    0.017899    0.054403   -0.024025
    0.020052    0.057375   -0.025527
    0.022325    0.060425   -0.026955
    0.024716    0.063562   -0.028345
    0.027226    0.066783   -0.029655
    0.029854    0.070081   -0.030840
    0.032600    0.073452   -0.031912
    0.035461    0.076890   -0.032812
    0.038439    0.080391   -0.033496
    0.041531    0.083945   -0.033942
    0.044738    0.087551   -0.034182
    0.048058    0.091204   -0.034330
    0.051491    0.094901   -0.034440
    0.055036    0.098634   -0.034519
    0.058691    0.102401   -0.034567
    0.062456    0.106195   -0.034587
    0.066331    0.110012   -0.034575
    0.070314    0.113846   -0.034535
    0.074403    0.117709   -0.034479
    0.078599    0.121596   -0.034400
    0.082900    0.125456   -0.034298
    0.087305    0.129314   -0.034176
    0.091812    0.133164   -0.034034
    0.096421    0.136993   -0.033874
    0.101131    0.140805   -0.033696
    0.105941    0.144594   -0.033504
    0.110848    0.148358   -0.033303
    0.115853    0.152090   -0.033092
    0.120953    0.155787   -0.032872
    0.126148    0.159457   -0.032646
    0.131435    0.163111   -0.032415
    0.136815    0.166673   -0.032183
    0.142285    0.170163   -0.031952
    0.147845    0.173593   -0.031723
    0.153492    0.176960   -0.031497
    0.159225    0.180259   -0.031277
    0.165044    0.183504   -0.031067
    0.170946    0.186701   -0.030870
    0.176930    0.189770   -0.030691
    0.182994    0.192731   -0.030521
    0.189138    0.195602   -0.030368
    0.195358    0.198382   -0.030239
    0.201655    0.201086   -0.030142
    0.208026    0.203719   -0.030059
    0.214470    0.206192   -0.030002
    0.220986    0.208531   -0.029979
    0.227570    0.210759   -0.030001
    0.234223    0.212902   -0.030041
    0.240941    0.214946   -0.030118
    0.247725    0.216826   -0.030255
    0.254571    0.218539   -0.030414
    0.261478    0.220126   -0.030613
    0.268445    0.221614   -0.030870
    0.275470    0.222988   -0.031181
    0.282550    0.224179   -0.031524
    0.289685    0.225186   -0.031949
    0.296872    0.226055   -0.032402
    0.304110    0.226810   -0.032909
    0.311396    0.227444   -0.033504
    0.318730    0.227869   -0.034130
    0.326109    0.228105   -0.034821
    0.333531    0.228192   -0.035602
    0.340994    0.228153   -0.036419
    0.348497    0.227990   -0.037310
    0.356038    0.227592   -0.038293
    0.363615    0.227007   -0.039316
    0.371226    0.226264   -0.040420
    0.378869    0.225386   -0.041620
    0.386542    0.224380   -0.042863
    0.394243    0.223128   -0.044188
    0.401971    0.221687   -0.045621
    0.409723    0.220082   -0.047098
    0.417498    0.218340   -0.048650
    0.425293    0.216461   -0.050297
    0.433107    0.214349   -0.052047
    0.440937    0.212035   -0.053846
    0.448783    0.209553   -0.055724
    0.456641    0.206906   -0.057688
    0.464509    0.204115   -0.059750
    0.472387    0.201193   -0.061912
    0.480272    0.198036   -0.064127
    0.488161    0.194685   -0.066425
    0.496053    0.191169   -0.068805
    0.503947    0.187489   -0.071272
    0.511839    0.183645   -0.073827
    0.519729    0.179662   -0.076475
    0.527613    0.175554   -0.079226
    0.535491    0.171226   -0.082028
    0.543360    0.166725   -0.084912
    0.551217    0.162060   -0.087877
    0.559063    0.157241   -0.090923
    0.566893    0.152271   -0.094049
    0.574707    0.147151   -0.097253
    0.582502    0.141885   -0.100536
    0.590277    0.136474   -0.103896
    0.598029    0.130948   -0.107332
    0.605757    0.125308   -0.110842
    0.613458    0.119480   -0.114426
    0.621131    0.113520   -0.118081
    0.628774    0.107430   -0.121806
    0.636385    0.101214   -0.125600
    0.643962    0.094877   -0.129460
    0.651503    0.088421   -0.133385
    0.659006    0.081851   -0.137373
    0.666469    0.075170   -0.141422
    0.673891    0.068382   -0.145529
    0.681270    0.061493   -0.149693
    0.688604    0.054508   -0.153910
    0.695890    0.047432   -0.158180
    0.703128    0.040267   -0.162499
    0.710315    0.033021   -0.166864
    0.717450    0.025696   -0.171273
    0.724530    0.018296   -0.175725
    0.731555    0.010829   -0.180214
    0.738522    0.003298   -0.184740
    0.745429   -0.004291   -0.189299
    0.752275   -0.011932   -0.193889
    0.759059   -0.019621   -0.198506
    0.765777   -0.027352   -0.203133
    0.772430   -0.035119   -0.207776
    0.779015   -0.042918   -0.212458
    0.785530   -0.050741   -0.217154
    0.791974   -0.058585   -0.221863
    0.798345   -0.066465   -0.226581
    0.804642   -0.074360   -0.231304
    0.810863   -0.082230   -0.236030
    0.817006   -0.090096   -0.240755
    0.823070   -0.097955   -0.245476
    0.829054   -0.105799   -0.250192
    0.834956   -0.113625   -0.254898
    0.840775   -0.121425   -0.259589
    0.846508   -0.129194   -0.264262
    0.852155   -0.136927   -0.268915
    0.857715   -0.144617   -0.273543
    0.863185   -0.152260   -0.278144
    0.868565   -0.159853   -0.282714
    0.873852   -0.167386   -0.287249
    0.879047   -0.174855   -0.291747
    0.884147   -0.182253   -0.296203
    0.889152   -0.189575   -0.300605
    0.894059   -0.196816   -0.304962
    0.898869   -0.203970   -0.309276
    0.903579   -0.211032   -0.313536
    0.908188   -0.217996   -0.317738
    0.912695   -0.224858   -0.321880
    0.917100   -0.231612   -0.325958
    0.921401   -0.238253   -0.329970
    0.925597   -0.244776   -0.333911
    0.929686   -0.251192   -0.337779
    0.933669   -0.257468   -0.341571
    0.937544   -0.263608   -0.345284
    0.941309   -0.269610   -0.348915
    0.944965   -0.275471   -0.352461
    0.948509   -0.281185   -0.355920
    0.951942   -0.286749   -0.359288
    0.955262   -0.292158   -0.362571
    0.958469   -0.297409   -0.365752
    0.961561   -0.302497   -0.368834
    0.964539   -0.307408   -0.371816
    0.967400   -0.312159   -0.374694
    0.970146   -0.316736   -0.377467
    0.972774   -0.321134   -0.380108
    0.975284   -0.325352   -0.382289
    0.977675   -0.329385   -0.383876
    0.979948   -0.333230   -0.385045
    0.982101   -0.336885   -0.385890
    0.984134   -0.340346   -0.386473
    0.986046   -0.343609   -0.386831
    0.987838   -0.346675   -0.386986
    0.989507   -0.349541   -0.386953
    0.991055   -0.352202   -0.386747
    0.992480   -0.354658   -0.386376
    0.993782   -0.356907   -0.385849
    0.994962   -0.358948   -0.385198
    0.996018   -0.360777   -0.384390
    0.996950   -0.362434   -0.383392
    0.997759   -0.363943   -0.382307
    0.998443   -0.365578   -0.381104
    0.999003   -0.367188   -0.379798
    0.999439   -0.368772   -0.378408
    0.999751   -0.370542   -0.376986
    0.999938   -0.372353   -0.375387
    1.000000   -0.373179   -0.373179
  BLADE PROFILES IN CARTESIAN COORDINATES (3D) 
  VARIABLES = "X", "YSS", "YPS" "R" 
  BLADE           2  SECTION           1
   52.446327  -13.698071  -13.698071  648.651184
   53.614914  -12.965195  -12.965195  648.647644
   54.662624  -12.308120  -12.308120  648.643921
   55.601944  -11.719006  -11.719006  648.639832
   56.444103  -11.190827  -11.190827  648.635803
   57.199139  -10.717277  -10.717277  648.631531
   57.876080  -10.292710  -10.292710  648.627380
   58.482971   -9.912057   -9.912057  648.623352
   59.027100   -9.570783   -9.570783  648.619507
   59.514931   -9.264810   -9.264810  648.615906
   59.952312   -8.990486   -8.990486  648.612610
   60.344440   -8.744540   -8.744540  648.609436
   60.695999   -8.524036   -8.524036  648.606628
   61.011200   -8.326341   -8.326341  648.604065
   61.293793   -8.149096   -8.149096  648.601562
   61.547150   -7.990186   -7.990186  648.599426
   61.774300   -7.847715   -7.847715  648.597351
   61.977947   -7.719981   -7.719981  648.595520
   62.160542   -7.605460   -7.605460  648.593872
   62.324234   -7.502785   -7.502785  648.592285
   62.470997   -7.410734   -7.410734  648.591003
   62.617741   -6.650987   -8.202032  648.589355
   62.771202   -6.385764   -8.498809  648.587769
   62.931953   -6.133754   -8.689902  648.585938
   63.100643   -5.886609   -8.840345  648.584045
   63.277847   -5.638820   -8.968894  648.581909
   63.464226   -5.391725   -9.081193  648.579834
   63.660362   -5.142704   -9.176780  648.577576
   63.866890   -4.891028   -9.251719  648.575012
   64.084419   -4.636340   -9.298055  648.572327
   64.313583   -4.378531   -9.316507  648.569458
   64.554955   -4.117207   -9.324791  648.566406
   64.809204   -3.852420   -9.329217  648.563171
   65.076904   -3.584333   -9.329971  648.559631
   65.358696   -3.313046   -9.327212  648.555908
   65.655067   -3.037681   -9.321898  648.551819
   65.966057   -2.762519   -9.313770  648.547546
   66.292419   -2.486557   -9.303071  648.542908
   66.634933   -2.210540   -9.290011  648.537903
   66.994530   -1.934616   -9.275239  648.532776
   67.372192   -1.659406   -9.259025  648.526978
   67.768997   -1.383524   -9.241714  648.520996
   68.185921   -1.113407   -9.223938  648.514587
   68.623726   -0.848001   -9.206136  648.507446
   69.083916   -0.587147   -9.188968  648.499817
   69.568085   -0.331818   -9.173635  648.492004
   70.078110   -0.088722   -9.160252  648.483276
   70.615959    0.145544   -9.150878  648.474060
   71.183800    0.366661   -9.145540  648.464050
   71.788567    0.570970   -9.147141  648.453125
   72.438927    0.760785   -9.157064  648.441284
   73.135612    0.923000   -9.177080  648.428162
   73.878090    1.058099   -9.211664  648.413879
   74.664558    1.151867   -9.262806  648.398560
   75.491982    1.202479   -9.334210  648.382080
   76.356094    1.201712   -9.428616  648.364441
   77.242889    1.141378   -9.547431  648.346069
   78.138161    1.027744   -9.690762  648.327332
   79.037117    0.851365   -9.859245  648.308289
   79.935776    0.623119  -10.053132  648.288940
   80.831177    0.335337  -10.269966  648.269592
   81.721130    0.000000  -10.513277  648.250122
   82.604378   -0.391372  -10.778721  648.230652
   83.486923   -0.831182  -11.071872  648.211121
   84.372696   -1.326443  -11.391973  648.191528
   85.261047   -1.877321  -11.739637  648.171753
   86.150764   -2.480608  -12.115529  648.151978
   87.040237   -3.132262  -12.519375  648.132080
   87.927452   -3.836775  -12.950443  648.112427
   88.809868   -4.588164  -13.407443  648.092896
   89.679626   -5.378225  -13.885690  648.073792
   90.531868   -6.199459  -14.381254  648.055115
   91.364250   -7.046398  -14.891189  648.037109
   92.174904   -7.913850  -15.412566  648.019836
   92.962418   -8.796499  -15.942482  648.003113
   93.725731   -9.689549  -16.477261  647.987061
   94.464394  -10.589488  -17.016947  647.971802
   95.181068  -11.495781  -17.560379  647.957214
   95.876518  -12.404739  -18.106571  647.943237
   96.550690  -13.314785  -18.653877  647.929871
   97.203583  -14.223268  -19.200539  647.917114
   97.835228  -15.127743  -19.745071  647.904968
   98.445572  -16.025286  -20.285141  647.893494
   99.034691  -16.913471  -20.820965  647.882690
   99.602539  -17.790016  -21.350231  647.872375
  100.149109  -18.653156  -21.871582  647.862732
  100.674416  -19.499401  -22.383728  647.853577
  101.178459  -20.327065  -22.885483  647.844910
  101.661232  -21.135056  -23.327538  647.836670
  102.122757  -21.920759  -23.455719  647.829102
  102.562981  -22.901901  -22.902327  647.821960
  103.003304  -23.516670  -23.516882  647.818115
  103.478607  -24.180111  -24.180111  647.813782
  103.991737  -24.896330  -24.896330  647.809265
  104.545677  -25.669519  -25.669519  647.804504
  105.143700  -26.504221  -26.504221  647.799500
  105.789314  -27.405319  -27.405319  647.794373
  106.486259  -28.378105  -28.378105  647.788818
  107.238670  -29.428276  -29.428276  647.783081
  108.050926  -30.561989  -30.561989  647.777344
  108.927811  -31.785894  -31.785894  647.771118
  109.874451  -33.107162  -33.107162  647.764832
  110.896400  -34.533550  -34.533550  647.758362
  111.999641  -36.073410  -36.073410  647.751709
  113.190659  -37.735767  -37.735767  647.745117
  114.476440  -39.530392  -39.530392  647.738525
  115.864479  -41.467793  -41.467793  647.731812
  117.362976  -43.559338  -43.559338  647.725403
  118.980690  -45.817303  -45.817303  647.719238
  120.727089  -48.254925  -48.254925  647.713257
  122.612396  -50.886517  -50.886517  647.707703
  BLADE PROFILES IN CARTESIAN COORDINATES (2D) BEFORE   PROJECTION, SCALING, MESHING AND STACKING 
  VARIABLES = "X", "YSS", "YPS" 
  BLADE           2  SECTION           2
    0.000000    0.018173    0.018173
    0.000062    0.019363    0.013672
    0.000249    0.021867    0.010431
    0.000561    0.023626    0.007220
    0.000997    0.025463    0.004054
    0.001557    0.027395    0.000968
    0.002241    0.029145   -0.001993
    0.003050    0.030974   -0.004764
    0.003982    0.032866   -0.007317
    0.005038    0.034746   -0.009685
    0.006218    0.036751   -0.011938
    0.007520    0.038897   -0.013955
    0.008945    0.041181   -0.015824
    0.010493    0.043593   -0.017634
    0.012162    0.046118   -0.019343
    0.013954    0.048756   -0.020979
    0.015866    0.051504   -0.022581
    0.017899    0.054377   -0.024115
    0.020052    0.057345   -0.025624
    0.022325    0.060390   -0.027059
    0.024716    0.063522   -0.028456
    0.027226    0.066737   -0.029773
    0.029854    0.070029   -0.030962
    0.032600    0.073394   -0.032040
    0.035461    0.076826   -0.032945
    0.038439    0.080319   -0.033635
    0.041531    0.083866   -0.034086
    0.044738    0.087464   -0.034334
    0.048058    0.091110   -0.034491
    0.051491    0.094799   -0.034610
    0.055036    0.098525   -0.034699
    0.058691    0.102283   -0.034757
    0.062456    0.106068   -0.034783
    0.066331    0.109876   -0.034778
    0.070314    0.113702   -0.034758
    0.074403    0.117555   -0.034713
    0.078599    0.121433   -0.034645
    0.082900    0.125283   -0.034555
    0.087305    0.129131   -0.034444
    0.091812    0.132970   -0.034314
    0.096421    0.136788   -0.034166
    0.101131    0.140589   -0.034001
    0.105941    0.144369   -0.033821
    0.110848    0.148121   -0.033633
    0.115853    0.151843   -0.033434
    0.120953    0.155547   -0.033228
    0.126148    0.159229   -0.033015
    0.131435    0.162830   -0.032798
    0.136815    0.166378   -0.032579
    0.142285    0.169856   -0.032362
    0.147845    0.173274   -0.032145
    0.153492    0.176629   -0.031933
    0.159225    0.179916   -0.031728
    0.165044    0.183148   -0.031532
    0.170946    0.186335   -0.031354
    0.176930    0.189387   -0.031183
    0.182994    0.192335   -0.031028
    0.189138    0.195195   -0.030889
    0.195358    0.197962   -0.030775
    0.201655    0.200652   -0.030692
    0.208026    0.203274   -0.030624
    0.214470    0.205729   -0.030581
    0.220986    0.208055   -0.030574
    0.227570    0.210271   -0.030609
    0.234223    0.212399   -0.030664
    0.240941    0.214433   -0.030757
    0.247725    0.216294   -0.030908
    0.254571    0.217994   -0.031081
    0.261478    0.219569   -0.031296
    0.268445    0.221042   -0.031582
    0.275470    0.222406   -0.031893
    0.282550    0.223577   -0.032251
    0.289685    0.224572   -0.032690
    0.296872    0.225428   -0.033157
    0.304110    0.226169   -0.033680
    0.311396    0.226793   -0.034289
    0.318730    0.227197   -0.034928
    0.326109    0.227422   -0.035636
    0.333531    0.227496   -0.036430
    0.340994    0.227442   -0.037260
    0.348497    0.227269   -0.038168
    0.356038    0.226851   -0.039163
    0.363615    0.226254   -0.040199
    0.371226    0.225498   -0.041320
    0.378869    0.224606   -0.042532
    0.386542    0.223590   -0.043788
    0.394243    0.222319   -0.045129
    0.401971    0.220866   -0.046574
    0.409723    0.219249   -0.048064
    0.417498    0.217493   -0.049629
    0.425293    0.215603   -0.051291
    0.433107    0.213474   -0.053053
    0.440937    0.211147   -0.054864
    0.448783    0.208654   -0.056755
    0.456641    0.205994   -0.058732
    0.464509    0.203189   -0.060808
    0.472387    0.200257   -0.062981
    0.480272    0.197084   -0.065208
    0.488161    0.193721   -0.067518
    0.496053    0.190193   -0.069910
    0.503947    0.186501   -0.072389
    0.511839    0.182646   -0.074955
    0.519729    0.178650   -0.077616
    0.527613    0.174532   -0.080377
    0.535491    0.170192   -0.083190
    0.543360    0.165677   -0.086084
    0.551217    0.161001   -0.089060
    0.559063    0.156171   -0.092116
    0.566893    0.151190   -0.095252
    0.574707    0.146060   -0.098467
    0.582502    0.140783   -0.101760
    0.590277    0.135361   -0.105130
    0.598029    0.129824   -0.108575
    0.605757    0.124174   -0.112095
    0.613458    0.118336   -0.115687
    0.621131    0.112366   -0.119352
    0.628774    0.106266   -0.123086
    0.636385    0.100040   -0.126888
    0.643962    0.093693   -0.130757
    0.651503    0.087228   -0.134690
    0.659006    0.080648   -0.138686
    0.666469    0.073957   -0.142743
    0.673891    0.067160   -0.146858
    0.681270    0.060263   -0.151029
    0.688604    0.053269   -0.155254
    0.695890    0.046184   -0.159531
    0.703128    0.039011   -0.163856
    0.710315    0.031756   -0.168228
    0.717450    0.024424   -0.172644
    0.724530    0.017016   -0.177102
    0.731555    0.009541   -0.181598
    0.738522    0.002002   -0.186130
    0.745429   -0.005594   -0.190695
    0.752275   -0.013243   -0.195290
    0.759059   -0.020938   -0.199913
    0.765777   -0.028676   -0.204545
    0.772430   -0.036450   -0.209194
    0.779015   -0.044255   -0.213880
    0.785530   -0.052086   -0.218582
    0.791974   -0.059936   -0.223296
    0.798345   -0.067821   -0.228018
    0.804642   -0.075723   -0.232746
    0.810863   -0.083598   -0.237476
    0.817006   -0.091470   -0.242205
    0.823070   -0.099335   -0.246930
    0.829054   -0.107185   -0.251649
    0.834956   -0.115015   -0.256359
    0.840775   -0.122820   -0.261053
    0.846508   -0.130595   -0.265730
    0.852155   -0.138332   -0.270386
    0.857715   -0.146027   -0.275018
    0.863185   -0.153675   -0.279621
    0.868565   -0.161272   -0.284194
    0.873852   -0.168810   -0.288732
    0.879047   -0.176282   -0.293232
    0.884147   -0.183685   -0.297692
    0.889152   -0.191011   -0.302095
    0.894059   -0.198255   -0.306455
    0.898869   -0.205413   -0.310771
    0.903579   -0.212478   -0.315033
    0.908188   -0.219446   -0.319238
    0.912695   -0.226312   -0.323382
    0.917100   -0.233069   -0.327462
    0.921401   -0.239713   -0.331475
    0.925597   -0.246239   -0.335417
    0.929686   -0.252657   -0.339287
    0.933669   -0.258937   -0.343081
    0.937544   -0.265079   -0.346795
    0.941309   -0.271084   -0.350427
    0.944965   -0.276947   -0.353975
    0.948509   -0.282663   -0.357435
    0.951942   -0.288230   -0.360804
    0.955262   -0.293641   -0.364088
    0.958469   -0.298894   -0.367270
    0.961561   -0.303984   -0.370353
    0.964539   -0.308897   -0.373336
    0.967400   -0.313649   -0.376215
    0.970146   -0.318228   -0.378989
    0.972774   -0.322628   -0.381629
    0.975284   -0.326847   -0.383810
    0.977675   -0.330881   -0.385395
    0.979948   -0.334728   -0.386563
    0.982101   -0.338384   -0.387408
    0.984134   -0.341847   -0.387990
    0.986046   -0.345110   -0.388347
    0.987838   -0.348177   -0.388502
    0.989507   -0.351044   -0.388468
    0.991055   -0.353706   -0.388261
    0.992480   -0.356163   -0.387890
    0.993782   -0.358413   -0.387362
    0.994962   -0.360454   -0.386710
    0.996018   -0.362284   -0.385902
    0.996950   -0.363942   -0.384903
    0.997759   -0.365451   -0.383818
    0.998443   -0.367086   -0.382615
    0.999003   -0.368697   -0.381307
    0.999439   -0.370282   -0.379917
    0.999751   -0.372053   -0.378494
    0.999938   -0.373865   -0.376895
    1.000000   -0.374692   -0.374692
  BLADE PROFILES IN CARTESIAN COORDINATES (3D) 
  VARIABLES = "X", "YSS", "YPS" "R" 
  BLADE           2  SECTION           2
   52.511768  -13.599983  -13.599983  649.438049
   53.677559  -12.872034  -12.872034  649.438110
   54.722748  -12.219389  -12.219389  649.438049
   55.659821  -11.634254  -11.634254  649.438049
   56.499966  -11.109650  -11.109650  649.438049
   57.253204  -10.639310  -10.639310  649.437988
   57.928513  -10.217625  -10.217625  649.438110
   58.533981   -9.839561   -9.839561  649.438049
   59.076801   -9.500604   -9.500604  649.437988
   59.563480   -9.196712   -9.196712  649.438049
   59.999821   -8.924254   -8.924254  649.438110
   60.391014   -8.679980   -8.679980  649.437927
   60.741749   -8.460978   -8.460978  649.437988
   61.056194   -8.264626   -8.264626  649.437988
   61.338108   -8.088587   -8.088587  649.438049
   61.590870   -7.930758   -7.930758  649.438049
   61.817478   -7.789256   -7.789256  649.438110
   62.020660   -7.662390   -7.662390  649.438110
   62.202816   -7.548650   -7.548650  649.438049
   62.366119   -7.446673   -7.446673  649.438049
   62.512539   -7.355246   -7.355246  649.438110
   62.658966   -6.596545   -8.146119  649.438049
   62.812046   -6.332293   -8.442543  649.438110
   62.972427   -6.081269   -8.633704  649.438049
   63.140720   -5.835118   -8.784242  649.437988
   63.317509   -5.588332   -8.913073  649.437988
   63.503445   -5.342264   -9.025690  649.438110
   63.699127   -5.094300   -9.121474  649.437988
   63.905193   -4.843710   -9.196694  649.438110
   64.122223   -4.590193   -9.243326  649.438049
   64.350845   -4.333539   -9.262275  649.438110
   64.591667   -4.073409   -9.271233  649.438049
   64.845314   -3.809852   -9.276362  649.438049
   65.112419   -3.543031   -9.277568  649.438110
   65.393578   -3.273062   -9.275934  649.437988
   65.689247   -2.999023   -9.271432  649.438049
   65.999527   -2.725229   -9.264177  649.438110
   66.325127   -2.450765   -9.254371  649.438171
   66.666870   -2.176182   -9.242255  649.437988
   67.025650   -1.901763   -9.228470  649.438049
   67.402443   -1.626937   -9.213271  649.438049
   67.798355   -1.353723   -9.197017  649.437927
   68.214325   -1.085213   -9.180329  649.438049
   68.651138   -0.821374   -9.163651  649.438049
   69.110275   -0.562163   -9.147684  649.438049
   69.593391   -0.308560   -9.133504  649.438110
   70.102257   -0.067073   -9.121344  649.437988
   70.638885    0.165520   -9.113236  649.438049
   71.205467    0.384830   -9.109197  649.437988
   71.808853    0.587458   -9.112104  649.438171
   72.457779    0.775423   -9.123419  649.437988
   73.152908    0.935949   -9.145307  649.438110
   73.893715    1.069196   -9.180909  649.437927
   74.678459    1.161325   -9.233525  649.438049
   75.504074    1.210234   -9.306340  649.437866
   76.366264    1.208054   -9.402129  649.438049
   77.251106    1.146193   -9.522260  649.438110
   78.144417    1.031277   -9.666817  649.437988
   79.041382    0.853772   -9.836370  649.438110
   79.938095    0.624491  -10.031298  649.437988
   80.831528    0.336046  -10.249081  649.438232
   81.719513    0.000000  -10.493153  649.438049
   82.600853   -0.391746  -10.759316  649.438110
   83.481468   -0.831839  -11.053057  649.438110
   84.365326   -1.327318  -11.373619  649.437866
   85.251724   -1.878155  -11.721678  649.438110
   86.139503   -2.481278  -12.097859  649.438110
   87.027054   -3.132641  -12.501897  649.438049
   87.912300   -3.836722  -12.933061  649.438049
   88.792809   -4.587542  -13.390059  649.437927
   89.660683   -5.376956  -13.868209  649.438049
   90.511070   -6.197387  -14.363590  649.437927
   91.341621   -7.043390  -14.873260  649.438049
   92.150490   -7.909846  -15.394300  649.438049
   92.936249   -8.791426  -15.923811  649.437927
   93.697945   -9.683337  -16.458130  649.438110
   94.434975  -10.582068  -16.997299  649.438049
   95.150070  -11.487113  -17.540165  649.438049
   95.843979  -12.394783  -18.085745  649.438049
   96.516655  -13.303483  -18.632395  649.438171
   97.168114  -14.210597  -19.178377  649.438049
   97.798332  -15.113679  -19.722197  649.438049
   98.407349  -16.009821  -20.261543  649.438110
   98.995140  -16.896589  -20.796612  649.438049
   99.561714  -17.771709  -21.325113  649.438049
  100.107063  -18.633415  -21.845684  649.438049
  100.631195  -19.478243  -22.357042  649.438049
  101.134109  -20.304501  -22.858009  649.438110
  101.615807  -21.111097  -23.299223  649.437988
  102.076286  -21.895437  -23.427202  649.438049
  102.515541  -22.874855  -22.875277  649.438110
  102.954796  -23.488453  -23.488663  649.438110
  103.428986  -24.150629  -24.150629  649.438049
  103.940887  -24.865488  -24.865488  649.438049
  104.493561  -25.637217  -25.637217  649.438049
  105.090149  -26.470331  -26.470331  649.438110
  105.734222  -27.369730  -27.369730  649.437988
  106.429520  -28.340670  -28.340670  649.438110
  107.180145  -29.388851  -29.388851  649.438049
  107.990448  -30.520416  -30.520416  649.438110
  108.865273  -31.742006  -31.742006  649.438049
  109.809662  -33.060768  -33.060768  649.438049
  110.829170  -34.484440  -34.484440  649.438049
  111.929779  -36.021366  -36.021366  649.438049
  113.117973  -37.680565  -37.680565  649.438049
  114.400650  -39.471752  -39.471752  649.438110
  115.785393  -41.405430  -41.405430  649.437988
  117.280251  -43.492931  -43.492931  649.438049
  118.894096  -45.746510  -45.746510  649.438049
  120.636276  -48.179348  -48.179348  649.437988
  122.517067  -50.805733  -50.805733  649.437927
  BLADE PROFILES IN CARTESIAN COORDINATES (2D) BEFORE   PROJECTION, SCALING, MESHING AND STACKING 
  VARIABLES = "X", "YSS", "YPS" 
  BLADE           2  SECTION           3
    0.000000    0.018200    0.018200
    0.000062    0.019369    0.013639
    0.000249    0.021874    0.010395
    0.000561    0.023625    0.007180
    0.000997    0.025467    0.004009
    0.001557    0.027403    0.000918
    0.002241    0.029149   -0.002048
    0.003050    0.030980   -0.004813
    0.003982    0.032872   -0.007370
    0.005038    0.034749   -0.009741
    0.006218    0.036752   -0.011994
    0.007520    0.038896   -0.014014
    0.008945    0.041176   -0.015890
    0.010493    0.043585   -0.017704
    0.012162    0.046105   -0.019417
    0.013954    0.048739   -0.021056
    0.015866    0.051484   -0.022662
    0.017899    0.054352   -0.024203
    0.020052    0.057315   -0.025718
    0.022325    0.060355   -0.027161
    0.024716    0.063482   -0.028565
    0.027226    0.066691   -0.029887
    0.029854    0.069977   -0.031084
    0.032600    0.073336   -0.032169
    0.035461    0.076762   -0.033079
    0.038439    0.080247   -0.033775
    0.041531    0.083787   -0.034230
    0.044738    0.087378   -0.034486
    0.048058    0.091016   -0.034652
    0.051491    0.094697   -0.034781
    0.055036    0.098415   -0.034879
    0.058691    0.102165   -0.034947
    0.062456    0.105942   -0.034984
    0.066331    0.109741   -0.034990
    0.070314    0.113575   -0.034980
    0.074403    0.117433   -0.034946
    0.078599    0.121271   -0.034890
    0.082900    0.125111   -0.034811
    0.087305    0.128950   -0.034713
    0.091812    0.132776   -0.034594
    0.096421    0.136584   -0.034457
    0.101131    0.140375   -0.034301
    0.105941    0.144144   -0.034138
    0.110848    0.147886   -0.033962
    0.115853    0.151596   -0.033777
    0.120953    0.155288   -0.033584
    0.126148    0.158960   -0.033384
    0.131435    0.162550   -0.033180
    0.136815    0.166083   -0.032975
    0.142285    0.169549   -0.032771
    0.147845    0.172956   -0.032568
    0.153492    0.176299   -0.032370
    0.159225    0.179574   -0.032178
    0.165044    0.182792   -0.031997
    0.170946    0.185969   -0.031833
    0.176930    0.189004   -0.031676
    0.182994    0.191940   -0.031535
    0.189138    0.194787   -0.031411
    0.195358    0.197542   -0.031312
    0.201655    0.200218   -0.031243
    0.208026    0.202830   -0.031189
    0.214470    0.205266   -0.031161
    0.220986    0.207580   -0.031170
    0.227570    0.209784   -0.031218
    0.234223    0.211897   -0.031288
    0.240941    0.213921   -0.031397
    0.247725    0.215762   -0.031561
    0.254571    0.217450   -0.031749
    0.261478    0.219012   -0.031980
    0.268445    0.220471   -0.032279
    0.275470    0.221824   -0.032604
    0.282550    0.222976   -0.032979
    0.289685    0.223959   -0.033431
    0.296872    0.224802   -0.033912
    0.304110    0.225528   -0.034452
    0.311396    0.226141   -0.035073
    0.318730    0.226527   -0.035727
    0.326109    0.226738   -0.036452
    0.333531    0.226800   -0.037258
    0.340994    0.226732   -0.038102
    0.348497    0.226548   -0.039026
    0.356038    0.226111   -0.040033
    0.363615    0.225501   -0.041083
    0.371226    0.224734   -0.042220
    0.378869    0.223827   -0.043444
    0.386542    0.222800   -0.044714
    0.394243    0.221511   -0.046071
    0.401971    0.220045   -0.047528
    0.409723    0.218416   -0.049030
    0.417498    0.216645   -0.050609
    0.425293    0.214745   -0.052286
    0.433107    0.212598   -0.054059
    0.440937    0.210259   -0.055883
    0.448783    0.207754   -0.057786
    0.456641    0.205082   -0.059783
    0.464509    0.202264   -0.061893
    0.472387    0.199321   -0.064050
    0.480272    0.196132   -0.066290
    0.488161    0.192757   -0.068611
    0.496053    0.189217   -0.071015
    0.503947    0.185514   -0.073507
    0.511839    0.181647   -0.076084
    0.519729    0.177638   -0.078757
    0.527613    0.173510   -0.081528
    0.535491    0.169158   -0.084352
    0.543360    0.164629   -0.087258
    0.551217    0.159941   -0.090244
    0.559063    0.155101   -0.093311
    0.566893    0.150109   -0.096457
    0.574707    0.144968   -0.099682
    0.582502    0.139680   -0.102985
    0.590277    0.134248   -0.106364
    0.598029    0.128699   -0.109819
    0.605757    0.123040   -0.113348
    0.613458    0.117192   -0.116950
    0.621131    0.111211   -0.120623
    0.628774    0.105101   -0.124366
    0.636385    0.098866   -0.128177
    0.643962    0.092509   -0.132055
    0.651503    0.086034   -0.135996
    0.659006    0.079444   -0.140000
    0.666469    0.072743   -0.144065
    0.673891    0.065937   -0.148188
    0.681270    0.059031   -0.152366
    0.688604    0.052029   -0.156599
    0.695890    0.044935   -0.160882
    0.703128    0.037754   -0.165215
    0.710315    0.030491   -0.169594
    0.717450    0.023150   -0.174017
    0.724530    0.015735   -0.178481
    0.731555    0.008252   -0.182983
    0.738522    0.000706   -0.187521
    0.745429   -0.006898   -0.192092
    0.752275   -0.014554   -0.196693
    0.759059   -0.022257   -0.201321
    0.765777   -0.030001   -0.205973
    0.772430   -0.037782   -0.210634
    0.779015   -0.045594   -0.215305
    0.785530   -0.053431   -0.220011
    0.791974   -0.061288   -0.224730
    0.798345   -0.069179   -0.229456
    0.804642   -0.077087   -0.234189
    0.810863   -0.084968   -0.238923
    0.817006   -0.092846   -0.243657
    0.823070   -0.100716   -0.248386
    0.829054   -0.108571   -0.253109
    0.834956   -0.116407   -0.257822
    0.840775   -0.124218   -0.262520
    0.846508   -0.131997   -0.267200
    0.852155   -0.139740   -0.271860
    0.857715   -0.147439   -0.276494
    0.863185   -0.155091   -0.281101
    0.868565   -0.162693   -0.285677
    0.873852   -0.170235   -0.290217
    0.879047   -0.177712   -0.294720
    0.884147   -0.185118   -0.299182
    0.889152   -0.192448   -0.303588
    0.894059   -0.199697   -0.307950
    0.898869   -0.206858   -0.312269
    0.903579   -0.213927   -0.316533
    0.908188   -0.220899   -0.320740
    0.912695   -0.227767   -0.324885
    0.917100   -0.234528   -0.328967
    0.921401   -0.241175   -0.332982
    0.925597   -0.247704   -0.336926
    0.929686   -0.254125   -0.340798
    0.933669   -0.260408   -0.344593
    0.937544   -0.266552   -0.348308
    0.941309   -0.272560   -0.351942
    0.944965   -0.278425   -0.355491
    0.948509   -0.284144   -0.358952
    0.951942   -0.289713   -0.362330
    0.955262   -0.295126   -0.365608
    0.958469   -0.300381   -0.368791
    0.961561   -0.305473   -0.371875
    0.964539   -0.310388   -0.374858
    0.967400   -0.315142   -0.377738
    0.970146   -0.319722   -0.380513
    0.972774   -0.324124   -0.383153
    0.975284   -0.328344   -0.385333
    0.977675   -0.332380   -0.386917
    0.979948   -0.336229   -0.388085
    0.982101   -0.339886   -0.388928
    0.984134   -0.343350   -0.389509
    0.986046   -0.346614   -0.389866
    0.987838   -0.349683   -0.390020
    0.989507   -0.352550   -0.389986
    0.991055   -0.355213   -0.389779
    0.992480   -0.357671   -0.389407
    0.993782   -0.359922   -0.388878
    0.994962   -0.361963   -0.388227
    0.996018   -0.363795   -0.387417
    0.996950   -0.365452   -0.386417
    0.997759   -0.366962   -0.385331
    0.998443   -0.368597   -0.384128
    0.999003   -0.370207   -0.382819
    0.999439   -0.371793   -0.381427
    0.999751   -0.373564   -0.380002
    0.999938   -0.375377   -0.378408
    1.000000   -0.376207   -0.376207
  BLADE PROFILES IN CARTESIAN COORDINATES (3D) 
  VARIABLES = "X", "YSS", "YPS" "R" 
  BLADE           2  SECTION           3
   52.573669  -13.507268  -13.507268  650.225037
   53.737076  -12.783966  -12.783966  650.228638
   54.780121  -12.135491  -12.135491  650.232300
   55.715275  -11.554106  -11.554106  650.236328
   56.553688  -11.032869  -11.032869  650.240601
   57.305382  -10.565556  -10.565556  650.244690
   57.979301  -10.146587  -10.146587  650.248901
   58.583527   -9.770963   -9.770963  650.252930
   59.125225   -9.434192   -9.434192  650.256775
   59.610909   -9.132258   -9.132258  650.260376
   60.046329   -8.861559   -8.861559  650.263733
   60.436714   -8.618862   -8.618862  650.266785
   60.786720   -8.401272   -8.401272  650.269653
   61.100513   -8.206188   -8.206188  650.272339
   61.381851   -8.031284   -8.031284  650.274658
   61.634087   -7.874475   -7.874475  650.276794
   61.860233   -7.733886   -7.733886  650.278870
   62.062981   -7.607840   -7.607840  650.280762
   62.244751   -7.494832   -7.494832  650.282471
   62.407722   -7.393514   -7.393514  650.283875
   62.553837   -7.302677   -7.302677  650.285278
   62.699951   -6.544724   -8.093424  650.286926
   62.852711   -6.281344   -8.389597  650.288635
   63.012749   -6.031210   -8.580894  650.290344
   63.180679   -5.785958   -8.731503  650.292236
   63.357117   -5.540084   -8.860632  650.294312
   63.542664   -5.294950   -8.973633  650.296509
   63.737923   -5.047947   -9.069710  650.298828
   63.943527   -4.798346   -9.145242  650.301208
   64.160103   -4.545904   -9.192183  650.304016
   64.388229   -4.290305   -9.211627  650.306885
   64.628532   -4.031271   -9.221258  650.309937
   64.881653   -3.768843   -9.227088  650.313171
   65.148186   -3.503227   -9.229048  650.316528
   65.428726   -3.233395   -9.228212  650.320435
   65.723770   -2.961676   -9.224538  650.324524
   66.033379   -2.689085   -9.218151  650.328735
   66.358284   -2.416012   -9.209193  650.333374
   66.699295   -2.142755   -9.197975  650.338379
   67.057297   -1.869691   -9.185238  650.343750
   67.433281   -1.596295   -9.171046  650.349243
   67.828339   -1.324470   -9.155834  650.355286
   68.243385   -1.057524   -9.140225  650.361877
   68.679268   -0.795147   -9.124660  650.368835
   69.137398   -0.537480   -9.109862  650.376343
   69.619431   -0.285501   -9.096846  650.384277
   70.127190   -0.045530   -9.085897  650.393066
   70.662643    0.185482   -9.079045  650.402405
   71.227974    0.403069   -9.076303  650.412231
   71.830048    0.604101   -9.080509  650.423218
   72.477509    0.790292   -9.093212  650.435303
   73.171104    0.949190   -9.116548  650.448181
   73.910271    1.080643   -9.153620  650.462524
   74.693245    1.171173   -9.207705  650.477844
   75.517029    1.218406   -9.281957  650.494446
   76.377312    1.214819   -9.379150  650.511780
   77.260155    1.151412   -9.500639  650.530212
   78.151451    1.035176   -9.646469  650.549072
   79.046410    0.856484   -9.817166  650.568115
   79.941093    0.626086  -10.013184  650.587341
   80.832512    0.336878  -10.232379  650.606873
   81.718491    0.000000  -10.476912  650.626404
   82.597839   -0.392264  -10.743887  650.645813
   83.476456   -0.832799  -11.038326  650.665405
   84.358299   -1.328682  -11.359477  650.684937
   85.242706   -1.879677  -11.708046  650.704712
   86.128448   -2.482854  -12.084652  650.724670
   87.013992   -3.134165  -12.489032  650.744385
   87.897263   -3.838073  -12.920448  650.764160
   88.775757   -4.588640  -13.377609  650.783569
   89.641663   -5.377663  -13.855841  650.802734
   90.490135   -6.197584  -14.351221  650.821289
   91.318825   -7.042980  -14.860812  650.839294
   92.125862   -7.908750  -15.381705  650.856750
   92.909851   -8.789580  -15.911114  650.873352
   93.669800   -9.680685  -16.445044  650.889343
   94.405197  -10.578541  -16.983915  650.904663
   95.118683  -11.482674  -17.526419  650.919250
   95.811050  -12.389382  -18.071579  650.933289
   96.482208  -13.297092  -18.617788  650.946594
   97.132210  -14.203169  -19.163294  650.959351
   97.761040  -15.105196  -19.706604  650.971436
   98.368698  -16.000263  -20.245424  650.982849
   98.955193  -16.885937  -20.779938  650.993774
   99.520508  -17.759956  -21.307865  651.004150
  100.064659  -18.620556  -21.827847  651.013733
  100.587639  -19.464281  -22.338854  651.023010
  101.089439  -20.289446  -22.838980  651.031738
  101.570061  -21.094944  -23.279524  651.039734
  102.029541  -21.878206  -23.407331  651.047302
  102.467834  -22.856249  -22.856672  651.054321
  102.906158  -23.468904  -23.469114  651.058289
  103.379372  -24.130074  -24.130074  651.062561
  103.890244  -24.843840  -24.843840  651.067017
  104.441719  -25.614384  -25.614384  651.071655
  105.037086  -26.446234  -26.446234  651.076599
  105.679832  -27.344259  -27.344259  651.081909
  106.373688  -28.313719  -28.313719  651.087280
  107.122757  -29.360302  -29.360302  651.092957
  107.931389  -30.490141  -30.490141  651.098877
  108.804398  -31.709869  -31.709869  651.104919
  109.746826  -33.026615  -33.026615  651.111267
  110.764244  -34.448109  -34.448109  651.117554
  111.862595  -35.982685  -35.982685  651.124146
  113.048325  -37.639324  -37.639324  651.130676
  114.328377  -39.427742  -39.427742  651.137329
  115.710289  -41.358418  -41.358418  651.143982
  117.202141  -43.442665  -43.442665  651.150330
  118.812645  -45.692684  -45.692684  651.156555
  120.551285  -48.121662  -48.121662  651.162415
  122.428253  -50.743835  -50.743835  651.167847
