 DATA SET FOR "multall" . GENERATED BY "stagen" .                       
    CP   and   GAMMA 
  -10.0000    1.0000
287.0491            1.4492              
       ITIMST 
         3
     CFL,    DAMP,    MACHLIM,    F_PDOWN 
  0.400000 10.000000  2.000000  0.000000
  IF_RESTART 
         0
  NSTEPS_MAX, CONLIM 
     10000  0.000150
   SFX,      SFT,      FAC_4TH,     NCHANGE 
  0.005000  0.005000  0.800000      1000
       NUMBER OF BLADE ROWS 
         2
        IM        KM 
        37        37
  FP(I),I=1,IMM1 
  1.000000  1.250000  1.562500  1.953125  2.441406  3.051758  3.814697  4.768372
  5.960464  7.450581  9.313226 11.641532 14.551915 18.189894 20.000000 20.000000
 20.000000 20.000000 20.000000 20.000000 20.000000 20.000000 18.189894 14.551915
 11.641532  9.313226  7.450581  5.960464  4.768372  3.814697  3.051758  2.441406
  1.953125  1.562500  1.250000  1.000000
  FR(K),K=1,KMM1 
  1.000000  1.250000  1.562500  1.953125  2.441406  3.051758  3.814697  4.768372
  5.960464  7.450581  9.313226 11.641532 14.551915 18.189894 20.000000 20.000000
 20.000000 20.000000 20.000000 20.000000 20.000000 20.000000 18.189894 14.551915
 11.641532  9.313226  7.450581  5.960464  4.768372  3.814697  3.051758  2.441406
  1.953125  1.562500  1.250000  1.000000
        IR        JR        KR        IRBB      JRBB      KRBB 
         3         3         3         9         9         9
   FBLK1,     FBLK2,     FBLK3  
  0.400000  0.200000  0.100000
       IFMIX 
         1
   RFMIX,    FEXTRAP,   FSMTHB,    FANGLE 
  0.025000  0.800000  1.000000  0.800000
      IFCOOL    IFBLEED    IF_ROUGH 
         0         0         0
       NSECS_IN 
         3
       IN_PRESS  IN_VTAN   IN_VR    IN_FLOW  IF_REPEAT  RFIN 
         0         0         1         0         0   0.50000
  IPOUT  SFEXIT  NSFEXIT 
    1  0.000000    0
  PLATE_LOSS  THROTTLE_EXIT 
  0.000000  0.000000
        ILOS      NLOS      IBOUND 
       100         5         0
   REYNO,     RF_VIS,   FTRANS, TURBVIS_LIM, PRANDTL, YPLUSWALL
       0.0     0.500     0.000  3000.000       1.0     0.000
   YPLAM      YPTURB 
  5.000000 25.000000
      ISHIFT    NEXTRAP_LE  NEXTRAP_TE 
         2        10        10
  (NSTG(N),N=1,NROWS) 
         1         1
  5  TIME STEPS FOR PRINTOUT 
 10010 10010 10010 10010 10010
  MARKER FOR VARIABLES TO BE SENT TO THE OUTPUT FILE.
 0 0 0 0 0 0 0 0 0 0 0 0 0 0 0 0 0 0 0 0
  STREAM SURFACES ON WHICH RESULTS ARE TO BE SENT TO   THE OUTPUT FILE 
 0 0 0 0 0 0 0 0 0 0 0 0 0 0 0 0 0 0 0 0 0 0 0 0 0 0 0 0 0 0 0 0 0 0 0 0 0
 ***************************************************************
 ************STARTING THE INPUT FOR EACH BLADE ROW**************
  BLADE ROW NUMBER =        1                                           
    NUMBER OF BLADES IN ROW 
        95
        JM        JLE       JTE 
       111        26        96
      KTIPSTART  KTIPEND 
         0         0
       BOUNDARY LAYER TRANSITION POINTS 
         0         0         0         0
  SET NEWGRID= 1 TO GENERATE A NEW GRID WITH DIFFERENT "J" POINTS AND SPACINGS.
         0
   RPMROW,    RPMHUB 
       0.0       0.0
       JROTHS    JROTHE    JROTTS    JROTTE 
         1         1         1         1
   PUPROW    PLEROW   PTEROW    PDROW 
 2223234.5 2223234.5  939417.6  939417.6
      NSECS_ROW   INSURF  
         3         0
  IF_CUSP_OUT   IFANGLES 
         1         0
         0         3         0
 ***************************************************************
  ROW NUMBER           1  SECTION NUMBER            1
           0           0           0  IF_DESIGN etc 
   1.00000   0.00000    0
 -0.024966 -0.022095 -0.019535 -0.017253 -0.015218 -0.013404 -0.011787 -0.010344
 -0.009059 -0.007912 -0.006890 -0.005979 -0.005166 -0.004441 -0.003795 -0.003219
 -0.002706 -0.002248 -0.001840 -0.001476 -0.001151 -0.000862 -0.000604 -0.000374
 -0.000169  0.000014  0.000197  0.000388  0.000588  0.000799  0.001019  0.001252
  0.001496  0.001753  0.002024  0.002310  0.002611  0.002927  0.003261  0.003612
  0.003981  0.004369  0.004775  0.005202  0.005650  0.006121  0.006615  0.007135
  0.007680  0.008254  0.008857  0.009492  0.010163  0.010870  0.011624  0.012434
  0.013302  0.014227  0.015207  0.016239  0.017315  0.018420  0.019536  0.020656
  0.021776  0.022892  0.024001  0.025101  0.026201  0.027305  0.028412  0.029521
  0.030629  0.031735  0.032834  0.033918  0.034980  0.036017  0.037027  0.038009
  0.038960  0.039880  0.040774  0.041640  0.042480  0.043294  0.044081  0.044841
  0.045575  0.046283  0.046964  0.047619  0.048247  0.048848  0.049423  0.049972
  0.050521  0.051100  0.051714  0.052362  0.053047  0.053771  0.054536  0.055346
  0.056201  0.057105  0.058061  0.059072  0.060140  0.061269  0.062463
  1.000000  0.000000
  0.010378  0.008585  0.006985  0.005559  0.004288  0.003154  0.002144  0.001243
  0.000439 -0.000277 -0.000916 -0.001485 -0.001993 -0.002446 -0.002849 -0.003209
 -0.003530 -0.003816 -0.004071 -0.004299 -0.004501 -0.004682 -0.004843 -0.004987
 -0.005115 -0.005230 -0.004363 -0.004073 -0.003868 -0.003702 -0.003557 -0.003430
 -0.003324 -0.003241 -0.003188 -0.003157 -0.003131 -0.003105 -0.003081 -0.003057
 -0.003033 -0.003010 -0.002987 -0.002963 -0.002938 -0.002912 -0.002885 -0.002855
 -0.002822 -0.002785 -0.002744 -0.002696 -0.002642 -0.002579 -0.002506 -0.002419
 -0.002315 -0.002193 -0.002049 -0.001880 -0.001686 -0.001465 -0.001220 -0.000951
 -0.000657 -0.000340  0.000000  0.000361  0.000747  0.001161  0.001601  0.002068
  0.002562  0.003082  0.003627  0.004190  0.004768  0.005358  0.005956  0.006560
  0.007165  0.007773  0.008382  0.008991  0.009598  0.010202  0.010802  0.011396
  0.011983  0.012561  0.013130  0.013686  0.014230  0.014675  0.014778  0.014072
  0.014839  0.015650  0.016507  0.017413  0.018370  0.019383  0.020453  0.021584
  0.022780  0.024045  0.025381  0.026794  0.028287  0.029865  0.031534
  1.000000
  0.000000  0.000000  0.000000  0.000000  0.000000  0.000000  0.000000  0.000000
  0.000000  0.000000  0.000000  0.000000  0.000000  0.000000  0.000000  0.000000
  0.000000  0.000000  0.000000  0.000000  0.000000  0.000000  0.000000  0.000000
  0.000000  0.000000  0.001753  0.002354  0.002851  0.003312  0.003756  0.004187
  0.004605  0.005006  0.005386  0.005751  0.006119  0.006495  0.006878  0.007266
  0.007660  0.008059  0.008462  0.008868  0.009279  0.009693  0.010112  0.010530
  0.010948  0.011365  0.011785  0.012198  0.012607  0.013015  0.013411  0.013810
  0.014190  0.014559  0.014897  0.015205  0.015475  0.015690  0.015856  0.015969
  0.016025  0.016028  0.015985  0.015885  0.015743  0.015550  0.015308  0.015025
  0.014690  0.014312  0.013892  0.013436  0.012949  0.012435  0.011898  0.011344
  0.010773  0.010194  0.009604  0.009007  0.008403  0.007794  0.007187  0.006581
  0.005979  0.005381  0.004790  0.004209  0.003639  0.002996  0.002039  0.000000
  0.000000  0.000000  0.000000  0.000000  0.000000  0.000000  0.000000  0.000000
  0.000000  0.000000  0.000000  0.000000  0.000000  0.000000  0.000000
  1.000000  0.000000
  0.649012  0.649009  0.649006  0.649004  0.649001  0.648998  0.648995  0.648992
  0.648990  0.648987  0.648985  0.648983  0.648981  0.648979  0.648978  0.648976
  0.648975  0.648973  0.648972  0.648971  0.648970  0.648970  0.648969  0.648968
  0.648968  0.648967  0.648966  0.648965  0.648964  0.648963  0.648962  0.648961
  0.648959  0.648958  0.648957  0.648955  0.648953  0.648951  0.648950  0.648948
  0.648946  0.648943  0.648941  0.648938  0.648936  0.648933  0.648930  0.648927
  0.648923  0.648920  0.648916  0.648912  0.648908  0.648903  0.648898  0.648892
  0.648886  0.648880  0.648874  0.648866  0.648859  0.648851  0.648843  0.648835
  0.648827  0.648819  0.648811  0.648803  0.648795  0.648788  0.648780  0.648772
  0.648764  0.648757  0.648750  0.648742  0.648736  0.648729  0.648723  0.648716
  0.648711  0.648705  0.648700  0.648696  0.648691  0.648687  0.648683  0.648679
  0.648675  0.648672  0.648669  0.648666  0.648663  0.648661  0.648658  0.648656
  0.648655  0.648654  0.648653  0.648651  0.648649  0.648647  0.648644  0.648641
  0.648637  0.648632  0.648626  0.648619  0.648611  0.648602  0.648591
 ***************************************************************
  ROW NUMBER           1  SECTION NUMBER            2
           0           0           0  IF_DESIGN etc 
   1.00000   0.00000    0
 -0.025006 -0.022133 -0.019571 -0.017287 -0.015251 -0.013435 -0.011817 -0.010373
 -0.009086 -0.007939 -0.006916 -0.006004 -0.005190 -0.004465 -0.003819 -0.003242
 -0.002728 -0.002270 -0.001861 -0.001497 -0.001172 -0.000883 -0.000625 -0.000394
 -0.000189 -0.000006  0.000177  0.000368  0.000569  0.000779  0.001000  0.001232
  0.001477  0.001735  0.002006  0.002292  0.002593  0.002910  0.003243  0.003595
  0.003964  0.004352  0.004759  0.005186  0.005635  0.006106  0.006601  0.007121
  0.007667  0.008240  0.008844  0.009480  0.010151  0.010859  0.011613  0.012424
  0.013293  0.014219  0.015200  0.016232  0.017310  0.018416  0.019532  0.020653
  0.021774  0.022891  0.024001  0.025102  0.026203  0.027308  0.028416  0.029525
  0.030635  0.031741  0.032842  0.033926  0.034989  0.036028  0.037039  0.038021
  0.038973  0.039894  0.040788  0.041655  0.042496  0.043310  0.044098  0.044859
  0.045594  0.046302  0.046984  0.047639  0.048267  0.048869  0.049445  0.049994
  0.050543  0.051123  0.051737  0.052385  0.053071  0.053796  0.054562  0.055372
  0.056228  0.057133  0.058090  0.059101  0.060170  0.061301  0.062495
  1.000000  0.000000
  0.010382  0.008588  0.006988  0.005562  0.004291  0.003157  0.002146  0.001245
  0.000441 -0.000275 -0.000914 -0.001484 -0.001991 -0.002444 -0.002848 -0.003208
 -0.003529 -0.003815 -0.004070 -0.004298 -0.004500 -0.004681 -0.004842 -0.004986
 -0.005114 -0.005229 -0.004362 -0.004071 -0.003867 -0.003700 -0.003555 -0.003428
 -0.003321 -0.003239 -0.003186 -0.003155 -0.003129 -0.003103 -0.003078 -0.003054
 -0.003030 -0.003007 -0.002984 -0.002960 -0.002935 -0.002910 -0.002882 -0.002852
 -0.002819 -0.002782 -0.002741 -0.002693 -0.002639 -0.002576 -0.002503 -0.002416
 -0.002313 -0.002191 -0.002047 -0.001878 -0.001684 -0.001464 -0.001219 -0.000950
 -0.000656 -0.000340  0.000000  0.000360  0.000747  0.001159  0.001599  0.002066
  0.002559  0.003079  0.003623  0.004185  0.004763  0.005352  0.005950  0.006553
  0.007158  0.007765  0.008374  0.008982  0.009589  0.010192  0.010792  0.011386
  0.011972  0.012550  0.013117  0.013674  0.014217  0.014662  0.014763  0.014057
  0.014823  0.015634  0.016490  0.017396  0.018353  0.019366  0.020435  0.021566
  0.022762  0.024026  0.025362  0.026774  0.028267  0.029846  0.031514
  1.000000
  0.000000  0.000000  0.000000  0.000000  0.000000  0.000000  0.000000  0.000000
  0.000000  0.000000  0.000000  0.000000  0.000000  0.000000  0.000000  0.000000
  0.000000  0.000000  0.000000  0.000000  0.000000  0.000000  0.000000  0.000000
  0.000000  0.000000  0.001754  0.002355  0.002853  0.003314  0.003758  0.004190
  0.004608  0.005010  0.005389  0.005754  0.006123  0.006499  0.006882  0.007271
  0.007665  0.008064  0.008467  0.008874  0.009285  0.009699  0.010118  0.010536
  0.010955  0.011372  0.011792  0.012206  0.012615  0.013023  0.013419  0.013818
  0.014198  0.014568  0.014906  0.015214  0.015484  0.015700  0.015865  0.015979
  0.016034  0.016038  0.015994  0.015894  0.015753  0.015560  0.015317  0.015034
  0.014699  0.014320  0.013900  0.013444  0.012956  0.012442  0.011906  0.011351
  0.010780  0.010200  0.009610  0.009012  0.008408  0.007799  0.007191  0.006585
  0.005982  0.005384  0.004793  0.004212  0.003641  0.002997  0.002040  0.000000
  0.000000  0.000000  0.000000  0.000000  0.000000  0.000000  0.000000  0.000000
  0.000000  0.000000  0.000000  0.000000  0.000000  0.000000  0.000000
  1.000000  0.000000
  0.649438  0.649438  0.649438  0.649438  0.649438  0.649438  0.649438  0.649438
  0.649438  0.649438  0.649438  0.649438  0.649438  0.649438  0.649438  0.649438
  0.649438  0.649438  0.649438  0.649438  0.649438  0.649438  0.649438  0.649438
  0.649438  0.649438  0.649438  0.649438  0.649438  0.649438  0.649438  0.649438
  0.649438  0.649438  0.649438  0.649438  0.649438  0.649438  0.649438  0.649438
  0.649438  0.649438  0.649438  0.649438  0.649438  0.649438  0.649438  0.649438
  0.649438  0.649438  0.649438  0.649438  0.649438  0.649438  0.649438  0.649438
  0.649438  0.649438  0.649438  0.649438  0.649438  0.649438  0.649438  0.649438
  0.649438  0.649438  0.649438  0.649438  0.649438  0.649438  0.649438  0.649438
  0.649438  0.649438  0.649438  0.649438  0.649438  0.649438  0.649438  0.649438
  0.649438  0.649438  0.649438  0.649438  0.649438  0.649438  0.649438  0.649438
  0.649438  0.649438  0.649438  0.649438  0.649438  0.649438  0.649438  0.649438
  0.649438  0.649438  0.649438  0.649438  0.649438  0.649438  0.649438  0.649438
  0.649438  0.649438  0.649438  0.649438  0.649438  0.649438  0.649438
 ***************************************************************
  ROW NUMBER           1  SECTION NUMBER            3
           0           0           0  IF_DESIGN etc 
   1.00000   0.00000    0
 -0.025049 -0.022173 -0.019609 -0.017323 -0.015285 -0.013468 -0.011847 -0.010403
 -0.009115 -0.007966 -0.006942 -0.006029 -0.005215 -0.004490 -0.003843 -0.003266
 -0.002751 -0.002293 -0.001884 -0.001519 -0.001194 -0.000904 -0.000646 -0.000415
 -0.000210 -0.000027  0.000156  0.000348  0.000549  0.000759  0.000980  0.001213
  0.001458  0.001715  0.001987  0.002273  0.002574  0.002892  0.003226  0.003577
  0.003947  0.004335  0.004743  0.005170  0.005619  0.006090  0.006586  0.007106
  0.007653  0.008227  0.008831  0.009468  0.010139  0.010848  0.011603  0.012415
  0.013284  0.014211  0.015193  0.016225  0.017304  0.018411  0.019528  0.020651
  0.021772  0.022890  0.024001  0.025103  0.026205  0.027311  0.028420  0.029530
  0.030640  0.031748  0.032849  0.033935  0.034999  0.036038  0.037050  0.038033
  0.038986  0.039908  0.040802  0.041670  0.042512  0.043327  0.044115  0.044877
  0.045612  0.046321  0.047003  0.047659  0.048288  0.048891  0.049467  0.050016
  0.050566  0.051147  0.051761  0.052410  0.053096  0.053821  0.054588  0.055399
  0.056256  0.057162  0.058119  0.059132  0.060202  0.061333  0.062529
  1.000000  0.000000
  0.010386  0.008592  0.006992  0.005565  0.004294  0.003160  0.002148  0.001247
  0.000443 -0.000273 -0.000912 -0.001482 -0.001990 -0.002443 -0.002847 -0.003207
 -0.003528 -0.003814 -0.004069 -0.004297 -0.004500 -0.004680 -0.004842 -0.004985
 -0.005114 -0.005228 -0.004360 -0.004070 -0.003865 -0.003698 -0.003553 -0.003426
 -0.003319 -0.003237 -0.003184 -0.003153 -0.003126 -0.003101 -0.003076 -0.003052
 -0.003028 -0.003005 -0.002981 -0.002957 -0.002933 -0.002907 -0.002879 -0.002849
 -0.002816 -0.002779 -0.002738 -0.002690 -0.002637 -0.002574 -0.002501 -0.002414
 -0.002310 -0.002188 -0.002045 -0.001876 -0.001682 -0.001462 -0.001218 -0.000949
 -0.000656 -0.000339  0.000000  0.000360  0.000746  0.001158  0.001597  0.002064
  0.002557  0.003076  0.003619  0.004181  0.004758  0.005347  0.005944  0.006547
  0.007152  0.007758  0.008366  0.008974  0.009581  0.010183  0.010782  0.011375
  0.011961  0.012539  0.013106  0.013662  0.014205  0.014649  0.014750  0.014042
  0.014808  0.015618  0.016475  0.017380  0.018337  0.019349  0.020419  0.021550
  0.022745  0.024008  0.025344  0.026756  0.028249  0.029827  0.031496
  1.000000
  0.000000  0.000000  0.000000  0.000000  0.000000  0.000000  0.000000  0.000000
  0.000000  0.000000  0.000000  0.000000  0.000000  0.000000  0.000000  0.000000
  0.000000  0.000000  0.000000  0.000000  0.000000  0.000000  0.000000  0.000000
  0.000000  0.000000  0.001756  0.002357  0.002855  0.003317  0.003761  0.004193
  0.004611  0.005013  0.005393  0.005758  0.006127  0.006503  0.006887  0.007275
  0.007670  0.008069  0.008472  0.008880  0.009291  0.009705  0.010125  0.010543
  0.010962  0.011380  0.011800  0.012214  0.012623  0.013032  0.013428  0.013827
  0.014208  0.014577  0.014916  0.015225  0.015495  0.015710  0.015876  0.015990
  0.016042  0.016049  0.016005  0.015905  0.015763  0.015570  0.015327  0.015044
  0.014709  0.014330  0.013909  0.013453  0.012965  0.012450  0.011913  0.011358
  0.010787  0.010207  0.009616  0.009018  0.008413  0.007804  0.007196  0.006590
  0.005986  0.005387  0.004796  0.004215  0.003644  0.002999  0.002041  0.000000
  0.000000  0.000000  0.000000  0.000000  0.000000  0.000000  0.000000  0.000000
  0.000000  0.000000  0.000000  0.000000  0.000000  0.000000  0.000000
  1.000000  0.000000
  0.649864  0.649867  0.649870  0.649873  0.649876  0.649879  0.649882  0.649884
  0.649887  0.649890  0.649892  0.649894  0.649896  0.649898  0.649899  0.649901
  0.649902  0.649903  0.649905  0.649906  0.649907  0.649907  0.649908  0.649909
  0.649909  0.649910  0.649911  0.649912  0.649913  0.649914  0.649915  0.649916
  0.649918  0.649919  0.649920  0.649922  0.649924  0.649925  0.649927  0.649929
  0.649931  0.649934  0.649936  0.649938  0.649941  0.649944  0.649947  0.649950
  0.649953  0.649957  0.649961  0.649965  0.649969  0.649974  0.649979  0.649984
  0.649990  0.649996  0.650003  0.650010  0.650018  0.650026  0.650034  0.650042
  0.650050  0.650058  0.650065  0.650073  0.650081  0.650089  0.650097  0.650104
  0.650112  0.650119  0.650127  0.650134  0.650141  0.650147  0.650154  0.650160
  0.650165  0.650171  0.650176  0.650181  0.650185  0.650190  0.650193  0.650197
  0.650201  0.650204  0.650207  0.650210  0.650213  0.650216  0.650218  0.650220
  0.650221  0.650222  0.650223  0.650225  0.650227  0.650229  0.650232  0.650235
  0.650239  0.650244  0.650250  0.650257  0.650265  0.650274  0.650285
 ***************************************************************
 ************STARTING THE INPUT FOR EACH BLADE ROW**************
  BLADE ROW NUMBER =        2                                           
    NUMBER OF BLADES IN ROW 
       115
        JM        JLE       JTE 
       111        21        91
      KTIPSTART  KTIPEND 
         0         0
       BOUNDARY LAYER TRANSITION POINTS 
         0         0         0         0
  SET NEWGRID= 1 TO GENERATE A NEW GRID WITH DIFFERENT "J" POINTS AND SPACINGS.
         0
   RPMROW,    RPMHUB 
    3000.0    3000.0
       JROTHS    JROTHE    JROTTS    JROTTE 
         1         1         1         1
   PUPROW    PLEROW   PTEROW    PDROW 
  939417.6  939417.6  323096.0  323096.0
      NSECS_ROW   INSURF  
         3         0
  IF_CUSP_OUT   IFANGLES 
         1         0
         0         3         0
 ***************************************************************
  ROW NUMBER           2  SECTION NUMBER            1
           0           0           0  IF_DESIGN etc 
   1.00000   0.00000    0
  0.052446  0.053615  0.054663  0.055602  0.056444  0.057199  0.057876  0.058483
  0.059027  0.059515  0.059952  0.060344  0.060696  0.061011  0.061294  0.061547
  0.061774  0.061978  0.062161  0.062324  0.062471  0.062618  0.062771  0.062932
  0.063101  0.063278  0.063464  0.063660  0.063867  0.064084  0.064314  0.064555
  0.064809  0.065077  0.065359  0.065655  0.065966  0.066292  0.066635  0.066995
  0.067372  0.067769  0.068186  0.068624  0.069084  0.069568  0.070078  0.070616
  0.071184  0.071789  0.072439  0.073136  0.073878  0.074665  0.075492  0.076356
  0.077243  0.078138  0.079037  0.079936  0.080831  0.081721  0.082604  0.083487
  0.084373  0.085261  0.086151  0.087040  0.087927  0.088810  0.089680  0.090532
  0.091364  0.092175  0.092962  0.093726  0.094464  0.095181  0.095877  0.096551
  0.097204  0.097835  0.098446  0.099035  0.099603  0.100149  0.100674  0.101178
  0.101661  0.102123  0.102563  0.103003  0.103479  0.103992  0.104546  0.105144
  0.105789  0.106486  0.107239  0.108051  0.108928  0.109874  0.110896  0.112000
  0.113191  0.114476  0.115864  0.117363  0.118981  0.120727  0.122612
  1.000000  0.000000
 -0.013698 -0.012965 -0.012308 -0.011719 -0.011191 -0.010717 -0.010293 -0.009912
 -0.009571 -0.009265 -0.008990 -0.008745 -0.008524 -0.008326 -0.008149 -0.007990
 -0.007848 -0.007720 -0.007605 -0.007503 -0.007411 -0.006651 -0.006386 -0.006134
 -0.005887 -0.005639 -0.005392 -0.005143 -0.004891 -0.004636 -0.004379 -0.004117
 -0.003852 -0.003584 -0.003313 -0.003038 -0.002763 -0.002487 -0.002211 -0.001935
 -0.001659 -0.001384 -0.001113 -0.000848 -0.000587 -0.000332 -0.000089  0.000146
  0.000367  0.000571  0.000761  0.000923  0.001058  0.001152  0.001202  0.001202
  0.001141  0.001028  0.000851  0.000623  0.000335  0.000000 -0.000391 -0.000831
 -0.001326 -0.001877 -0.002481 -0.003132 -0.003837 -0.004588 -0.005378 -0.006199
 -0.007046 -0.007914 -0.008796 -0.009690 -0.010589 -0.011496 -0.012405 -0.013315
 -0.014223 -0.015128 -0.016025 -0.016913 -0.017790 -0.018653 -0.019499 -0.020327
 -0.021135 -0.021921 -0.022902 -0.023517 -0.024180 -0.024896 -0.025670 -0.026504
 -0.027405 -0.028378 -0.029428 -0.030562 -0.031786 -0.033107 -0.034534 -0.036073
 -0.037736 -0.039530 -0.041468 -0.043559 -0.045817 -0.048255 -0.050887
  1.000000
  0.000000  0.000000  0.000000  0.000000  0.000000  0.000000  0.000000  0.000000
  0.000000  0.000000  0.000000  0.000000  0.000000  0.000000  0.000000  0.000000
  0.000000  0.000000  0.000000  0.000000  0.000000  0.001551  0.002113  0.002556
  0.002954  0.003330  0.003689  0.004034  0.004361  0.004662  0.004938  0.005208
  0.005477  0.005746  0.006014  0.006284  0.006551  0.006817  0.007079  0.007341
  0.007600  0.007858  0.008111  0.008358  0.008602  0.008842  0.009072  0.009296
  0.009512  0.009718  0.009918  0.010100  0.010270  0.010415  0.010537  0.010630
  0.010689  0.010719  0.010711  0.010676  0.010605  0.010513  0.010387  0.010241
  0.010066  0.009862  0.009635  0.009387  0.009114  0.008819  0.008507  0.008182
  0.007845  0.007499  0.007146  0.006788  0.006427  0.006065  0.005702  0.005339
  0.004977  0.004617  0.004260  0.003907  0.003560  0.003218  0.002884  0.002558
  0.002192  0.001535  0.000000  0.000000  0.000000  0.000000  0.000000  0.000000
  0.000000  0.000000  0.000000  0.000000  0.000000  0.000000  0.000000  0.000000
  0.000000  0.000000  0.000000  0.000000  0.000000  0.000000  0.000000
  1.000000  0.000000
  0.648651  0.648648  0.648644  0.648640  0.648636  0.648632  0.648627  0.648623
  0.648620  0.648616  0.648613  0.648609  0.648607  0.648604  0.648602  0.648599
  0.648597  0.648596  0.648594  0.648592  0.648591  0.648589  0.648588  0.648586
  0.648584  0.648582  0.648580  0.648578  0.648575  0.648572  0.648569  0.648566
  0.648563  0.648560  0.648556  0.648552  0.648548  0.648543  0.648538  0.648533
  0.648527  0.648521  0.648515  0.648507  0.648500  0.648492  0.648483  0.648474
  0.648464  0.648453  0.648441  0.648428  0.648414  0.648399  0.648382  0.648364
  0.648346  0.648327  0.648308  0.648289  0.648270  0.648250  0.648231  0.648211
  0.648192  0.648172  0.648152  0.648132  0.648112  0.648093  0.648074  0.648055
  0.648037  0.648020  0.648003  0.647987  0.647972  0.647957  0.647943  0.647930
  0.647917  0.647905  0.647893  0.647883  0.647872  0.647863  0.647854  0.647845
  0.647837  0.647829  0.647822  0.647818  0.647814  0.647809  0.647804  0.647799
  0.647794  0.647789  0.647783  0.647777  0.647771  0.647765  0.647758  0.647752
  0.647745  0.647739  0.647732  0.647725  0.647719  0.647713  0.647708
 ***************************************************************
  ROW NUMBER           2  SECTION NUMBER            2
           0           0           0  IF_DESIGN etc 
   1.00000   0.00000    0
  0.052512  0.053678  0.054723  0.055660  0.056500  0.057253  0.057929  0.058534
  0.059077  0.059563  0.060000  0.060391  0.060742  0.061056  0.061338  0.061591
  0.061817  0.062021  0.062203  0.062366  0.062513  0.062659  0.062812  0.062972
  0.063141  0.063318  0.063503  0.063699  0.063905  0.064122  0.064351  0.064592
  0.064845  0.065112  0.065394  0.065689  0.066000  0.066325  0.066667  0.067026
  0.067402  0.067798  0.068214  0.068651  0.069110  0.069593  0.070102  0.070639
  0.071205  0.071809  0.072458  0.073153  0.073894  0.074678  0.075504  0.076366
  0.077251  0.078144  0.079041  0.079938  0.080832  0.081720  0.082601  0.083481
  0.084365  0.085252  0.086140  0.087027  0.087912  0.088793  0.089661  0.090511
  0.091342  0.092150  0.092936  0.093698  0.094435  0.095150  0.095844  0.096517
  0.097168  0.097798  0.098407  0.098995  0.099562  0.100107  0.100631  0.101134
  0.101616  0.102076  0.102516  0.102955  0.103429  0.103941  0.104494  0.105090
  0.105734  0.106430  0.107180  0.107990  0.108865  0.109810  0.110829  0.111930
  0.113118  0.114401  0.115785  0.117280  0.118894  0.120636  0.122517
  1.000000  0.000000
 -0.013600 -0.012872 -0.012219 -0.011634 -0.011110 -0.010639 -0.010218 -0.009840
 -0.009501 -0.009197 -0.008924 -0.008680 -0.008461 -0.008265 -0.008089 -0.007931
 -0.007789 -0.007662 -0.007549 -0.007447 -0.007355 -0.006597 -0.006332 -0.006081
 -0.005835 -0.005588 -0.005342 -0.005094 -0.004844 -0.004590 -0.004334 -0.004073
 -0.003810 -0.003543 -0.003273 -0.002999 -0.002725 -0.002451 -0.002176 -0.001902
 -0.001627 -0.001354 -0.001085 -0.000821 -0.000562 -0.000309 -0.000067  0.000166
  0.000385  0.000587  0.000775  0.000936  0.001069  0.001161  0.001210  0.001208
  0.001146  0.001031  0.000854  0.000624  0.000336  0.000000 -0.000392 -0.000832
 -0.001327 -0.001878 -0.002481 -0.003133 -0.003837 -0.004588 -0.005377 -0.006197
 -0.007043 -0.007910 -0.008791 -0.009683 -0.010582 -0.011487 -0.012395 -0.013303
 -0.014211 -0.015114 -0.016010 -0.016897 -0.017772 -0.018633 -0.019478 -0.020305
 -0.021111 -0.021895 -0.022875 -0.023488 -0.024151 -0.024865 -0.025637 -0.026470
 -0.027370 -0.028341 -0.029389 -0.030520 -0.031742 -0.033061 -0.034484 -0.036021
 -0.037681 -0.039472 -0.041405 -0.043493 -0.045747 -0.048179 -0.050806
  1.000000
  0.000000  0.000000  0.000000  0.000000  0.000000  0.000000  0.000000  0.000000
  0.000000  0.000000  0.000000  0.000000  0.000000  0.000000  0.000000  0.000000
  0.000000  0.000000  0.000000  0.000000  0.000000  0.001550  0.002110  0.002552
  0.002949  0.003325  0.003683  0.004027  0.004353  0.004653  0.004929  0.005198
  0.005467  0.005735  0.006003  0.006272  0.006539  0.006804  0.007066  0.007327
  0.007586  0.007843  0.008095  0.008342  0.008586  0.008825  0.009054  0.009279
  0.009494  0.009700  0.009899  0.010081  0.010250  0.010395  0.010517  0.010610
  0.010668  0.010698  0.010690  0.010656  0.010585  0.010493  0.010368  0.010221
  0.010046  0.009844  0.009617  0.009369  0.009096  0.008803  0.008491  0.008166
  0.007830  0.007484  0.007132  0.006775  0.006415  0.006053  0.005691  0.005329
  0.004968  0.004609  0.004252  0.003900  0.003553  0.003212  0.002879  0.002554
  0.002188  0.001532  0.000000  0.000000  0.000000  0.000000  0.000000  0.000000
  0.000000  0.000000  0.000000  0.000000  0.000000  0.000000  0.000000  0.000000
  0.000000  0.000000  0.000000  0.000000  0.000000  0.000000  0.000000
  1.000000  0.000000
  0.649438  0.649438  0.649438  0.649438  0.649438  0.649438  0.649438  0.649438
  0.649438  0.649438  0.649438  0.649438  0.649438  0.649438  0.649438  0.649438
  0.649438  0.649438  0.649438  0.649438  0.649438  0.649438  0.649438  0.649438
  0.649438  0.649438  0.649438  0.649438  0.649438  0.649438  0.649438  0.649438
  0.649438  0.649438  0.649438  0.649438  0.649438  0.649438  0.649438  0.649438
  0.649438  0.649438  0.649438  0.649438  0.649438  0.649438  0.649438  0.649438
  0.649438  0.649438  0.649438  0.649438  0.649438  0.649438  0.649438  0.649438
  0.649438  0.649438  0.649438  0.649438  0.649438  0.649438  0.649438  0.649438
  0.649438  0.649438  0.649438  0.649438  0.649438  0.649438  0.649438  0.649438
  0.649438  0.649438  0.649438  0.649438  0.649438  0.649438  0.649438  0.649438
  0.649438  0.649438  0.649438  0.649438  0.649438  0.649438  0.649438  0.649438
  0.649438  0.649438  0.649438  0.649438  0.649438  0.649438  0.649438  0.649438
  0.649438  0.649438  0.649438  0.649438  0.649438  0.649438  0.649438  0.649438
  0.649438  0.649438  0.649438  0.649438  0.649438  0.649438  0.649438
 ***************************************************************
  ROW NUMBER           2  SECTION NUMBER            3
           0           0           0  IF_DESIGN etc 
   1.00000   0.00000    0
  0.052574  0.053737  0.054780  0.055715  0.056554  0.057305  0.057979  0.058584
  0.059125  0.059611  0.060046  0.060437  0.060787  0.061101  0.061382  0.061634
  0.061860  0.062063  0.062245  0.062408  0.062554  0.062700  0.062853  0.063013
  0.063181  0.063357  0.063543  0.063738  0.063944  0.064160  0.064388  0.064629
  0.064882  0.065148  0.065429  0.065724  0.066033  0.066358  0.066699  0.067057
  0.067433  0.067828  0.068243  0.068679  0.069137  0.069619  0.070127  0.070663
  0.071228  0.071830  0.072478  0.073171  0.073910  0.074693  0.075517  0.076377
  0.077260  0.078151  0.079046  0.079941  0.080833  0.081718  0.082598  0.083476
  0.084358  0.085243  0.086128  0.087014  0.087897  0.088776  0.089642  0.090490
  0.091319  0.092126  0.092910  0.093670  0.094405  0.095119  0.095811  0.096482
  0.097132  0.097761  0.098369  0.098955  0.099521  0.100065  0.100588  0.101089
  0.101570  0.102030  0.102468  0.102906  0.103379  0.103890  0.104442  0.105037
  0.105680  0.106374  0.107123  0.107931  0.108804  0.109747  0.110764  0.111863
  0.113048  0.114328  0.115710  0.117202  0.118813  0.120551  0.122428
  1.000000  0.000000
 -0.013507 -0.012784 -0.012135 -0.011554 -0.011033 -0.010566 -0.010147 -0.009771
 -0.009434 -0.009132 -0.008862 -0.008619 -0.008401 -0.008206 -0.008031 -0.007874
 -0.007734 -0.007608 -0.007495 -0.007394 -0.007303 -0.006545 -0.006281 -0.006031
 -0.005786 -0.005540 -0.005295 -0.005048 -0.004798 -0.004546 -0.004290 -0.004031
 -0.003769 -0.003503 -0.003233 -0.002962 -0.002689 -0.002416 -0.002143 -0.001870
 -0.001596 -0.001324 -0.001058 -0.000795 -0.000537 -0.000286 -0.000046  0.000185
  0.000403  0.000604  0.000790  0.000949  0.001081  0.001171  0.001218  0.001215
  0.001151  0.001035  0.000856  0.000626  0.000337  0.000000 -0.000392 -0.000833
 -0.001329 -0.001880 -0.002483 -0.003134 -0.003838 -0.004589 -0.005378 -0.006198
 -0.007043 -0.007909 -0.008790 -0.009681 -0.010579 -0.011483 -0.012389 -0.013297
 -0.014203 -0.015105 -0.016000 -0.016886 -0.017760 -0.018621 -0.019464 -0.020289
 -0.021095 -0.021878 -0.022856 -0.023469 -0.024130 -0.024844 -0.025614 -0.026446
 -0.027344 -0.028314 -0.029360 -0.030490 -0.031710 -0.033027 -0.034448 -0.035983
 -0.037639 -0.039428 -0.041358 -0.043443 -0.045693 -0.048122 -0.050744
  1.000000
  0.000000  0.000000  0.000000  0.000000  0.000000  0.000000  0.000000  0.000000
  0.000000  0.000000  0.000000  0.000000  0.000000  0.000000  0.000000  0.000000
  0.000000  0.000000  0.000000  0.000000  0.000000  0.001549  0.002108  0.002550
  0.002946  0.003321  0.003679  0.004022  0.004347  0.004646  0.004921  0.005190
  0.005458  0.005726  0.005995  0.006263  0.006529  0.006793  0.007055  0.007316
  0.007575  0.007831  0.008083  0.008330  0.008572  0.008811  0.009040  0.009265
  0.009479  0.009685  0.009884  0.010066  0.010234  0.010379  0.010500  0.010594
  0.010652  0.010682  0.010674  0.010639  0.010569  0.010477  0.010352  0.010206
  0.010031  0.009828  0.009602  0.009355  0.009082  0.008789  0.008478  0.008154
  0.007818  0.007473  0.007122  0.006764  0.006405  0.006044  0.005682  0.005321
  0.004960  0.004601  0.004245  0.003894  0.003548  0.003207  0.002875  0.002550
  0.002185  0.001529  0.000000  0.000000  0.000000  0.000000  0.000000  0.000000
  0.000000  0.000000  0.000000  0.000000  0.000000  0.000000  0.000000  0.000000
  0.000000  0.000000  0.000000  0.000000  0.000000  0.000000  0.000000
  1.000000  0.000000
  0.650225  0.650229  0.650232  0.650236  0.650241  0.650245  0.650249  0.650253
  0.650257  0.650260  0.650264  0.650267  0.650270  0.650272  0.650275  0.650277
  0.650279  0.650281  0.650282  0.650284  0.650285  0.650287  0.650289  0.650290
  0.650292  0.650294  0.650297  0.650299  0.650301  0.650304  0.650307  0.650310
  0.650313  0.650317  0.650320  0.650325  0.650329  0.650333  0.650338  0.650344
  0.650349  0.650355  0.650362  0.650369  0.650376  0.650384  0.650393  0.650402
  0.650412  0.650423  0.650435  0.650448  0.650463  0.650478  0.650494  0.650512
  0.650530  0.650549  0.650568  0.650587  0.650607  0.650626  0.650646  0.650665
  0.650685  0.650705  0.650725  0.650744  0.650764  0.650784  0.650803  0.650821
  0.650839  0.650857  0.650873  0.650889  0.650905  0.650919  0.650933  0.650947
  0.650959  0.650971  0.650983  0.650994  0.651004  0.651014  0.651023  0.651032
  0.651040  0.651047  0.651054  0.651058  0.651063  0.651067  0.651072  0.651077
  0.651082  0.651087  0.651093  0.651099  0.651105  0.651111  0.651118  0.651124
  0.651131  0.651137  0.651144  0.651150  0.651157  0.651162  0.651168
  STARTING INLET BOUNDARY CONDITION DATA .
  NUMBER OF POINTS FOR INLET BOUNDARY CONDITIONS 
        37
  SPACING OF INLET BOUNDARY CONDITION POINTS 
  1.000000  1.250000  1.562500  1.953125  2.441406  3.051758  3.814697  4.768372
  5.960464  7.450581  9.313226 11.641532 14.551915 18.189894 20.000000 20.000000
 20.000000 20.000000 20.000000 20.000000 20.000000 20.000000 18.189894 14.551915
 11.641532  9.313226  7.450581  5.960464  4.768372  3.814697  3.051758  2.441406
  1.953125  1.562500  1.250000  1.000000
   INLET STAGNATION PRESSURES 
 3786000.0 3786000.0 3786000.0 3786000.0 3786000.0 3785999.8 3786000.0 3786000.2
 3785999.8 3786000.0 3786000.2 3786000.0 3786000.2 3786000.0 3786000.0 3786000.0
 3786000.0 3786000.0 3786000.0 3786000.0 3786000.0 3786000.0 3786000.0 3786000.0
 3786000.0 3786000.0 3786000.0 3786000.0 3786000.0 3786000.0 3786000.0 3786000.0
 3786000.0 3786000.0 3786000.0 3786000.0 3786000.0
   INLET STAGNATION TEMPERATURES 
  332.8109  332.8109  332.8109  332.8109  332.8109  332.8109  332.8109  332.8109
  332.8109  332.8109  332.8109  332.8109  332.8109  332.8109  332.8109  332.8109
  332.8109  332.8109  332.8109  332.8109  332.8109  332.8109  332.8109  332.8109
  332.8109  332.8109  332.8109  332.8109  332.8109  332.8109  332.8109  332.8109
  332.8109  332.8109  332.8109  332.8109  332.8109
   INLET ABSOLUTE TANGENTIAL VELOCITY 
    0.0000    0.0000    0.0000    0.0000    0.0000    0.0000    0.0000    0.0000
    0.0000    0.0000    0.0000    0.0000    0.0000    0.0000    0.0000    0.0000
    0.0000    0.0000    0.0000    0.0000    0.0000    0.0000    0.0000    0.0000
    0.0000    0.0000    0.0000    0.0000    0.0000    0.0000    0.0000    0.0000
    0.0000    0.0000    0.0000    0.0000    0.0000
   INLET MERIDIONAL VELOCITY 
  265.2349  265.2349  265.2349  265.2349  265.2349  265.2349  265.2348  265.2349
  265.2349  265.2349  265.2349  265.2349  265.2349  265.2349  265.2349  265.2349
  265.2349  265.2349  265.2349  265.2349  265.2349  265.2349  265.2349  265.2349
  265.2349  265.2349  265.2349  265.2349  265.2349  265.2349  265.2349  265.2349
  265.2349  265.2349  265.2349  265.2349  265.2349
   INLET MERIDIONAL YAW ANGLE  
  -29.9817  -29.9817  -29.9817  -29.9817  -29.9817  -29.9817  -29.9817  -29.9817
  -29.9817  -29.9817  -29.9817  -29.9817  -29.9817  -29.9817  -29.9817  -29.9817
  -29.9817  -29.9817  -29.9817  -29.9817  -29.9817  -29.9817  -29.9817  -29.9817
  -29.9817  -29.9817  -29.9817  -29.9817  -29.9817  -29.9817  -29.9817  -29.9817
  -29.9817  -29.9817  -29.9817  -29.9817  -29.9817
   INLET PITCH ANGLE 
   -0.0116   -0.0115   -0.0115   -0.0113   -0.0112   -0.0110   -0.0108   -0.0106
   -0.0102   -0.0098   -0.0093   -0.0086   -0.0078   -0.0068   -0.0056   -0.0042
   -0.0028   -0.0014    0.0000    0.0014    0.0028    0.0042    0.0056    0.0068
    0.0078    0.0087    0.0093    0.0098    0.0102    0.0106    0.0108    0.0110
    0.0112    0.0113    0.0115    0.0115    0.0116
   PDOWN_HUB   PDOWN_TIP 
  323096.0  323096.0
 MIXING LENGTH LIMITS ON ALL BLADE ROWS
  0.020000  0.030000  0.040000  0.050000  1.000000  0.500000
  0.020000  0.030000  0.040000  0.050000  1.000000  0.500000
  FACTOR TO INCREASE THE TURBULENT VISCOSITY OVER THE FIRST NMIXUP STEPS 
   2.00000 1000
