  BLADE PROFILES IN CARTESIAN COORDINATES (2D) BEFORE   PROJECTION, SCALING, MESHING AND STACKING 
  VARIABLES = "X", "YSS", "YPS" 
  BLADE           1  SECTION           1
    0.000000   -0.015828   -0.015828
    0.000062   -0.012526   -0.017369
    0.000249   -0.009791   -0.020125
    0.000561   -0.007107   -0.022623
    0.000997   -0.004466   -0.024919
    0.001557   -0.001881   -0.026757
    0.002241    0.000629   -0.028624
    0.003050    0.003048   -0.030520
    0.003982    0.005361   -0.032359
    0.005038    0.007573   -0.034247
    0.006218    0.009706   -0.036271
    0.007520    0.011714   -0.038453
    0.008945    0.013610   -0.040781
    0.010493    0.015457   -0.043258
    0.012162    0.017243   -0.045886
    0.013954    0.018985   -0.048660
    0.015866    0.020678   -0.051574
    0.017899    0.022342   -0.054621
    0.020052    0.023965   -0.057797
    0.022325    0.025559   -0.061095
    0.024716    0.027103   -0.064511
    0.027226    0.028608   -0.068043
    0.029854    0.030053   -0.071700
    0.032600    0.031410   -0.075433
    0.035461    0.032671   -0.079260
    0.038439    0.033802   -0.083176
    0.041531    0.034771   -0.087170
    0.044738    0.035541   -0.091240
    0.048058    0.036131   -0.095379
    0.051491    0.036636   -0.099581
    0.055036    0.037128   -0.103840
    0.058691    0.037624   -0.108149
    0.062456    0.038124   -0.112502
    0.066331    0.038630   -0.116892
    0.070314    0.039142   -0.121314
    0.074403    0.039661   -0.125760
    0.078599    0.040189   -0.130225
    0.082900    0.040727   -0.134701
    0.087305    0.041279   -0.139191
    0.091812    0.041844   -0.143718
    0.096421    0.042425   -0.148182
    0.101131    0.043022   -0.152626
    0.105941    0.043638   -0.157047
    0.110848    0.044274   -0.161441
    0.115853    0.044932   -0.165801
    0.120953    0.045621   -0.170135
    0.126148    0.046331   -0.174461
    0.131435    0.047069   -0.178667
    0.136815    0.047836   -0.182799
    0.142285    0.048634   -0.186867
    0.147845    0.049479   -0.190866
    0.153492    0.050350   -0.194799
    0.159225    0.051258   -0.198683
    0.165044    0.052206   -0.202397
    0.170946    0.053212   -0.206012
    0.176930    0.054247   -0.209551
    0.182994    0.055331   -0.213033
    0.189138    0.056478   -0.216279
    0.195358    0.057658   -0.219414
    0.201655    0.058914   -0.222455
    0.208026    0.060202   -0.225415
    0.214470    0.061573   -0.228111
    0.220986    0.062980   -0.230676
    0.227570    0.064470   -0.233125
    0.234223    0.066026   -0.235448
    0.240941    0.067622   -0.237521
    0.247725    0.069312   -0.239468
    0.254571    0.071074   -0.241311
    0.261478    0.072884   -0.242822
    0.268445    0.074786   -0.244179
    0.275470    0.076773   -0.245392
    0.282550    0.078838   -0.246426
    0.289685    0.080953   -0.247202
    0.296872    0.083179   -0.247813
    0.304110    0.085493   -0.248263
    0.311396    0.087860   -0.248393
    0.318730    0.090345   -0.248368
    0.326109    0.092923   -0.248204
    0.333531    0.095555   -0.247655
    0.340994    0.098318   -0.246964
    0.348497    0.101135   -0.246107
    0.356038    0.104053   -0.244907
    0.363615    0.107095   -0.243466
    0.371226    0.110195   -0.241855
    0.378869    0.113441   -0.240082
    0.386542    0.116743   -0.237919
    0.394243    0.120139   -0.235545
    0.401971    0.123633   -0.232980
    0.409723    0.127280   -0.230231
    0.417498    0.130982   -0.227120
    0.425293    0.134782   -0.223782
    0.433107    0.138682   -0.220246
    0.440937    0.142682   -0.216542
    0.448783    0.146783   -0.212451
    0.456641    0.150987   -0.208133
    0.464509    0.155296   -0.203588
    0.472387    0.159712   -0.198834
    0.480272    0.164261   -0.193919
    0.488161    0.168869   -0.188627
    0.496053    0.173577   -0.183106
    0.503947    0.178382   -0.177358
    0.511839    0.183286   -0.171382
    0.519729    0.188286   -0.165205
    0.527613    0.193382   -0.158865
    0.535491    0.198572   -0.152208
    0.543360    0.203855   -0.145300
    0.551217    0.209222   -0.138175
    0.559063    0.214647   -0.130834
    0.566893    0.220201   -0.123279
    0.574707    0.225843   -0.115515
    0.582502    0.231571   -0.107544
    0.590277    0.237388   -0.099369
    0.598029    0.243286   -0.090995
    0.605757    0.249264   -0.082425
    0.613458    0.255319   -0.073665
    0.621131    0.261448   -0.064718
    0.628774    0.267650   -0.055590
    0.636385    0.273922   -0.046287
    0.643962    0.280260   -0.036812
    0.651503    0.286650   -0.027172
    0.659006    0.293081   -0.017374
    0.666469    0.299604   -0.007421
    0.673891    0.306184    0.002678
    0.681270    0.312825    0.012919
    0.688604    0.319517    0.023294
    0.695890    0.326256    0.033797
    0.703128    0.333037    0.044422
    0.710315    0.339858    0.055162
    0.717450    0.346715    0.066021
    0.724530    0.353592    0.076981
    0.731555    0.360482    0.088056
    0.738522    0.367427    0.099260
    0.745429    0.374395    0.110477
    0.752275    0.381390    0.121764
    0.759059    0.388400    0.133114
    0.765777    0.395420    0.144521
    0.772430    0.402447    0.155976
    0.779015    0.409477    0.167471
    0.785530    0.416506    0.179004
    0.791974    0.423519    0.190569
    0.798345    0.430509    0.202168
    0.804642    0.437511    0.213810
    0.810863    0.444496    0.225398
    0.817006    0.451467    0.236978
    0.823070    0.458412    0.248542
    0.829054    0.465327    0.260081
    0.834956    0.472209    0.271589
    0.840775    0.479052    0.283056
    0.846508    0.485853    0.294485
    0.852155    0.492598    0.305857
    0.857715    0.499285    0.317163
    0.863185    0.505935    0.328418
    0.868565    0.512527    0.339598
    0.873852    0.519055    0.350658
    0.879047    0.525518    0.361621
    0.884147    0.531912    0.372478
    0.889152    0.538230    0.383222
    0.894059    0.544468    0.393847
    0.898869    0.550623    0.404347
    0.903579    0.556691    0.414710
    0.908188    0.562666    0.424929
    0.912695    0.568546    0.434995
    0.917100    0.574319    0.444919
    0.921401    0.579989    0.454674
    0.925597    0.585560    0.464238
    0.929686    0.591021    0.473621
    0.933669    0.596367    0.482816
    0.937544    0.601596    0.491815
    0.941309    0.606703    0.500613
    0.944965    0.611685    0.509204
    0.948509    0.616539    0.517581
    0.951942    0.621262    0.525737
    0.955262    0.625849    0.533665
    0.958469    0.630298    0.541360
    0.961561    0.634606    0.548815
    0.964539    0.638776    0.556025
    0.967400    0.642794    0.562984
    0.970146    0.646661    0.569688
    0.972774    0.650318    0.576131
    0.975284    0.653434    0.582308
    0.977675    0.655924    0.588214
    0.979948    0.657952    0.593846
    0.982101    0.659614    0.599198
    0.984134    0.660970    0.604266
    0.986046    0.662046    0.609046
    0.987838    0.662869    0.613533
    0.989507    0.663446    0.617729
    0.991055    0.663790    0.621627
    0.992480    0.663903    0.625224
    0.993782    0.663790    0.628517
    0.994962    0.663512    0.631504
    0.996018    0.662970    0.634184
    0.996950    0.662121    0.636561
    0.997759    0.661136    0.638758
    0.998443    0.659949    0.640934
    0.999003    0.658573    0.643035
    0.999439    0.657025    0.645263
    0.999751    0.655347    0.647532
    0.999938    0.653517    0.649844
    1.000000    0.651054    0.651054
  BLADE PROFILES IN CARTESIAN COORDINATES (3D) 
  VARIABLES = "X", "YSS", "YPS" "R" 
  BLADE           1  SECTION           1
  -10.527260    3.164665    3.164665  177.749176
   -9.279909    2.320978    2.320978  177.717209
   -8.167995    1.568812    1.568812  177.683243
   -7.176836    0.898268    0.898268  177.648376
   -6.293335    0.300508    0.300508  177.613373
   -5.505805   -0.232358   -0.232358  177.579010
   -4.803818   -0.707369   -0.707369  177.545731
   -4.178078   -1.130805   -1.130805  177.513855
   -3.620301   -1.508264   -1.508264  177.483688
   -3.123093   -1.844741   -1.844741  177.455368
   -2.679876   -2.144686   -2.144686  177.428925
   -2.284780   -2.412069   -2.412069  177.404404
   -1.932574   -2.650427   -2.650427  177.381805
   -1.618599   -2.862912   -2.862912  177.361008
   -1.338700   -3.052336   -3.052336  177.341965
   -1.089176   -3.221202   -3.221202  177.324615
   -0.866729   -3.371745   -3.371745  177.308807
   -0.668417   -3.505953   -3.505953  177.294464
   -0.491620   -3.625599   -3.625599  177.281479
   -0.334002   -3.732266   -3.732266  177.269760
   -0.193481   -3.827363   -3.827363  177.259125
   -0.068201   -3.912143   -3.912143  177.249557
    0.043490   -3.987728   -3.987728  177.240936
    0.143069   -4.055116   -4.055116  177.233170
    0.231848   -4.115195   -4.115195  177.226227
    0.311000   -4.168759   -4.168759  177.220001
    0.389548   -3.769451   -4.558621  177.208893
    0.471668   -3.616043   -4.702592  177.197205
    0.557689   -3.509775   -4.842211  177.184845
    0.647939   -3.422993   -4.982692  177.171829
    0.742747   -3.347270   -5.125081  177.158035
    0.842442   -3.279278   -5.269940  177.143417
    0.947351   -3.217896   -5.418260  177.127945
    1.057800   -3.164485   -5.569109  177.111526
    1.174121   -3.120938   -5.723103  177.094040
    1.296638   -3.090581   -5.880229  177.075546
    1.425680   -3.070099   -6.040527  177.055832
    1.561574   -3.050865   -6.203874  177.034943
    1.704645   -3.031337   -6.370072  177.012695
    1.855222   -3.011341   -6.538860  176.989075
    2.013553   -2.990694   -6.709823  176.964020
    2.179675   -2.969176   -6.882444  176.937454
    2.353975   -2.946517   -7.056965  176.909332
    2.536878   -2.922470   -7.230610  176.879517
    2.728865   -2.896732   -7.404403  176.847900
    2.930464   -2.868743   -7.578497  176.814377
    3.142241   -2.838402   -7.751412  176.778763
    3.364711   -2.805175   -7.920884  176.740997
    3.598289   -2.768237   -8.087877  176.700928
    3.843747   -2.727576   -8.251154  176.658386
    4.101969   -2.681885   -8.408237  176.613174
    4.373913   -2.630641   -8.559145  176.565109
    4.660645   -2.572958   -8.701184  176.513855
    4.963320   -2.507742   -8.832417  176.459244
    5.285597   -2.432847   -8.952785  176.400513
    5.632119   -2.346380   -9.057998  176.336792
    6.003263   -2.246315   -9.143923  176.267944
    6.398728   -2.130255   -9.206856  176.193863
    6.817570   -1.997261   -9.240716  176.114777
    7.258167   -1.845481   -9.239618  176.031006
    7.718234   -1.674015   -9.198090  175.943024
    8.190343   -1.483544   -9.112224  175.852249
    8.666942   -1.275618   -8.985109  175.760300
    9.145489   -1.050884   -8.816079  175.667770
    9.623895   -0.811094   -8.603157  175.575287
   10.100572   -0.555887   -8.349005  175.483292
   10.574386   -0.284565   -8.058119  175.391983
   11.044698    0.000000   -7.725290  175.301788
   11.514689    0.300739   -7.356027  175.212128
   11.986494    0.619236   -6.944497  175.122818
   12.459751    0.954538   -6.490956  175.034012
   12.933852    1.308712   -5.997350  174.946030
   13.407965    1.680309   -5.464435  174.859039
   13.881015    2.068273   -4.893673  174.773483
   14.351663    2.470535   -4.287272  174.689743
   14.815742    2.884748   -3.651928  174.608551
   15.270639    3.307715   -2.993306  174.530487
   15.715120    3.736464   -2.315285  174.455826
   16.148186    4.168323   -1.620024  174.384705
   16.569054    4.603428   -0.916132  174.317108
   16.977213    5.038834   -0.204964  174.253204
   17.372351    5.472130    0.511111  174.193024
   17.755930    5.905437    1.232014  174.136063
   18.128296    6.337633    1.954057  174.082367
   18.489450    6.767235    2.676679  174.031799
   18.839388    7.193101    3.398542  173.984375
   19.178089    7.615223    4.115710  173.939880
   19.505545    8.032268    4.826899  173.898285
   19.821756    8.443170    5.530622  173.859451
   20.126686    8.846725    6.225425  173.823318
   20.420353    9.242866    6.908130  173.789795
   20.702717    9.630379    7.578027  173.758713
   20.973774   10.008592    8.233347  173.730011
   21.233519   10.347459    8.872500  173.703568
   21.481930   10.509527    9.493921  173.679276
   21.718992   10.242667   10.242389  173.656998
   21.956717   10.718899   10.718760  173.640656
   22.208031   11.222428   11.222428  173.623428
   22.473700   11.754666   11.754666  173.605301
   22.754559   12.317246   12.317246  173.586227
   23.051466   12.911893   12.911893  173.566086
   23.365335   13.540427   13.540427  173.544830
   23.697134   14.204769   14.204769  173.522354
   24.047890   14.906960   14.906960  173.498535
   24.418665   15.649137   15.649137  173.473267
   24.810575   16.433540   16.433540  173.446045
   25.224854   17.262583   17.262583  173.417023
   25.662762   18.138788   18.138788  173.386063
   26.125656   19.064837   19.064837  173.352951
   26.614946   20.043531   20.043531  173.317612
   27.132133   21.077839   21.077839  173.279709
  BLADE PROFILES IN CARTESIAN COORDINATES (2D) BEFORE   PROJECTION, SCALING, MESHING AND STACKING 
  VARIABLES = "X", "YSS", "YPS" 
  BLADE           1  SECTION           2
    0.000000   -0.013117   -0.013117
    0.000062   -0.011507   -0.016509
    0.000249   -0.008672   -0.019241
    0.000561   -0.005957   -0.021890
    0.000997   -0.003311   -0.023864
    0.001557   -0.000744   -0.025838
    0.002241    0.001729   -0.027780
    0.003050    0.004095   -0.029611
    0.003982    0.006343   -0.031438
    0.005038    0.008482   -0.033324
    0.006218    0.010529   -0.035272
    0.007520    0.012463   -0.037346
    0.008945    0.014310   -0.039573
    0.010493    0.016109   -0.041951
    0.012162    0.017850   -0.044474
    0.013954    0.019546   -0.047142
    0.015866    0.021215   -0.049955
    0.017899    0.022847   -0.052879
    0.020052    0.024455   -0.055926
    0.022325    0.026022   -0.059091
    0.024716    0.027552   -0.062365
    0.027226    0.029030   -0.065746
    0.029854    0.030435   -0.069229
    0.032600    0.031738   -0.072808
    0.035461    0.032921   -0.076477
    0.038439    0.033955   -0.080231
    0.041531    0.034810   -0.084064
    0.044738    0.035488   -0.087970
    0.048058    0.036036   -0.091943
    0.051491    0.036555   -0.095977
    0.055036    0.037084   -0.100067
    0.058691    0.037616   -0.104206
    0.062456    0.038152   -0.108388
    0.066331    0.038693   -0.112608
    0.070314    0.039239   -0.116868
    0.074403    0.039792   -0.121180
    0.078599    0.040353   -0.125476
    0.082900    0.040923   -0.129781
    0.087305    0.041503   -0.134086
    0.091812    0.042094   -0.138390
    0.096421    0.042699   -0.142687
    0.101131    0.043320   -0.146971
    0.105941    0.043956   -0.151237
    0.110848    0.044609   -0.155478
    0.115853    0.045282   -0.159699
    0.120953    0.045975   -0.163924
    0.126148    0.046692   -0.168037
    0.131435    0.047437   -0.172096
    0.136815    0.048204   -0.176101
    0.142285    0.048998   -0.180045
    0.147845    0.049821   -0.183938
    0.153492    0.050678   -0.187804
    0.159225    0.051576   -0.191499
    0.165044    0.052499   -0.195110
    0.170946    0.053458   -0.198634
    0.176930    0.054472   -0.202081
    0.182994    0.055512   -0.205471
    0.189138    0.056594   -0.208654
    0.195358    0.057738   -0.211728
    0.201655    0.058911   -0.214713
    0.208026    0.060151   -0.217624
    0.214470    0.061423   -0.220294
    0.220986    0.062766   -0.222830
    0.227570    0.064145   -0.225264
    0.234223    0.065599   -0.227609
    0.240941    0.067090   -0.229673
    0.247725    0.068665   -0.231595
    0.254571    0.070275   -0.233395
    0.261478    0.071976   -0.235075
    0.268445    0.073741   -0.236473
    0.275470    0.075548   -0.237748
    0.282550    0.077451   -0.238894
    0.289685    0.079398   -0.239752
    0.296872    0.081441   -0.240412
    0.304110    0.083562   -0.240932
    0.311396    0.085726   -0.241320
    0.318730    0.088002   -0.241371
    0.326109    0.090320   -0.241245
    0.333531    0.092755   -0.240956
    0.340994    0.095234   -0.240488
    0.348497    0.097834   -0.239729
    0.356038    0.100477   -0.238801
    0.363615    0.103245   -0.237727
    0.371226    0.106061   -0.236292
    0.378869    0.108961   -0.234653
    0.386542    0.111989   -0.232845
    0.394243    0.115065   -0.230887
    0.401971    0.118225   -0.228555
    0.409723    0.121488   -0.226020
    0.417498    0.124864   -0.223309
    0.425293    0.128296   -0.220443
    0.433107    0.131815   -0.217210
    0.440937    0.135422   -0.213760
    0.448783    0.139129   -0.210099
    0.456641    0.142960   -0.206243
    0.464509    0.146843   -0.202232
    0.472387    0.150814   -0.197866
    0.480272    0.154873   -0.193284
    0.488161    0.159022   -0.188488
    0.496053    0.163258   -0.183506
    0.503947    0.167582   -0.178361
    0.511839    0.171993   -0.172909
    0.519729    0.176490   -0.167213
    0.527613    0.181073   -0.161308
    0.535491    0.185740   -0.155195
    0.543360    0.190491   -0.148874
    0.551217    0.195324   -0.142348
    0.559063    0.200238   -0.135618
    0.566893    0.205232   -0.128709
    0.574707    0.210304   -0.121664
    0.582502    0.215453   -0.114339
    0.590277    0.220676   -0.106822
    0.598029    0.225972   -0.099110
    0.605757    0.231339   -0.091212
    0.613458    0.236775   -0.083136
    0.621131    0.242278   -0.074885
    0.628774    0.247846   -0.066465
    0.636385    0.253476   -0.057880
    0.643962    0.259158   -0.049136
    0.651503    0.264872   -0.040236
    0.659006    0.270676   -0.031186
    0.666469    0.276533   -0.021993
    0.673891    0.282447   -0.012661
    0.681270    0.288408   -0.003192
    0.688604    0.294414    0.006407
    0.695890    0.300461    0.016128
    0.703128    0.306548    0.025963
    0.710315    0.312669    0.035927
    0.717450    0.318824    0.046040
    0.724530    0.324997    0.056180
    0.731555    0.331181    0.066409
    0.738522    0.337414    0.076720
    0.745429    0.343669    0.087105
    0.752275    0.349945    0.097559
    0.759059    0.356237    0.108073
    0.765777    0.362538    0.118641
    0.772430    0.368845    0.129255
    0.779015    0.375154    0.139911
    0.785530    0.381463    0.150608
    0.791974    0.387756    0.161328
    0.798345    0.394032    0.172086
    0.804642    0.400317    0.182877
    0.810863    0.406587    0.193623
    0.817006    0.412838    0.204363
    0.823070    0.419072    0.215089
    0.829054    0.425279    0.225794
    0.834956    0.431456    0.236471
    0.840775    0.437599    0.247112
    0.846508    0.443704    0.257717
    0.852155    0.449767    0.268270
    0.857715    0.455776    0.278764
    0.863185    0.461730    0.289209
    0.868565    0.467647    0.299589
    0.873852    0.473508    0.309857
    0.879047    0.479308    0.320034
    0.884147    0.485044    0.330115
    0.889152    0.490715    0.340091
    0.894059    0.496315    0.349956
    0.898869    0.501841    0.359706
    0.903579    0.507288    0.369331
    0.908188    0.512652    0.378821
    0.912695    0.517931    0.388171
    0.917100    0.523121    0.397374
    0.921401    0.528218    0.406421
    0.925597    0.533219    0.415324
    0.929686    0.538113    0.424053
    0.933669    0.542907    0.432595
    0.937544    0.547602    0.440956
    0.941309    0.552187    0.449130
    0.944965    0.556660    0.457112
    0.948509    0.561017    0.464895
    0.951942    0.565257    0.472473
    0.955262    0.569375    0.479841
    0.958469    0.573376    0.486991
    0.961561    0.577245    0.493919
    0.964539    0.580983    0.500620
    0.967400    0.584590    0.507088
    0.970146    0.588062    0.513318
    0.972774    0.591311    0.519306
    0.975284    0.593987    0.525048
    0.977675    0.596089    0.530537
    0.979948    0.597775    0.535772
    0.982101    0.599132    0.540747
    0.984134    0.600216    0.545456
    0.986046    0.601050    0.549897
    0.987838    0.601654    0.554071
    0.989507    0.602032    0.557972
    0.991055    0.602198    0.561595
    0.992480    0.602155    0.564937
    0.993782    0.601906    0.568000
    0.994962    0.601485    0.570778
    0.996018    0.600844    0.573268
    0.996950    0.599952    0.575470
    0.997759    0.598912    0.577517
    0.998443    0.597690    0.579510
    0.999003    0.596297    0.581427
    0.999439    0.594742    0.583579
    0.999751    0.593044    0.585712
    0.999938    0.591219    0.587920
    1.000000    0.589275    0.589275
  BLADE PROFILES IN CARTESIAN COORDINATES (3D) 
  VARIABLES = "X", "YSS", "YPS" "R" 
  BLADE           1  SECTION           2
  -11.302309    3.361904    3.361904  188.971268
  -10.019013    2.545406    2.545406  188.969330
   -8.874824    1.817419    1.817419  188.967407
   -7.854659    1.168348    1.168348  188.965591
   -6.945076    0.589639    0.589639  188.963928
   -6.134091    0.073665    0.073665  188.962387
   -5.411013   -0.386376   -0.386376  188.960983
   -4.766314   -0.796547   -0.796547  188.959763
   -4.191499   -1.162255   -1.162255  188.958633
   -3.678990   -1.488320   -1.488320  188.957657
   -3.222036   -1.779038   -1.779038  188.956772
   -2.814615   -2.038244   -2.038244  188.955994
   -2.451356   -2.269351   -2.269351  188.955322
   -2.127475   -2.475406   -2.475406  188.954697
   -1.838700   -2.659125   -2.659125  188.954147
   -1.581228   -2.822929   -2.822929  188.953690
   -1.351664   -2.968977   -2.968977  188.953278
   -1.146986   -3.099194   -3.099194  188.952911
   -0.964492   -3.215296   -3.215296  188.952560
   -0.801781   -3.318812   -3.318812  188.952286
   -0.656707   -3.411107   -3.411107  188.952011
   -0.527360   -3.493398   -3.493398  188.951797
   -0.412030   -3.566768   -3.566768  188.951599
   -0.309205   -3.632186   -3.632186  188.951385
   -0.217524   -3.690513   -3.690513  188.951248
   -0.135782   -3.742517   -3.742517  188.951111
   -0.054040   -3.331718   -4.145689  188.951004
    0.031429   -3.179786   -4.289995  188.951096
    0.120966   -3.073490   -4.427966  188.951157
    0.214916   -2.986366   -4.567447  188.951218
    0.313621   -2.909827   -4.708343  188.951248
    0.417427   -2.841038   -4.851570  188.951355
    0.526674   -2.779573   -4.997577  188.951416
    0.641708   -2.727510   -5.146651  188.951492
    0.762871   -2.687109   -5.298921  188.951614
    0.890506   -2.659807   -5.454427  188.951706
    1.024959   -2.639115   -5.613132  188.951813
    1.166571   -2.618251   -5.774930  188.951935
    1.315684   -2.597149   -5.939632  188.952072
    1.472645   -2.575628   -6.107573  188.952225
    1.637717   -2.553514   -6.277729  188.952438
    1.810940   -2.530652   -6.448727  188.952591
    1.992721   -2.506794   -6.620787  188.952789
    2.183508   -2.481652   -6.793611  188.953033
    2.383807   -2.454979   -6.966799  188.953262
    2.594171   -2.426451   -7.141140  188.953537
    2.815200   -2.395508   -7.312368  188.953796
    3.047427   -2.362054   -7.482035  188.954086
    3.291297   -2.325491   -7.650807  188.954453
    3.547626   -2.285098   -7.813019  188.954834
    3.817327   -2.240347   -7.971237  188.955231
    4.101420   -2.190872   -8.123702  188.955658
    4.401017   -2.135130   -8.267909  188.956146
    4.717333   -2.072468   -8.402068  188.956665
    5.054199   -2.001184   -8.526446  188.957199
    5.416471   -1.919087   -8.634796  188.957901
    5.804554   -1.824319   -8.727879  188.958557
    6.218143   -1.715667   -8.798258  188.959305
    6.656242   -1.590919   -8.837981  188.960144
    7.117169   -1.449652   -8.845752  188.960999
    7.598517   -1.289325   -8.816528  188.961945
    8.092505   -1.111766   -8.746797  188.962952
    8.591222   -0.918650   -8.634084  188.963898
    9.091990   -0.710640   -8.478397  188.964920
    9.592615   -0.487915   -8.284122  188.965927
   10.091398   -0.250292   -8.048834  188.966934
   10.587154    0.000000   -7.775623  188.967896
   11.079185    0.263454   -7.466936  188.968872
   11.570817    0.541895   -7.117692  188.969788
   12.064260    0.836861   -6.728462  188.970749
   12.559119    1.148440   -6.300987  188.971664
   13.054752    1.476464   -5.835147  188.972534
   13.550252    1.820494   -5.329094  188.973389
   14.044477    2.179778   -4.786435  188.974197
   14.536043    2.552201   -4.209298  188.974976
   15.020564    2.936389   -3.603985  188.975708
   15.495317    3.328306   -2.975519  188.976379
   15.959004    3.725706   -2.326247  188.976959
   16.410582    4.126088   -1.664551  188.977493
   16.849270    4.529498   -0.991959  188.977966
   17.274496    4.933283   -0.312039  188.978394
   17.685972    5.335186    0.373001  188.978745
   18.085203    5.737036    1.062646  188.979034
   18.472591    6.137973    1.753714  188.979263
   18.848137    6.536682    2.445559  188.979538
   19.211834    6.931695    3.136849  188.979630
   19.563675    7.323325    3.823810  188.979721
   19.903685    7.710253    4.505129  188.979782
   20.231842    8.091537    5.179466  188.979828
   20.548145    8.466308    5.845127  188.979782
   20.852608    8.833593    6.499691  188.979736
   21.145224    9.193139    7.141793  188.979660
   21.425991    9.544075    7.770028  188.979568
   21.694916    9.852334    8.382799  188.979370
   21.951986    9.986053    8.978589  188.979248
   22.197210    9.703302    9.703049  188.979034
   22.442446   10.154072   10.153945  188.978516
   22.701675   10.630716   10.630716  188.977875
   22.975718   11.134588   11.134588  188.977249
   23.265408   11.667238   11.667238  188.976685
   23.571638   12.230312   12.230312  188.976151
   23.895361   12.825548   12.825548  188.975693
   24.237577   13.454793   13.454793  188.975342
   24.599331   14.119976   14.119976  188.975098
   24.981750   14.823165   14.823165  188.975021
   25.386003   15.566536   15.566536  188.975220
   25.813356   16.352385   16.352385  188.975662
   26.265104   17.183130   17.183130  188.976318
   26.742657   18.061354   18.061354  188.977249
   27.247482   18.989758   18.989758  188.978531
   27.781143   19.971203   19.971203  188.980026
  BLADE PROFILES IN CARTESIAN COORDINATES (2D) BEFORE   PROJECTION, SCALING, MESHING AND STACKING 
  VARIABLES = "X", "YSS", "YPS" 
  BLADE           1  SECTION           3
    0.000000   -0.013344   -0.013344
    0.000062   -0.010270   -0.015302
    0.000249   -0.007524   -0.018126
    0.000561   -0.004847   -0.020739
    0.000997   -0.002244   -0.023026
    0.001557    0.000268   -0.025083
    0.002241    0.002673   -0.026975
    0.003050    0.004966   -0.028821
    0.003982    0.007143   -0.030682
    0.005038    0.009282   -0.032547
    0.006218    0.011242   -0.034419
    0.007520    0.013066   -0.036425
    0.008945    0.014882   -0.038584
    0.010493    0.016642   -0.040891
    0.012162    0.018364   -0.043325
    0.013954    0.020051   -0.045893
    0.015866    0.021708   -0.048586
    0.017899    0.023339   -0.051402
    0.020052    0.024938   -0.054336
    0.022325    0.026507   -0.057385
    0.024716    0.028025   -0.060541
    0.027226    0.029475   -0.063801
    0.029854    0.030848   -0.067159
    0.032600    0.032109   -0.070609
    0.035461    0.033224   -0.074147
    0.038439    0.034166   -0.077767
    0.041531    0.034937   -0.081463
    0.044738    0.035564   -0.085230
    0.048058    0.036136   -0.089062
    0.051491    0.036703   -0.092954
    0.055036    0.037273   -0.096907
    0.058691    0.037844   -0.100933
    0.062456    0.038414   -0.104971
    0.066331    0.038995   -0.109046
    0.070314    0.039582   -0.113147
    0.074403    0.040174   -0.117271
    0.078599    0.040773   -0.121414
    0.082900    0.041380   -0.125569
    0.087305    0.041997   -0.129731
    0.091812    0.042623   -0.133893
    0.096421    0.043261   -0.138051
    0.101131    0.043911   -0.142198
    0.105941    0.044576   -0.146340
    0.110848    0.045256   -0.150493
    0.115853    0.045952   -0.154570
    0.120953    0.046667   -0.158600
    0.126148    0.047401   -0.162589
    0.131435    0.048156   -0.166532
    0.136815    0.048933   -0.170424
    0.142285    0.049741   -0.174274
    0.147845    0.050569   -0.178100
    0.153492    0.051423   -0.181788
    0.159225    0.052306   -0.185392
    0.165044    0.053230   -0.188917
    0.170946    0.054178   -0.192360
    0.176930    0.055158   -0.195726
    0.182994    0.056174   -0.199032
    0.189138    0.057240   -0.202159
    0.195358    0.058333   -0.205178
    0.201655    0.059467   -0.208113
    0.208026    0.060656   -0.210974
    0.214470    0.061875   -0.213620
    0.220986    0.063158   -0.216131
    0.227570    0.064470   -0.218548
    0.234223    0.065850   -0.220866
    0.240941    0.067264   -0.222960
    0.247725    0.068733   -0.224887
    0.254571    0.070268   -0.226708
    0.261478    0.071863   -0.228414
    0.268445    0.073495   -0.229872
    0.275470    0.075209   -0.231148
    0.282550    0.076959   -0.232303
    0.289685    0.078797   -0.233338
    0.296872    0.080671   -0.234086
    0.304110    0.082640   -0.234651
    0.311396    0.084646   -0.235081
    0.318730    0.086749   -0.235389
    0.326109    0.088892   -0.235368
    0.333531    0.091135   -0.235173
    0.340994    0.093417   -0.234826
    0.348497    0.095807   -0.234340
    0.356038    0.098236   -0.233527
    0.363615    0.100774   -0.232529
    0.371226    0.103355   -0.231367
    0.378869    0.106010   -0.230054
    0.386542    0.108779   -0.228414
    0.394243    0.111590   -0.226579
    0.401971    0.114476   -0.224575
    0.409723    0.117482   -0.222425
    0.417498    0.120531   -0.219928
    0.425293    0.123657   -0.217234
    0.433107    0.126860   -0.214373
    0.440937    0.130153   -0.211351
    0.448783    0.133553   -0.208020
    0.456641    0.137001   -0.204455
    0.464509    0.140527   -0.200690
    0.472387    0.144132   -0.196754
    0.480272    0.147816   -0.192655
    0.488161    0.151578   -0.188267
    0.496053    0.155421   -0.183638
    0.503947    0.159345   -0.178808
    0.511839    0.163353   -0.173777
    0.519729    0.167463   -0.168547
    0.527613    0.171616   -0.163140
    0.535491    0.175845   -0.157591
    0.543360    0.180148   -0.151761
    0.551217    0.184524   -0.145712
    0.559063    0.188972   -0.139473
    0.566893    0.193491   -0.133046
    0.574707    0.198080   -0.126434
    0.582502    0.202737   -0.119638
    0.590277    0.207461   -0.112663
    0.598029    0.212250   -0.105510
    0.605757    0.217092   -0.098184
    0.613458    0.221977   -0.090689
    0.621131    0.226952   -0.083028
    0.628774    0.231984   -0.075206
    0.636385    0.237072   -0.067227
    0.643962    0.242214   -0.059118
    0.651503    0.247410   -0.050909
    0.659006    0.252659   -0.042463
    0.666469    0.257955   -0.033836
    0.673891    0.263296   -0.025145
    0.681270    0.268680   -0.016328
    0.688604    0.274104   -0.007390
    0.695890    0.279565    0.001663
    0.703128    0.285061    0.010825
    0.710315    0.290589    0.020091
    0.717450    0.296135    0.029453
    0.724530    0.301696    0.038907
    0.731555    0.307304    0.048445
    0.738522    0.312933    0.058061
    0.745429    0.318580    0.067749
    0.752275    0.324248    0.077502
    0.759059    0.329928    0.087313
    0.765777    0.335617    0.097176
    0.772430    0.341310    0.107090
    0.779015    0.347007    0.117045
    0.785530    0.352702    0.127031
    0.791974    0.358393    0.137060
    0.798345    0.364069    0.147132
    0.804642    0.369723    0.157167
    0.810863    0.375383    0.167205
    0.817006    0.381026    0.177238
    0.823070    0.386650    0.187259
    0.829054    0.392253    0.197262
    0.834956    0.397829    0.207239
    0.840775    0.403375    0.217186
    0.846508    0.408886    0.227098
    0.852155    0.414359    0.236962
    0.857715    0.419791    0.246772
    0.863185    0.425171    0.256537
    0.868565    0.430499    0.266242
    0.873852    0.435789    0.275842
    0.879047    0.441025    0.285359
    0.884147    0.446204    0.294786
    0.889152    0.451321    0.304116
    0.894059    0.456374    0.313341
    0.898869    0.461361    0.322460
    0.903579    0.466278    0.331462
    0.908188    0.471120    0.340340
    0.912695    0.475886    0.349087
    0.917100    0.480570    0.357695
    0.921401    0.485171    0.366160
    0.925597    0.489686    0.374489
    0.929686    0.494110    0.382656
    0.933669    0.498443    0.390649
    0.937544    0.502679    0.398473
    0.941309    0.506818    0.406122
    0.944965    0.510855    0.413590
    0.948509    0.514788    0.420872
    0.951942    0.518614    0.427965
    0.955262    0.522331    0.434859
    0.958469    0.525936    0.441552
    0.961561    0.529428    0.448036
    0.964539    0.532803    0.454307
    0.967400    0.536059    0.460361
    0.970146    0.539192    0.466193
    0.972774    0.542094    0.471798
    0.975284    0.544376    0.477171
    0.977675    0.546129    0.482310
    0.979948    0.547524    0.487210
    0.982101    0.548628    0.491867
    0.984134    0.549477    0.496276
    0.986046    0.550099    0.500432
    0.987838    0.550512    0.504340
    0.989507    0.550724    0.507991
    0.991055    0.550741    0.511384
    0.992480    0.550570    0.514513
    0.993782    0.550208    0.517380
    0.994962    0.549663    0.519981
    0.996018    0.548936    0.522312
    0.996950    0.548001    0.524373
    0.997759    0.546913    0.526286
    0.998443    0.545660    0.528125
    0.999003    0.544251    0.529953
    0.999439    0.542697    0.531976
    0.999751    0.541001    0.533987
    0.999938    0.539094    0.536062
    1.000000    0.537603    0.537603
  BLADE PROFILES IN CARTESIAN COORDINATES (3D) 
  VARIABLES = "X", "YSS", "YPS" "R" 
  BLADE           1  SECTION           3
  -12.329146    3.079679    3.079679  200.164490
  -10.976422    2.267552    2.267552  200.192535
   -9.770497    1.543413    1.543413  200.223526
   -8.695479    0.897702    0.897702  200.255981
   -7.737177    0.321906    0.321906  200.289047
   -6.882925   -0.191555   -0.191555  200.321899
   -6.121429   -0.649438   -0.649438  200.353989
   -5.442614   -1.057760   -1.057760  200.384872
   -4.837501   -1.421886   -1.421886  200.414291
   -4.298082   -1.746599   -1.746599  200.442001
   -3.817218   -2.036165   -2.036165  200.467941
   -3.388551   -2.294385   -2.294385  200.492020
   -3.006408   -2.524650   -2.524650  200.514374
   -2.665737   -2.729986   -2.729986  200.534882
   -2.362034   -2.913089   -2.913089  200.553680
   -2.091283   -3.076365   -3.076365  200.570862
   -1.849907   -3.221960   -3.221960  200.586548
   -1.634717   -3.351786   -3.351786  200.600739
   -1.442870   -3.467552   -3.467552  200.613663
   -1.271833   -3.570777   -3.570777  200.625351
   -1.119348   -3.662822   -3.662822  200.635834
   -0.983400   -3.744894   -3.744894  200.645370
   -0.862195   -3.818075   -3.818075  200.653931
   -0.754136   -3.883328   -3.883328  200.661636
   -0.657793   -3.941511   -3.941511  200.668564
   -0.571898   -3.993389   -3.993389  200.674789
   -0.486546   -3.560737   -4.419848  200.680969
   -0.397313   -3.405865   -4.568515  200.690857
   -0.303841   -3.296046   -4.709579  200.702774
   -0.205773   -3.205034   -4.850995  200.715424
   -0.102751   -3.124828   -4.994156  200.728836
    0.005580   -3.052805   -5.139840  200.743057
    0.119579   -2.989605   -5.288419  200.758133
    0.239600   -2.937194   -5.440135  200.774155
    0.366001   -2.898664   -5.595128  200.791168
    0.499135   -2.872040   -5.753450  200.809311
    0.639361   -2.848726   -5.915082  200.828552
    0.787032   -2.825370   -6.080739  200.849075
    0.942505   -2.801926   -6.248739  200.870865
    1.106136   -2.777907   -6.419259  200.894073
    1.278193   -2.753333   -6.592061  200.918762
    1.458719   -2.728051   -6.766528  200.944931
    1.648130   -2.701850   -6.942312  200.972656
    1.846897   -2.674480   -7.119114  201.002121
    2.055532   -2.645636   -7.297595  201.033447
    2.274613   -2.615041   -7.474133  201.066696
    2.504761   -2.582362   -7.649875  201.102020
    2.746525   -2.547032   -7.824603  201.139572
    3.000365   -2.508933   -7.997294  201.179474
    3.267119   -2.467221   -8.164612  201.221878
    3.547742   -2.421668   -8.328012  201.267059
    3.843281   -2.371113   -8.485869  201.315155
    4.154891   -2.315259   -8.635800  201.366516
    4.483827   -2.252629   -8.776102  201.421326
    4.834067   -2.181779   -8.906591  201.480301
    5.210658   -2.100988   -9.022216  201.544434
    5.614004   -2.007885   -9.123050  201.613953
    6.043782   -1.901666   -9.199633  201.688675
    6.498963   -1.780333   -9.248515  201.768661
    6.977785   -1.643313   -9.266578  201.853607
    7.477764   -1.488425   -9.246488  201.942917
    7.990819   -1.317328   -9.183684  202.035126
    8.508751   -1.131675   -9.081137  202.128723
    9.028789   -0.931625   -8.938406  202.223007
    9.548668   -0.718636   -8.752558  202.317398
   10.066644   -0.491141   -8.527205  202.411438
   10.581521   -0.251832   -8.265639  202.504791
   11.092547    0.000000   -7.964110  202.597168
   11.603223    0.267137   -7.625091  202.689056
   12.115868    0.548879   -7.248962  202.780670
   12.630062    0.846399   -6.830092  202.871872
   13.145162    1.159546   -6.372691  202.962311
   13.660257    1.487054   -5.877351  203.051727
   14.174162    1.829940   -5.345343  203.139694
   14.685451    2.186523   -4.780682  203.226044
   15.189564    2.553331   -4.183819  203.309601
   15.683688    2.927406   -3.565896  203.390015
   16.166479    3.306314   -2.929090  203.467041
   16.636848    3.689036   -2.277426  203.540482
   17.093948    4.074218   -1.614743  203.610199
   17.537214    4.459756   -0.944198  203.676224
   17.966330    4.844008   -0.267629  203.738419
   18.382854    5.227314    0.411672  203.797150
   18.787193    5.610117    1.093651  203.852646
   19.179348    5.990886    1.776638  203.904892
   19.559286    6.368286    2.459186  203.953918
   19.927025    6.742204    3.137619  203.999893
   20.282530    7.111640    3.810571  204.042892
   20.625799    7.475786    4.476752  204.083023
   20.956829    7.833714    5.134436  204.120316
   21.275591    8.184695    5.781281  204.154999
   21.582087    8.527997    6.415816  204.187119
   21.876301    8.862940    7.036721  204.216751
   22.158216    9.150333    7.642399  204.244110
   22.427813    9.261224    8.231297  204.269196
   22.685099    8.954521    8.954277  204.292221
   22.943035    9.394324    9.394202  204.311050
   23.215700    9.859414    9.859414  204.328110
   23.503937   10.351116   10.351116  204.346222
   23.808624   10.870955   10.870955  204.365509
   24.130709   11.420546   11.420546  204.386078
   24.471165   12.001600   12.001600  204.408081
   24.831053   12.615933   12.615933  204.431717
   25.211468   13.265455   13.265455  204.457077
   25.613558   13.952213   13.952213  204.484512
   26.038534   14.678357   14.678357  204.514572
   26.487738   15.446147   15.446147  204.547150
   26.962519   16.257988   16.257988  204.582443
   27.464338   17.116432   17.116432  204.620789
   27.994707   18.024178   18.024178  204.662491
   28.554432   18.984600   18.984600  204.711853
  BLADE PROFILES IN CARTESIAN COORDINATES (2D) BEFORE   PROJECTION, SCALING, MESHING AND STACKING 
  VARIABLES = "X", "YSS", "YPS" 
  BLADE           2  SECTION           1
    0.000000    0.020158    0.020158
    0.000062    0.021112    0.016412
    0.000249    0.023553    0.013507
    0.000561    0.025097    0.010656
    0.000997    0.026949    0.007836
    0.001557    0.028823    0.005050
    0.002241    0.030671    0.002335
    0.003050    0.032653   -0.000289
    0.003982    0.034726   -0.002783
    0.005038    0.036930   -0.005132
    0.006218    0.039315   -0.007308
    0.007520    0.041878   -0.009297
    0.008945    0.044610   -0.011143
    0.010493    0.047493   -0.012783
    0.012162    0.050526   -0.014285
    0.013954    0.053706   -0.015664
    0.015866    0.057026   -0.016928
    0.017899    0.060479   -0.018093
    0.020052    0.064078   -0.019194
    0.022325    0.067801   -0.020195
    0.024716    0.071617   -0.021135
    0.027226    0.075541   -0.021972
    0.029854    0.079568   -0.022737
    0.032600    0.083692   -0.023393
    0.035461    0.087907   -0.023902
    0.038439    0.092206   -0.024274
    0.041531    0.096585   -0.024453
    0.044738    0.101037   -0.024397
    0.048058    0.105555   -0.024085
    0.051491    0.110135   -0.023544
    0.055036    0.114765   -0.022882
    0.058691    0.119444   -0.022162
    0.062456    0.124166   -0.021398
    0.066331    0.128925   -0.020589
    0.070314    0.133713   -0.019739
    0.074403    0.138526   -0.018848
    0.078599    0.143357   -0.017916
    0.082900    0.148199   -0.016957
    0.087305    0.153048   -0.015967
    0.091812    0.157897   -0.014946
    0.096421    0.162739   -0.013900
    0.101131    0.167569   -0.012829
    0.105941    0.172395   -0.011738
    0.110848    0.177232   -0.010629
    0.115853    0.181991   -0.009504
    0.120953    0.186703   -0.008369
    0.126148    0.191367   -0.007231
    0.131435    0.195982   -0.006082
    0.136815    0.200544   -0.004931
    0.142285    0.205046   -0.003781
    0.147845    0.209503   -0.002635
    0.153492    0.213922   -0.001496
    0.159225    0.218215   -0.000367
    0.165044    0.222396    0.000743
    0.170946    0.226489    0.001821
    0.176930    0.230491    0.002892
    0.182994    0.234421    0.003940
    0.189138    0.238282    0.004961
    0.195358    0.241969    0.005950
    0.201655    0.245513    0.006877
    0.208026    0.248942    0.007790
    0.214470    0.252280    0.008662
    0.220986    0.255527    0.009491
    0.227570    0.258559    0.010237
    0.234223    0.261428    0.010962
    0.240941    0.264164    0.011636
    0.247725    0.266779    0.012211
    0.254571    0.269291    0.012760
    0.261478    0.271535    0.013243
    0.268445    0.273625    0.013624
    0.275470    0.275585    0.013974
    0.282550    0.277426    0.014202
    0.289685    0.278977    0.014399
    0.296872    0.280364    0.014468
    0.304110    0.281605    0.014502
    0.311396    0.282702    0.014399
    0.318730    0.283513    0.014254
    0.326109    0.284180    0.013974
    0.333531    0.284705    0.013598
    0.340994    0.284928    0.013171
    0.348497    0.284939    0.012594
    0.356038    0.284803    0.011968
    0.363615    0.284528    0.011181
    0.371226    0.283911    0.010346
    0.378869    0.283097    0.009340
    0.386542    0.282123    0.008286
    0.394243    0.281010    0.007055
    0.401971    0.279535    0.005770
    0.409723    0.277869    0.004312
    0.417498    0.276036    0.002789
    0.425293    0.274058    0.001156
    0.433107    0.271724   -0.000663
    0.440937    0.269188   -0.002545
    0.448783    0.266452   -0.004544
    0.456641    0.263528   -0.006660
    0.464509    0.260443   -0.008971
    0.472387    0.257041   -0.011344
    0.480272    0.253428   -0.013838
    0.488161    0.249613   -0.016452
    0.496053    0.245612   -0.019189
    0.503947    0.241473   -0.022048
    0.511839    0.237000   -0.025033
    0.519729    0.232326   -0.028153
    0.527613    0.227452   -0.031442
    0.535491    0.222380   -0.034797
    0.543360    0.217110   -0.038272
    0.551217    0.211660   -0.041867
    0.559063    0.206087   -0.045580
    0.566893    0.200219   -0.049410
    0.574707    0.194153   -0.053356
    0.582502    0.187903   -0.057416
    0.590277    0.181471   -0.061590
    0.598029    0.174860   -0.065874
    0.605757    0.168073   -0.070267
    0.613458    0.161115   -0.074768
    0.621131    0.153988   -0.079373
    0.628774    0.146697   -0.084071
    0.636385    0.139247   -0.088829
    0.643962    0.131641   -0.093735
    0.651503    0.123884   -0.098736
    0.659006    0.115981   -0.103835
    0.666469    0.107938   -0.109025
    0.673891    0.099759   -0.114302
    0.681270    0.091450   -0.119662
    0.688604    0.083016   -0.125101
    0.695890    0.074463   -0.130618
    0.703128    0.065797   -0.136208
    0.710315    0.057023   -0.141868
    0.717450    0.048148   -0.147594
    0.724530    0.039177   -0.153383
    0.731555    0.030118   -0.159230
    0.738522    0.020976   -0.165124
    0.745429    0.011757   -0.171034
    0.752275    0.002469   -0.177035
    0.759059   -0.006883   -0.183088
    0.765777   -0.016296   -0.189180
    0.772430   -0.025769   -0.195306
    0.779015   -0.035342   -0.201463
    0.785530   -0.044886   -0.207645
    0.791974   -0.054460   -0.213849
    0.798345   -0.064056   -0.220070
    0.804642   -0.073667   -0.226304
    0.810863   -0.083287   -0.232546
    0.817006   -0.092908   -0.238784
    0.823070   -0.102523   -0.244998
    0.829054   -0.112126   -0.251239
    0.834956   -0.121708   -0.257472
    0.840775   -0.131265   -0.263695
    0.846508   -0.140786   -0.269899
    0.852155   -0.150271   -0.276078
    0.857715   -0.159715   -0.282228
    0.863185   -0.169139   -0.288345
    0.868565   -0.178458   -0.294425
    0.873852   -0.187706   -0.300461
    0.879047   -0.196878   -0.306450
    0.884147   -0.205966   -0.312388
    0.889152   -0.214964   -0.318269
    0.894059   -0.223864   -0.324084
    0.898869   -0.232660   -0.329819
    0.903579   -0.241345   -0.335505
    0.908188   -0.249913   -0.341116
    0.912695   -0.258357   -0.346649
    0.917100   -0.266671   -0.352101
    0.921401   -0.274847   -0.357466
    0.925597   -0.282884   -0.362738
    0.929686   -0.290770   -0.367914
    0.933669   -0.298501   -0.372989
    0.937544   -0.306075   -0.377961
    0.941309   -0.313493   -0.382824
    0.944965   -0.320719   -0.387574
    0.948509   -0.327766   -0.392209
    0.951942   -0.334629   -0.396724
    0.955262   -0.341302   -0.401115
    0.958469   -0.347780   -0.405380
    0.961561   -0.354058   -0.409514
    0.964539   -0.360131   -0.413514
    0.967400   -0.365995   -0.417377
    0.970146   -0.371644   -0.421100
    0.972774   -0.377074   -0.424679
    0.975284   -0.382281   -0.428112
    0.977675   -0.387260   -0.431397
    0.979948   -0.392009   -0.434504
    0.982101   -0.396523   -0.437251
    0.984134   -0.400798   -0.439538
    0.986046   -0.404829   -0.441464
    0.987838   -0.408615   -0.443090
    0.989507   -0.412155   -0.444453
    0.991055   -0.415445   -0.445574
    0.992480   -0.418481   -0.446466
    0.993782   -0.421261   -0.447138
    0.994962   -0.423783   -0.447594
    0.996018   -0.426108   -0.447838
    0.996950   -0.428330   -0.447867
    0.997759   -0.430528   -0.447748
    0.998443   -0.432702   -0.447365
    0.999003   -0.434855   -0.446675
    0.999439   -0.436908   -0.445850
    0.999751   -0.438838   -0.444812
    0.999938   -0.440635   -0.443549
    1.000000   -0.442839   -0.442839
  BLADE PROFILES IN CARTESIAN COORDINATES (3D) 
  VARIABLES = "X", "YSS", "YPS" "R" 
  BLADE           2  SECTION           1
   18.878489  -15.820324  -15.820324  173.979141
   19.844934  -14.937069  -14.937069  173.856674
   20.712662  -14.146608  -14.146608  173.757645
   21.491705  -13.439040  -13.439040  173.678329
   22.192087  -12.806228  -12.806228  173.624512
   22.820654  -12.239432  -12.239432  173.581741
   23.384222  -11.731397  -11.731397  173.543564
   23.889507  -11.276005  -11.276005  173.509308
   24.342518  -10.867789  -10.867789  173.478455
   24.748632  -10.501836  -10.501836  173.450348
   25.112717  -10.173774  -10.173774  173.424911
   25.439127   -9.879676   -9.879676  173.401901
   25.731756   -9.616027   -9.616027  173.381165
   25.994102   -9.379671   -9.379671  173.362411
   26.229305   -9.167780   -9.167780  173.345551
   26.440172   -8.977822   -8.977822  173.330307
   26.629211   -8.807523   -8.807523  173.316574
   26.798693   -8.654850   -8.654850  173.304214
   26.950645   -8.517977   -8.517977  173.293060
   27.086870   -8.395267   -8.395267  173.283020
   27.209002   -8.285255   -8.285255  173.274002
   27.330904   -7.673857   -8.878582  173.263092
   27.458332   -7.412872   -9.121490  173.251465
   27.591816   -7.161061   -9.270354  173.239120
   27.731840   -6.912196   -9.373979  173.225906
   27.878927   -6.662398   -9.453712  173.211807
   28.033585   -6.410630   -9.517634  173.196686
   28.196310   -6.156613   -9.568250  173.180542
   28.367622   -5.898941   -9.604980  173.163147
   28.548019   -5.637151   -9.624578  173.144440
   28.737999   -5.370971   -9.620780  173.124405
   28.938078   -5.100310   -9.591618  173.102859
   29.148758   -4.825409   -9.550117  173.079666
   29.370537   -4.546230   -9.503716  173.054764
   29.603920   -4.263060   -9.452775  173.027985
   29.849283   -3.976434   -9.397448  172.999298
   30.106699   -3.687349   -9.338602  172.968384
   30.376734   -3.396248   -9.276216  172.935303
   30.660055   -3.103483   -9.210606  172.899765
   30.957403   -2.807856   -9.142118  172.861679
   31.269581   -2.514645   -9.071269  172.820740
   31.597462   -2.222467   -8.998580  172.776642
   31.941835   -1.932014   -8.924337  172.729355
   32.303333   -1.642202   -8.849338  172.678543
   32.683144   -1.359886   -8.774400  172.623901
   33.082626   -1.084238   -8.700901  172.565109
   33.503239   -0.812897   -8.628566  172.501709
   33.946629   -0.555455   -8.560173  172.433426
   34.414566   -0.308051   -8.495136  172.359650
   34.912666   -0.075763   -8.436994  172.279251
   35.448116    0.140365   -8.386229  172.190872
   36.021435    0.333998   -8.345773  172.094070
   36.632160    0.500045   -8.320415  171.988663
   37.278782    0.624507   -8.312784  171.874527
   37.958771    0.706410   -8.328950  171.751907
   38.668568    0.735458   -8.371736  171.621323
   39.396698    0.708564   -8.442769  171.484863
   40.131508    0.620210   -8.545073  171.344803
   40.869080    0.470093   -8.678720  171.202118
   41.606197    0.264543   -8.842918  171.057587
   42.340412    0.000000   -9.036340  170.912155
   43.070011   -0.319147   -9.262472  170.766266
   43.793968   -0.688934   -9.516304  170.620361
   44.517231   -1.117439   -9.803396  170.473846
   45.243080   -1.601157  -10.123292  170.326157
   45.970974   -2.137146  -10.475882  170.177795
   46.699951   -2.732688  -10.861958  170.029037
   47.428757   -3.381547  -11.281084  169.880508
   48.155724   -4.082040  -11.730581  169.732773
   48.878819   -4.831438  -12.212263  169.586456
   49.591652   -5.621319  -12.720312  169.443008
   50.290215   -6.444385  -13.249436  169.303467
   50.972641   -7.294985  -13.796244  169.168350
   51.637398   -8.167564  -14.356611  169.038147
   52.283306   -9.056822  -14.928338  168.912994
   52.909584   -9.960873  -15.509565  168.793167
   53.515770  -10.869726  -16.096081  168.678787
   54.104130  -11.785772  -16.687706  168.569382
   54.675213  -12.706759  -17.282404  168.464813
   55.229015  -13.629831  -17.880913  168.365112
   55.765526  -14.554224  -18.479639  168.270172
   56.284748  -15.473096  -19.076817  168.179932
   56.786674  -16.385767  -19.670095  168.094315
   57.271301  -17.289646  -20.259027  168.013260
   57.738602  -18.182409  -20.841854  167.936646
   58.188587  -19.062267  -21.416527  167.864365
   58.621212  -19.925714  -21.981516  167.796326
   59.036480  -20.770861  -22.535355  167.732422
   59.434376  -21.595865  -23.076666  167.672485
   59.814884  -22.398550  -23.501085  167.616379
   60.177990  -23.452507  -23.452850  167.564011
   60.544094  -24.105688  -24.105860  167.534622
   60.939392  -24.810610  -24.810610  167.503586
   61.366192  -25.571581  -25.571581  167.470825
   61.827034  -26.393049  -26.393049  167.436340
   62.324627  -27.279840  -27.279840  167.400131
   62.861904  -28.237158  -28.237158  167.362259
   63.442036  -29.270609  -29.270609  167.322678
   64.068451  -30.386282  -30.386282  167.281525
   64.744858  -31.590723  -31.590723  167.238907
   65.475227  -32.891026  -32.891026  167.194962
   66.263878  -34.294849  -34.294849  167.149872
   67.115463  -35.810478  -35.810478  167.103851
   68.034996  -37.446873  -37.446873  167.057312
   69.027962  -39.213730  -39.213730  167.010498
   70.100121  -41.121525  -41.121525  166.963974
   71.257843  -43.181602  -43.181602  166.918213
   72.507919  -45.406258  -45.406258  166.873886
   73.857719  -47.808796  -47.808796  166.831726
   75.315117  -50.403629  -50.403629  166.792572
   76.888657  -53.206383  -53.206383  166.757339
  BLADE PROFILES IN CARTESIAN COORDINATES (2D) BEFORE   PROJECTION, SCALING, MESHING AND STACKING 
  VARIABLES = "X", "YSS", "YPS" 
  BLADE           2  SECTION           2
    0.000000    0.018346    0.018346
    0.000062    0.022396    0.016693
    0.000249    0.024206    0.013381
    0.000561    0.026133    0.010123
    0.000997    0.028104    0.006878
    0.001557    0.029840    0.003661
    0.002241    0.031732    0.000499
    0.003050    0.033638   -0.002578
    0.003982    0.035533   -0.005538
    0.005038    0.037562   -0.008351
    0.006218    0.039735   -0.010998
    0.007520    0.042043   -0.013481
    0.008945    0.044518   -0.015810
    0.010493    0.047116   -0.017962
    0.012162    0.049826   -0.020042
    0.013954    0.052657   -0.022043
    0.015866    0.055600   -0.023975
    0.017899    0.058649   -0.025841
    0.020052    0.061790   -0.027668
    0.022325    0.065024   -0.029446
    0.024716    0.068346   -0.031178
    0.027226    0.071751   -0.032849
    0.029854    0.075231   -0.034450
    0.032600    0.078783   -0.035966
    0.035461    0.082399   -0.037354
    0.038439    0.086089   -0.038567
    0.041531    0.089847   -0.039584
    0.044738    0.093624   -0.040358
    0.048058    0.097443   -0.040861
    0.051491    0.101299   -0.041218
    0.055036    0.105176   -0.041551
    0.058691    0.109076   -0.041862
    0.062456    0.112996   -0.042153
    0.066331    0.116929   -0.042421
    0.070314    0.120869   -0.042667
    0.074403    0.124812   -0.042894
    0.078599    0.128768   -0.043114
    0.082900    0.132738   -0.043321
    0.087305    0.136656   -0.043516
    0.091812    0.140544   -0.043701
    0.096421    0.144397   -0.043877
    0.101131    0.148219   -0.044046
    0.105941    0.152004   -0.044215
    0.110848    0.155747   -0.044384
    0.115853    0.159456   -0.044553
    0.120953    0.163154   -0.044727
    0.126148    0.166718   -0.044908
    0.131435    0.170213   -0.045096
    0.136815    0.173641   -0.045295
    0.142285    0.177018   -0.045509
    0.147845    0.180345   -0.045745
    0.153492    0.183529   -0.045994
    0.159225    0.186598   -0.046263
    0.165044    0.189575   -0.046560
    0.170946    0.192480   -0.046891
    0.176930    0.195316   -0.047242
    0.182994    0.197965   -0.047628
    0.189138    0.200482   -0.048061
    0.195358    0.202886   -0.048516
    0.201655    0.205189   -0.049034
    0.208026    0.207405   -0.049576
    0.214470    0.209390   -0.050166
    0.220986    0.211242   -0.050822
    0.227570    0.212982   -0.051511
    0.234223    0.214624   -0.052278
    0.240941    0.216003   -0.053077
    0.247725    0.217237   -0.053964
    0.254571    0.218345   -0.054886
    0.261478    0.219339   -0.055903
    0.268445    0.220053   -0.056959
    0.275470    0.220609   -0.058116
    0.282550    0.221025   -0.059315
    0.289685    0.221311   -0.060622
    0.296872    0.221308   -0.061974
    0.304110    0.221133   -0.063442
    0.311396    0.220806   -0.064954
    0.318730    0.220337   -0.066594
    0.326109    0.219570   -0.068277
    0.333531    0.218620   -0.070095
    0.340994    0.217509   -0.071962
    0.348497    0.216254   -0.073919
    0.356038    0.214683   -0.076017
    0.363615    0.212921   -0.078167
    0.371226    0.210996   -0.080409
    0.378869    0.208928   -0.082806
    0.386542    0.206533   -0.085256
    0.394243    0.203933   -0.087804
    0.401971    0.201138   -0.090452
    0.409723    0.198166   -0.093218
    0.417498    0.195055   -0.096124
    0.425293    0.191605   -0.099093
    0.433107    0.187955   -0.102167
    0.440937    0.184105   -0.105346
    0.448783    0.180053   -0.108632
    0.456641    0.175812   -0.112025
    0.464509    0.171436   -0.115525
    0.472387    0.166738   -0.119138
    0.480272    0.161837   -0.122866
    0.488161    0.156737   -0.126742
    0.496053    0.151438   -0.130678
    0.503947    0.145939   -0.134721
    0.511839    0.140244   -0.138871
    0.519729    0.134367   -0.143127
    0.527613    0.128365   -0.147487
    0.535491    0.122084   -0.151952
    0.543360    0.115597   -0.156520
    0.551217    0.108926   -0.161190
    0.559063    0.102071   -0.165953
    0.566893    0.095035   -0.170777
    0.574707    0.087822   -0.175745
    0.582502    0.080435   -0.180809
    0.590277    0.072877   -0.185970
    0.598029    0.065152   -0.191227
    0.605757    0.057263   -0.196576
    0.613458    0.049216   -0.202014
    0.621131    0.041014   -0.207538
    0.628774    0.032661   -0.213146
    0.636385    0.024163   -0.218837
    0.643962    0.015523   -0.224606
    0.651503    0.006748   -0.230452
    0.659006   -0.002159   -0.236372
    0.666469   -0.011191   -0.242363
    0.673891   -0.020344   -0.248421
    0.681270   -0.029612   -0.254536
    0.688604   -0.038989   -0.260680
    0.695890   -0.048473   -0.266925
    0.703128   -0.058060   -0.273234
    0.710315   -0.067750   -0.279595
    0.717450   -0.077582   -0.286005
    0.724530   -0.087426   -0.292459
    0.731555   -0.097343   -0.298955
    0.738522   -0.107328   -0.305488
    0.745429   -0.117373   -0.312055
    0.752275   -0.127473   -0.318653
    0.759059   -0.137621   -0.325276
    0.765777   -0.147809   -0.331915
    0.772430   -0.158033   -0.338543
    0.779015   -0.168284   -0.345224
    0.785530   -0.178556   -0.351921
    0.791974   -0.188845   -0.358624
    0.798345   -0.199153   -0.365329
    0.804642   -0.209509   -0.372031
    0.810863   -0.219803   -0.378726
    0.817006   -0.230083   -0.385410
    0.823070   -0.240342   -0.392078
    0.829054   -0.250573   -0.398727
    0.834956   -0.260770   -0.405344
    0.840775   -0.270925   -0.411916
    0.846508   -0.281032   -0.418481
    0.852155   -0.291082   -0.425009
    0.857715   -0.301070   -0.431499
    0.863185   -0.310988   -0.437944
    0.868565   -0.320836   -0.444339
    0.873852   -0.330605   -0.450679
    0.879047   -0.340313   -0.456960
    0.884147   -0.349887   -0.463177
    0.889152   -0.359357   -0.469327
    0.894059   -0.368716   -0.475404
    0.898869   -0.377957   -0.481405
    0.903579   -0.387075   -0.487326
    0.908188   -0.396062   -0.493163
    0.912695   -0.404912   -0.498906
    0.917100   -0.413619   -0.504546
    0.921401   -0.422176   -0.510105
    0.925597   -0.430577   -0.515563
    0.929686   -0.438817   -0.520917
    0.933669   -0.446890   -0.526161
    0.937544   -0.454791   -0.531294
    0.941309   -0.462512   -0.536311
    0.944965   -0.470048   -0.541208
    0.948509   -0.477393   -0.545981
    0.951942   -0.484541   -0.550627
    0.955262   -0.491494   -0.555143
    0.958469   -0.498246   -0.559526
    0.961561   -0.504775   -0.563771
    0.964539   -0.511089   -0.567876
    0.967400   -0.517181   -0.571838
    0.970146   -0.523049   -0.575655
    0.972774   -0.528687   -0.579322
    0.975284   -0.534092   -0.582837
    0.977675   -0.539259   -0.586201
    0.979948   -0.544181   -0.589347
    0.982101   -0.548858   -0.592047
    0.984134   -0.553290   -0.594295
    0.986046   -0.557471   -0.596186
    0.987838   -0.561396   -0.597782
    0.989507   -0.565064   -0.599109
    0.991055   -0.568471   -0.600192
    0.992480   -0.571615   -0.601045
    0.993782   -0.574492   -0.601673
    0.994962   -0.577103   -0.602080
    0.996018   -0.579494   -0.602270
    0.996950   -0.581727   -0.602240
    0.997759   -0.583967   -0.602018
    0.998443   -0.586238   -0.601559
    0.999003   -0.588441   -0.600839
    0.999439   -0.590556   -0.599935
    0.999751   -0.592562   -0.598814
    0.999938   -0.594468   -0.597466
    1.000000   -0.595458   -0.595458
  BLADE PROFILES IN CARTESIAN COORDINATES (3D) 
  VARIABLES = "X", "YSS", "YPS" "R" 
  BLADE           2  SECTION           2
   19.903572  -10.071831  -10.071831  188.979797
   20.826250   -9.484793   -9.484793  188.979782
   21.653490   -8.958469   -8.958469  188.979401
   22.395151   -8.486573   -8.486573  188.978638
   23.060095   -8.063449   -8.063449  188.977097
   23.656254   -7.684110   -7.684110  188.976044
   24.190746   -7.344027   -7.344027  188.975388
   24.669945   -7.039134   -7.039134  188.975067
   25.099573   -6.765787   -6.765787  188.975052
   25.484764   -6.520728   -6.520728  188.975327
   25.830105   -6.301023   -6.301023  188.975693
   26.139723   -6.104049   -6.104049  188.976151
   26.417315   -5.927454   -5.927454  188.976608
   26.666191   -5.769126   -5.769126  188.977112
   26.889318   -5.627179   -5.627179  188.977646
   27.089371   -5.499917   -5.499917  188.978104
   27.268724   -5.385818   -5.385818  188.978577
   27.429529   -5.283524   -5.283524  188.979034
   27.573700   -5.191813   -5.191813  188.979477
   27.702950   -5.109586   -5.109586  188.979858
   27.818836   -5.035867   -5.035867  188.980103
   27.934725   -4.438822   -5.688744  188.980255
   28.055883   -4.214553   -5.968843  188.980377
   28.182821   -4.000229   -6.152996  188.980515
   28.316015   -3.791353   -6.297966  188.980667
   28.455946   -3.584292   -6.421673  188.980804
   28.603111   -3.377582   -6.532187  188.980942
   28.757986   -3.169920   -6.631037  188.981064
   28.921062   -2.960748   -6.717165  188.981216
   29.092836   -2.748579   -6.784656  188.981369
   29.273783   -2.535017   -6.828359  188.981537
   29.464396   -2.319727   -6.850371  188.981628
   29.665152   -2.102966   -6.868310  188.981720
   29.876553   -1.884467   -6.884140  188.981781
   30.099070   -1.664564   -6.897840  188.981934
   30.333090   -1.442942   -6.910193  188.982056
   30.578653   -1.220987   -6.921461  188.982056
   30.836367   -1.001263   -6.931746  188.982224
   31.106840   -0.782910   -6.941464  188.982239
   31.390808   -0.566147   -6.951236  188.982239
   31.689034   -0.349824   -6.961375  188.982208
   32.002377   -0.140416   -6.972480  188.982162
   32.331604    0.065495   -6.985050  188.982071
   32.677326    0.266170   -7.000032  188.981979
   33.040730    0.456487   -7.017818  188.981781
   33.423077    0.641159   -7.039756  188.981552
   33.825817    0.810990   -7.066866  188.981277
   34.250553    0.969481   -7.100273  188.980957
   34.698986    1.111709   -7.141072  188.980606
   35.176556    1.237671   -7.192221  188.980179
   35.690144    1.338824   -7.256149  188.979614
   36.240318    1.416038   -7.335261  188.978912
   36.826649    1.457082   -7.433014  188.978149
   37.447739    1.457373   -7.552634  188.977219
   38.101173    1.412854   -7.695724  188.976135
   38.783592    1.315202   -7.865908  188.975052
   39.483894    1.159281   -8.063332  188.973816
   40.190918    0.950685   -8.287154  188.972458
   40.900837    0.687144   -8.535979  188.971069
   41.610558    0.368659   -8.810445  188.969574
   42.317677    0.000000   -9.108840  188.968063
   43.020500   -0.417352   -9.431989  188.966446
   43.718048   -0.883630   -9.780261  188.964966
   44.415020   -1.396307  -10.153069  188.963272
   45.114559   -1.961742  -10.554048  188.961700
   45.816124   -2.579634  -10.981605  188.960083
   46.518753   -3.247527  -11.439370  188.958389
   47.221214   -3.964169  -11.925334  188.956741
   47.921883   -4.727500  -12.438098  188.955063
   48.618763   -5.534569  -12.976045  188.953461
   49.305653   -6.376545  -13.533631  188.951828
   49.978699   -7.246289  -14.105320  188.950317
   50.636066   -8.141343  -14.691459  188.948822
   51.276264   -9.050328  -15.286678  188.947479
   51.898163   -9.971233  -15.888073  188.946152
   52.500996  -10.899311  -16.491718  188.944901
   53.084343  -11.830986  -17.098490  188.943771
   53.650322  -12.767853  -17.706673  188.942688
   54.199524  -13.704306  -18.315107  188.941681
   54.731918  -14.639470  -18.921631  188.940781
   55.247520  -15.570828  -19.526739  188.939896
   55.746323  -16.497572  -20.127602  188.939117
   56.228348  -17.413935  -20.722689  188.938446
   56.693562  -18.319218  -21.310467  188.937759
   57.141979  -19.211142  -21.889332  188.937210
   57.573612  -20.087742  -22.458822  188.936691
   57.988445  -20.946852  -23.017103  188.936264
   58.386486  -21.786724  -23.562826  188.935883
   58.767731  -22.604643  -24.094923  188.935516
   59.132172  -23.399130  -24.499228  188.935242
   59.479828  -24.395256  -24.395586  188.935135
   59.827480  -25.034788  -25.034954  188.935883
   60.202797  -25.725021  -25.725021  188.936646
   60.607956  -26.470167  -26.470167  188.937546
   61.045361  -27.274595  -27.274595  188.938477
   61.517555  -28.143019  -28.143019  188.939514
   62.027306  -29.080536  -29.080536  188.940659
   62.577621  -30.092657  -30.092657  188.941895
   63.171715  -31.185284  -31.185284  188.943222
   63.813046  -32.364853  -32.364853  188.944733
   64.505424  -33.638275  -33.638275  188.946320
   65.252869  -35.012997  -35.012997  188.948044
   66.059769  -36.497112  -36.497112  188.949905
   66.930878  -38.099300  -38.099300  188.951950
   67.871269  -39.828960  -39.828960  188.954102
   68.886475  -41.696228  -41.696228  188.956436
   69.982452  -43.712067  -43.712067  188.958862
   71.165588  -45.888279  -45.888279  188.961411
   72.442871  -48.237614  -48.237614  188.964111
   73.821770  -50.773846  -50.773846  188.966782
   75.310349  -53.511806  -53.511806  188.969498
  BLADE PROFILES IN CARTESIAN COORDINATES (2D) BEFORE   PROJECTION, SCALING, MESHING AND STACKING 
  VARIABLES = "X", "YSS", "YPS" 
  BLADE           2  SECTION           3
    0.000000    0.018809    0.018809
    0.000062    0.020984    0.013115
    0.000249    0.023969    0.008916
    0.000561    0.026458    0.004794
    0.000997    0.028549    0.000789
    0.001557    0.030797   -0.003036
    0.002241    0.032999   -0.006582
    0.003050    0.034993   -0.009924
    0.003982    0.037042   -0.013071
    0.005038    0.039106   -0.016057
    0.006218    0.041105   -0.018825
    0.007520    0.043207   -0.021469
    0.008945    0.045426   -0.024037
    0.010493    0.047759   -0.026577
    0.012162    0.050196   -0.029073
    0.013954    0.052713   -0.031562
    0.015866    0.055352   -0.034068
    0.017899    0.058061   -0.036560
    0.020052    0.060832   -0.039029
    0.022325    0.063676   -0.041475
    0.024716    0.066584   -0.043857
    0.027226    0.069552   -0.046168
    0.029854    0.072560   -0.048343
    0.032600    0.075616   -0.050300
    0.035461    0.078713   -0.052023
    0.038439    0.081870   -0.053488
    0.041531    0.085059   -0.054786
    0.044738    0.088251   -0.056053
    0.048058    0.091463   -0.057323
    0.051491    0.094686   -0.058605
    0.055036    0.097905   -0.059884
    0.058691    0.101127   -0.061158
    0.062456    0.104347   -0.062428
    0.066331    0.107581   -0.063715
    0.070314    0.110814   -0.065006
    0.074403    0.114000   -0.066297
    0.078599    0.117152   -0.067589
    0.082900    0.120263   -0.068885
    0.087305    0.123340   -0.070198
    0.091812    0.126403   -0.071519
    0.096421    0.129435   -0.072846
    0.101131    0.132385   -0.074183
    0.105941    0.135258   -0.075539
    0.110848    0.138064   -0.076909
    0.115853    0.140807   -0.078291
    0.120953    0.143500   -0.079697
    0.126148    0.146153   -0.081122
    0.131435    0.148653   -0.082568
    0.136815    0.151058   -0.084040
    0.142285    0.153377   -0.085537
    0.147845    0.155621   -0.087063
    0.153492    0.157808   -0.088617
    0.159225    0.159796   -0.090205
    0.165044    0.161678   -0.091829
    0.170946    0.163476   -0.093485
    0.176930    0.165194   -0.095187
    0.182994    0.166703   -0.096920
    0.189138    0.168074   -0.098708
    0.195358    0.169351   -0.100529
    0.201655    0.170524   -0.102400
    0.208026    0.171484   -0.104327
    0.214470    0.172276   -0.106297
    0.220986    0.172930   -0.108333
    0.227570    0.173455   -0.110408
    0.234223    0.173863   -0.112563
    0.240941    0.174020   -0.114756
    0.247725    0.174017   -0.117018
    0.254571    0.173877   -0.119355
    0.261478    0.173617   -0.121739
    0.268445    0.173071   -0.124220
    0.275470    0.172357   -0.126745
    0.282550    0.171499   -0.129338
    0.289685    0.170511   -0.132039
    0.296872    0.169230   -0.134785
    0.304110    0.167757   -0.137606
    0.311396    0.166105   -0.140513
    0.318730    0.164287   -0.143525
    0.326109    0.162331   -0.146591
    0.333531    0.160066   -0.149739
    0.340994    0.157608   -0.152969
    0.348497    0.154959   -0.156299
    0.356038    0.152134   -0.159739
    0.363615    0.149172   -0.163238
    0.371226    0.145886   -0.166825
    0.378869    0.142401   -0.170502
    0.386542    0.138717   -0.174270
    0.394243    0.134831   -0.178131
    0.401971    0.130762   -0.182084
    0.409723    0.126550   -0.186135
    0.417498    0.122031   -0.190281
    0.425293    0.117298   -0.194529
    0.433107    0.112362   -0.198899
    0.440937    0.107223   -0.203330
    0.448783    0.101881   -0.207856
    0.456641    0.096337   -0.212478
    0.464509    0.090590   -0.217194
    0.472387    0.084659   -0.222006
    0.480272    0.078592   -0.226912
    0.488161    0.072245   -0.231913
    0.496053    0.065693   -0.237008
    0.503947    0.058941   -0.242187
    0.511839    0.051997   -0.247429
    0.519729    0.044864   -0.252800
    0.527613    0.037544   -0.258261
    0.535491    0.030039   -0.263812
    0.543360    0.022352   -0.269454
    0.551217    0.014486   -0.275186
    0.559063    0.006445   -0.281003
    0.566893   -0.001769   -0.286905
    0.574707   -0.010151   -0.292889
    0.582502   -0.018699   -0.298953
    0.590277   -0.027408   -0.305096
    0.598029   -0.036274   -0.311316
    0.605757   -0.045292   -0.317611
    0.613458   -0.054459   -0.323978
    0.621131   -0.063769   -0.330415
    0.628774   -0.073219   -0.336911
    0.636385   -0.082807   -0.343444
    0.643962   -0.092528   -0.350077
    0.651503   -0.102385   -0.356776
    0.659006   -0.112421   -0.363536
    0.666469   -0.122498   -0.370351
    0.673891   -0.132683   -0.377217
    0.681270   -0.142970   -0.384132
    0.688604   -0.153354   -0.391092
    0.695890   -0.163829   -0.398095
    0.703128   -0.174388   -0.405137
    0.710315   -0.185026   -0.412204
    0.717450   -0.195737   -0.419282
    0.724530   -0.206514   -0.426422
    0.731555   -0.217351   -0.433591
    0.738522   -0.228246   -0.440787
    0.745429   -0.239203   -0.448002
    0.752275   -0.250251   -0.455230
    0.759059   -0.261272   -0.462470
    0.765777   -0.272320   -0.469716
    0.772430   -0.283388   -0.476965
    0.779015   -0.294470   -0.484214
    0.785530   -0.305559   -0.491450
    0.791974   -0.316647   -0.498658
    0.798345   -0.327729   -0.505881
    0.804642   -0.338797   -0.513090
    0.810863   -0.349844   -0.520283
    0.817006   -0.360872   -0.527450
    0.823070   -0.371873   -0.534588
    0.829054   -0.382865   -0.541693
    0.834956   -0.393765   -0.548760
    0.840775   -0.404608   -0.555786
    0.846508   -0.415388   -0.562765
    0.852155   -0.426099   -0.569695
    0.857715   -0.436732   -0.576565
    0.863185   -0.447281   -0.583363
    0.868565   -0.457740   -0.590119
    0.873852   -0.468101   -0.596809
    0.879047   -0.478359   -0.603430
    0.884147   -0.488510   -0.609978
    0.889152   -0.498542   -0.616446
    0.894059   -0.508457   -0.622831
    0.898869   -0.518257   -0.629129
    0.903579   -0.527894   -0.635336
    0.908188   -0.537385   -0.641448
    0.912695   -0.546726   -0.647461
    0.917100   -0.555910   -0.653371
    0.921401   -0.564931   -0.659174
    0.925597   -0.573782   -0.664867
    0.929686   -0.582458   -0.670445
    0.933669   -0.590952   -0.675902
    0.937544   -0.599260   -0.681233
    0.941309   -0.607375   -0.686448
    0.944965   -0.615293   -0.691535
    0.948509   -0.623007   -0.696490
    0.951942   -0.630512   -0.701310
    0.955262   -0.637803   -0.705992
    0.958469   -0.644874   -0.710532
    0.961561   -0.651721   -0.714928
    0.964539   -0.658339   -0.719176
    0.967400   -0.664724   -0.723277
    0.970146   -0.670870   -0.727225
    0.972774   -0.676775   -0.731013
    0.975284   -0.682433   -0.734643
    0.977675   -0.687840   -0.738112
    0.979948   -0.692994   -0.741309
    0.982101   -0.697889   -0.743944
    0.984134   -0.702524   -0.746155
    0.986046   -0.706894   -0.748024
    0.987838   -0.710996   -0.749593
    0.989507   -0.714829   -0.750897
    0.991055   -0.718388   -0.751954
    0.992480   -0.721671   -0.752772
    0.993782   -0.724677   -0.753361
    0.994962   -0.727404   -0.753722
    0.996018   -0.729882   -0.753858
    0.996950   -0.732143   -0.753788
    0.997759   -0.734500   -0.753473
    0.998443   -0.736821   -0.752913
    0.999003   -0.739086   -0.752150
    0.999439   -0.741271   -0.751167
    0.999751   -0.743356   -0.749975
    0.999938   -0.745368   -0.748567
    1.000000   -0.746847   -0.746847
  BLADE PROFILES IN CARTESIAN COORDINATES (3D) 
  VARIABLES = "X", "YSS", "YPS" "R" 
  BLADE           2  SECTION           3
   20.731129   -5.638215   -5.638215  204.095032
   21.624561   -5.278949   -5.278949  204.191483
   22.426516   -4.956481   -4.956481  204.269089
   23.146788   -4.666980   -4.666980  204.323761
   23.793779   -4.407092   -4.407092  204.364548
   24.373821   -4.174056   -4.174056  204.401810
   24.893824   -3.965104   -3.965104  204.435867
   25.359993   -3.777749   -3.777749  204.467133
   25.777897   -3.609765   -3.609765  204.496063
   26.152502   -3.459152   -3.459152  204.522766
   26.488325   -3.324111   -3.324111  204.547180
   26.789385   -3.203031   -3.203031  204.569443
   27.059271   -3.094470   -3.094470  204.589752
   27.301226   -2.997134   -2.997134  204.608215
   27.518127   -2.909862   -2.909862  204.624969
   27.712578   -2.831613   -2.831613  204.640167
   27.886904   -2.761456   -2.761456  204.653915
   28.043188   -2.698555   -2.698555  204.666367
   28.183298   -2.642158   -2.642158  204.677628
   28.308910   -2.591592   -2.591592  204.688080
   28.421520   -2.546256   -2.546256  204.698853
   28.533901   -1.838648   -3.333087  204.709824
   28.651381   -1.629042   -3.621880  204.721466
   28.774431   -1.441470   -3.828665  204.733826
   28.903517   -1.259548   -4.006513  204.747009
   29.039110   -1.080834   -4.168559  204.761093
   29.181673   -0.904113   -4.316824  204.776169
   29.331675   -0.728422   -4.449134  204.792297
   29.489584   -0.553307   -4.556198  204.809586
   29.655867   -0.376773   -4.636542  204.828156
   29.830982   -0.200886   -4.706341  204.848068
   30.015404   -0.025155   -4.776102  204.869507
   30.209576    0.149826   -4.845449  204.892471
   30.413984    0.324964   -4.914719  204.917130
   30.629080    0.500538   -4.984894  204.943665
   30.855207    0.673168   -5.055407  204.972092
   31.092434    0.842965   -5.126981  205.002609
   31.341280    1.011879   -5.199963  205.035309
   31.602364    1.176039   -5.274608  205.070328
   31.876360    1.334675   -5.351645  205.107986
   32.164017    1.489651   -5.431513  205.148361
   32.466137    1.638277   -5.514816  205.191666
   32.783424    1.777743   -5.602257  205.238129
   33.116482    1.911365   -5.694478  205.288132
   33.466415    2.030670   -5.792448  205.341782
   33.834423    2.141494   -5.897176  205.399460
   34.221901    2.234328   -6.009843  205.461609
   34.630337    2.314273   -6.131588  205.528625
   35.061352    2.371004   -6.264474  205.600845
   35.520145    2.408725   -6.411319  205.679550
   36.013306    2.416999   -6.575522  205.765945
   36.541309    2.395940   -6.760302  205.860672
   37.103733    2.334110   -6.966966  205.963760
   37.699181    2.227516   -7.198455  206.075256
   38.325317    2.072892   -7.457000  206.194946
   38.978859    1.859313   -7.742668  206.322418
   39.649254    1.594122   -8.055758  206.455704
   40.325764    1.270592   -8.390563  206.592438
   41.004761    0.899642   -8.747740  206.731796
   41.683292    0.473407   -9.127955  206.872742
   42.359142    0.000000   -9.527351  207.014862
   43.030697   -0.515791   -9.946669  207.157425
   43.697029   -1.078720  -10.385102  207.299911
   44.362709   -1.688574  -10.844738  207.443130
   45.030739   -2.347442  -11.330713  207.587509
   45.700603   -3.055052  -11.842142  207.732758
   46.371468   -3.810545  -12.378508  207.878357
   47.042152   -4.612391  -12.939144  208.024002
   47.711117   -5.458385  -13.521651  208.168945
   48.376530   -6.347920  -14.127049  208.312607
   49.032459   -7.267346  -14.748634  208.453552
   49.675262   -8.209984  -15.381219  208.590866
   50.303188   -9.170897  -16.020292  208.723923
   50.914860  -10.145016  -16.666330  208.852417
   51.509186  -11.129872  -17.314732  208.976028
   52.085449  -12.115953  -17.962740  209.094498
   52.643238  -13.101521  -18.607132  209.207886
   53.184582  -14.087382  -19.251291  209.316452
   53.710049  -15.073745  -19.892900  209.420349
   54.219608  -16.054028  -20.530416  209.519638
   54.713280  -17.027685  -21.161617  209.614380
   55.191040  -17.992424  -21.787094  209.704559
   55.652897  -18.946922  -22.404549  209.790329
   56.098816  -19.887096  -23.012520  209.871658
   56.528824  -20.811331  -23.609785  209.948715
   56.942863  -21.717848  -24.194746  210.021530
   57.340961  -22.604826  -24.767126  210.090332
   57.723083  -23.470234  -25.325291  210.155029
   58.089230  -24.312262  -25.868299  210.215881
   58.439377  -25.129148  -26.265848  210.272949
   58.773514  -26.158434  -26.158779  210.316742
   59.111012  -26.808847  -26.809019  210.345795
   59.475399  -27.510832  -27.510832  210.376526
   59.868858  -28.268682  -28.268682  210.408936
   60.293713  -29.086840  -29.086840  210.443115
   60.752445  -29.970091  -29.970091  210.479019
   61.247803  -30.923622  -30.923622  210.516663
   61.782681  -31.953007  -31.953007  210.556015
   62.360241  -33.064266  -33.064266  210.597015
   62.983913  -34.263901  -34.263901  210.639603
   63.657372  -35.558933  -35.558933  210.683563
   64.384613  -36.956894  -36.956894  210.728882
   65.169930  -38.465977  -38.465977  210.775208
   66.017944  -40.094933  -40.094933  210.822342
   66.933701  -41.853268  -41.853268  210.869904
   67.922577  -43.751175  -43.751175  210.917587
   68.990417  -45.799671  -45.799671  210.964859
   70.143517  -48.010616  -48.010616  211.011200
   71.388664  -50.396786  -50.396786  211.055984
   72.733177  -52.971931  -52.971931  211.098465
   74.184921  -55.750874  -55.750874  211.137894
