  BLADE PROFILES IN CARTESIAN COORDINATES (2D) BEFORE   PROJECTION, SCALING, MESHING AND STACKING 
  VARIABLES = "X", "YSS", "YPS" 
  BLADE           1  SECTION           1
    0.000000   -0.009961   -0.009961
    0.000062   -0.006052   -0.011763
    0.000249   -0.003159   -0.014874
    0.000561   -0.000417   -0.017936
    0.000997    0.002190   -0.020696
    0.001557    0.004666   -0.023124
    0.002241    0.007019   -0.025368
    0.003050    0.009277   -0.027523
    0.003982    0.011431   -0.029532
    0.005038    0.013525   -0.031439
    0.006218    0.015577   -0.033324
    0.007520    0.017605   -0.035204
    0.008945    0.019633   -0.037106
    0.010493    0.021643   -0.039104
    0.012162    0.023666   -0.041214
    0.013954    0.025676   -0.043437
    0.015866    0.027693   -0.045767
    0.017899    0.029693   -0.048199
    0.020052    0.031659   -0.050730
    0.022325    0.033562   -0.053361
    0.024716    0.035391   -0.056090
    0.027226    0.037101   -0.058886
    0.029854    0.038645   -0.061760
    0.032600    0.040007   -0.064708
    0.035461    0.041214   -0.067721
    0.038439    0.042344   -0.070798
    0.041531    0.043489   -0.073933
    0.044738    0.044654   -0.077122
    0.048058    0.045837   -0.080360
    0.051491    0.047040   -0.083642
    0.055036    0.048260   -0.086962
    0.058691    0.049498   -0.090316
    0.062456    0.050753   -0.093698
    0.066331    0.052020   -0.097113
    0.070314    0.053314   -0.100566
    0.074403    0.054627   -0.104004
    0.078599    0.055959   -0.107446
    0.082900    0.057310   -0.110883
    0.087305    0.058681   -0.114317
    0.091812    0.060072   -0.117742
    0.096421    0.061483   -0.121153
    0.101131    0.062911   -0.124546
    0.105941    0.064366   -0.127928
    0.110848    0.065843   -0.131305
    0.115853    0.067343   -0.134612
    0.120953    0.068867   -0.137861
    0.126148    0.070413   -0.141065
    0.131435    0.071986   -0.144219
    0.136815    0.073585   -0.147319
    0.142285    0.075211   -0.150373
    0.147845    0.076864   -0.153397
    0.153492    0.078547   -0.156286
    0.159225    0.080259   -0.159093
    0.165044    0.082000   -0.161821
    0.170946    0.083776   -0.164488
    0.176930    0.085581   -0.167092
    0.182994    0.087419   -0.169551
    0.189138    0.089291   -0.171885
    0.195358    0.091203   -0.174118
    0.201655    0.093145   -0.176272
    0.208026    0.095133   -0.178342
    0.214470    0.097151   -0.180236
    0.220986    0.099206   -0.181983
    0.227570    0.101313   -0.183610
    0.234223    0.103450   -0.185135
    0.240941    0.105630   -0.186569
    0.247725    0.107863   -0.187776
    0.254571    0.110127   -0.188834
    0.261478    0.112451   -0.189756
    0.268445    0.114807   -0.190550
    0.275470    0.117211   -0.191234
    0.282550    0.119675   -0.191671
    0.289685    0.122172   -0.191953
    0.296872    0.124736   -0.192104
    0.304110    0.127334   -0.192142
    0.311396    0.129980   -0.191905
    0.318730    0.132699   -0.191498
    0.326109    0.135451   -0.190960
    0.333531    0.138253   -0.190281
    0.340994    0.141133   -0.189357
    0.348497    0.144045   -0.188222
    0.356038    0.147011   -0.186915
    0.363615    0.150037   -0.185460
    0.371226    0.153133   -0.183868
    0.378869    0.156266   -0.181997
    0.386542    0.159454   -0.179925
    0.394243    0.162705   -0.177673
    0.401971    0.166029   -0.175265
    0.409723    0.169390   -0.172713
    0.417498    0.172807   -0.169886
    0.425293    0.176280   -0.166849
    0.433107    0.179814   -0.163626
    0.440937    0.183428   -0.160217
    0.448783    0.187076   -0.156643
    0.456641    0.190780   -0.152932
    0.464509    0.194540   -0.148940
    0.472387    0.198356   -0.144745
    0.480272    0.202228   -0.140364
    0.488161    0.206156   -0.135799
    0.496053    0.210138   -0.131049
    0.503947    0.214177   -0.126138
    0.511839    0.218270   -0.121091
    0.519729    0.222417   -0.115792
    0.527613    0.226616   -0.110296
    0.535491    0.230873   -0.104618
    0.543360    0.235197   -0.098764
    0.551217    0.239549   -0.092738
    0.559063    0.243950   -0.086541
    0.566893    0.248398   -0.080176
    0.574707    0.252894   -0.073646
    0.582502    0.257435   -0.066953
    0.590277    0.262020   -0.060101
    0.598029    0.266641   -0.053093
    0.605757    0.271291   -0.045931
    0.613458    0.276001   -0.038644
    0.621131    0.280750   -0.031251
    0.628774    0.285536   -0.023653
    0.636385    0.290357   -0.015918
    0.643962    0.295212   -0.008051
    0.651503    0.300099   -0.000055
    0.659006    0.305017    0.008065
    0.666469    0.309966    0.016303
    0.673891    0.314940    0.024655
    0.681270    0.319940    0.033139
    0.688604    0.324962    0.041758
    0.695890    0.330004    0.050420
    0.703128    0.335064    0.059174
    0.710315    0.340140    0.068017
    0.717450    0.345230    0.076941
    0.724530    0.350332    0.085941
    0.731555    0.355434    0.095011
    0.738522    0.360537    0.104146
    0.745429    0.365659    0.113340
    0.752275    0.370784    0.122586
    0.759059    0.375909    0.131879
    0.765777    0.381031    0.141212
    0.772430    0.386152    0.150579
    0.779015    0.391264    0.159980
    0.785530    0.396366    0.169404
    0.791974    0.401455    0.178844
    0.798345    0.406529    0.188292
    0.804642    0.411584    0.197763
    0.810863    0.416610    0.207242
    0.817006    0.421610    0.216676
    0.823070    0.426596    0.226092
    0.829054    0.431552    0.235485
    0.834956    0.436478    0.244848
    0.840775    0.441369    0.254175
    0.846508    0.446224    0.263458
    0.852155    0.451042    0.272698
    0.857715    0.455817    0.281882
    0.863185    0.460548    0.291002
    0.868565    0.465231    0.300054
    0.873852    0.469864    0.309047
    0.879047    0.474443    0.317961
    0.884147    0.478961    0.326765
    0.889152    0.483421    0.335475
    0.894059    0.487827    0.344083
    0.898869    0.492170    0.352585
    0.903579    0.496446    0.360974
    0.908188    0.500655    0.369247
    0.912695    0.504793    0.377395
    0.917100    0.508857    0.385412
    0.921401    0.512846    0.393292
    0.925597    0.516756    0.401029
    0.929686    0.520586    0.408618
    0.933669    0.524333    0.416053
    0.937544    0.527995    0.423329
    0.941309    0.531569    0.430440
    0.944965    0.535054    0.437394
    0.948509    0.538446    0.444163
    0.951942    0.541745    0.450748
    0.955262    0.544948    0.457149
    0.958469    0.548052    0.463360
    0.961561    0.551056    0.469378
    0.964539    0.553958    0.475197
    0.967400    0.556756    0.480813
    0.970146    0.559422    0.486222
    0.972774    0.561652    0.491420
    0.975284    0.563304    0.496402
    0.977675    0.564554    0.501165
    0.979948    0.565495    0.505701
    0.982101    0.566185    0.510017
    0.984134    0.566657    0.514105
    0.986046    0.566933    0.517960
    0.987838    0.567022    0.521579
    0.989507    0.566936    0.524962
    0.991055    0.566680    0.528102
    0.992480    0.566257    0.531002
    0.993782    0.565724    0.533656
    0.994962    0.564976    0.536063
    0.996018    0.564026    0.538222
    0.996950    0.562978    0.540131
    0.997759    0.561793    0.541883
    0.998443    0.560486    0.543468
    0.999003    0.559031    0.545237
    0.999439    0.557442    0.547048
    0.999751    0.555744    0.548795
    0.999938    0.553889    0.550531
    1.000000    0.552999    0.552999
  BLADE PROFILES IN CARTESIAN COORDINATES (3D) 
  VARIABLES = "X", "YSS", "YPS" "R" 
  BLADE           1  SECTION           1
  -24.956699   -0.539274   -0.539274  594.173035
  -22.086292   -1.691661   -1.691661  594.171448
  -19.527025   -2.719129   -2.719129  594.170044
  -17.245178   -3.635220   -3.635220  594.168396
  -15.210670   -4.452009   -4.452009  594.166809
  -13.396702   -5.180254   -5.180254  594.165222
  -11.779360   -5.829560   -5.829560  594.163696
  -10.337327   -6.408478   -6.408478  594.162292
   -9.051613   -6.924644   -6.924644  594.160889
   -7.905258   -7.384857   -7.384857  594.159668
   -6.883168   -7.795182   -7.795182  594.158386
   -5.971870   -8.161029   -8.161029  594.157288
   -5.159356   -8.487218   -8.487218  594.156250
   -4.434910   -8.778048   -8.778048  594.155396
   -3.788997   -9.037353   -9.037353  594.154541
   -3.213094   -9.268548   -9.268548  594.153687
   -2.699620   -9.474684   -9.474684  594.153076
   -2.241805   -9.658474   -9.658474  594.152405
   -1.833613   -9.822340   -9.822340  594.151855
   -1.469671   -9.968446   -9.968446  594.151245
   -1.145176  -10.098713  -10.098713  594.150696
   -0.855859  -10.214862  -10.214862  594.150391
   -0.597898  -10.318417  -10.318417  594.149963
   -0.367903  -10.410747  -10.410747  594.149658
   -0.162837  -10.493071  -10.493071  594.149353
    0.020000  -10.566470  -10.566470  594.148987
    0.202837   -9.563293  -11.542112  594.148560
    0.394007   -9.222312  -11.855553  594.148010
    0.594277   -8.956502  -12.116252  594.147583
    0.804420   -8.724212  -12.375634  594.146973
    1.025198   -8.514663  -12.637505  594.146240
    1.257383   -8.329349  -12.904189  594.145691
    1.501743   -8.174003  -13.173957  594.145020
    1.759040   -8.053411  -13.448311  594.144287
    2.030052   -7.950538  -13.727331  594.143494
    2.315541   -7.846815  -14.011329  594.142761
    2.616274   -7.741033  -14.300194  594.141846
    2.933020   -7.632895  -14.593685  594.140869
    3.266551   -7.522382  -14.891664  594.139954
    3.617633   -7.408481  -15.195008  594.138916
    3.986850   -7.291005  -15.499190  594.137817
    4.374311   -7.169909  -15.804371  594.136719
    4.780904   -7.044823  -16.110346  594.135376
    5.207646   -6.915348  -16.416555  594.134094
    5.655662   -6.780451  -16.724035  594.132751
    6.126184   -6.639822  -17.025763  594.131165
    6.620571   -6.492706  -17.323694  594.129700
    7.139999   -6.338303  -17.617502  594.127869
    7.685472   -6.175878  -17.905060  594.126099
    8.258812   -6.004520  -18.179899  594.124207
    8.862063   -5.822736  -18.447388  594.122375
    9.497501   -5.629504  -18.696003  594.120178
   10.167628   -5.422902  -18.929087  594.117798
   10.875134   -5.201340  -19.141209  594.115479
   11.628613   -4.960694  -19.326561  594.112732
   12.438927   -4.696172  -19.486149  594.109924
   13.306964   -4.405450  -19.604155  594.106934
   14.232047   -4.086584  -19.677990  594.103455
   15.211962   -3.737779  -19.696878  594.100098
   16.242926   -3.357716  -19.643230  594.096252
   17.319586   -2.945642  -19.518461  594.092468
   18.424500   -2.506149  -19.313875  594.088318
   19.539989   -2.044711  -19.025806  594.084167
   20.660076   -1.561290  -18.664783  594.080078
   21.779839   -1.059046  -18.218897  594.075806
   22.895485   -0.537748  -17.706047  594.071777
   24.004358    0.000000  -17.114100  594.067871
   25.104891    0.554481  -16.455540  594.063721
   26.204548    1.129943  -15.728947  594.059692
   27.308249    1.730650  -14.921517  594.055603
   28.415129    2.353731  -14.040048  594.051758
   29.523716    3.000484  -13.085235  594.047729
   30.632011    3.668663  -12.059724  594.043701
   31.737476    4.359762  -10.967607  594.039795
   32.836975    5.070437   -9.807493  594.036133
   33.920727    5.794294   -8.594849  594.032349
   34.982624    6.525965   -7.338274  594.028748
   36.019745    7.262196   -6.051712  594.025635
   37.029839    7.998559   -4.739583  594.022339
   38.011044    8.734911   -3.409269  594.019226
   38.962147    9.467746   -2.067188  594.016296
   39.882519   10.194613   -0.718958  594.013611
   40.775509   10.915615    0.637586  594.010986
   41.641998   11.631867    1.993950  594.008606
   42.481983   12.341378    3.349369  594.006287
   43.295479   13.042907    4.700534  594.004150
   44.082470   13.734652    6.044890  594.002136
   44.842960   14.415340    7.374770  594.000122
   45.576973   15.084507    8.689405  593.998413
   46.284454   15.740475    9.985324  593.996765
   46.965466   16.382116   11.259032  593.995239
   47.619961   17.008253   12.508416  593.993774
   48.247978   17.617805   13.728946  593.992371
   48.849472   18.097767   14.918547  593.991272
   49.424488   18.222851   16.074492  593.990051
   49.972992   17.524548   17.523960  593.988892
   50.521507   18.363962   18.363668  593.988281
   51.101345   19.251637   19.251637  593.987671
   51.714302   20.189999   20.189999  593.986877
   52.362259   21.181948   21.181948  593.986023
   53.047222   22.230556   22.230556  593.985107
   53.771317   23.339041   23.339041  593.984009
   54.536747   24.510830   24.510830  593.982788
   55.345909   25.749542   25.749542  593.981567
   56.201283   27.058985   27.058985  593.980103
   57.105495   28.443205   28.443205  593.978394
   58.061363   29.906469   29.906469  593.976379
   59.071812   31.453293   31.453293  593.974243
   60.139969   33.088448   33.088448  593.971863
   61.269138   34.816971   34.816971  593.969116
   62.462803   36.644196   36.644196  593.966064
  BLADE PROFILES IN CARTESIAN COORDINATES (2D) BEFORE   PROJECTION, SCALING, MESHING AND STACKING 
  VARIABLES = "X", "YSS", "YPS" 
  BLADE           1  SECTION           2
    0.000000   -0.009966   -0.009966
    0.000062   -0.006027   -0.011751
    0.000249   -0.003137   -0.014857
    0.000561   -0.000398   -0.017918
    0.000997    0.002208   -0.020679
    0.001557    0.004682   -0.023109
    0.002241    0.007032   -0.025353
    0.003050    0.009287   -0.027510
    0.003982    0.011439   -0.029517
    0.005038    0.013531   -0.031425
    0.006218    0.015583   -0.033311
    0.007520    0.017610   -0.035190
    0.008945    0.019638   -0.037092
    0.010493    0.021649   -0.039089
    0.012162    0.023671   -0.041198
    0.013954    0.025681   -0.043419
    0.015866    0.027697   -0.045748
    0.017899    0.029697   -0.048179
    0.020052    0.031662   -0.050708
    0.022325    0.033564   -0.053338
    0.024716    0.035393   -0.056066
    0.027226    0.037101   -0.058860
    0.029854    0.038642   -0.061733
    0.032600    0.040000   -0.064680
    0.035461    0.041199   -0.067691
    0.038439    0.042338   -0.070766
    0.041531    0.043484   -0.073900
    0.044738    0.044649   -0.077087
    0.048058    0.045832   -0.080323
    0.051491    0.047035   -0.083603
    0.055036    0.048255   -0.086922
    0.058691    0.049493   -0.090274
    0.062456    0.050748   -0.093654
    0.066331    0.052016   -0.097068
    0.070314    0.053310   -0.100519
    0.074403    0.054622   -0.103955
    0.078599    0.055954   -0.107395
    0.082900    0.057306   -0.110831
    0.087305    0.058677   -0.114263
    0.091812    0.060068   -0.117687
    0.096421    0.061478   -0.121097
    0.101131    0.062907   -0.124488
    0.105941    0.064361   -0.127868
    0.110848    0.065838   -0.131244
    0.115853    0.067338   -0.134549
    0.120953    0.068861   -0.137797
    0.126148    0.070407   -0.141000
    0.131435    0.071980   -0.144153
    0.136815    0.073579   -0.147251
    0.142285    0.075204   -0.150304
    0.147845    0.076857   -0.153327
    0.153492    0.078539   -0.156216
    0.159225    0.080250   -0.159022
    0.165044    0.081990   -0.161749
    0.170946    0.083765   -0.164416
    0.176930    0.085570   -0.167019
    0.182994    0.087406   -0.169477
    0.189138    0.089278   -0.171811
    0.195358    0.091188   -0.174044
    0.201655    0.093129   -0.176197
    0.208026    0.095115   -0.178267
    0.214470    0.097132   -0.180161
    0.220986    0.099186   -0.181909
    0.227570    0.101291   -0.183536
    0.234223    0.103427   -0.185062
    0.240941    0.105605   -0.186496
    0.247725    0.107836   -0.187704
    0.254571    0.110098   -0.188763
    0.261478    0.112420   -0.189685
    0.268445    0.114774   -0.190481
    0.275470    0.117175   -0.191167
    0.282550    0.119637   -0.191605
    0.289685    0.122132   -0.191888
    0.296872    0.124681   -0.192041
    0.304110    0.127288   -0.192080
    0.311396    0.129931   -0.191846
    0.318730    0.132647   -0.191441
    0.326109    0.135396   -0.190873
    0.333531    0.138195   -0.190154
    0.340994    0.141071   -0.189303
    0.348497    0.143980   -0.188176
    0.356038    0.146942   -0.186872
    0.363615    0.149964   -0.185420
    0.371226    0.153057   -0.183830
    0.378869    0.156186   -0.181965
    0.386542    0.159370   -0.179896
    0.394243    0.162616   -0.177647
    0.401971    0.165936   -0.175244
    0.409723    0.169293   -0.172696
    0.417498    0.172705   -0.169875
    0.425293    0.176173   -0.166841
    0.433107    0.179700   -0.163623
    0.440937    0.183292   -0.160219
    0.448783    0.186954   -0.156650
    0.456641    0.190653   -0.152944
    0.464509    0.194407   -0.148959
    0.472387    0.198218   -0.144769
    0.480272    0.202084   -0.140394
    0.488161    0.206006   -0.135834
    0.496053    0.209982   -0.131090
    0.503947    0.214014   -0.126187
    0.511839    0.218102   -0.121145
    0.519729    0.222242   -0.115853
    0.527613    0.226435   -0.110366
    0.535491    0.230685   -0.104694
    0.543360    0.235002   -0.098847
    0.551217    0.239347   -0.092828
    0.559063    0.243741   -0.086639
    0.566893    0.248183   -0.080281
    0.574707    0.252671   -0.073759
    0.582502    0.257205   -0.067074
    0.590277    0.261783   -0.060230
    0.598029    0.266397   -0.053229
    0.605757    0.271039   -0.046076
    0.613458    0.275741   -0.038798
    0.621131    0.280482   -0.031412
    0.628774    0.285260   -0.023823
    0.636385    0.290074   -0.016097
    0.643962    0.294921   -0.008239
    0.651503    0.299800   -0.000252
    0.659006    0.304710    0.007858
    0.666469    0.309651    0.016087
    0.673891    0.314617    0.024430
    0.681270    0.319608    0.032904
    0.688604    0.324622    0.041513
    0.695890    0.329655    0.050166
    0.703128    0.334707    0.058911
    0.710315    0.339775    0.067743
    0.717450    0.344856    0.076657
    0.724530    0.349950    0.085648
    0.731555    0.355043    0.094708
    0.738522    0.360137    0.103833
    0.745429    0.365251    0.113017
    0.752275    0.370367    0.122253
    0.759059    0.375482    0.131536
    0.765777    0.380596    0.140858
    0.772430    0.385708    0.150215
    0.779015    0.390812    0.159607
    0.785530    0.395905    0.169021
    0.791974    0.400986    0.178450
    0.798345    0.406051    0.187888
    0.804642    0.411097    0.197349
    0.810863    0.416115    0.206818
    0.817006    0.421106    0.216241
    0.823070    0.426083    0.225648
    0.829054    0.431031    0.235031
    0.834956    0.435948    0.244384
    0.840775    0.440831    0.253700
    0.846508    0.445677    0.262974
    0.852155    0.450487    0.272204
    0.857715    0.455254    0.281378
    0.863185    0.459976    0.290489
    0.868565    0.464651    0.299531
    0.873852    0.469276    0.308515
    0.879047    0.473848    0.317419
    0.884147    0.478357    0.326214
    0.889152    0.482810    0.334914
    0.894059    0.487208    0.343514
    0.898869    0.491543    0.352007
    0.903579    0.495813    0.360386
    0.908188    0.500014    0.368651
    0.912695    0.504144    0.376791
    0.917100    0.508201    0.384800
    0.921401    0.512183    0.392671
    0.925597    0.516087    0.400400
    0.929686    0.519910    0.407981
    0.933669    0.523650    0.415408
    0.937544    0.527306    0.422676
    0.941309    0.530874    0.429780
    0.944965    0.534352    0.436727
    0.948509    0.537739    0.443489
    0.951942    0.541032    0.450067
    0.955262    0.544229    0.456461
    0.958469    0.547328    0.462666
    0.961561    0.550327    0.468678
    0.964539    0.553224    0.474491
    0.967400    0.556017    0.480101
    0.970146    0.558678    0.485504
    0.972774    0.560902    0.490696
    0.975284    0.562549    0.495674
    0.977675    0.563795    0.500431
    0.979948    0.564733    0.504963
    0.982101    0.565419    0.509275
    0.984134    0.565888    0.513358
    0.986046    0.566160    0.517209
    0.987838    0.566247    0.520824
    0.989507    0.566159    0.524203
    0.991055    0.565900    0.527340
    0.992480    0.565475    0.530237
    0.993782    0.564941    0.532889
    0.994962    0.564192    0.535294
    0.996018    0.563240    0.537450
    0.996950    0.562192    0.539357
    0.997759    0.561005    0.541107
    0.998443    0.559698    0.542690
    0.999003    0.558244    0.544457
    0.999439    0.556655    0.546267
    0.999751    0.554956    0.548014
    0.999938    0.553102    0.549748
    1.000000    0.552215    0.552215
  BLADE PROFILES IN CARTESIAN COORDINATES (3D) 
  VARIABLES = "X", "YSS", "YPS" "R" 
  BLADE           1  SECTION           2
  -25.002569   -0.540582   -0.540582  594.740906
  -22.129478   -1.692949   -1.692949  594.740906
  -19.567820   -2.720405   -2.720405  594.740906
  -17.283834   -3.636487   -3.636487  594.741028
  -15.247424   -4.453269   -4.453269  594.740967
  -13.431755   -5.181514   -5.181514  594.740906
  -11.812900   -5.830821   -5.830821  594.741028
  -10.369521   -6.409745   -6.409745  594.740967
   -9.082601   -6.925916   -6.925916  594.740906
   -7.935175   -7.386136   -7.386136  594.740967
   -6.912126   -7.796468   -7.796468  594.741028
   -5.999974   -8.162323   -8.162323  594.741028
   -5.186699   -8.488520   -8.488520  594.740967
   -4.461575   -8.779358   -8.779358  594.740967
   -3.815055   -9.038671   -9.038671  594.740967
   -3.238618   -9.269874   -9.269874  594.740967
   -2.724662   -9.476016   -9.476016  594.740906
   -2.266415   -9.659815   -9.659815  594.740967
   -1.857843   -9.823687   -9.823687  594.740967
   -1.493558   -9.969797   -9.969797  594.740906
   -1.168761  -10.100071  -10.100071  594.741028
   -0.879172  -10.216223  -10.216223  594.741028
   -0.620969  -10.319783  -10.319783  594.740967
   -0.390757  -10.412119  -10.412119  594.740967
   -0.185501  -10.494448  -10.494448  594.740967
   -0.002492  -10.567848  -10.567848  594.741028
    0.180516   -9.563991  -11.544386  594.740967
    0.371866   -9.222886  -11.858173  594.740967
    0.572327   -8.956834  -12.118989  594.740906
    0.782666   -8.724387  -12.378490  594.740967
    1.003653   -8.514715  -12.640480  594.741028
    1.236055   -8.329319  -12.907286  594.740906
    1.480643   -8.174061  -13.177175  594.740967
    1.738183   -8.053879  -13.451645  594.741028
    2.009448   -7.950493  -13.730790  594.741028
    2.295204   -7.846694  -14.014920  594.740906
    2.596222   -7.740811  -14.303921  594.741028
    2.913267   -7.632579  -14.597555  594.740906
    3.247113   -7.521968  -14.895675  594.740967
    3.598523   -7.407962  -15.199173  594.740906
    3.968092   -7.290387  -15.503492  594.740967
    4.355914   -7.169192  -15.808836  594.741028
    4.762888   -7.044013  -16.114973  594.740967
    5.190031   -6.914441  -16.421349  594.740967
    5.638470   -6.779451  -16.729000  594.740967
    6.109435   -6.638731  -17.030897  594.740967
    6.604286   -6.491532  -17.329016  594.740906
    7.124204   -6.337047  -17.623011  594.741028
    7.670192   -6.174546  -17.910759  594.740906
    8.244069   -6.003119  -18.185802  594.740967
    8.847894   -5.821272  -18.453493  594.740967
    9.483930   -5.627985  -18.702322  594.741028
   10.154675   -5.421336  -18.935621  594.740967
   10.862855   -5.199739  -19.147982  594.740967
   11.617043   -4.959073  -19.333563  594.740967
   12.428123   -4.694545  -19.493414  594.741089
   13.296969   -4.403832  -19.611656  594.740967
   14.222931   -4.084977  -19.685780  594.740845
   15.203773   -3.736256  -19.704905  594.740845
   16.235695   -3.356280  -19.650343  594.740845
   17.313372   -2.944325  -19.527208  594.740723
   18.419333   -2.504993  -19.322779  594.741089
   19.535881   -2.043737  -19.035036  594.740845
   20.657019   -1.560511  -18.674280  594.740967
   21.777817   -1.058934  -18.228668  594.740906
   22.894527   -0.537468  -17.716051  594.741028
   24.004436    0.000000  -17.124405  594.740967
   25.106035    0.554161  -16.466085  594.740784
   26.206697    1.129290  -15.739717  594.741028
   27.311455    1.729642  -14.932531  594.741089
   28.419373    2.352335  -14.051270  594.740845
   29.528994    2.998681  -13.096670  594.740845
   30.638327    3.666431  -12.071388  594.740845
   31.744841    4.357072  -10.979445  594.741028
   32.845383    5.067280   -9.819538  594.741028
   33.930134    5.790651   -8.607081  594.741150
   34.993038    6.521822   -7.350692  594.740967
   36.031151    7.257536   -6.064312  594.740906
   37.042187    7.993385   -4.752355  594.740723
   38.024303    8.729211   -3.422202  594.740967
   38.976326    9.461535   -2.080260  594.740906
   39.897549   10.187881   -0.732170  594.740967
   40.791374   10.908362    0.624234  594.740967
   41.658684   11.624099    1.980458  594.740967
   42.499458   12.333090    3.335758  594.741028
   43.313717   13.034104    4.686800  594.740967
   44.101448   13.725338    6.031031  594.740906
   44.862659   14.405525    7.360799  594.740845
   45.597340   15.074191    8.675330  594.741028
   46.305500   15.729671    9.971139  594.740845
   46.987144   16.370827   11.244744  594.740906
   47.642265   16.996498   12.494040  594.740845
   48.270863   17.605585   13.714475  594.740967
   48.872932   18.084923   14.903985  594.741028
   49.448479   18.209242   16.059837  594.740967
   49.997501   17.509941   17.509352  594.740906
   50.546532   18.349087   18.348793  594.740906
   51.126900   19.236475   19.236475  594.740967
   51.740437   20.174541   20.174541  594.741028
   52.389004   21.166183   21.166183  594.740967
   53.074615   22.214457   22.214457  594.741028
   53.799381   23.322603   23.322603  594.740906
   54.565536   24.494038   24.494038  594.740906
   55.375450   25.732378   25.732378  594.741028
   56.231621   27.041435   27.041435  594.740967
   57.136692   28.425261   28.425261  594.740906
   58.093449   29.888113   29.888113  594.741028
   59.104843   31.434517   31.434517  594.741028
   60.174019   33.069233   33.069233  594.740967
   61.304241   34.797318   34.797318  594.740906
   62.499020   36.624092   36.624092  594.740967
  BLADE PROFILES IN CARTESIAN COORDINATES (2D) BEFORE   PROJECTION, SCALING, MESHING AND STACKING 
  VARIABLES = "X", "YSS", "YPS" 
  BLADE           1  SECTION           3
    0.000000   -0.009972   -0.009972
    0.000062   -0.006001   -0.011739
    0.000249   -0.003115   -0.014840
    0.000561   -0.000378   -0.017900
    0.000997    0.002225   -0.020662
    0.001557    0.004697   -0.023093
    0.002241    0.007045   -0.025339
    0.003050    0.009297   -0.027496
    0.003982    0.011448   -0.029502
    0.005038    0.013538   -0.031411
    0.006218    0.015588   -0.033297
    0.007520    0.017615   -0.035177
    0.008945    0.019643   -0.037077
    0.010493    0.021654   -0.039073
    0.012162    0.023676   -0.041181
    0.013954    0.025685   -0.043401
    0.015866    0.027701   -0.045729
    0.017899    0.029700   -0.048159
    0.020052    0.031665   -0.050687
    0.022325    0.033566   -0.053315
    0.024716    0.035394   -0.056041
    0.027226    0.037101   -0.058834
    0.029854    0.038638   -0.061706
    0.032600    0.039995   -0.064651
    0.035461    0.041193   -0.067661
    0.038439    0.042333   -0.070734
    0.041531    0.043478   -0.073866
    0.044738    0.044643   -0.077052
    0.048058    0.045827   -0.080287
    0.051491    0.047030   -0.083565
    0.055036    0.048251   -0.086882
    0.058691    0.049488   -0.090232
    0.062456    0.050743   -0.093611
    0.066331    0.052011   -0.097023
    0.070314    0.053305   -0.100473
    0.074403    0.054618   -0.103907
    0.078599    0.055950   -0.107345
    0.082900    0.057301   -0.110779
    0.087305    0.058673   -0.114210
    0.091812    0.060063   -0.117632
    0.096421    0.061473   -0.121040
    0.101131    0.062902   -0.124430
    0.105941    0.064356   -0.127809
    0.110848    0.065833   -0.131184
    0.115853    0.067333   -0.134487
    0.120953    0.068855   -0.137733
    0.126148    0.070401   -0.140935
    0.131435    0.071973   -0.144087
    0.136815    0.073572   -0.147184
    0.142285    0.075196   -0.150236
    0.147845    0.076849   -0.153258
    0.153492    0.078531   -0.156146
    0.159225    0.080240   -0.158951
    0.165044    0.081980   -0.161677
    0.170946    0.083754   -0.164343
    0.176930    0.085558   -0.166946
    0.182994    0.087393   -0.169403
    0.189138    0.089264   -0.171737
    0.195358    0.091174   -0.173970
    0.201655    0.093113   -0.176123
    0.208026    0.095098   -0.178193
    0.214470    0.097113   -0.180088
    0.220986    0.099166   -0.181835
    0.227570    0.101269   -0.183463
    0.234223    0.103403   -0.184989
    0.240941    0.105580   -0.186423
    0.247725    0.107808   -0.187632
    0.254571    0.110069   -0.188692
    0.261478    0.112389   -0.189615
    0.268445    0.114741   -0.190412
    0.275470    0.117139   -0.191101
    0.282550    0.119598   -0.191539
    0.289685    0.122091   -0.191824
    0.296872    0.124637   -0.191979
    0.304110    0.127242   -0.192019
    0.311396    0.129883   -0.191788
    0.318730    0.132595   -0.191385
    0.326109    0.135341   -0.190820
    0.333531    0.138137   -0.190103
    0.340994    0.141009   -0.189256
    0.348497    0.143915   -0.188131
    0.356038    0.146873   -0.186829
    0.363615    0.149891   -0.185381
    0.371226    0.152980   -0.183794
    0.378869    0.156106   -0.181934
    0.386542    0.159285   -0.179868
    0.394243    0.162527   -0.177623
    0.401971    0.165843   -0.175224
    0.409723    0.169195   -0.172679
    0.417498    0.172602   -0.169864
    0.425293    0.176066   -0.166835
    0.433107    0.179587   -0.163621
    0.440937    0.183174   -0.160222
    0.448783    0.186831   -0.156659
    0.456641    0.190525   -0.152956
    0.464509    0.194274   -0.148979
    0.472387    0.198079   -0.144795
    0.480272    0.201940   -0.140425
    0.488161    0.205855   -0.135871
    0.496053    0.209826   -0.131133
    0.503947    0.213851   -0.126236
    0.511839    0.217933   -0.121200
    0.519729    0.222067   -0.115914
    0.527613    0.226253   -0.110436
    0.535491    0.230491   -0.104771
    0.543360    0.234786   -0.098931
    0.551217    0.239146   -0.092919
    0.559063    0.243533   -0.086737
    0.566893    0.247967   -0.080388
    0.574707    0.252448   -0.073873
    0.582502    0.256975   -0.067195
    0.590277    0.261539   -0.060359
    0.598029    0.266131   -0.053367
    0.605757    0.270786   -0.046222
    0.613458    0.275481   -0.038953
    0.621131    0.280215   -0.031575
    0.628774    0.284985   -0.023995
    0.636385    0.289790   -0.016278
    0.643962    0.294630   -0.008428
    0.651503    0.299500   -0.000451
    0.659006    0.304403    0.007650
    0.666469    0.309335    0.015870
    0.673891    0.314293    0.024225
    0.681270    0.319276    0.032724
    0.688604    0.324281    0.041268
    0.695890    0.329306    0.049911
    0.703128    0.334350    0.058646
    0.710315    0.339409    0.067469
    0.717450    0.344482    0.076373
    0.724530    0.349566    0.085354
    0.731555    0.354651    0.094404
    0.738522    0.359736    0.103519
    0.745429    0.364842    0.112693
    0.752275    0.369949    0.121919
    0.759059    0.375056    0.131191
    0.765777    0.380161    0.140504
    0.772430    0.385264    0.149850
    0.779015    0.390359    0.159232
    0.785530    0.395444    0.168636
    0.791974    0.400516    0.178055
    0.798345    0.405572    0.187483
    0.804642    0.410610    0.196934
    0.810863    0.415619    0.206392
    0.817006    0.420602    0.215806
    0.823070    0.425570    0.225203
    0.829054    0.430509    0.234576
    0.834956    0.435418    0.243918
    0.840775    0.440292    0.253225
    0.846508    0.445130    0.262488
    0.852155    0.449932    0.271709
    0.857715    0.454691    0.280873
    0.863185    0.459405    0.289975
    0.868565    0.464071    0.299008
    0.873852    0.468688    0.307982
    0.879047    0.473252    0.316877
    0.884147    0.477754    0.325662
    0.889152    0.482198    0.334353
    0.894059    0.486589    0.342944
    0.898869    0.490916    0.351427
    0.903579    0.495178    0.359798
    0.908188    0.499372    0.368054
    0.912695    0.503496    0.376185
    0.917100    0.507546    0.384186
    0.921401    0.511520    0.392049
    0.925597    0.515417    0.399770
    0.929686    0.519234    0.407343
    0.933669    0.522968    0.414763
    0.937544    0.526617    0.422023
    0.941309    0.530178    0.429119
    0.944965    0.533651    0.436059
    0.948509    0.537032    0.442814
    0.951942    0.540319    0.449385
    0.955262    0.543510    0.455772
    0.958469    0.546604    0.461971
    0.961561    0.549597    0.467976
    0.964539    0.552489    0.473783
    0.967400    0.555278    0.479388
    0.970146    0.557933    0.484785
    0.972774    0.560152    0.489972
    0.975284    0.561795    0.494944
    0.977675    0.563037    0.499697
    0.979948    0.563971    0.504224
    0.982101    0.564653    0.508531
    0.984134    0.565120    0.512610
    0.986046    0.565389    0.516457
    0.987838    0.565473    0.520069
    0.989507    0.565382    0.523444
    0.991055    0.565122    0.526578
    0.992480    0.564695    0.529472
    0.993782    0.564159    0.532121
    0.994962    0.563409    0.534523
    0.996018    0.562456    0.536677
    0.996950    0.561407    0.538582
    0.997759    0.560220    0.540330
    0.998443    0.558912    0.541912
    0.999003    0.557458    0.543677
    0.999439    0.555870    0.545485
    0.999751    0.554172    0.547229
    0.999938    0.552319    0.548962
    1.000000    0.551432    0.551432
  BLADE PROFILES IN CARTESIAN COORDINATES (3D) 
  VARIABLES = "X", "YSS", "YPS" "R" 
  BLADE           1  SECTION           3
  -25.048626   -0.541834   -0.541834  595.309021
  -22.172821   -1.694198   -1.694198  595.310303
  -19.608742   -2.721653   -2.721653  595.311707
  -17.322594   -3.637738   -3.637738  595.313293
  -15.284266   -4.454526   -4.454526  595.314819
  -13.466875   -5.182780   -5.182780  595.316284
  -11.846488   -5.832097   -5.832097  595.317810
  -10.401746   -6.411031   -6.411031  595.319214
   -9.113609   -6.927214   -6.927214  595.320435
   -7.965104   -7.387446   -7.387446  595.321716
   -6.941088   -7.797791   -7.797791  595.322876
   -6.028077   -8.163658   -8.163658  595.323853
   -5.214031   -8.489868   -8.489868  595.324890
   -4.488226   -8.780718   -8.780718  595.325867
   -3.841095   -9.040040   -9.040040  595.326660
   -3.264112   -9.271255   -9.271255  595.327393
   -2.749668   -9.477407   -9.477407  595.328125
   -2.290992   -9.661214   -9.661214  595.328735
   -1.882034   -9.825096   -9.825096  595.329285
   -1.517403   -9.971214   -9.971214  595.329895
   -1.192301  -10.101497  -10.101497  595.330322
   -0.902436  -10.217652  -10.217652  595.330688
   -0.643991  -10.321218  -10.321218  595.331055
   -0.413563  -10.413561  -10.413561  595.331482
   -0.208110  -10.495892  -10.495892  595.331787
   -0.024930  -10.569300  -10.569300  595.332031
    0.158249   -9.564754  -11.546748  595.332397
    0.349780   -9.223520  -11.860881  595.333008
    0.550427   -8.957219  -12.121818  595.333557
    0.760965   -8.724618  -12.381441  595.334045
    0.982160   -8.514823  -12.643554  595.334595
    1.214781   -8.329346  -12.910484  595.335449
    1.459599   -8.174174  -13.180502  595.335999
    1.717384   -8.054002  -13.455091  595.336731
    1.988904   -7.950527  -13.734363  595.337585
    2.274927   -7.846625  -14.018628  595.338196
    2.576228   -7.740640  -14.307769  595.339172
    2.893573   -7.632310  -14.601547  595.340149
    3.227728   -7.521599  -14.899811  595.340942
    3.579468   -7.407490  -15.203468  595.342102
    3.949385   -7.289813  -15.507929  595.343140
    4.337573   -7.168519  -15.813435  595.344360
    4.744930   -7.043245  -16.119741  595.345642
    5.172478   -6.913577  -16.426285  595.346924
    5.621335   -6.778492  -16.734112  595.348389
    6.092744   -6.637684  -17.036184  595.349792
    6.588060   -6.490397  -17.334492  595.351379
    7.108469   -6.335828  -17.628674  595.353088
    7.654967   -6.173253  -17.916622  595.354858
    8.229383   -6.001751  -18.191864  595.356689
    8.833776   -5.819843  -18.459766  595.358765
    9.470407   -5.626500  -18.708820  595.360840
   10.141783   -5.419804  -18.942335  595.363159
   10.850629   -5.198171  -19.154936  595.365417
   11.605525   -4.957481  -19.340750  595.368286
   12.417356   -4.692945  -19.500866  595.371033
   13.287032   -4.402246  -19.619352  595.374084
   14.213861   -4.083419  -19.693762  595.377563
   15.195614   -3.734756  -19.713131  595.380920
   16.228502   -3.354865  -19.658884  595.384583
   17.307205   -2.943030  -19.536095  595.388550
   18.414190   -2.503851  -19.331888  595.392639
   19.531803   -2.042771  -19.044464  595.397034
   20.653980   -1.559740  -18.683973  595.401123
   21.775829   -1.058415  -18.238642  595.405273
   22.893606   -0.537194  -17.726252  595.409424
   24.004559    0.000000  -17.134903  595.413696
   25.107174    0.553839  -16.476820  595.417603
   26.208879    1.128656  -15.750678  595.421814
   27.314665    1.727908  -14.943737  595.425598
   28.423601    2.350950  -14.062675  595.429810
   29.534290    2.996490  -13.108274  595.433838
   30.644665    3.664230  -12.083220  595.437622
   31.752228    4.354407  -10.991454  595.441711
   32.853790    5.064154   -9.831731  595.445557
   33.939571    5.787038   -8.617045  595.449036
   35.003452    6.517709   -7.363254  595.452637
   36.042557    7.252923   -6.077036  595.456177
   37.054539    7.988257   -4.765239  595.459351
   38.037582    8.723577   -3.435233  595.462463
   38.990498    9.455392   -2.093412  595.465393
   39.912598   10.181221   -0.745471  595.468018
   40.807262   10.901182    0.610808  595.470825
   41.675381   11.616406    1.966914  595.473206
   42.516953   12.324891    3.322104  595.475464
   43.331959   13.025397    4.673033  595.477722
   44.120438   13.716133    6.017166  595.479858
   44.882374   14.395816    7.346827  595.481750
   45.617752   15.063998    8.661261  595.483521
   46.326584   15.718995    9.956984  595.485168
   47.008858   16.359680   11.230508  595.486694
   47.664597   16.984884   12.479716  595.488281
   48.293785   17.593513   13.700058  595.489624
   48.896431   18.072252   14.889503  595.490784
   49.472527   18.195847   16.045284  595.491943
   50.022064   17.495550   17.494961  595.493042
   50.571598   18.334438   18.334145  595.493591
   51.152542   19.221556   19.221556  595.494385
   51.766647   20.159330   20.159330  595.495117
   52.415833   21.150675   21.150675  595.495972
   53.102093   22.198637   22.198637  595.497009
   53.827538   23.306456   23.306456  595.498047
   54.594421   24.477547   24.477547  595.499146
   55.405087   25.715525   25.715525  595.500488
   56.262070   27.024214   27.024214  595.501953
   57.167999   28.407663   28.407663  595.503601
   58.125668   29.870123   29.870123  595.505615
   59.138016   31.416130   31.416130  595.507812
   60.208187   33.050438   33.050438  595.510254
   61.339481   34.778103   34.778103  595.512939
   62.535389   36.604469   36.604469  595.516052
  BLADE PROFILES IN CARTESIAN COORDINATES (2D) BEFORE   PROJECTION, SCALING, MESHING AND STACKING 
  VARIABLES = "X", "YSS", "YPS" 
  BLADE           2  SECTION           1
    0.000000    0.014637    0.014637
    0.000062    0.017529    0.009958
    0.000249    0.020689    0.005934
    0.000561    0.023241    0.002083
    0.000997    0.025576   -0.001573
    0.001557    0.027675   -0.004845
    0.002241    0.029757   -0.007898
    0.003050    0.031837   -0.010732
    0.003982    0.033838   -0.013387
    0.005038    0.035710   -0.015822
    0.006218    0.037624   -0.018127
    0.007520    0.039593   -0.020360
    0.008945    0.041658   -0.022561
    0.010493    0.043847   -0.024719
    0.012162    0.046109   -0.026869
    0.013954    0.048459   -0.029032
    0.015866    0.050898   -0.031180
    0.017899    0.053418   -0.033305
    0.020052    0.056014   -0.035408
    0.022325    0.058681   -0.037449
    0.024716    0.061406   -0.039431
    0.027226    0.064187   -0.041288
    0.029854    0.067024   -0.042965
    0.032600    0.069910   -0.044408
    0.035461    0.072862   -0.045633
    0.038439    0.075853   -0.046695
    0.041531    0.078859   -0.047700
    0.044738    0.081896   -0.048700
    0.048058    0.084957   -0.049685
    0.051491    0.088040   -0.050663
    0.055036    0.091127   -0.051647
    0.058691    0.094224   -0.052626
    0.062456    0.097327   -0.053598
    0.066331    0.100431   -0.054564
    0.070314    0.103532   -0.055521
    0.074403    0.106640   -0.056471
    0.078599    0.109751   -0.057429
    0.082900    0.112814   -0.058385
    0.087305    0.115850   -0.059341
    0.091812    0.118847   -0.060295
    0.096421    0.121813   -0.061248
    0.101131    0.124743   -0.062201
    0.105941    0.127653   -0.063165
    0.110848    0.130530   -0.064134
    0.115853    0.133327   -0.065109
    0.120953    0.136063   -0.066090
    0.126148    0.138725   -0.067080
    0.131435    0.141324   -0.068085
    0.136815    0.143856   -0.069102
    0.142285    0.146336   -0.070133
    0.147845    0.148766   -0.071180
    0.153492    0.151069   -0.072245
    0.159225    0.153265   -0.073329
    0.165044    0.155375   -0.074436
    0.170946    0.157421   -0.075568
    0.176930    0.159385   -0.076721
    0.182994    0.161214   -0.077901
    0.189138    0.162912   -0.079117
    0.195358    0.164497   -0.080356
    0.201655    0.165974   -0.081626
    0.208026    0.167357   -0.082935
    0.214470    0.168658   -0.084283
    0.220986    0.169762   -0.085661
    0.227570    0.170730   -0.087083
    0.234223    0.171573   -0.088553
    0.240941    0.172307   -0.090054
    0.247725    0.172946   -0.091606
    0.254571    0.173368   -0.093213
    0.261478    0.173637   -0.094854
    0.268445    0.173766   -0.096553
    0.275470    0.173775   -0.098313
    0.282550    0.173676   -0.100110
    0.289685    0.173343   -0.101968
    0.296872    0.172845   -0.103898
    0.304110    0.172195   -0.105867
    0.311396    0.171415   -0.107894
    0.318730    0.170514   -0.109995
    0.326109    0.169375   -0.112165
    0.333531    0.168055   -0.114381
    0.340994    0.166574   -0.116663
    0.348497    0.164959   -0.119024
    0.356038    0.163204   -0.121461
    0.363615    0.161231   -0.123946
    0.371226    0.159050   -0.126499
    0.378869    0.156701   -0.129133
    0.386542    0.154184   -0.131859
    0.394243    0.151525   -0.134632
    0.401971    0.148724   -0.137476
    0.409723    0.145695   -0.140393
    0.417498    0.142469   -0.143384
    0.425293    0.139065   -0.146454
    0.433107    0.135489   -0.149600
    0.440937    0.131743   -0.152832
    0.448783    0.127854   -0.156153
    0.456641    0.123819   -0.159525
    0.464509    0.119559   -0.162974
    0.472387    0.115129   -0.166498
    0.480272    0.110510   -0.170099
    0.488161    0.105722   -0.173775
    0.496053    0.100769   -0.177527
    0.503947    0.095650   -0.181354
    0.511839    0.090368   -0.185256
    0.519729    0.084925   -0.189233
    0.527613    0.079321   -0.193283
    0.535491    0.073588   -0.197407
    0.543360    0.067724   -0.201603
    0.551217    0.061654   -0.205870
    0.559063    0.055432   -0.210208
    0.566893    0.049061   -0.214615
    0.574707    0.042546   -0.219091
    0.582502    0.035888   -0.223633
    0.590277    0.029090   -0.228241
    0.598029    0.022156   -0.232914
    0.605757    0.015090   -0.237648
    0.613458    0.007895   -0.242444
    0.621131    0.000574   -0.247299
    0.628774   -0.006868   -0.252211
    0.636385   -0.014427   -0.257178
    0.643962   -0.022100   -0.262199
    0.651503   -0.029882   -0.267272
    0.659006   -0.037768   -0.272394
    0.666469   -0.045755   -0.277563
    0.673891   -0.053838   -0.282776
    0.681270   -0.062011   -0.288032
    0.688604   -0.070270   -0.293329
    0.695890   -0.078611   -0.298663
    0.703128   -0.087028   -0.304018
    0.710315   -0.095517   -0.309398
    0.717450   -0.104071   -0.314829
    0.724530   -0.112712   -0.320288
    0.731555   -0.121420   -0.325771
    0.738522   -0.130140   -0.331275
    0.745429   -0.138906   -0.336798
    0.752275   -0.147711   -0.342338
    0.759059   -0.156550   -0.347893
    0.765777   -0.165417   -0.353458
    0.772430   -0.174307   -0.359029
    0.779015   -0.183214   -0.364604
    0.785530   -0.192133   -0.370179
    0.791974   -0.201057   -0.375751
    0.798345   -0.209984   -0.381317
    0.804642   -0.218908   -0.386874
    0.810863   -0.227820   -0.392405
    0.817006   -0.236715   -0.397920
    0.823070   -0.245585   -0.403429
    0.829054   -0.254427   -0.408917
    0.834956   -0.263233   -0.414378
    0.840775   -0.272018   -0.419810
    0.846508   -0.280756   -0.425210
    0.852155   -0.289420   -0.430574
    0.857715   -0.298026   -0.435899
    0.863185   -0.306567   -0.441181
    0.868565   -0.315038   -0.446418
    0.873852   -0.323433   -0.451606
    0.879047   -0.331747   -0.456743
    0.884147   -0.339975   -0.461823
    0.889152   -0.348112   -0.466844
    0.894059   -0.356151   -0.471802
    0.898869   -0.364085   -0.476695
    0.903579   -0.371910   -0.481519
    0.908188   -0.379619   -0.486270
    0.912695   -0.387209   -0.490946
    0.917100   -0.394672   -0.495544
    0.921401   -0.402005   -0.500060
    0.925597   -0.409202   -0.504492
    0.929686   -0.416259   -0.508835
    0.933669   -0.423169   -0.513089
    0.937544   -0.429929   -0.517249
    0.941309   -0.436533   -0.521312
    0.944965   -0.442977   -0.525277
    0.948509   -0.449257   -0.529141
    0.951942   -0.455367   -0.532900
    0.955262   -0.461305   -0.536552
    0.958469   -0.467065   -0.540094
    0.961561   -0.472643   -0.543524
    0.964539   -0.478036   -0.546839
    0.967400   -0.483239   -0.550037
    0.970146   -0.488248   -0.553122
    0.972774   -0.493061   -0.555994
    0.975284   -0.497675   -0.558264
    0.977675   -0.502084   -0.559920
    0.979948   -0.506287   -0.561163
    0.982101   -0.510280   -0.562093
    0.984134   -0.514057   -0.562760
    0.986046   -0.517622   -0.563191
    0.987838   -0.520969   -0.563411
    0.989507   -0.524096   -0.563435
    0.991055   -0.527000   -0.563274
    0.992480   -0.529679   -0.562938
    0.993782   -0.532131   -0.562451
    0.994962   -0.534356   -0.561784
    0.996018   -0.536351   -0.560963
    0.996950   -0.538141   -0.559982
    0.997759   -0.539785   -0.558864
    0.998443   -0.541492   -0.557617
    0.999004   -0.543150   -0.556249
    0.999439   -0.544903   -0.554773
    0.999751   -0.546759   -0.553199
    0.999938   -0.548702   -0.551548
    1.000000   -0.549800   -0.549805
  BLADE PROFILES IN CARTESIAN COORDINATES (3D) 
  VARIABLES = "X", "YSS", "YPS" "R" 
  BLADE           2  SECTION           1
   52.456825   -8.039495   -8.039495  593.985901
   53.624409   -7.567251   -7.567251  593.984314
   54.671207   -7.143855   -7.143855  593.982666
   55.609741   -6.764257   -6.764257  593.981018
   56.451168   -6.423925   -6.423925  593.979675
   57.205570   -6.118800   -6.118800  593.978210
   57.881924   -5.845237   -5.845237  593.976807
   58.488319   -5.599971   -5.599971  593.975525
   59.031986   -5.380078   -5.380078  593.974304
   59.519405   -5.182931   -5.182931  593.973206
   59.956413   -5.006177   -5.006177  593.972229
   60.348213   -4.847709   -4.847709  593.971252
   60.699474   -4.705632   -4.705632  593.970459
   61.014408   -4.578252   -4.578252  593.969788
   61.296764   -4.464049   -4.464049  593.969055
   61.549908   -4.361660   -4.361660  593.968384
   61.776882   -4.269863   -4.269863  593.967773
   61.980354   -4.187560   -4.187560  593.967346
   62.162800   -4.113772   -4.113772  593.966858
   62.326351   -4.047617   -4.047617  593.966431
   62.473000   -3.988306   -3.988306  593.966003
   62.619648   -3.100787   -4.932641  593.965454
   62.772976   -2.846170   -5.244077  593.964905
   62.933578   -2.618915   -5.473383  593.964417
   63.102142   -2.399501   -5.672645  593.963867
   63.279213   -2.182909   -5.851775  593.963196
   63.465431   -1.967831   -6.012013  593.962524
   63.661427   -1.753383   -6.147338  593.961914
   63.867779   -1.537815   -6.248475  593.961121
   64.085136   -1.320908   -6.325084  593.960327
   64.314110   -1.104050   -6.396288  593.959412
   64.555321   -0.886117   -6.465725  593.958435
   64.809364   -0.668005   -6.534943  593.957520
   65.076874   -0.449306   -6.603336  593.956421
   65.358452   -0.230185   -6.670899  593.955139
   65.654579   -0.009795   -6.738648  593.953979
   65.965324    0.207309   -6.806775  593.952576
   66.291435    0.421579   -6.875202  593.951294
   66.633698    0.633659   -6.944423  593.949646
   66.993019    0.843908   -7.015428  593.948120
   67.370407    1.047683   -7.088211  593.946350
   67.766922    1.245052   -7.163593  593.944519
   68.183517    1.436867   -7.242205  593.942505
   68.621017    1.621418   -7.324683  593.940308
   69.080833    1.792966   -7.411887  593.937927
   69.564682    1.956179   -7.504925  593.935608
   70.074326    2.102771   -7.605005  593.932983
   70.611794    2.232470   -7.713010  593.930115
   71.179237    2.346833   -7.831243  593.926880
   71.783554    2.434646   -7.962079  593.923584
   72.433441    2.501076   -8.109026  593.919800
   73.129639    2.530073   -8.274753  593.915894
   73.871605    2.524807   -8.461722  593.911438
   74.657532    2.468261   -8.672321  593.906860
   75.484390    2.364223   -8.908547  593.901489
   76.347908    2.197693   -9.171578  593.896179
   77.234077    1.974445   -9.461033  593.890686
   78.128738    1.688849   -9.774312  593.884827
   79.027077    1.349768  -10.108639  593.878906
   79.925201    0.950350  -10.465380  593.873047
   80.819969    0.502406  -10.844694  593.867004
   81.709335    0.000000  -11.243237  593.861023
   82.591972   -0.551828  -11.661853  593.854980
   83.473938   -1.154374  -12.103600  593.848877
   84.359138   -1.806829  -12.571018  593.842773
   85.246872   -2.516132  -13.064373  593.836670
   86.136009   -3.277691  -13.583542  593.830566
   87.024879   -4.090083  -14.127946  593.824524
   87.911514   -4.950921  -14.696507  593.818420
   88.793343   -5.856869  -15.287575  593.812317
   89.662537   -6.798110  -15.895357  593.806396
   90.514221   -7.766588  -16.515110  593.800903
   91.346039   -8.756772  -17.143082  593.795166
   92.156151   -9.764302  -17.778349  593.789856
   92.943115  -10.779986  -18.417191  593.784668
   93.705933  -11.801107  -19.056973  593.779785
   94.444084  -12.823490  -19.695221  593.775085
   95.160301  -13.848008  -20.331621  593.770569
   95.855247  -14.872109  -20.967224  593.766296
   96.528946  -15.894751  -21.599699  593.762207
   97.181404  -16.909740  -22.227539  593.758301
   97.812584  -17.916401  -22.849482  593.754517
   98.422554  -18.912525  -23.463995  593.750977
   99.011215  -19.895329  -24.069702  593.747620
   99.578651  -20.862488  -24.665302  593.744568
  100.124847  -21.811832  -25.249544  593.741455
  100.649788  -22.741224  -25.821287  593.738647
  101.153458  -23.648653  -26.379206  593.736023
  101.635902  -24.532154  -26.857584  593.733521
  102.097061  -25.389708  -27.002935  593.731201
  102.536980  -26.455891  -26.456499  593.728943
  102.976921  -27.128242  -27.128546  593.727783
  103.451851  -27.853752  -27.853752  593.726379
  103.964554  -28.636982  -28.636982  593.725159
  104.518059  -29.482515  -29.482515  593.723694
  105.115570  -30.395309  -30.395309  593.722229
  105.760635  -31.380720  -31.380720  593.720703
  106.456993  -32.444523  -32.444523  593.719116
  107.208771  -33.592953  -33.592953  593.717346
  108.020348  -34.832733  -34.832733  593.715576
  108.896492  -36.171146  -36.171146  593.713806
  109.842346  -37.616047  -37.616047  593.711853
  110.863426  -39.175884  -39.175884  593.709961
  111.965736  -40.859814  -40.859814  593.708008
  113.155708  -42.677700  -42.677700  593.706055
  114.440392  -44.640213  -44.640213  593.703979
  115.827271  -46.758865  -46.758865  593.702026
  117.324486  -49.046051  -49.046051  593.700256
  118.940781  -51.515198  -51.515198  593.698303
  120.685654  -54.180782  -54.180782  593.696594
  122.569351  -57.058434  -57.058434  593.694946
  BLADE PROFILES IN CARTESIAN COORDINATES (2D) BEFORE   PROJECTION, SCALING, MESHING AND STACKING 
  VARIABLES = "X", "YSS", "YPS" 
  BLADE           2  SECTION           2
    0.000000    0.014711    0.014711
    0.000062    0.017440    0.009807
    0.000249    0.020612    0.005766
    0.000561    0.023215    0.001903
    0.000997    0.025568   -0.001706
    0.001557    0.027653   -0.004982
    0.002241    0.029751   -0.008036
    0.003050    0.031844   -0.010868
    0.003982    0.033837   -0.013509
    0.005038    0.035719   -0.015935
    0.006218    0.037636   -0.018242
    0.007520    0.039603   -0.020479
    0.008945    0.041665   -0.022683
    0.010493    0.043847   -0.024847
    0.012162    0.046106   -0.027006
    0.013954    0.048453   -0.029168
    0.015866    0.050887   -0.031315
    0.017899    0.053403   -0.033465
    0.020052    0.055994   -0.035575
    0.022325    0.058655   -0.037626
    0.024716    0.061371   -0.039614
    0.027226    0.064146   -0.041475
    0.029854    0.066976   -0.043139
    0.032600    0.069856   -0.044589
    0.035461    0.072799   -0.045825
    0.038439    0.075784   -0.046889
    0.041531    0.078782   -0.047906
    0.044738    0.081810   -0.048918
    0.048058    0.084863   -0.049915
    0.051491    0.087934   -0.050908
    0.055036    0.091011   -0.051906
    0.058691    0.094099   -0.052898
    0.062456    0.097192   -0.053883
    0.066331    0.100286   -0.054863
    0.070314    0.103395   -0.055834
    0.074403    0.106504   -0.056801
    0.078599    0.109573   -0.057774
    0.082900    0.112625   -0.058746
    0.087305    0.115645   -0.059717
    0.091812    0.118630   -0.060687
    0.096421    0.121584   -0.061656
    0.101131    0.124501   -0.062626
    0.105941    0.127397   -0.063607
    0.110848    0.130264   -0.064594
    0.115853    0.133048   -0.065586
    0.120953    0.135764   -0.066584
    0.126148    0.138412   -0.067593
    0.131435    0.140998   -0.068615
    0.136815    0.143541   -0.069650
    0.142285    0.146024   -0.070699
    0.147845    0.148399   -0.071765
    0.153492    0.150679   -0.072849
    0.159225    0.152861   -0.073952
    0.165044    0.154957   -0.075078
    0.170946    0.156985   -0.076229
    0.176930    0.158937   -0.077401
    0.182994    0.160750   -0.078602
    0.189138    0.162425   -0.079836
    0.195358    0.163995   -0.081095
    0.201655    0.165484   -0.082385
    0.208026    0.166873   -0.083720
    0.214470    0.168109   -0.085081
    0.220986    0.169188   -0.086479
    0.227570    0.170139   -0.087923
    0.234223    0.170966   -0.089411
    0.240941    0.171682   -0.090932
    0.247725    0.172307   -0.092507
    0.254571    0.172702   -0.094132
    0.261478    0.172955   -0.095793
    0.268445    0.173068   -0.097514
    0.275470    0.173057   -0.099293
    0.282550    0.172944   -0.101110
    0.289685    0.172584   -0.102991
    0.296872    0.172069   -0.104939
    0.304110    0.171402   -0.106928
    0.311396    0.170602   -0.108979
    0.318730    0.169686   -0.111113
    0.326109    0.168521   -0.113287
    0.333531    0.167183   -0.115523
    0.340994    0.165684   -0.117830
    0.348497    0.164049   -0.120225
    0.356038    0.162279   -0.122663
    0.363615    0.160280   -0.125167
    0.371226    0.158080   -0.127740
    0.378869    0.155714   -0.130396
    0.386542    0.153179   -0.133141
    0.394243    0.150499   -0.135932
    0.401971    0.147682   -0.138796
    0.409723    0.144635   -0.141732
    0.417498    0.141384   -0.144742
    0.425293    0.137961   -0.147832
    0.433107    0.134367   -0.151005
    0.440937    0.130602   -0.154271
    0.448783    0.126693   -0.157586
    0.456641    0.122642   -0.160977
    0.464509    0.118364   -0.164444
    0.472387    0.113912   -0.167987
    0.480272    0.109273   -0.171605
    0.488161    0.104466   -0.175299
    0.496053    0.099494   -0.179068
    0.503947    0.094357   -0.182913
    0.511839    0.089057   -0.186832
    0.519729    0.083596   -0.190826
    0.527613    0.077974   -0.194893
    0.535491    0.072222   -0.199034
    0.543360    0.066341   -0.203246
    0.551217    0.060253   -0.207531
    0.559063    0.054013   -0.211885
    0.566893    0.047625   -0.216308
    0.574707    0.041092   -0.220798
    0.582502    0.034416   -0.225357
    0.590277    0.027601   -0.229980
    0.598029    0.020650   -0.234667
    0.605757    0.013566   -0.239417
    0.613458    0.006354   -0.244227
    0.621131   -0.000984   -0.249096
    0.628774   -0.008442   -0.254023
    0.636385   -0.016018   -0.259004
    0.643962   -0.023707   -0.264039
    0.651503   -0.031505   -0.269125
    0.659006   -0.039408   -0.274261
    0.666469   -0.047411   -0.279443
    0.673891   -0.055509   -0.284669
    0.681270   -0.063698   -0.289938
    0.688604   -0.071973   -0.295247
    0.695890   -0.080329   -0.300593
    0.703128   -0.088761   -0.305960
    0.710315   -0.097264   -0.311352
    0.717450   -0.105834   -0.316795
    0.724530   -0.114488   -0.322265
    0.731555   -0.123210   -0.327759
    0.738522   -0.131945   -0.333274
    0.745429   -0.140724   -0.338808
    0.752275   -0.149543   -0.344358
    0.759059   -0.158396   -0.349923
    0.765777   -0.167276   -0.355498
    0.772430   -0.176179   -0.361079
    0.779015   -0.185099   -0.366664
    0.785530   -0.194031   -0.372248
    0.791974   -0.202967   -0.377829
    0.798345   -0.211906   -0.383404
    0.804642   -0.220842   -0.388970
    0.810863   -0.229766   -0.394509
    0.817006   -0.238672   -0.400032
    0.823070   -0.247554   -0.405550
    0.829054   -0.256407   -0.411045
    0.834956   -0.265224   -0.416514
    0.840775   -0.274020   -0.421954
    0.846508   -0.282769   -0.427361
    0.852155   -0.291443   -0.432732
    0.857715   -0.300059   -0.438064
    0.863185   -0.308610   -0.443353
    0.868565   -0.317091   -0.448596
    0.873852   -0.325496   -0.453791
    0.879047   -0.333819   -0.458933
    0.884147   -0.342056   -0.464020
    0.889152   -0.350202   -0.469046
    0.894059   -0.358249   -0.474011
    0.898869   -0.366192   -0.478909
    0.903579   -0.374024   -0.483738
    0.908188   -0.381742   -0.488494
    0.912695   -0.389339   -0.493175
    0.917100   -0.396811   -0.497778
    0.921401   -0.404151   -0.502298
    0.925597   -0.411355   -0.506734
    0.929686   -0.418418   -0.511083
    0.933669   -0.425335   -0.515340
    0.937544   -0.432102   -0.519504
    0.941309   -0.438712   -0.523571
    0.944965   -0.445163   -0.527540
    0.948509   -0.451448   -0.531407
    0.951942   -0.457565   -0.535169
    0.955262   -0.463507   -0.538825
    0.958469   -0.469273   -0.542370
    0.961561   -0.474856   -0.545803
    0.964539   -0.480253   -0.549121
    0.967400   -0.485461   -0.552322
    0.970146   -0.490476   -0.555410
    0.972774   -0.495293   -0.558283
    0.975284   -0.499910   -0.560551
    0.977675   -0.504323   -0.562204
    0.979948   -0.508530   -0.563447
    0.982101   -0.512526   -0.564377
    0.984134   -0.516307   -0.565043
    0.986046   -0.519875   -0.565474
    0.987838   -0.523225   -0.565694
    0.989507   -0.526355   -0.565717
    0.991055   -0.529261   -0.565556
    0.992480   -0.531942   -0.565219
    0.993782   -0.534396   -0.564732
    0.994962   -0.536623   -0.564063
    0.996018   -0.538620   -0.563242
    0.996950   -0.540411   -0.562261
    0.997759   -0.542056   -0.561142
    0.998443   -0.543764   -0.559894
    0.999003   -0.545421   -0.558525
    0.999439   -0.547176   -0.557047
    0.999751   -0.549032   -0.555472
    0.999938   -0.550977   -0.553814
    1.000000   -0.552081   -0.552081
  BLADE PROFILES IN CARTESIAN COORDINATES (3D) 
  VARIABLES = "X", "YSS", "YPS" "R" 
  BLADE           2  SECTION           2
   52.502956   -7.946335   -7.946335  594.740967
   53.668663   -7.478785   -7.478785  594.740967
   54.713787   -7.059602   -7.059602  594.740967
   55.650776   -6.683777   -6.683777  594.740967
   56.490856   -6.346830   -6.346830  594.740967
   57.244049   -6.044739   -6.044739  594.741028
   57.919296   -5.773896   -5.773896  594.741028
   58.524712   -5.531071   -5.531071  594.740967
   59.067497   -5.313365   -5.313365  594.740967
   59.554150   -5.118178   -5.118178  594.740967
   59.990444   -4.943183   -4.943183  594.740967
   60.381615   -4.786290   -4.786290  594.740906
   60.732319   -4.645626   -4.645626  594.740967
   61.046741   -4.519513   -4.519513  594.740967
   61.328648   -4.406446   -4.406446  594.740967
   61.581383   -4.305075   -4.305075  594.740967
   61.807972   -4.214190   -4.214190  594.740967
   62.011139   -4.132706   -4.132706  594.741028
   62.193275   -4.059651   -4.059651  594.740906
   62.356575   -3.994154   -3.994154  594.740906
   62.502979   -3.935431   -3.935431  594.740967
   62.649391   -3.046431   -4.880506  594.740967
   62.802456   -2.791897   -5.191112  594.741028
   62.962845   -2.565486   -5.420641  594.741028
   63.131107   -2.346784   -5.619580  594.740967
   63.307903   -2.130964   -5.799765  594.740967
   63.493824   -1.916805   -5.960378  594.740906
   63.689484   -1.703195   -6.095173  594.741028
   63.895531   -1.488545   -6.196728  594.741028
   64.112526   -1.272497   -6.273658  594.740845
   64.341133   -1.056576   -6.345637  594.740967
   64.581955   -0.839741   -6.415919  594.740906
   64.835579   -0.622677   -6.485995  594.740906
   65.102661   -0.405078   -6.555228  594.741028
   65.383789   -0.185913   -6.623712  594.740906
   65.679443    0.032210   -6.692468  594.741028
   65.989700    0.248014   -6.761589  594.740906
   66.315285    0.461081   -6.831041  594.741028
   66.656998    0.671875   -6.901388  594.741028
   67.015755    0.880939   -6.973525  594.740906
   67.392509    1.083122   -7.047472  594.740967
   67.788391    1.279273   -7.124090  594.740906
   68.204338    1.471234   -7.203966  594.740967
   68.641129    1.652471   -7.287755  594.740967
   69.100220    1.822596   -7.376331  594.740967
   69.583290    1.984354   -7.470754  594.740967
   70.092110    2.129076   -7.572293  594.740906
   70.628731    2.258751   -7.681901  594.741089
   71.195259    2.369807   -7.801551  594.741150
   71.798607    2.455950   -7.934037  594.740967
   72.447464    2.520688   -8.082714  594.740906
   73.142555    2.547644   -8.250184  594.740845
   73.883324    2.540540   -8.438937  594.740967
   74.667976    2.481947   -8.651364  594.740906
   75.493515    2.375828   -8.889608  594.740967
   76.355690    2.207400   -9.155035  594.741028
   77.240425    1.982172   -9.445671  594.740967
   78.133675    1.694911   -9.760739  594.740967
   79.030586    1.354218  -10.096719  594.741028
   79.927238    0.953200  -10.455679  594.740967
   80.820610    0.503892  -10.835890  594.740967
   81.708519    0.000000  -11.235817  594.740967
   82.589790   -0.552977  -11.655727  594.740967
   83.470329   -1.156581  -12.098680  594.740845
   84.354126   -1.810023  -12.567249  594.741028
   85.240471   -2.520219  -13.061646  594.740967
   86.128174   -3.282573  -13.581753  594.740967
   87.015640   -4.095663  -14.127027  594.740845
   87.900848   -4.957096  -14.696373  594.741089
   88.781265   -5.863542  -15.288133  594.740906
   89.649078   -6.805169  -15.896510  594.740967
   90.499390   -7.773932  -16.516762  594.741028
   91.329903   -8.764296  -17.145161  594.740906
   92.138710   -9.771932  -17.780764  594.740906
   92.924416  -10.787630  -18.419838  594.741028
   93.686020  -11.808695  -19.059797  594.740906
   94.423012  -12.830931  -19.698168  594.741089
   95.138077  -13.855251  -20.334616  594.740967
   95.831902  -14.879107  -20.970219  594.740967
   96.504532  -15.901450  -21.602646  594.740906
   97.155930  -16.916090  -22.230375  594.740967
   97.786125  -17.922358  -22.852169  594.740906
   98.395081  -18.918064  -23.466497  594.740967
   98.982849  -19.900414  -24.071989  594.740967
   99.549377  -20.867098  -24.667349  594.740967
  100.094673  -21.815933  -25.251318  594.740967
  100.618797  -22.744804  -25.822775  594.740967
  101.121658  -23.651703  -26.380383  594.740967
  101.603317  -24.534668  -26.858164  594.741028
  102.063751  -25.391676  -27.003284  594.740906
  102.502983  -26.457205  -26.457594  594.740906
  102.942184  -27.128954  -27.129148  594.740967
  103.416359  -27.853931  -27.853931  594.740967
  103.928223  -28.636581  -28.636581  594.740967
  104.480843  -29.481499  -29.481499  594.741028
  105.077393  -30.393631  -30.393631  594.740906
  105.721413  -31.378313  -31.378313  594.741028
  106.416679  -32.441341  -32.441341  594.740967
  107.167244  -33.588932  -33.588932  594.740967
  107.977509  -34.827805  -34.827805  594.740967
  108.852219  -36.165234  -36.165234  594.740967
  109.796539  -37.609066  -37.609066  594.740906
  110.815979  -39.167767  -39.167767  594.740967
  111.916527  -40.850445  -40.850445  594.740967
  113.104614  -42.666992  -42.666992  594.740906
  114.387184  -44.628044  -44.628044  594.740906
  115.771812  -46.745102  -46.745102  594.741028
  117.266586  -49.030571  -49.030571  594.740967
  118.880287  -51.497868  -51.497868  594.740967
  120.622375  -54.161434  -54.161434  594.741089
  122.502998  -57.036880  -57.036880  594.740906
  BLADE PROFILES IN CARTESIAN COORDINATES (2D) BEFORE   PROJECTION, SCALING, MESHING AND STACKING 
  VARIABLES = "X", "YSS", "YPS" 
  BLADE           2  SECTION           3
    0.000000    0.014786    0.014786
    0.000062    0.017369    0.009632
    0.000249    0.020547    0.005581
    0.000561    0.023192    0.001711
    0.000997    0.025561   -0.001844
    0.001557    0.027632   -0.005119
    0.002241    0.029745   -0.008179
    0.003050    0.031851   -0.011007
    0.003982    0.033837   -0.013633
    0.005038    0.035728   -0.016049
    0.006218    0.037648   -0.018358
    0.007520    0.039614   -0.020593
    0.008945    0.041670   -0.022792
    0.010493    0.043848   -0.024977
    0.012162    0.046105   -0.027143
    0.013954    0.048447   -0.029312
    0.015866    0.050877   -0.031468
    0.017899    0.053388   -0.033627
    0.020052    0.055974   -0.035743
    0.022325    0.058627   -0.037803
    0.024716    0.061337   -0.039798
    0.027226    0.064106   -0.041662
    0.029854    0.066929   -0.043327
    0.032600    0.069824   -0.044780
    0.035461    0.072759   -0.046017
    0.038439    0.075715   -0.047083
    0.041531    0.078705   -0.048113
    0.044738    0.081725   -0.049128
    0.048058    0.084770   -0.050137
    0.051491    0.087828   -0.051153
    0.055036    0.090896   -0.052164
    0.058691    0.093974   -0.053170
    0.062456    0.097057   -0.054168
    0.066331    0.100141   -0.055158
    0.070314    0.103238   -0.056140
    0.074403    0.106338   -0.057130
    0.078599    0.109397   -0.058119
    0.082900    0.112438   -0.059107
    0.087305    0.115440   -0.060093
    0.091812    0.118414   -0.061077
    0.096421    0.121356   -0.062059
    0.101131    0.124261   -0.063052
    0.105941    0.127142   -0.064050
    0.110848    0.129998   -0.065053
    0.115853    0.132770   -0.066061
    0.120953    0.135467   -0.067075
    0.126148    0.138101   -0.068105
    0.131435    0.140673   -0.069145
    0.136815    0.143200   -0.070198
    0.142285    0.145672   -0.071266
    0.147845    0.148033   -0.072350
    0.153492    0.150291   -0.073453
    0.159225    0.152459   -0.074575
    0.165044    0.154540   -0.075720
    0.170946    0.156550   -0.076889
    0.176930    0.158490   -0.078081
    0.182994    0.160280   -0.079302
    0.189138    0.161940   -0.080555
    0.195358    0.163494   -0.081833
    0.201655    0.164965   -0.083144
    0.208026    0.166342   -0.084498
    0.214470    0.167557   -0.085879
    0.220986    0.168615   -0.087298
    0.227570    0.169551   -0.088769
    0.234223    0.170390   -0.090268
    0.240941    0.171117   -0.091812
    0.247725    0.171666   -0.093415
    0.254571    0.172039   -0.095050
    0.261478    0.172276   -0.096733
    0.268445    0.172401   -0.098486
    0.275470    0.172403   -0.100272
    0.282550    0.172211   -0.102109
    0.289685    0.171828   -0.104012
    0.296872    0.171296   -0.105979
    0.304110    0.170644   -0.107987
    0.311396    0.169854   -0.110061
    0.318730    0.168862   -0.112214
    0.326109    0.167669   -0.114408
    0.333531    0.166314   -0.116663
    0.340994    0.164798   -0.118993
    0.348497    0.163142   -0.121406
    0.356038    0.161357   -0.123863
    0.363615    0.159331   -0.126387
    0.371226    0.157114   -0.128982
    0.378869    0.154729   -0.131658
    0.386542    0.152176   -0.134421
    0.394243    0.149476   -0.137232
    0.401971    0.146643   -0.140114
    0.409723    0.143571   -0.143070
    0.417498    0.140301   -0.146099
    0.425293    0.136860   -0.149208
    0.433107    0.133248   -0.152401
    0.440937    0.129465   -0.155685
    0.448783    0.125535   -0.159019
    0.456641    0.121468   -0.162428
    0.464509    0.117171   -0.165913
    0.472387    0.112695   -0.169473
    0.480272    0.108037   -0.173110
    0.488161    0.103213   -0.176821
    0.496053    0.098223   -0.180608
    0.503947    0.093068   -0.184470
    0.511839    0.087749   -0.188407
    0.519729    0.082270   -0.192418
    0.527613    0.076630   -0.196502
    0.535491    0.070858   -0.200660
    0.543360    0.064961   -0.204890
    0.551217    0.058854   -0.209190
    0.559063    0.052597   -0.213561
    0.566893    0.046191   -0.217999
    0.574707    0.039640   -0.222506
    0.582502    0.032947   -0.227078
    0.590277    0.026114   -0.231717
    0.598029    0.019146   -0.236420
    0.605757    0.012045   -0.241184
    0.613458    0.004816   -0.246009
    0.621131   -0.002539   -0.250893
    0.628774   -0.010014   -0.255833
    0.636385   -0.017607   -0.260829
    0.643962   -0.025312   -0.265878
    0.651503   -0.033127   -0.270977
    0.659006   -0.041045   -0.276126
    0.666469   -0.049064   -0.281321
    0.673891   -0.057178   -0.286561
    0.681270   -0.065382   -0.291842
    0.688604   -0.073673   -0.297164
    0.695890   -0.082044   -0.302522
    0.703128   -0.090491   -0.307901
    0.710315   -0.099009   -0.313305
    0.717450   -0.107593   -0.318760
    0.724530   -0.116261   -0.324241
    0.731555   -0.124999   -0.329746
    0.738522   -0.133747   -0.335272
    0.745429   -0.142541   -0.340817
    0.752275   -0.151373   -0.346376
    0.759059   -0.160239   -0.351952
    0.765777   -0.169133   -0.357537
    0.772430   -0.178049   -0.363128
    0.779015   -0.186982   -0.368722
    0.785530   -0.195926   -0.374316
    0.791974   -0.204876   -0.379906
    0.798345   -0.213826   -0.385490
    0.804642   -0.222774   -0.391064
    0.810863   -0.231710   -0.396613
    0.817006   -0.240628   -0.402144
    0.823070   -0.249521   -0.407670
    0.829054   -0.258385   -0.413173
    0.834956   -0.267213   -0.418649
    0.840775   -0.276000   -0.424097
    0.846508   -0.284761   -0.429511
    0.852155   -0.293464   -0.434889
    0.857715   -0.302090   -0.440228
    0.863185   -0.310651   -0.445524
    0.868565   -0.319142   -0.450773
    0.873852   -0.327556   -0.455975
    0.879047   -0.335888   -0.461123
    0.884147   -0.344134   -0.466215
    0.889152   -0.352289   -0.471248
    0.894059   -0.360345   -0.476218
    0.898869   -0.368296   -0.481121
    0.903579   -0.376137   -0.485956
    0.908188   -0.383863   -0.490717
    0.912695   -0.391468   -0.495403
    0.917100   -0.398947   -0.500010
    0.921401   -0.406295   -0.504536
    0.925597   -0.413506   -0.508976
    0.929686   -0.420576   -0.513329
    0.933669   -0.427500   -0.517590
    0.937544   -0.434273   -0.521758
    0.941309   -0.440890   -0.525829
    0.944965   -0.447347   -0.529802
    0.948509   -0.453638   -0.533673
    0.951942   -0.459760   -0.537438
    0.955262   -0.465708   -0.541097
    0.958469   -0.471479   -0.544645
    0.961561   -0.477067   -0.548081
    0.964539   -0.482470   -0.551402
    0.967400   -0.487682   -0.554606
    0.970146   -0.492701   -0.557696
    0.972774   -0.497523   -0.560571
    0.975284   -0.502144   -0.562838
    0.977675   -0.506561   -0.564488
    0.979948   -0.510771   -0.565731
    0.982101   -0.514771   -0.566661
    0.984134   -0.518555   -0.567327
    0.986046   -0.522126   -0.567757
    0.987838   -0.525479   -0.567977
    0.989507   -0.528612   -0.567999
    0.991055   -0.531520   -0.567837
    0.992480   -0.534203   -0.567501
    0.993782   -0.536660   -0.567013
    0.994962   -0.538889   -0.566344
    0.996018   -0.540887   -0.565522
    0.996950   -0.542679   -0.564540
    0.997759   -0.544326   -0.563421
    0.998443   -0.546034   -0.562171
    0.999003   -0.547691   -0.560801
    0.999439   -0.549448   -0.559323
    0.999751   -0.551305   -0.557745
    0.999938   -0.553250   -0.556076
    1.000000   -0.554362   -0.554362
  BLADE PROFILES IN CARTESIAN COORDINATES (3D) 
  VARIABLES = "X", "YSS", "YPS" "R" 
  BLADE           2  SECTION           3
   52.547310   -7.854459   -7.854459  595.496216
   53.711220   -7.391545   -7.391545  595.497925
   54.754734   -6.976516   -6.976516  595.499451
   55.690300   -6.604420   -6.604420  595.500977
   56.529091   -6.270816   -6.270816  595.502441
   57.281113   -5.971720   -5.971720  595.503784
   57.955345   -5.703566   -5.703566  595.505249
   58.559834   -5.463149   -5.463149  595.506470
   59.101784   -5.247601   -5.247601  595.507751
   59.587685   -5.054351   -5.054351  595.508789
   60.023304   -4.881091   -4.881091  595.509705
   60.413876   -4.725754   -4.725754  595.510742
   60.764042   -4.586486   -4.586486  595.511536
   61.077991   -4.461623   -4.461623  595.512268
   61.359459   -4.349677   -4.349677  595.513000
   61.611809   -4.249310   -4.249310  595.513672
   61.838047   -4.159327   -4.159327  595.514160
   62.040897   -4.078651   -4.078651  595.514771
   62.222763   -4.006321   -4.006321  595.515198
   62.385799   -3.941472   -3.941472  595.515686
   62.531986   -3.883332   -3.883332  595.515991
   62.678165   -2.992578   -4.829133  595.516479
   62.831020   -2.738108   -5.138648  595.516968
   62.991135   -2.512513   -5.368670  595.517517
   63.159138   -2.294508   -5.568004  595.518250
   63.335663   -2.079444   -5.748533  595.518738
   63.521305   -1.866180   -5.909525  595.519470
   63.716663   -1.653406   -6.044283  595.520264
   63.922367   -1.438667   -6.145835  595.520935
   64.139053   -1.224476   -6.223012  595.521667
   64.367317   -1.009412   -6.295373  595.522522
   64.607758   -0.793690   -6.366911  595.523621
   64.860992   -0.577617   -6.437808  595.524536
   65.127663   -0.361044   -6.507782  595.525574
   65.408348   -0.142997   -6.577105  595.526733
   65.703552    0.074080   -6.647073  595.528015
   66.013336    0.288546   -6.717174  595.529358
   66.338402    0.500432   -6.787458  595.530701
   66.679596    0.709967   -6.859153  595.532227
   67.037788    0.917868   -6.932396  595.533875
   67.413994    1.118486   -7.007423  595.535645
   67.809258    1.313328   -7.085373  595.537476
   68.224556    1.503966   -7.166513  595.539429
   68.660660    1.683520   -7.251615  595.541565
   69.119064    1.852243   -7.341564  595.543823
   69.601372    2.012564   -7.437370  595.546326
   70.109398    2.155471   -7.540365  595.548950
   70.645172    2.283548   -7.651513  595.551819
   71.210846    2.392901   -7.772689  595.554871
   71.813255    2.478116   -7.906867  595.558228
   72.461113    2.540201   -8.057528  595.562012
   73.155113    2.566032   -8.226775  595.565979
   73.894745    2.556165   -8.416952  595.570374
   74.678192    2.497040   -8.631220  595.574890
   75.502449    2.387513   -8.871365  595.580017
   76.363266    2.217255   -9.138726  595.585327
   77.246635    1.990035   -9.431196  595.591125
   78.138512    1.701091   -9.748034  595.596741
   79.034019    1.358576  -10.085715  595.602661
   79.929276    0.956119  -10.446342  595.608398
   80.821251    0.505423  -10.828026  595.614563
   81.707817    0.000000  -11.229370  595.620422
   82.587692   -0.554163  -11.650599  595.626465
   83.466866   -1.158873  -12.094790  595.632385
   84.349297   -1.813351  -12.564570  595.638489
   85.234245   -2.524499  -13.060040  595.644653
   86.120567   -3.287706  -13.581102  595.650574
   87.006676   -4.101555  -14.127292  595.656799
   87.890511   -4.963654  -14.697465  595.662781
   88.769554   -5.870663  -15.289958  595.668823
   89.636032   -6.812754  -15.898986  595.674500
   90.485008   -7.781886  -16.519787  595.680359
   91.314217   -8.772505  -17.148661  595.685852
   92.121796   -9.780329  -17.784651  595.691284
   92.906265  -10.796127  -18.424004  595.696472
   93.666687  -11.817212  -19.064203  595.701416
   94.402542  -12.839390  -19.702734  595.706055
   95.116486  -13.863603  -20.339291  595.710510
   95.809235  -14.887342  -20.974943  595.714722
   96.480835  -15.909163  -21.607359  595.718872
   97.131233  -16.923800  -22.235052  595.722656
   97.760406  -17.929754  -22.856737  595.726562
   98.368462  -18.925114  -23.470934  595.729980
   98.955299  -19.907093  -24.076263  595.733337
   99.520943  -20.873379  -24.671425  595.736572
  100.065414  -21.821795  -25.255177  595.739624
  100.588699  -22.750223  -25.826389  595.742432
  101.090797  -23.656666  -26.383730  595.744995
  101.571716  -24.539169  -26.860970  595.747498
  102.031433  -25.395699  -27.005898  595.749817
  102.469978  -26.460663  -26.461050  595.752014
  102.908531  -27.131971  -27.132164  595.753235
  103.381958  -27.856478  -27.856478  595.754639
  103.893051  -28.638624  -28.638624  595.755920
  104.444794  -29.482990  -29.482990  595.757385
  105.040443  -30.394516  -30.394516  595.758972
  105.683479  -31.378571  -31.378571  595.760498
  106.377670  -32.440903  -32.440903  595.762207
  107.127075  -33.587746  -33.587746  595.763855
  107.936089  -34.825821  -34.825821  595.765686
  108.809479  -36.162384  -36.162384  595.767578
  109.752342  -37.605270  -37.605270  595.769531
  110.770218  -39.162952  -39.162952  595.771484
  111.869064  -40.844532  -40.844532  595.773499
  113.055313  -42.659885  -42.659885  595.775574
  114.335945  -44.619652  -44.619652  595.777527
  115.718430  -46.735310  -46.735310  595.779541
  117.210945  -49.019279  -49.019279  595.781555
  118.822166  -51.484921  -51.484921  595.783386
  120.561569  -54.146690  -54.146690  595.785217
  122.439331  -57.020195  -57.020195  595.786865
