  BLADE PROFILES IN CARTESIAN COORDINATES (2D) BEFORE   PROJECTION, SCALING, MESHING AND STACKING 
  VARIABLES = "X", "YSS", "YPS" 
  BLADE           1  SECTION           1
    0.000000   -0.000328   -0.000328
    0.000062    0.001670   -0.001815
    0.000249    0.004194   -0.003848
    0.000561    0.006639   -0.005967
    0.000997    0.009100   -0.008085
    0.001557    0.011561   -0.010229
    0.002241    0.014053   -0.012457
    0.003050    0.016580   -0.014751
    0.003982    0.019126   -0.017094
    0.005038    0.021666   -0.019469
    0.006218    0.024171   -0.021857
    0.007520    0.026623   -0.024234
    0.008945    0.028960   -0.026571
    0.010493    0.031164   -0.028828
    0.012162    0.033219   -0.031005
    0.013954    0.035120   -0.033059
    0.015866    0.036895   -0.034973
    0.017899    0.038613   -0.036743
    0.020052    0.040372   -0.038393
    0.022325    0.042179   -0.039999
    0.024716    0.044065   -0.041608
    0.027226    0.046011   -0.043254
    0.029854    0.048015   -0.044935
    0.032600    0.050075   -0.046647
    0.035461    0.052190   -0.048387
    0.038439    0.054356   -0.050153
    0.041531    0.056574   -0.051941
    0.044738    0.058839   -0.053748
    0.048058    0.061152   -0.055571
    0.051491    0.063509   -0.057406
    0.055036    0.065910   -0.059251
    0.058691    0.068353   -0.061102
    0.062456    0.070835   -0.062956
    0.066331    0.073356   -0.064810
    0.070314    0.075914   -0.066662
    0.074403    0.078507   -0.068507
    0.078599    0.081133   -0.070342
    0.082900    0.083792   -0.072165
    0.087305    0.086481   -0.073973
    0.091812    0.089200   -0.075761
    0.096421    0.091927   -0.077528
    0.101131    0.094697   -0.079270
    0.105941    0.097492   -0.080987
    0.110848    0.100311   -0.082701
    0.115853    0.103151   -0.084347
    0.120953    0.106012   -0.085955
    0.126148    0.108893   -0.087523
    0.131435    0.111792   -0.089049
    0.136815    0.114708   -0.090528
    0.142285    0.117640   -0.091959
    0.147845    0.120586   -0.093338
    0.153492    0.123545   -0.094663
    0.159225    0.126514   -0.095932
    0.165044    0.129479   -0.097140
    0.170946    0.132469   -0.098287
    0.176930    0.135468   -0.099368
    0.182994    0.138474   -0.100386
    0.189138    0.141488   -0.101369
    0.195358    0.144507   -0.102234
    0.201655    0.147530   -0.103025
    0.208026    0.150558   -0.103738
    0.214470    0.153588   -0.104372
    0.220986    0.156619   -0.104924
    0.227570    0.159634   -0.105392
    0.234223    0.162664   -0.105775
    0.240941    0.165694   -0.106070
    0.247725    0.168722   -0.106276
    0.254571    0.171747   -0.106390
    0.261478    0.174770   -0.106416
    0.268445    0.177788   -0.106384
    0.275470    0.180801   -0.106208
    0.282550    0.183809   -0.105930
    0.289685    0.186807   -0.105553
    0.296872    0.189786   -0.105074
    0.304110    0.192770   -0.104493
    0.311396    0.195746   -0.103808
    0.318730    0.198714   -0.103018
    0.326109    0.201671   -0.102123
    0.333531    0.204618   -0.101120
    0.340994    0.207555   -0.100010
    0.348497    0.210480   -0.098800
    0.356038    0.213393   -0.097516
    0.363615    0.216292   -0.096079
    0.371226    0.219165   -0.094524
    0.378869    0.222038   -0.092857
    0.386542    0.224896   -0.091078
    0.394243    0.227740   -0.089189
    0.401971    0.230570   -0.087188
    0.409723    0.233384   -0.085076
    0.417498    0.236182   -0.082852
    0.425293    0.238964   -0.080517
    0.433107    0.241729   -0.078070
    0.440937    0.244477   -0.075514
    0.448783    0.247208   -0.072847
    0.456641    0.249920   -0.070070
    0.464509    0.252613   -0.067192
    0.472387    0.255280   -0.064242
    0.480272    0.257937   -0.061139
    0.488161    0.260575   -0.057930
    0.496053    0.263194   -0.054611
    0.503947    0.265794   -0.051186
    0.511839    0.268373   -0.047658
    0.519729    0.270933   -0.044028
    0.527613    0.273472   -0.040298
    0.535491    0.275991   -0.036469
    0.543360    0.278488   -0.032542
    0.551217    0.280965   -0.028520
    0.559063    0.283421   -0.024404
    0.566893    0.285855   -0.020195
    0.574707    0.288267   -0.015896
    0.582502    0.290657   -0.011509
    0.590277    0.293025   -0.007036
    0.598029    0.295371   -0.002479
    0.605757    0.297694    0.002159
    0.613458    0.299995    0.006877
    0.621131    0.302273    0.011672
    0.628774    0.304527    0.016542
    0.636385    0.306759    0.021483
    0.643962    0.308968    0.026493
    0.651503    0.311153    0.031569
    0.659006    0.313315    0.036710
    0.666469    0.315453    0.041911
    0.673891    0.317567    0.047170
    0.681270    0.319657    0.052483
    0.688604    0.321724    0.057849
    0.695890    0.323766    0.063263
    0.703128    0.325784    0.068723
    0.710315    0.327777    0.074225
    0.717450    0.329746    0.079767
    0.724530    0.331691    0.085344
    0.731555    0.333611    0.090953
    0.738522    0.335506    0.096592
    0.745429    0.337376    0.102256
    0.752275    0.339221    0.107942
    0.759059    0.341040    0.113647
    0.765777    0.342835    0.119367
    0.772430    0.344604    0.125098
    0.779015    0.346348    0.130838
    0.785530    0.348067    0.136581
    0.791974    0.349759    0.142326
    0.798345    0.351426    0.148067
    0.804642    0.353067    0.153802
    0.810863    0.354682    0.159527
    0.817006    0.356271    0.165237
    0.823070    0.357834    0.170930
    0.829054    0.359371    0.176602
    0.834956    0.360882    0.182250
    0.840775    0.362366    0.187870
    0.846508    0.363824    0.193458
    0.852155    0.365255    0.199009
    0.857715    0.366660    0.204521
    0.863185    0.368038    0.209990
    0.868565    0.369389    0.215412
    0.873852    0.370713    0.220783
    0.879047    0.372010    0.226100
    0.884147    0.373281    0.231368
    0.889152    0.374524    0.236576
    0.894059    0.375740    0.241709
    0.898869    0.376930    0.246774
    0.903579    0.378091    0.251767
    0.908188    0.379225    0.256685
    0.912695    0.380331    0.261526
    0.917100    0.381409    0.266285
    0.921401    0.382460    0.270959
    0.925597    0.383483    0.275546
    0.929686    0.384478    0.280042
    0.933669    0.385445    0.284444
    0.937544    0.386385    0.288750
    0.941309    0.387296    0.292955
    0.944965    0.388179    0.297058
    0.948509    0.389034    0.301055
    0.951942    0.389860    0.304943
    0.955262    0.390658    0.308721
    0.958469    0.391428    0.312384
    0.961561    0.392169    0.315932
    0.964539    0.392882    0.319360
    0.967400    0.393566    0.322668
    0.970146    0.394222    0.325852
    0.972774    0.394738    0.328911
    0.975284    0.394710    0.331842
    0.977675    0.394303    0.334643
    0.979948    0.393655    0.337313
    0.982101    0.392830    0.339849
    0.984134    0.391870    0.342249
    0.986046    0.390798    0.344511
    0.987838    0.389632    0.346637
    0.989507    0.388381    0.348622
    0.991055    0.387055    0.350466
    0.992480    0.385656    0.352166
    0.993782    0.384202    0.353724
    0.994962    0.382668    0.355136
    0.996018    0.381073    0.356402
    0.996950    0.379409    0.357521
    0.997759    0.377697    0.358606
    0.998443    0.375940    0.359721
    0.999003    0.374147    0.360940
    0.999439    0.372327    0.362434
    0.999751    0.370482    0.364018
    0.999938    0.368531    0.365739
    1.000000    0.367248    0.367248
  BLADE PROFILES IN CARTESIAN COORDINATES (3D) 
  VARIABLES = "X", "YSS", "YPS" "R" 
  BLADE           1  SECTION           1
  -24.978119  -13.897275  -13.897275  853.853882
  -22.106401  -13.776928  -13.776928  853.853149
  -19.545969  -13.669623  -13.669623  853.852417
  -17.263071  -13.573947  -13.573947  853.851440
  -15.227638  -13.488640  -13.488640  853.850586
  -13.412833  -13.412580  -13.412580  853.849915
  -11.794755  -13.344764  -13.344764  853.848938
  -10.352068  -13.284300  -13.284300  853.848267
   -9.065762  -13.230384  -13.230384  853.847534
   -7.918886  -13.182316  -13.182316  853.846802
   -6.896328  -13.139460  -13.139460  853.846130
   -5.984612  -13.101245  -13.101245  853.845581
   -5.171724  -13.067172  -13.067172  853.844971
   -4.446950  -13.036795  -13.036795  853.844543
   -3.800739  -13.009708  -13.009708  853.844055
   -3.224575  -12.985559  -12.985559  853.843750
   -2.710865  -12.964026  -12.964026  853.843201
   -2.252841  -12.944830  -12.944830  853.842773
   -1.844463  -12.927711  -12.927711  853.842468
   -1.480354  -12.912450  -12.912450  853.842285
   -1.155710  -12.898841  -12.898841  853.842041
   -0.866259  -12.886708  -12.886708  853.841736
   -0.608182  -12.875892  -12.875892  853.841553
   -0.378082  -12.866247  -12.866247  853.841370
   -0.172919  -12.857647  -12.857647  853.841187
    0.010000  -12.849979  -12.849979  853.841003
    0.192919  -11.974921  -13.704095  853.840637
    0.384179  -11.561107  -14.096976  853.840271
    0.584543  -11.267696  -14.396345  853.840027
    0.794780  -11.051992  -14.628861  853.839783
    1.015659  -10.868216  -14.810020  853.839417
    1.247952  -10.684339  -14.969889  853.838989
    1.492420  -10.496311  -15.128277  853.838501
    1.749841  -10.304202  -15.287386  853.838257
    2.020975  -10.107445  -15.447421  853.837708
    2.306594   -9.905583  -15.608419  853.837341
    2.607466   -9.698246  -15.770305  853.836731
    2.924361   -9.485115  -15.932890  853.836304
    3.258042   -9.265929  -16.095892  853.835693
    3.609284   -9.040471  -16.258938  853.835083
    3.978674   -8.808665  -16.421486  853.834351
    4.366309   -8.570767  -16.582720  853.833679
    4.773093   -8.327253  -16.742117  853.832947
    5.200033   -8.076829  -16.899042  853.832275
    5.648257   -7.819354  -17.054600  853.831421
    6.118996   -7.554713  -17.204020  853.830505
    6.613605   -7.282589  -17.348711  853.829590
    7.133275   -7.002789  -17.487478  853.828735
    7.678998   -6.715258  -17.619028  853.827637
    8.252601   -6.420566  -17.742115  853.826538
    8.856129   -6.116458  -17.855272  853.825439
    9.491862   -5.803140  -17.958927  853.824158
   10.162295   -5.480060  -18.046015  853.822693
   10.870129   -5.146612  -18.117165  853.821655
   11.623957   -4.800780  -18.169924  853.819824
   12.434639   -4.436767  -18.200750  853.818237
   13.303079   -4.056371  -18.206318  853.816406
   14.228586   -3.661144  -18.177786  853.814514
   15.208952   -3.254262  -18.110550  853.812439
   16.240381   -2.836580  -18.000696  853.810303
   17.317545   -2.411838  -17.844101  853.807983
   18.422962   -1.987925  -17.641500  853.805725
   19.538984   -1.570876  -17.389034  853.803162
   20.659573   -1.162350  -17.091286  853.800781
   21.779854   -0.763817  -16.749891  853.798218
   22.896008   -0.376085  -16.366796  853.796082
   24.005398    0.000000  -15.946608  853.793457
   25.106445    0.365727  -15.485496  853.791382
   26.206612    0.723540  -14.984100  853.788940
   27.310818    1.075400  -14.440702  853.786499
   28.418198    1.421322  -13.855674  853.784119
   29.527292    1.761149  -13.229846  853.781616
   30.636110    2.094556  -12.564579  853.779419
   31.742073    2.421128  -11.861868  853.777405
   32.842091    2.740330  -11.124440  853.774902
   33.926315    3.049742  -10.360259  853.772888
   34.988705    3.348144   -9.575772  853.770996
   36.026329    3.635237   -8.775670  853.769043
   37.036873    3.910890   -7.964445  853.767090
   38.018528    4.175110   -7.146326  853.765503
   38.970089    4.428022   -6.325151  853.763794
   39.890869    4.669872   -5.504280  853.762207
   40.784279    4.901932   -4.683269  853.760620
   41.651169    5.124771   -3.863570  853.759338
   42.491543    5.338680   -3.047109  853.757874
   43.305397    5.543944   -2.236231  853.756714
   44.092758    5.740806   -1.432737  853.755554
   44.853611    5.929563   -0.638393  853.754272
   45.587940    6.110295    0.143853  853.753418
   46.295769    6.283247    0.912968  853.752380
   46.977077    6.448610    1.667402  853.751465
   47.631870    6.606540    2.405382  853.750854
   48.260162    6.757185    3.125326  853.750000
   48.861965    6.819042    3.825753  853.749207
   49.437222    6.540329    4.505134  853.748657
   49.985985    5.465207    5.464729  853.748047
   50.534756    5.859403    5.859164  853.747681
   51.114861    6.276364    6.276364  853.747253
   51.728096    6.717135    6.717135  853.746887
   52.376358    7.183081    7.183081  853.746399
   53.061634    7.675636    7.675636  853.745911
   53.786049    8.196325    8.196325  853.745544
   54.551842    8.746750    8.746750  853.744629
   55.361366    9.328606    9.328606  853.743958
   56.217129    9.943693    9.943693  853.743042
   57.121758   10.593904   10.593904  853.742065
   58.078060   11.281250   11.281250  853.740784
   59.088978   12.007853   12.007853  853.739441
   60.157646   12.775945   12.775945  853.737793
   61.287323   13.587905   13.587905  853.736023
   62.481518   14.446232   14.446232  853.734009
  BLADE PROFILES IN CARTESIAN COORDINATES (2D) BEFORE   PROJECTION, SCALING, MESHING AND STACKING 
  VARIABLES = "X", "YSS", "YPS" 
  BLADE           1  SECTION           2
    0.000000   -0.000328   -0.000328
    0.000062    0.001669   -0.001815
    0.000249    0.004194   -0.003848
    0.000561    0.006638   -0.005967
    0.000997    0.009099   -0.008085
    0.001557    0.011560   -0.010229
    0.002241    0.014052   -0.012456
    0.003050    0.016579   -0.014750
    0.003982    0.019124   -0.017093
    0.005038    0.021664   -0.019468
    0.006218    0.024169   -0.021856
    0.007520    0.026621   -0.024233
    0.008945    0.028958   -0.026570
    0.010493    0.031162   -0.028827
    0.012162    0.033216   -0.031003
    0.013954    0.035118   -0.033057
    0.015866    0.036892   -0.034971
    0.017899    0.038610   -0.036742
    0.020052    0.040369   -0.038391
    0.022325    0.042177   -0.039997
    0.024716    0.044062   -0.041606
    0.027226    0.046008   -0.043252
    0.029854    0.048012   -0.044933
    0.032600    0.050072   -0.046645
    0.035461    0.052186   -0.048385
    0.038439    0.054353   -0.050151
    0.041531    0.056570   -0.051939
    0.044738    0.058835   -0.053746
    0.048058    0.061147   -0.055569
    0.051491    0.063505   -0.057404
    0.055036    0.065906   -0.059249
    0.058691    0.068348   -0.061100
    0.062456    0.070830   -0.062954
    0.066331    0.073351   -0.064808
    0.070314    0.075908   -0.066659
    0.074403    0.078501   -0.068504
    0.078599    0.081127   -0.070340
    0.082900    0.083785   -0.072163
    0.087305    0.086474   -0.073970
    0.091812    0.089192   -0.075759
    0.096421    0.091920   -0.077526
    0.101131    0.094689   -0.079269
    0.105941    0.097484   -0.080985
    0.110848    0.100302   -0.082700
    0.115853    0.103142   -0.084346
    0.120953    0.106003   -0.085954
    0.126148    0.108883   -0.087522
    0.131435    0.111782   -0.089048
    0.136815    0.114697   -0.090527
    0.142285    0.117629   -0.091958
    0.147845    0.120574   -0.093338
    0.153492    0.123533   -0.094663
    0.159225    0.126502   -0.095931
    0.165044    0.129466   -0.097140
    0.170946    0.132456   -0.098287
    0.176930    0.135454   -0.099369
    0.182994    0.138460   -0.100387
    0.189138    0.141473   -0.101371
    0.195358    0.144491   -0.102236
    0.201655    0.147514   -0.103027
    0.208026    0.150541   -0.103740
    0.214470    0.153571   -0.104375
    0.220986    0.156601   -0.104927
    0.227570    0.159615   -0.105396
    0.234223    0.162645   -0.105779
    0.240941    0.165674   -0.106075
    0.247725    0.168701   -0.106281
    0.254571    0.171726   -0.106396
    0.261478    0.174747   -0.106423
    0.268445    0.177765   -0.106391
    0.275470    0.180777   -0.106216
    0.282550    0.183784   -0.105939
    0.289685    0.186782   -0.105562
    0.296872    0.189760   -0.105084
    0.304110    0.192743   -0.104503
    0.311396    0.195719   -0.103819
    0.318730    0.198685   -0.103030
    0.326109    0.201641   -0.102135
    0.333531    0.204588   -0.101134
    0.340994    0.207523   -0.100025
    0.348497    0.210448   -0.098816
    0.356038    0.213360   -0.097532
    0.363615    0.216258   -0.096095
    0.371226    0.219130   -0.094542
    0.378869    0.222002   -0.092876
    0.386542    0.224859   -0.091098
    0.394243    0.227702   -0.089210
    0.401971    0.230530   -0.087210
    0.409723    0.233343   -0.085099
    0.417498    0.236140   -0.082876
    0.425293    0.238921   -0.080542
    0.433107    0.241685   -0.078097
    0.440937    0.244432   -0.075541
    0.448783    0.247162   -0.072875
    0.456641    0.249873   -0.070100
    0.464509    0.252564   -0.067224
    0.472387    0.255229   -0.064274
    0.480272    0.257885   -0.061173
    0.488161    0.260522   -0.057965
    0.496053    0.263140   -0.054647
    0.503947    0.265738   -0.051224
    0.511839    0.268317   -0.047698
    0.519729    0.270875   -0.044069
    0.527613    0.273413   -0.040340
    0.535491    0.275930   -0.036513
    0.543360    0.278426   -0.032588
    0.551217    0.280902   -0.028567
    0.559063    0.283356   -0.024452
    0.566893    0.285788   -0.020245
    0.574707    0.288199   -0.015948
    0.582502    0.290588   -0.011562
    0.590277    0.292954   -0.007091
    0.598029    0.295299   -0.002535
    0.605757    0.297621    0.002102
    0.613458    0.299919    0.006818
    0.621131    0.302196    0.011611
    0.628774    0.304449    0.016479
    0.636385    0.306679    0.021418
    0.643962    0.308886    0.026427
    0.651503    0.311070    0.031502
    0.659006    0.313230    0.036640
    0.666469    0.315367    0.041840
    0.673891    0.317479    0.047097
    0.681270    0.319568    0.052409
    0.688604    0.321633    0.057773
    0.695890    0.323673    0.063185
    0.703128    0.325690    0.068643
    0.710315    0.327682    0.074143
    0.717450    0.329649    0.079683
    0.724530    0.331592    0.085258
    0.731555    0.333510    0.090866
    0.738522    0.335404    0.096503
    0.745429    0.337272    0.102165
    0.752275    0.339115    0.107849
    0.759059    0.340934    0.113552
    0.765777    0.342727    0.119270
    0.772430    0.344494    0.125000
    0.779015    0.346237    0.130738
    0.785530    0.347953    0.136479
    0.791974    0.349644    0.142222
    0.798345    0.351310    0.147962
    0.804642    0.352949    0.153695
    0.810863    0.354563    0.159418
    0.817006    0.356150    0.165126
    0.823070    0.357712    0.170818
    0.829054    0.359247    0.176488
    0.834956    0.360756    0.182134
    0.840775    0.362239    0.187752
    0.846508    0.363695    0.193338
    0.852155    0.365125    0.198888
    0.857715    0.366528    0.204399
    0.863185    0.367905    0.209866
    0.868565    0.369255    0.215286
    0.873852    0.370578    0.220655
    0.879047    0.371873    0.225971
    0.884147    0.373142    0.231237
    0.889152    0.374384    0.236443
    0.894059    0.375599    0.241575
    0.898869    0.376787    0.246638
    0.903579    0.377947    0.251630
    0.908188    0.379080    0.256547
    0.912695    0.380185    0.261386
    0.917100    0.381262    0.266143
    0.921401    0.382311    0.270816
    0.925597    0.383333    0.275401
    0.929686    0.384327    0.279896
    0.933669    0.385294    0.284297
    0.937544    0.386232    0.288601
    0.941309    0.387142    0.292806
    0.944965    0.388024    0.296907
    0.948509    0.388878    0.300903
    0.951942    0.389703    0.304790
    0.955262    0.390500    0.308566
    0.958469    0.391269    0.312229
    0.961561    0.392009    0.315775
    0.964539    0.392721    0.319203
    0.967400    0.393404    0.322509
    0.970146    0.394059    0.325693
    0.972774    0.394576    0.328751
    0.975284    0.394548    0.331681
    0.977675    0.394141    0.334481
    0.979948    0.393492    0.337150
    0.982101    0.392667    0.339685
    0.984134    0.391706    0.342084
    0.986046    0.390634    0.344346
    0.987838    0.389468    0.346471
    0.989507    0.388217    0.348456
    0.991055    0.386889    0.350299
    0.992480    0.385491    0.351999
    0.993782    0.384036    0.353556
    0.994962    0.382501    0.354968
    0.996018    0.380906    0.356233
    0.996950    0.379242    0.357352
    0.997759    0.377530    0.358437
    0.998443    0.375773    0.359552
    0.999003    0.373980    0.360771
    0.999439    0.372160    0.362266
    0.999751    0.370316    0.363849
    0.999938    0.368367    0.365568
    1.000000    0.367077    0.367077
  BLADE PROFILES IN CARTESIAN COORDINATES (3D) 
  VARIABLES = "X", "YSS", "YPS" "R" 
  BLADE           1  SECTION           2
  -25.001627  -13.900555  -13.900555  854.132080
  -22.128536  -13.780202  -13.780202  854.132080
  -19.566877  -13.672894  -13.672894  854.132080
  -17.282892  -13.577220  -13.577220  854.131958
  -15.246482  -13.491914  -13.491914  854.132019
  -13.430813  -13.415857  -13.415857  854.132080
  -11.811956  -13.348044  -13.348044  854.132019
  -10.368579  -13.287581  -13.287581  854.132019
   -9.081658  -13.233671  -13.233671  854.132019
   -7.934232  -13.185608  -13.185608  854.131958
   -6.911184  -13.142753  -13.142753  854.132019
   -5.999032  -13.104544  -13.104544  854.132019
   -5.185756  -13.070477  -13.070477  854.132080
   -4.460632  -13.040099  -13.040099  854.131958
   -3.814112  -13.013017  -13.013017  854.132080
   -3.237676  -12.988871  -12.988871  854.132019
   -2.723720  -12.967340  -12.967340  854.131958
   -2.265472  -12.948145  -12.948145  854.132019
   -1.856901  -12.931030  -12.931030  854.132019
   -1.492616  -12.915770  -12.915770  854.131958
   -1.167819  -12.902164  -12.902164  854.132019
   -0.878230  -12.890034  -12.890034  854.132019
   -0.620026  -12.879219  -12.879219  854.132080
   -0.389814  -12.869576  -12.869576  854.132019
   -0.184558  -12.860978  -12.860978  854.132080
   -0.001550  -12.853311  -12.853311  854.132019
    0.181459  -11.977898  -13.707790  854.132080
    0.372808  -11.563914  -14.100846  854.132141
    0.573270  -11.270376  -14.400343  854.131958
    0.783608  -11.054580  -14.632960  854.132019
    1.004596  -10.870728  -14.814198  854.131958
    1.236998  -10.686781  -14.974141  854.131958
    1.481585  -10.498687  -15.132609  854.131897
    1.739125  -10.306506  -15.291795  854.132019
    2.010391  -10.109677  -15.451908  854.132019
    2.296146   -9.907744  -15.612989  854.132019
    2.597165   -9.700331  -15.774954  854.132019
    2.914209   -9.487125  -15.937623  854.132019
    3.248055   -9.267865  -16.100710  854.132080
    3.599466   -9.042328  -16.263844  854.132141
    3.969034   -8.810442  -16.426476  854.132080
    4.356856   -8.572466  -16.587803  854.131958
    4.763831   -8.328867  -16.747284  854.132080
    5.190973   -8.078361  -16.904303  854.132019
    5.639412   -7.820804  -17.059952  854.132019
    6.110378   -7.556082  -17.209467  854.132019
    6.605228   -7.283872  -17.354246  854.131897
    7.125147   -7.003986  -17.493107  854.132080
    7.671134   -6.716373  -17.624750  854.132080
    8.245011   -6.421593  -17.747925  854.131958
    8.848837   -6.117402  -17.861172  854.131958
    9.484872   -5.804000  -17.964922  854.131958
   10.155619   -5.480834  -18.052099  854.131836
   10.863798   -5.147305  -18.123341  854.132080
   11.617985   -4.801387  -18.176186  854.131958
   12.429066   -4.437293  -18.207094  854.131897
   13.297912   -4.056817  -18.212742  854.131897
   14.223873   -3.661511  -18.184292  854.131897
   15.204717   -3.254554  -18.117126  854.132019
   16.236637   -2.836804  -18.007332  854.132141
   17.314316   -2.412003  -17.850794  854.131775
   18.420275   -1.988035  -17.648235  854.131897
   19.536823   -1.570945  -17.395798  854.131958
   20.657961   -1.162386  -17.098061  854.131958
   21.778759   -0.763832  -16.756670  854.131775
   22.895470   -0.376083  -16.373562  854.132019
   24.005379    0.000000  -15.953353  854.132080
   25.106977    0.365722  -15.492219  854.131958
   26.207642    0.723520  -14.990777  854.131897
   27.312397    1.075356  -14.447319  854.132080
   28.420315    1.421245  -13.862220  854.132080
   29.529936    1.761033  -13.236314  854.131836
   30.639269    2.094388  -12.570962  854.131836
   31.745785    2.420901  -11.868153  854.131958
   32.846325    2.740037  -11.130614  854.131836
   33.931076    3.049379  -10.366311  854.132141
   34.993980    3.347699   -9.581705  854.131897
   36.032093    3.634706   -8.781470  854.132141
   37.043129    3.910272   -7.970109  854.132080
   38.025246    4.174395   -7.151852  854.131897
   38.977268    4.427215   -6.330536  854.131958
   39.898491    4.668962   -5.509523  854.131958
   40.792316    4.900915   -4.688369  854.131958
   41.659626    5.123648   -3.868520  854.131897
   42.500401    5.337456   -3.051909  854.131897
   43.314659    5.542612   -2.240885  854.131958
   44.102390    5.739367   -1.437242  854.131958
   44.863602    5.928011   -0.642760  854.132019
   45.598282    6.108638    0.139636  854.132019
   46.306442    6.281480    0.908889  854.132019
   46.988091    6.446738    1.663468  854.132080
   47.643208    6.604565    2.401584  854.131958
   48.271805    6.755102    3.121663  854.131958
   48.873875    6.816935    3.822222  854.132080
   49.449421    6.537981    4.501736  854.131958
   49.998444    5.462044    5.461565  854.132080
   50.547474    5.856250    5.856011  854.132080
   51.127842    6.273221    6.273221  854.132019
   51.741379    6.714010    6.714010  854.131958
   52.389946    7.179970    7.179970  854.132019
   53.075558    7.672543    7.672543  854.132019
   53.800323    8.193248    8.193248  854.132080
   54.566479    8.743690    8.743690  854.132019
   55.376392    9.325570    9.325570  854.132080
   56.232563    9.940681    9.940681  854.132019
   57.137634   10.590927   10.590927  854.132019
   58.094391   11.278304   11.278304  854.132019
   59.105789   12.004943   12.004943  854.132019
   60.174961   12.773081   12.773081  854.132019
   61.305183   13.585086   13.585086  854.132019
   62.499962   14.443469   14.443469  854.132080
  BLADE PROFILES IN CARTESIAN COORDINATES (2D) BEFORE   PROJECTION, SCALING, MESHING AND STACKING 
  VARIABLES = "X", "YSS", "YPS" 
  BLADE           1  SECTION           3
    0.000000   -0.000327   -0.000327
    0.000062    0.001669   -0.001815
    0.000249    0.004193   -0.003848
    0.000561    0.006637   -0.005966
    0.000997    0.009099   -0.008084
    0.001557    0.011559   -0.010228
    0.002241    0.014051   -0.012456
    0.003050    0.016577   -0.014750
    0.003982    0.019122   -0.017093
    0.005038    0.021662   -0.019468
    0.006218    0.024167   -0.021855
    0.007520    0.026619   -0.024232
    0.008945    0.028955   -0.026569
    0.010493    0.031160   -0.028826
    0.012162    0.033214   -0.031002
    0.013954    0.035115   -0.033056
    0.015866    0.036890   -0.034970
    0.017899    0.038608   -0.036740
    0.020052    0.040367   -0.038389
    0.022325    0.042174   -0.039995
    0.024716    0.044059   -0.041604
    0.027226    0.046005   -0.043250
    0.029854    0.048009   -0.044931
    0.032600    0.050069   -0.046643
    0.035461    0.052183   -0.048383
    0.038439    0.054349   -0.050149
    0.041531    0.056566   -0.051937
    0.044738    0.058831   -0.053744
    0.048058    0.061143   -0.055566
    0.051491    0.063500   -0.057402
    0.055036    0.065901   -0.059246
    0.058691    0.068343   -0.061097
    0.062456    0.070825   -0.062952
    0.066331    0.073345   -0.064806
    0.070314    0.075902   -0.066657
    0.074403    0.078495   -0.068502
    0.078599    0.081121   -0.070338
    0.082900    0.083779   -0.072161
    0.087305    0.086467   -0.073968
    0.091812    0.089185   -0.075757
    0.096421    0.091912   -0.077524
    0.101131    0.094681   -0.079267
    0.105941    0.097476   -0.080984
    0.110848    0.100293   -0.082698
    0.115853    0.103133   -0.084344
    0.120953    0.105994   -0.085953
    0.126148    0.108874   -0.087521
    0.131435    0.111772   -0.089047
    0.136815    0.114687   -0.090526
    0.142285    0.117617   -0.091957
    0.147845    0.120563   -0.093337
    0.153492    0.123521   -0.094663
    0.159225    0.126489   -0.095932
    0.165044    0.129453   -0.097141
    0.170946    0.132442   -0.098288
    0.176930    0.135440   -0.099370
    0.182994    0.138445   -0.100388
    0.189138    0.141457   -0.101372
    0.195358    0.144475   -0.102238
    0.201655    0.147498   -0.103029
    0.208026    0.150524   -0.103743
    0.214470    0.153553   -0.104378
    0.220986    0.156582   -0.104931
    0.227570    0.159596   -0.105400
    0.234223    0.162625   -0.105784
    0.240941    0.165654   -0.106080
    0.247725    0.168680   -0.106287
    0.254571    0.171704   -0.106402
    0.261478    0.174725   -0.106429
    0.268445    0.177742   -0.106398
    0.275470    0.180753   -0.106224
    0.282550    0.183759   -0.105948
    0.289685    0.186757   -0.105571
    0.296872    0.189733   -0.105094
    0.304110    0.192716   -0.104514
    0.311396    0.195690   -0.103830
    0.318730    0.198656   -0.103042
    0.326109    0.201611   -0.102148
    0.333531    0.204557   -0.101148
    0.340994    0.207492   -0.100039
    0.348497    0.210415   -0.098831
    0.356038    0.213326   -0.097548
    0.363615    0.216223   -0.096113
    0.371226    0.219094   -0.094561
    0.378869    0.221965   -0.092895
    0.386542    0.224821   -0.091119
    0.394243    0.227663   -0.089231
    0.401971    0.230490   -0.087233
    0.409723    0.233302   -0.085122
    0.417498    0.236097   -0.082901
    0.425293    0.238877   -0.080568
    0.433107    0.241640   -0.078124
    0.440937    0.244386   -0.075569
    0.448783    0.247115   -0.072905
    0.456641    0.249825   -0.070130
    0.464509    0.252515   -0.067255
    0.472387    0.255179   -0.064307
    0.480272    0.257833   -0.061207
    0.488161    0.260469   -0.058001
    0.496053    0.263085   -0.054685
    0.503947    0.265682   -0.051263
    0.511839    0.268259   -0.047738
    0.519729    0.270816   -0.044111
    0.527613    0.273353   -0.040383
    0.535491    0.275868   -0.036557
    0.543360    0.278363   -0.032633
    0.551217    0.280837   -0.028614
    0.559063    0.283290   -0.024501
    0.566893    0.285721   -0.020295
    0.574707    0.288130   -0.016000
    0.582502    0.290518   -0.011616
    0.590277    0.292883   -0.007146
    0.598029    0.295226   -0.002592
    0.605757    0.297546    0.002043
    0.613458    0.299843    0.006758
    0.621131    0.302118    0.011549
    0.628774    0.304370    0.016415
    0.636385    0.306599    0.021353
    0.643962    0.308804    0.026360
    0.651503    0.310986    0.031433
    0.659006    0.313145    0.036570
    0.666469    0.315280    0.041767
    0.673891    0.317391    0.047023
    0.681270    0.319478    0.052333
    0.688604    0.321541    0.057695
    0.695890    0.323580    0.063106
    0.703128    0.325595    0.068562
    0.710315    0.327585    0.074061
    0.717450    0.329551    0.079598
    0.724530    0.331493    0.085172
    0.731555    0.333409    0.090778
    0.738522    0.335301    0.096413
    0.745429    0.337168    0.102073
    0.752275    0.339010    0.107756
    0.759059    0.340826    0.113457
    0.765777    0.342618    0.119173
    0.772430    0.344384    0.124901
    0.779015    0.346124    0.130637
    0.785530    0.347840    0.136377
    0.791974    0.349529    0.142117
    0.798345    0.351193    0.147855
    0.804642    0.352831    0.153587
    0.810863    0.354443    0.159308
    0.817006    0.356029    0.165015
    0.823070    0.357589    0.170704
    0.829054    0.359122    0.176372
    0.834956    0.360630    0.182017
    0.840775    0.362111    0.187633
    0.846508    0.363566    0.193218
    0.852155    0.364995    0.198766
    0.857715    0.366396    0.204275
    0.863185    0.367771    0.209740
    0.868565    0.369120    0.215158
    0.873852    0.370441    0.220526
    0.879047    0.371736    0.225840
    0.884147    0.373003    0.231105
    0.889152    0.374244    0.236310
    0.894059    0.375458    0.241439
    0.898869    0.376644    0.246501
    0.903579    0.377803    0.251492
    0.908188    0.378934    0.256407
    0.912695    0.380038    0.261244
    0.917100    0.381114    0.266001
    0.921401    0.382162    0.270672
    0.925597    0.383183    0.275256
    0.929686    0.384176    0.279749
    0.933669    0.385141    0.284149
    0.937544    0.386078    0.288452
    0.941309    0.386987    0.292655
    0.944965    0.387868    0.296755
    0.948509    0.388721    0.300750
    0.951942    0.389545    0.304636
    0.955262    0.390341    0.308411
    0.958469    0.391109    0.312073
    0.961561    0.391848    0.315618
    0.964539    0.392559    0.319044
    0.967400    0.393242    0.322350
    0.970146    0.393896    0.325532
    0.972774    0.394412    0.328589
    0.975284    0.394385    0.331518
    0.977675    0.393978    0.334318
    0.979948    0.393329    0.336986
    0.982101    0.392503    0.339521
    0.984134    0.391542    0.341919
    0.986046    0.390470    0.344180
    0.987838    0.389303    0.346304
    0.989507    0.388051    0.348288
    0.991055    0.386724    0.350131
    0.992480    0.385325    0.351831
    0.993782    0.383870    0.353387
    0.994962    0.382335    0.354798
    0.996018    0.380739    0.356063
    0.996950    0.379075    0.357182
    0.997759    0.377362    0.358267
    0.998443    0.375605    0.359382
    0.999003    0.373812    0.360600
    0.999439    0.371992    0.362096
    0.999751    0.370147    0.363679
    0.999938    0.368198    0.365399
    1.000000    0.366906    0.366906
  BLADE PROFILES IN CARTESIAN COORDINATES (3D) 
  VARIABLES = "X", "YSS", "YPS" "R" 
  BLADE           1  SECTION           3
  -25.025208  -13.903854  -13.903854  854.408875
  -22.150732  -13.783498  -13.783498  854.409729
  -19.587839  -13.676187  -13.676187  854.410522
  -17.302753  -13.580510  -13.580510  854.411377
  -15.265365  -13.495210  -13.495210  854.412292
  -13.448814  -13.419149  -13.419149  854.413147
  -11.829182  -13.351341  -13.351341  854.414001
  -10.385107  -13.290883  -13.290883  854.414673
   -9.097565  -13.236979  -13.236979  854.415466
   -7.949591  -13.188915  -13.188915  854.416138
   -6.926051  -13.146063  -13.146063  854.416809
   -6.013461  -13.107857  -13.107857  854.417419
   -5.199790  -13.073792  -13.073792  854.417969
   -4.474320  -13.043421  -13.043421  854.418518
   -3.827487  -13.016342  -13.016342  854.419006
   -3.250773  -12.992200  -12.992200  854.419373
   -2.736571  -12.970671  -12.970671  854.419739
   -2.278103  -12.951478  -12.951478  854.420105
   -1.869334  -12.934364  -12.934364  854.420410
   -1.504874  -12.919108  -12.919108  854.420776
   -1.179921  -12.905505  -12.905505  854.420959
   -0.890191  -12.893375  -12.893375  854.421265
   -0.631864  -12.882562  -12.882562  854.421570
   -0.401545  -12.872917  -12.872917  854.421570
   -0.196188  -12.864322  -12.864322  854.421875
   -0.013090  -12.856658  -12.856658  854.422058
    0.170008  -11.980886  -13.711503  854.422302
    0.361446  -11.566730  -14.104733  854.422668
    0.562005  -11.273068  -14.404364  854.422974
    0.772446  -11.057177  -14.637079  854.423157
    0.993538  -10.873253  -14.818399  854.423523
    1.226051  -10.689238  -14.978420  854.423889
    1.470758  -10.501071  -15.136966  854.424255
    1.728421  -10.308818  -15.296228  854.424805
    1.999816  -10.111917  -15.456421  854.425049
    2.285709   -9.909909  -15.617581  854.425842
    2.586874   -9.702423  -15.779630  854.426270
    2.904069   -9.489142  -15.942384  854.426697
    3.238074   -9.269802  -16.105555  854.427246
    3.589650   -9.044187  -16.268772  854.427856
    3.959399   -8.812222  -16.431496  854.428467
    4.347408   -8.574164  -16.592913  854.429321
    4.754578   -8.330483  -16.752483  854.429993
    5.181930   -8.079898  -16.909592  854.430664
    5.630578   -7.822255  -17.065332  854.431396
    6.101774   -7.557448  -17.214939  854.432434
    6.596858   -7.285155  -17.359816  854.433167
    7.117031   -7.005187  -17.498770  854.434143
    7.663276   -6.717489  -17.630507  854.435364
    8.237432   -6.422622  -17.753773  854.436401
    8.841544   -6.118345  -17.867115  854.437378
    9.477887   -5.804860  -17.970955  854.438904
   10.148953   -5.481609  -18.058228  854.440186
   10.857474   -5.147995  -18.129557  854.441650
   11.612022   -4.801999  -18.182491  854.443054
   12.423488   -4.437819  -18.213480  854.444763
   13.292758   -4.057264  -18.219210  854.446533
   14.219155   -3.661878  -18.190847  854.448242
   15.200457   -3.254849  -18.123751  854.450317
   16.232887   -2.837034  -18.014023  854.452759
   17.311083   -2.412168  -17.857538  854.455139
   18.417564   -1.988147  -17.655022  854.457092
   19.534664   -1.571015  -17.402615  854.459717
   20.656326   -1.162426  -17.104895  854.462463
   21.777676   -0.763847  -16.763498  854.464661
   22.894901   -0.376083  -16.380384  854.466797
   24.005363    0.000000  -15.960152  854.469299
   25.107468    0.365716  -15.498996  854.471802
   26.208672    0.723496  -14.997508  854.473999
   27.313950    1.075312  -14.453990  854.476196
   28.422388    1.421166  -13.868826  854.478638
   29.532576    1.760914  -13.242842  854.481018
   30.642437    2.094223  -12.577394  854.483276
   31.749479    2.420678  -11.874483  854.485413
   32.850525    2.739743  -11.136834  854.487854
   33.935814    3.049013  -10.372416  854.489746
   34.999222    3.347256   -9.587679  854.491943
   36.037842    3.634179   -8.787315  854.493774
   37.049355    3.909650   -7.975822  854.495667
   38.031960    4.173685   -7.157418  854.497681
   38.984409    4.426400   -6.335965  854.499084
   39.906101    4.668053   -5.514806  854.500732
   40.800346    4.899907   -4.693505  854.502197
   41.668079    5.122532   -3.873506  854.503662
   42.509251    5.336234   -3.056741  854.505066
   43.323906    5.541284   -2.245573  854.506165
   44.111996    5.737929   -1.441784  854.507507
   44.873581    5.926473   -0.647137  854.508667
   45.608616    6.106989    0.135397  854.509583
   46.317139    6.279721    0.904801  854.510498
   46.999096    6.444873    1.659519  854.511353
   47.654533    6.602593    2.397776  854.512329
   48.283428    6.753030    3.117993  854.513000
   48.885784    6.814839    3.818686  854.513794
   49.461609    6.535641    4.498326  854.514404
   50.010906    5.458888    5.458409  854.515015
   50.560200    5.853106    5.852867  854.515381
   51.140854    6.270091    6.270091  854.515747
   51.754669    6.710891    6.710891  854.516174
   52.403561    7.176868    7.176868  854.516602
   53.089500    7.669459    7.669459  854.517090
   53.814613    8.190182    8.190182  854.517700
   54.581135    8.740645    8.740645  854.518372
   55.391438    9.322547    9.322547  854.519104
   56.248024    9.937688    9.937688  854.520020
   57.153522   10.587959   10.587959  854.521118
   58.110744   11.275372   11.275372  854.522217
   59.122639   12.002044   12.002044  854.523682
   60.192318   12.770225   12.770225  854.525208
   61.323086   13.582277   13.582277  854.526978
   62.518440   14.440715   14.440715  854.529053
  BLADE PROFILES IN CARTESIAN COORDINATES (2D) BEFORE   PROJECTION, SCALING, MESHING AND STACKING 
  VARIABLES = "X", "YSS", "YPS" 
  BLADE           2  SECTION           1
    0.000000    0.001403    0.001403
    0.000062    0.002913   -0.000686
    0.000249    0.004930   -0.003461
    0.000561    0.007018   -0.006375
    0.000997    0.009121   -0.009281
    0.001557    0.011282   -0.012114
    0.002241    0.013643   -0.014984
    0.003050    0.016144   -0.017903
    0.003982    0.018736   -0.020847
    0.005038    0.021391   -0.023780
    0.006218    0.024077   -0.026660
    0.007520    0.026759   -0.029435
    0.008945    0.029400   -0.032069
    0.010493    0.031961   -0.034528
    0.012162    0.034403   -0.036790
    0.013954    0.036692   -0.038855
    0.015866    0.038803   -0.040758
    0.017899    0.040725   -0.042582
    0.020052    0.042480   -0.044426
    0.022325    0.044136   -0.046311
    0.024716    0.045785   -0.048233
    0.027226    0.047446   -0.050192
    0.029854    0.049118   -0.052184
    0.032600    0.050797   -0.054207
    0.035461    0.052480   -0.056261
    0.038439    0.054164   -0.058342
    0.041531    0.055846   -0.060450
    0.044738    0.057524   -0.062583
    0.048058    0.059194   -0.064738
    0.051491    0.060853   -0.066915
    0.055036    0.062498   -0.069112
    0.058691    0.064127   -0.071328
    0.062456    0.065738   -0.073562
    0.066331    0.067326   -0.075812
    0.070314    0.068890   -0.078077
    0.074403    0.070427   -0.080357
    0.078599    0.071935   -0.082649
    0.082900    0.073410   -0.084954
    0.087305    0.074850   -0.087270
    0.091812    0.076253   -0.089596
    0.096421    0.077616   -0.091928
    0.101131    0.078938   -0.094251
    0.105941    0.080219   -0.096602
    0.110848    0.081481   -0.098960
    0.115853    0.082662   -0.101325
    0.120953    0.083787   -0.103696
    0.126148    0.084858   -0.106073
    0.131435    0.085874   -0.108454
    0.136815    0.086831   -0.110840
    0.142285    0.087728   -0.113230
    0.147845    0.088563   -0.115623
    0.153492    0.089333   -0.118019
    0.159225    0.090037   -0.120418
    0.165044    0.090674   -0.122820
    0.170946    0.091240   -0.125222
    0.176930    0.091734   -0.127610
    0.182994    0.092155   -0.130016
    0.189138    0.092501   -0.132423
    0.195358    0.092770   -0.134831
    0.201655    0.092966   -0.137239
    0.208026    0.093113   -0.139649
    0.214470    0.093142   -0.142059
    0.220986    0.093083   -0.144470
    0.227570    0.092940   -0.146881
    0.234223    0.092711   -0.149292
    0.240941    0.092395   -0.151703
    0.247725    0.091991   -0.154114
    0.254571    0.091499   -0.156525
    0.261478    0.090916   -0.158934
    0.268445    0.090242   -0.161335
    0.275470    0.089476   -0.163745
    0.282550    0.088618   -0.166155
    0.289685    0.087666   -0.168565
    0.296872    0.086619   -0.170976
    0.304110    0.085478   -0.173386
    0.311396    0.084248   -0.175796
    0.318730    0.082952   -0.178206
    0.326109    0.081523   -0.180616
    0.333531    0.079995   -0.183026
    0.340994    0.078367   -0.185436
    0.348497    0.076642   -0.187846
    0.356038    0.074819   -0.190256
    0.363615    0.072899   -0.192665
    0.371226    0.070881   -0.195070
    0.378869    0.068767   -0.197481
    0.386542    0.066555   -0.199892
    0.394243    0.064247   -0.202303
    0.401971    0.061842   -0.204714
    0.409723    0.059340   -0.207126
    0.417498    0.056744   -0.209538
    0.425293    0.054052   -0.211950
    0.433107    0.051265   -0.214362
    0.440937    0.048385   -0.216774
    0.448783    0.045412   -0.219187
    0.456641    0.042347   -0.221600
    0.464509    0.039199   -0.224013
    0.472387    0.035987   -0.226426
    0.480272    0.032650   -0.228838
    0.488161    0.029226   -0.231251
    0.496053    0.025715   -0.233663
    0.503947    0.022118   -0.236075
    0.511839    0.018437   -0.238487
    0.519729    0.014672   -0.240898
    0.527613    0.010825   -0.243308
    0.535491    0.006899   -0.245717
    0.543360    0.002894   -0.248125
    0.551217   -0.001186   -0.250533
    0.559063   -0.005342   -0.252938
    0.566893   -0.009569   -0.255342
    0.574707   -0.013868   -0.257744
    0.582502   -0.018235   -0.260143
    0.590277   -0.022669   -0.262540
    0.598029   -0.027167   -0.264934
    0.605757   -0.031728   -0.267325
    0.613458   -0.036350   -0.269712
    0.621131   -0.041029   -0.272095
    0.628774   -0.045764   -0.274475
    0.636385   -0.050552   -0.276849
    0.643962   -0.055392   -0.279219
    0.651503   -0.060280   -0.281584
    0.659006   -0.065213   -0.283942
    0.666469   -0.070191   -0.286295
    0.673891   -0.075209   -0.288641
    0.681270   -0.080265   -0.290980
    0.688604   -0.085357   -0.293311
    0.695890   -0.090481   -0.295634
    0.703128   -0.095636   -0.297948
    0.710315   -0.100817   -0.300253
    0.717450   -0.106023   -0.302549
    0.724530   -0.111251   -0.304834
    0.731555   -0.116497   -0.307109
    0.738522   -0.121759   -0.309372
    0.745429   -0.127033   -0.311623
    0.752275   -0.132317   -0.313862
    0.759059   -0.137608   -0.316086
    0.765777   -0.142904   -0.318296
    0.772430   -0.148201   -0.320493
    0.779015   -0.153496   -0.322675
    0.785530   -0.158785   -0.324842
    0.791974   -0.164065   -0.326992
    0.798345   -0.169335   -0.329125
    0.804642   -0.174589   -0.331240
    0.810863   -0.179826   -0.333337
    0.817006   -0.185043   -0.335415
    0.823070   -0.190235   -0.337473
    0.829054   -0.195401   -0.339510
    0.834956   -0.200537   -0.341527
    0.840775   -0.205639   -0.343521
    0.846508   -0.210706   -0.345493
    0.852155   -0.215734   -0.347441
    0.857715   -0.220727   -0.349366
    0.863185   -0.225676   -0.351265
    0.868565   -0.230568   -0.353140
    0.873852   -0.235408   -0.354988
    0.879047   -0.240195   -0.356809
    0.884147   -0.244925   -0.358602
    0.889152   -0.249595   -0.360367
    0.894059   -0.254202   -0.362103
    0.898869   -0.258743   -0.363810
    0.903579   -0.263217   -0.365486
    0.908188   -0.267619   -0.367131
    0.912695   -0.271948   -0.368744
    0.917100   -0.276200   -0.370325
    0.921401   -0.280373   -0.371872
    0.925597   -0.284464   -0.373386
    0.929686   -0.288472   -0.374865
    0.933669   -0.292392   -0.376309
    0.937544   -0.296224   -0.377717
    0.941309   -0.299964   -0.379089
    0.944965   -0.303611   -0.380424
    0.948509   -0.307160   -0.381722
    0.951942   -0.310612   -0.382981
    0.955262   -0.313963   -0.384202
    0.958469   -0.317211   -0.385383
    0.961561   -0.320354   -0.386525
    0.964539   -0.323391   -0.387627
    0.967400   -0.326318   -0.388687
    0.970146   -0.329135   -0.389706
    0.972774   -0.331837   -0.390667
    0.975284   -0.334428   -0.391269
    0.977675   -0.336904   -0.391320
    0.979948   -0.339261   -0.391007
    0.982101   -0.341501   -0.390439
    0.984134   -0.343620   -0.389679
    0.986046   -0.345618   -0.388766
    0.987838   -0.347492   -0.387728
    0.989507   -0.349242   -0.386582
    0.991055   -0.350867   -0.385342
    0.992480   -0.352366   -0.384018
    0.993782   -0.353738   -0.382618
    0.994962   -0.354982   -0.381185
    0.996018   -0.356098   -0.379672
    0.996950   -0.357128   -0.378046
    0.997759   -0.358086   -0.376424
    0.998443   -0.359271   -0.374770
    0.999003   -0.360515   -0.373096
    0.999439   -0.361784   -0.371427
    0.999751   -0.363340   -0.369806
    0.999938   -0.365007   -0.368065
    1.000000   -0.365754   -0.365754
  BLADE PROFILES IN CARTESIAN COORDINATES (3D) 
  VARIABLES = "X", "YSS", "YPS" "R" 
  BLADE           2  SECTION           1
   52.477425   -0.923519   -0.923519  853.746399
   53.644123   -0.971597   -0.971597  853.745544
   54.690132   -1.014702   -1.014702  853.744629
   55.627941   -1.053348   -1.053348  853.743652
   56.468735   -1.087995   -1.087995  853.742676
   57.222557   -1.119059   -1.119059  853.741821
   57.898396   -1.146909   -1.146909  853.741028
   58.504337   -1.171878   -1.171878  853.740173
   59.047585   -1.194265   -1.194265  853.739380
   59.534634   -1.214335   -1.214335  853.738831
   59.971329   -1.232329   -1.232329  853.738159
   60.362823   -1.248462   -1.248462  853.737488
   60.713825   -1.262926   -1.262926  853.737061
   61.028522   -1.275894   -1.275894  853.736450
   61.310661   -1.287520   -1.287520  853.736023
   61.563618   -1.297943   -1.297943  853.735596
   61.790405   -1.307289   -1.307289  853.735229
   61.993732   -1.315667   -1.315667  853.734802
   62.176029   -1.323179   -1.323179  853.734558
   62.339470   -1.329914   -1.329914  853.734375
   62.486000   -1.335952   -1.335952  853.734009
   62.632538   -0.593834   -2.104942  853.733704
   62.785736   -0.240590   -2.485059  853.733337
   62.946239    0.030526   -2.747784  853.733032
   63.114666    0.237442   -2.934902  853.732788
   63.291588    0.393551   -3.090252  853.732300
   63.477680    0.525140   -3.242004  853.731873
   63.673527    0.652300   -3.392684  853.731506
   63.879723    0.776672   -3.543241  853.730957
   64.096931    0.898648   -3.694368  853.730408
   64.325737    1.018421   -3.846586  853.729858
   64.566757    1.136034   -4.000301  853.729187
   64.820602    1.251413   -4.155839  853.728577
   65.087891    1.364382   -4.313457  853.727905
   65.369255    1.474681   -4.473369  853.727417
   65.665184    1.581919   -4.635673  853.726501
   65.975700    1.685519   -4.800247  853.725708
   66.301552    1.785085   -4.967219  853.724670
   66.643555    1.880175   -5.135955  853.723816
   67.002609    1.971771   -5.308593  853.722961
   67.379707    2.055941   -5.484399  853.721741
   67.775925    2.133736   -5.663700  853.720520
   68.192223    2.204362   -5.846690  853.719421
   68.629395    2.266864   -6.033487  853.718079
   69.088875    2.320261   -6.224481  853.716492
   69.572334    2.363429   -6.419357  853.715149
   70.081612    2.395051   -6.619977  853.713440
   70.618660    2.414142   -6.826242  853.711731
   71.185677    2.418924   -7.038714  853.709717
   71.789551    2.405110   -7.259650  853.707764
   72.438957    2.371080   -7.491772  853.705200
   73.134636    2.313310   -7.734470  853.702942
   73.876030    2.228259   -7.987826  853.700134
   74.661354    2.112565   -8.250953  853.697327
   75.487602    1.965073   -8.522666  853.694214
   76.350479    1.779338   -8.801687  853.690979
   77.235992    1.558303   -9.083640  853.687378
   78.130005    1.304813   -9.364922  853.683838
   79.027657    1.020320   -9.644619  853.680176
   79.925072    0.706539   -9.922079  853.676575
   80.819176    0.365290  -10.196964  853.672852
   81.707893    0.000000  -10.469161  853.669067
   82.589897   -0.391225  -10.738782  853.665344
   83.471176   -0.808634  -11.008091  853.661804
   84.355721   -1.253851  -11.278719  853.658020
   85.242828   -1.726250  -11.550817  853.654236
   86.131287   -2.225049  -11.824339  853.650452
   87.019493   -2.749085  -12.099127  853.646729
   87.905449   -3.296746  -12.374846  853.642944
   88.786629   -3.865920  -12.650971  853.639343
   89.655190   -4.450571  -12.925240  853.635681
   90.506218   -5.045969  -13.196222  853.632202
   91.337425   -5.648823  -13.463231  853.628784
   92.146904   -6.256028  -13.725664  853.625488
   92.933281   -6.864728  -13.982948  853.622253
   93.695557   -7.472478  -14.234746  853.619202
   94.433151   -8.076947  -14.480845  853.616455
   95.148834   -8.678718  -14.721951  853.613586
   95.843269   -9.276937  -14.958177  853.610962
   96.516449   -9.870218  -15.189404  853.608398
   97.168419  -10.457994  -15.415486  853.606018
   97.799133  -11.037484  -15.636276  853.603699
   98.408615  -11.608307  -15.851621  853.601624
   98.996864  -12.169292  -16.061359  853.599487
   99.563866  -12.719328  -16.265327  853.597656
  100.109657  -13.257420  -16.463366  853.595703
  100.634186  -13.782489  -16.655291  853.593933
  101.137512  -14.293570  -16.840986  853.592285
  101.619560  -14.789608  -16.975479  853.590759
  102.080406  -15.269997  -16.799538  853.589294
  102.519997  -15.951423  -15.951850  853.588013
  102.959587  -16.267210  -16.267424  853.587341
  103.434143  -16.607883  -16.607883  853.586365
  103.946480  -16.975666  -16.975666  853.585571
  104.499557  -17.372702  -17.372702  853.584595
  105.096619  -17.801323  -17.801323  853.583618
  105.741196  -18.264038  -18.264038  853.582581
  106.437035  -18.763569  -18.763569  853.581604
  107.188240  -19.302834  -19.302834  853.580444
  107.999214  -19.885000  -19.885000  853.579285
  108.874680  -20.513481  -20.513481  853.578186
  109.819786  -21.191956  -21.191956  853.577026
  110.840111  -21.924404  -21.924404  853.575684
  111.941597  -22.715128  -22.715128  853.574524
  113.130684  -23.568747  -23.568747  853.573059
  114.414375  -24.490278  -24.490278  853.571838
  115.800209  -25.485123  -25.485123  853.570618
  117.296265  -26.559109  -26.559109  853.569397
  118.911316  -27.718533  -27.718533  853.568115
  120.654900  -28.970198  -28.970198  853.567017
  122.537140  -30.321434  -30.321434  853.565857
  BLADE PROFILES IN CARTESIAN COORDINATES (2D) BEFORE   PROJECTION, SCALING, MESHING AND STACKING 
  VARIABLES = "X", "YSS", "YPS" 
  BLADE           2  SECTION           2
    0.000000    0.001437    0.001437
    0.000062    0.002922   -0.000687
    0.000249    0.004947   -0.003465
    0.000561    0.007032   -0.006389
    0.000997    0.009134   -0.009303
    0.001557    0.011288   -0.012139
    0.002241    0.013644   -0.015012
    0.003050    0.016142   -0.017934
    0.003982    0.018731   -0.020880
    0.005038    0.021384   -0.023814
    0.006218    0.024069   -0.026689
    0.007520    0.026750   -0.029463
    0.008945    0.029391   -0.032096
    0.010493    0.031953   -0.034554
    0.012162    0.034396   -0.036814
    0.013954    0.036686   -0.038877
    0.015866    0.038796   -0.040780
    0.017899    0.040718   -0.042605
    0.020052    0.042475   -0.044451
    0.022325    0.044131   -0.046337
    0.024716    0.045778   -0.048262
    0.027226    0.047438   -0.050222
    0.029854    0.049108   -0.052216
    0.032600    0.050786   -0.054242
    0.035461    0.052467   -0.056298
    0.038439    0.054150   -0.058382
    0.041531    0.055831   -0.060492
    0.044738    0.057506   -0.062627
    0.048058    0.059174   -0.064785
    0.051491    0.060831   -0.066965
    0.055036    0.062475   -0.069165
    0.058691    0.064102   -0.071384
    0.062456    0.065710   -0.073620
    0.066331    0.067296   -0.075873
    0.070314    0.068858   -0.078142
    0.074403    0.070393   -0.080424
    0.078599    0.071898   -0.082720
    0.082900    0.073370   -0.085028
    0.087305    0.074808   -0.087347
    0.091812    0.076209   -0.089676
    0.096421    0.077569   -0.092012
    0.101131    0.078888   -0.094339
    0.105941    0.080165   -0.096693
    0.110848    0.081425   -0.099055
    0.115853    0.082603   -0.101423
    0.120953    0.083725   -0.103798
    0.126148    0.084793   -0.106178
    0.131435    0.085805   -0.108563
    0.136815    0.086759   -0.110953
    0.142285    0.087653   -0.113347
    0.147845    0.088484   -0.115744
    0.153492    0.089251   -0.118145
    0.159225    0.089952   -0.120548
    0.165044    0.090585   -0.122954
    0.170946    0.091147   -0.125359
    0.176930    0.091638   -0.127752
    0.182994    0.092056   -0.130162
    0.189138    0.092398   -0.132573
    0.195358    0.092663   -0.134985
    0.201655    0.092854   -0.137398
    0.208026    0.092998   -0.139812
    0.214470    0.093022   -0.142227
    0.220986    0.092959   -0.144642
    0.227570    0.092812   -0.147057
    0.234223    0.092579   -0.149473
    0.240941    0.092259   -0.151889
    0.247725    0.091851   -0.154305
    0.254571    0.091354   -0.156719
    0.261478    0.090767   -0.159124
    0.268445    0.090089   -0.161539
    0.275470    0.089319   -0.163954
    0.282550    0.088456   -0.166369
    0.289685    0.087500   -0.168784
    0.296872    0.086449   -0.171199
    0.304110    0.085303   -0.173614
    0.311396    0.084068   -0.176029
    0.318730    0.082768   -0.178443
    0.326109    0.081335   -0.180858
    0.333531    0.079801   -0.183273
    0.340994    0.078168   -0.185688
    0.348497    0.076438   -0.188103
    0.356038    0.074611   -0.190517
    0.363615    0.072686   -0.192931
    0.371226    0.070664   -0.195341
    0.378869    0.068544   -0.197757
    0.386542    0.066328   -0.200172
    0.394243    0.064015   -0.202588
    0.401971    0.061605   -0.205005
    0.409723    0.059099   -0.207421
    0.417498    0.056497   -0.209838
    0.425293    0.053800   -0.212255
    0.433107    0.051009   -0.214672
    0.440937    0.048124   -0.217089
    0.448783    0.045146   -0.219506
    0.456641    0.042076   -0.221924
    0.464509    0.038923   -0.224342
    0.472387    0.035706   -0.226759
    0.480272    0.032365   -0.229177
    0.488161    0.028935   -0.231594
    0.496053    0.025419   -0.234011
    0.503947    0.021818   -0.236428
    0.511839    0.018132   -0.238844
    0.519729    0.014361   -0.241260
    0.527613    0.010509   -0.243675
    0.535491    0.006578   -0.246088
    0.543360    0.002568   -0.248501
    0.551217   -0.001517   -0.250914
    0.559063   -0.005678   -0.253324
    0.566893   -0.009910   -0.255732
    0.574707   -0.014213   -0.258138
    0.582502   -0.018585   -0.260542
    0.590277   -0.023024   -0.262943
    0.598029   -0.027528   -0.265341
    0.605757   -0.032093   -0.267737
    0.613458   -0.036720   -0.270128
    0.621131   -0.041404   -0.272516
    0.628774   -0.046144   -0.274900
    0.636385   -0.050937   -0.277279
    0.643962   -0.055781   -0.279653
    0.651503   -0.060674   -0.282021
    0.659006   -0.065612   -0.284384
    0.666469   -0.070594   -0.286741
    0.673891   -0.075617   -0.289091
    0.681270   -0.080678   -0.291434
    0.688604   -0.085774   -0.293769
    0.695890   -0.090903   -0.296096
    0.703128   -0.096062   -0.298414
    0.710315   -0.101248   -0.300723
    0.717450   -0.106459   -0.303023
    0.724530   -0.111691   -0.305312
    0.731555   -0.116941   -0.307590
    0.738522   -0.122207   -0.309857
    0.745429   -0.127486   -0.312112
    0.752275   -0.132774   -0.314355
    0.759059   -0.138070   -0.316582
    0.765777   -0.143370   -0.318795
    0.772430   -0.148670   -0.320996
    0.779015   -0.153969   -0.323182
    0.785530   -0.159262   -0.325352
    0.791974   -0.164547   -0.327505
    0.798345   -0.169820   -0.329642
    0.804642   -0.175079   -0.331760
    0.810863   -0.180320   -0.333860
    0.817006   -0.185540   -0.335941
    0.823070   -0.190736   -0.338002
    0.829054   -0.195906   -0.340043
    0.834956   -0.201045   -0.342062
    0.840775   -0.206151   -0.344060
    0.846508   -0.211222   -0.346035
    0.852155   -0.216253   -0.347986
    0.857715   -0.221250   -0.349913
    0.863185   -0.226202   -0.351815
    0.868565   -0.231097   -0.353692
    0.873852   -0.235941   -0.355543
    0.879047   -0.240731   -0.357367
    0.884147   -0.245464   -0.359163
    0.889152   -0.250137   -0.360931
    0.894059   -0.254747   -0.362669
    0.898869   -0.259292   -0.364378
    0.903579   -0.263768   -0.366056
    0.908188   -0.268173   -0.367703
    0.912695   -0.272504   -0.369319
    0.917100   -0.276759   -0.370902
    0.921401   -0.280935   -0.372451
    0.925597   -0.285029   -0.373967
    0.929686   -0.289039   -0.375448
    0.933669   -0.292962   -0.376894
    0.937544   -0.296796   -0.378304
    0.941309   -0.300539   -0.379678
    0.944965   -0.304187   -0.381015
    0.948509   -0.307739   -0.382314
    0.951942   -0.311193   -0.383575
    0.955262   -0.314546   -0.384797
    0.958469   -0.317796   -0.385980
    0.961561   -0.320941   -0.387124
    0.964539   -0.323980   -0.388227
    0.967400   -0.326909   -0.389288
    0.970146   -0.329727   -0.390309
    0.972774   -0.332431   -0.391271
    0.975284   -0.335024   -0.391872
    0.977675   -0.337500   -0.391922
    0.979948   -0.339860   -0.391610
    0.982101   -0.342101   -0.391042
    0.984134   -0.344221   -0.390281
    0.986046   -0.346220   -0.389370
    0.987838   -0.348095   -0.388331
    0.989507   -0.349846   -0.387186
    0.991055   -0.351473   -0.385946
    0.992480   -0.352972   -0.384622
    0.993782   -0.354345   -0.383223
    0.994962   -0.355590   -0.381790
    0.996018   -0.356706   -0.380277
    0.996950   -0.357736   -0.378652
    0.997759   -0.358696   -0.377030
    0.998443   -0.359880   -0.375376
    0.999003   -0.361123   -0.373703
    0.999439   -0.362393   -0.372033
    0.999751   -0.363948   -0.370414
    0.999938   -0.365617   -0.368674
    1.000000   -0.366366   -0.366366
  BLADE PROFILES IN CARTESIAN COORDINATES (3D) 
  VARIABLES = "X", "YSS", "YPS" "R" 
  BLADE           2  SECTION           2
   52.501801   -0.905302   -0.905302  854.132019
   53.667507   -0.954133   -0.954133  854.132080
   54.712631   -0.997913   -0.997913  854.132141
   55.649620   -1.037163   -1.037163  854.132080
   56.489704   -1.072354   -1.072354  854.132019
   57.242893   -1.103904   -1.103904  854.132019
   57.918144   -1.132191   -1.132191  854.132019
   58.523560   -1.157552   -1.157552  854.132019
   59.066345   -1.180289   -1.180289  854.131958
   59.552994   -1.200674   -1.200674  854.132080
   59.989288   -1.218950   -1.218950  854.132019
   60.380459   -1.235337   -1.235337  854.132019
   60.731167   -1.250027   -1.250027  854.132080
   61.045586   -1.263198   -1.263198  854.132080
   61.327492   -1.275007   -1.275007  854.132019
   61.580231   -1.285594   -1.285594  854.132019
   61.806816   -1.295086   -1.295086  854.131958
   62.009983   -1.303596   -1.303596  854.132080
   62.192120   -1.311226   -1.311226  854.131958
   62.355423   -1.318067   -1.318067  854.131958
   62.501827   -1.324200   -1.324200  854.132019
   62.648235   -0.582176   -2.093122  854.131958
   62.801300   -0.229437   -2.472758  854.132019
   62.961689    0.041478   -2.735093  854.131958
   63.129955    0.248290   -2.921951  854.132019
   63.306747    0.404289   -3.077295  854.132080
   63.492672    0.535739   -3.229067  854.132080
   63.688332    0.662683   -3.379775  854.132080
   63.894375    0.786835   -3.530367  854.132080
   64.111374    0.908587   -3.681536  854.132080
   64.339981    1.028129   -3.833803  854.132019
   64.580795    1.145507   -3.987576  854.131958
   64.834427    1.260644   -4.143177  854.131958
   65.101501    1.373365   -4.300864  854.132019
   65.382637    1.483408   -4.460855  854.131836
   65.678291    1.590384   -4.623243  854.132019
   65.988548    1.693717   -4.787908  854.131897
   66.314133    1.793010   -4.954951  854.131897
   66.655846    1.887810   -5.123807  854.132019
   67.014595    1.979128   -5.296560  854.131958
   67.391357    2.062968   -5.472491  854.132019
   67.787239    2.140464   -5.651925  854.131958
   68.203178    2.210785   -5.835058  854.131775
   68.639969    2.272975   -6.022004  854.131958
   69.099060    2.326056   -6.213159  854.131897
   69.582138    2.368899   -6.408192  854.131775
   70.090958    2.400191   -6.608995  854.131897
   70.627579    2.418932   -6.815451  854.132019
   71.194107    2.423341   -7.028130  854.131836
   71.797455    2.409179   -7.249283  854.131897
   72.446312    2.374788   -7.481645  854.131897
   73.141403    2.316647   -7.724440  854.131714
   73.882172    2.231220   -7.978209  854.131897
   74.666817    2.115148   -8.241620  854.131897
   75.492363    1.967281   -8.513633  854.131714
   76.354530    1.781136   -8.792964  854.131531
   77.239265    1.559747   -9.075229  854.131592
   78.132515    1.305922   -9.356831  854.131592
   79.029434    1.021119   -9.636845  854.131531
   79.926079    0.707048   -9.914617  854.131592
   80.819458    0.365531  -10.189813  854.131470
   81.707367    0.000000  -10.462311  854.131470
   82.588638   -0.391444  -10.732231  854.131409
   83.469177   -0.809078  -11.001835  854.131592
   84.352966   -1.254471  -11.272756  854.131348
   85.239311   -1.727030  -11.545142  854.131470
   86.127022   -2.225968  -11.818949  854.131409
   87.014488   -2.750124  -12.094019  854.131348
   87.899689   -3.297884  -12.370013  854.131348
   88.780113   -3.867141  -12.646409  854.131226
   89.647926   -4.451851  -12.920938  854.131104
   90.498230   -5.047292  -13.192175  854.131104
   91.328751   -5.650177  -13.459429  854.131104
   92.137550   -6.257392  -13.722097  854.131104
   92.923264   -6.866080  -13.979598  854.131104
   93.684868   -7.473803  -14.231609  854.131165
   94.421860   -8.078243  -14.477909  854.130981
   95.136925   -8.679971  -14.719207  854.131042
   95.830750   -9.278145  -14.955618  854.130981
   96.503380   -9.871365  -15.187017  854.131042
   97.154778  -10.459068  -15.413264  854.131104
   97.784973  -11.038486  -15.634214  854.131104
   98.393921  -11.609224  -15.849706  854.130981
   98.981697  -12.170118  -16.059586  854.130981
   99.548218  -12.720067  -16.263689  854.130920
  100.093521  -13.258060  -16.461847  854.130920
  100.617638  -13.783037  -16.653896  854.131042
  101.120499  -14.294012  -16.839701  854.130920
  101.602158  -14.789949  -16.974171  854.130920
  102.062599  -15.270236  -16.798460  854.131042
  102.501823  -15.951430  -15.951857  854.130981
  102.941032  -16.267199  -16.267412  854.131165
  103.415207  -16.607861  -16.607861  854.131042
  103.927071  -16.975620  -16.975620  854.130981
  104.479683  -17.372637  -17.372637  854.130981
  105.076241  -17.801235  -17.801235  854.131226
  105.720261  -18.263927  -18.263927  854.131165
  106.415527  -18.763432  -18.763432  854.131165
  107.166092  -19.302673  -19.302673  854.131226
  107.976357  -19.884806  -19.884806  854.131287
  108.851059  -20.513254  -20.513254  854.131287
  109.795387  -21.191694  -21.191694  854.131531
  110.814827  -21.924107  -21.924107  854.131470
  111.915375  -22.714781  -22.714781  854.131409
  113.103455  -23.568357  -23.568357  854.131653
  114.386032  -24.489836  -24.489836  854.131653
  115.770660  -25.484617  -25.484617  854.131836
  117.265434  -26.558540  -26.558540  854.131775
  118.879135  -27.717894  -27.717894  854.131775
  120.621216  -28.969481  -28.969481  854.132019
  122.501846  -30.320623  -30.320623  854.132019
  BLADE PROFILES IN CARTESIAN COORDINATES (2D) BEFORE   PROJECTION, SCALING, MESHING AND STACKING 
  VARIABLES = "X", "YSS", "YPS" 
  BLADE           2  SECTION           3
    0.000000    0.001499    0.001499
    0.000062    0.002963   -0.000689
    0.000249    0.004964   -0.003469
    0.000561    0.007047   -0.006403
    0.000997    0.009146   -0.009324
    0.001557    0.011295   -0.012164
    0.002241    0.013646   -0.015040
    0.003050    0.016140   -0.017965
    0.003982    0.018727   -0.020913
    0.005038    0.021378   -0.023846
    0.006218    0.024061   -0.026718
    0.007520    0.026742   -0.029491
    0.008945    0.029382   -0.032123
    0.010493    0.031944   -0.034579
    0.012162    0.034388   -0.036837
    0.013954    0.036680   -0.038899
    0.015866    0.038787   -0.040802
    0.017899    0.040711   -0.042628
    0.020052    0.042469   -0.044476
    0.022325    0.044126   -0.046364
    0.024716    0.045772   -0.048290
    0.027226    0.047430   -0.050253
    0.029854    0.049099   -0.052249
    0.032600    0.050775   -0.054277
    0.035461    0.052455   -0.056335
    0.038439    0.054136   -0.058421
    0.041531    0.055815   -0.060534
    0.044738    0.057489   -0.062672
    0.048058    0.059155   -0.064832
    0.051491    0.060810   -0.067015
    0.055036    0.062452   -0.069217
    0.058691    0.064077   -0.071439
    0.062456    0.065683   -0.073678
    0.066331    0.067267   -0.075934
    0.070314    0.068826   -0.078206
    0.074403    0.070358   -0.080492
    0.078599    0.071861   -0.082791
    0.082900    0.073331   -0.085102
    0.087305    0.074766   -0.087424
    0.091812    0.076164   -0.089756
    0.096421    0.077522   -0.092076
    0.101131    0.078838   -0.094426
    0.105941    0.080112   -0.096784
    0.110848    0.081369   -0.099149
    0.115853    0.082543   -0.101521
    0.120953    0.083662   -0.103900
    0.126148    0.084727   -0.106284
    0.131435    0.085736   -0.108673
    0.136815    0.086687   -0.111066
    0.142285    0.087577   -0.113464
    0.147845    0.088405   -0.115865
    0.153492    0.089169   -0.118270
    0.159225    0.089867   -0.120677
    0.165044    0.090496   -0.123087
    0.170946    0.091055   -0.125496
    0.176930    0.091542   -0.127894
    0.182994    0.091956   -0.130308
    0.189138    0.092295   -0.132723
    0.195358    0.092556   -0.135140
    0.201655    0.092743   -0.137557
    0.208026    0.092883   -0.139976
    0.214470    0.092903   -0.142395
    0.220986    0.092835   -0.144814
    0.227570    0.092684   -0.147234
    0.234223    0.092447   -0.149654
    0.240941    0.092123   -0.152075
    0.247725    0.091711   -0.154495
    0.254571    0.091210   -0.156914
    0.261478    0.090619   -0.159323
    0.268445    0.089936   -0.161743
    0.275470    0.089162   -0.164163
    0.282550    0.088295   -0.166582
    0.289685    0.087334   -0.169002
    0.296872    0.086279   -0.171422
    0.304110    0.085128   -0.173841
    0.311396    0.083888   -0.176261
    0.318730    0.082585   -0.178681
    0.326109    0.081146   -0.181100
    0.333531    0.079608   -0.183520
    0.340994    0.077970   -0.185939
    0.348497    0.076235   -0.188359
    0.356038    0.074403   -0.190778
    0.363615    0.072474   -0.193197
    0.371226    0.070447   -0.195612
    0.378869    0.068323   -0.198032
    0.386542    0.066101   -0.200453
    0.394243    0.063783   -0.202874
    0.401971    0.061369   -0.205295
    0.409723    0.058858   -0.207716
    0.417498    0.056251   -0.210137
    0.425293    0.053550   -0.212559
    0.433107    0.050754   -0.214981
    0.440937    0.047864   -0.217403
    0.448783    0.044881   -0.219825
    0.456641    0.041806   -0.222248
    0.464509    0.038647   -0.224670
    0.472387    0.035426   -0.227093
    0.480272    0.032079   -0.229515
    0.488161    0.028645   -0.231937
    0.496053    0.025124   -0.234359
    0.503947    0.021518   -0.236780
    0.511839    0.017826   -0.239201
    0.519729    0.014051   -0.241621
    0.527613    0.010194   -0.244041
    0.535491    0.006257   -0.246459
    0.543360    0.002243   -0.248877
    0.551217   -0.001848   -0.251294
    0.559063   -0.006013   -0.253708
    0.566893   -0.010250   -0.256121
    0.574707   -0.014558   -0.258531
    0.582502   -0.018935   -0.260940
    0.590277   -0.023379   -0.263346
    0.598029   -0.027887   -0.265748
    0.605757   -0.032458   -0.268148
    0.613458   -0.037089   -0.270544
    0.621131   -0.041778   -0.272936
    0.628774   -0.046523   -0.275324
    0.636385   -0.051321   -0.277707
    0.643962   -0.056170   -0.280086
    0.651503   -0.061067   -0.282459
    0.659006   -0.066010   -0.284826
    0.666469   -0.070997   -0.287186
    0.673891   -0.076024   -0.289540
    0.681270   -0.081090   -0.291887
    0.688604   -0.086191   -0.294226
    0.695890   -0.091324   -0.296558
    0.703128   -0.096488   -0.298880
    0.710315   -0.101678   -0.301193
    0.717450   -0.106893   -0.303496
    0.724530   -0.112130   -0.305789
    0.731555   -0.117385   -0.308071
    0.738522   -0.122655   -0.310342
    0.745429   -0.127938   -0.312601
    0.752275   -0.133231   -0.314847
    0.759059   -0.138531   -0.317078
    0.765777   -0.143834   -0.319295
    0.772430   -0.149140   -0.321499
    0.779015   -0.154442   -0.323688
    0.785530   -0.159740   -0.325862
    0.791974   -0.165028   -0.328018
    0.798345   -0.170306   -0.330158
    0.804642   -0.175568   -0.332280
    0.810863   -0.180813   -0.334383
    0.817006   -0.186037   -0.336468
    0.823070   -0.191237   -0.338532
    0.829054   -0.196410   -0.340575
    0.834956   -0.201553   -0.342598
    0.840775   -0.206663   -0.344598
    0.846508   -0.211737   -0.346576
    0.852155   -0.216772   -0.348530
    0.857715   -0.221773   -0.350460
    0.863185   -0.226728   -0.352365
    0.868565   -0.231627   -0.354245
    0.873852   -0.236474   -0.356098
    0.879047   -0.241267   -0.357925
    0.884147   -0.246003   -0.359723
    0.889152   -0.250679   -0.361494
    0.894059   -0.255292   -0.363235
    0.898869   -0.259840   -0.364946
    0.903579   -0.264319   -0.366627
    0.908188   -0.268727   -0.368276
    0.912695   -0.273061   -0.369894
    0.917100   -0.277319   -0.371479
    0.921401   -0.281497   -0.373030
    0.925597   -0.285594   -0.374548
    0.929686   -0.289606   -0.376031
    0.933669   -0.293532   -0.377479
    0.937544   -0.297369   -0.378891
    0.941309   -0.301113   -0.380267
    0.944965   -0.304764   -0.381606
    0.948509   -0.308319   -0.382907
    0.951942   -0.311774   -0.384169
    0.955262   -0.315129   -0.385393
    0.958469   -0.318381   -0.386577
    0.961561   -0.321528   -0.387723
    0.964539   -0.324569   -0.388827
    0.967400   -0.327500   -0.389890
    0.970146   -0.330320   -0.390912
    0.972774   -0.333025   -0.391875
    0.975284   -0.335619   -0.392474
    0.977675   -0.338098   -0.392525
    0.979948   -0.340458   -0.392212
    0.982101   -0.342700   -0.391644
    0.984134   -0.344822   -0.390884
    0.986046   -0.346822   -0.389973
    0.987838   -0.348698   -0.388935
    0.989507   -0.350451   -0.387790
    0.991055   -0.352078   -0.386550
    0.992480   -0.353579   -0.385227
    0.993782   -0.354952   -0.383828
    0.994962   -0.356198   -0.382394
    0.996018   -0.357314   -0.380882
    0.996950   -0.358345   -0.379257
    0.997759   -0.359305   -0.377636
    0.998443   -0.360489   -0.375981
    0.999003   -0.361732   -0.374308
    0.999439   -0.363002   -0.372638
    0.999751   -0.364559   -0.371021
    0.999938   -0.366228   -0.369279
    1.000000   -0.366978   -0.366978
  BLADE PROFILES IN CARTESIAN COORDINATES (3D) 
  VARIABLES = "X", "YSS", "YPS" "R" 
  BLADE           2  SECTION           3
   52.526115   -0.887159   -0.887159  854.516602
   53.690834   -0.936742   -0.936742  854.517578
   54.735065   -0.981196   -0.981196  854.518555
   55.671284   -1.021051   -1.021051  854.519409
   56.510647   -1.056785   -1.056785  854.520325
   57.263195   -1.088821   -1.088821  854.521179
   57.937885   -1.117544   -1.117544  854.522034
   58.542793   -1.143296   -1.143296  854.522827
   59.085129   -1.166384   -1.166384  854.523560
   59.571350   -1.187083   -1.187083  854.524414
   60.007286   -1.205642   -1.205642  854.524902
   60.398121   -1.222281   -1.222281  854.525452
   60.748524   -1.237198   -1.237198  854.526123
   61.062687   -1.250573   -1.250573  854.526489
   61.344349   -1.262564   -1.262564  854.526978
   61.596882   -1.273314   -1.273314  854.527527
   61.823284   -1.282953   -1.282953  854.527771
   62.026260   -1.291594   -1.291594  854.528198
   62.208248   -1.299342   -1.299342  854.528564
   62.371410   -1.306288   -1.306288  854.528870
   62.517696   -1.312516   -1.312516  854.529053
   62.663979   -0.570564   -2.081383  854.529358
   62.816925   -0.218327   -2.460535  854.529663
   62.977173    0.052391   -2.722482  854.530029
   63.145287    0.259004   -2.909083  854.530457
   63.321926    0.414992   -3.064420  854.530762
   63.507683    0.546304   -3.216214  854.531250
   63.703201    0.673033   -3.366952  854.531616
   63.909054    0.796968   -3.517582  854.532166
   64.125885    0.918497   -3.668795  854.532471
   64.354301    1.037811   -3.821113  854.533142
   64.594910    1.154954   -3.974943  854.533813
   64.848335    1.269851   -4.130608  854.534302
   65.115173    1.382326   -4.288369  854.534912
   65.396065    1.492116   -4.448437  854.535767
   65.691460    1.598833   -4.610913  854.536438
   66.001450    1.701900   -4.775672  854.537354
   66.326759    1.800922   -4.942152  854.538330
   66.668190    1.895433   -5.111812  854.539246
   67.026634    1.986462   -5.284635  854.540222
   67.403099    2.069989   -5.460690  854.541199
   67.798630    2.147188   -5.640258  854.542236
   68.214218    2.217206   -5.823532  854.543457
   68.650635    2.279086   -6.010631  854.545044
   69.109367    2.331851   -6.201949  854.546448
   69.592003    2.374372   -6.397141  854.548035
   70.100403    2.405336   -6.598125  854.549500
   70.636543    2.423728   -6.804775  854.551453
   71.202614    2.427766   -7.017661  854.553223
   71.805443    2.413256   -7.239034  854.555420
   72.453751    2.378505   -7.471631  854.557617
   73.148232    2.319994   -7.714675  854.559998
   73.888382    2.234192   -7.968714  854.562744
   74.672371    2.117742   -8.232410  854.565796
   75.497208    1.969500   -8.504724  854.568909
   76.358635    1.782947   -8.784364  854.572266
   77.242638    1.561203   -9.066947  854.575500
   78.135117    1.307043   -9.348868  854.579346
   79.031258    1.021926   -9.629198  854.582764
   79.927147    0.707565   -9.907289  854.586365
   80.819763    0.365777  -10.182793  854.590210
   81.706924    0.000000  -10.455600  854.593811
   82.587425   -0.391666  -10.725818  854.597595
   83.467232   -0.809530  -10.995720  854.601257
   84.350258   -1.255106  -11.266934  854.605225
   85.235863   -1.727829  -11.539610  854.608643
   86.122810   -2.226913  -11.813706  854.612488
   87.009544   -2.751195  -12.089063  854.616272
   87.893974   -3.299064  -12.365336  854.620056
   88.773651   -3.868407  -12.642007  854.623657
   89.640724   -4.453192  -12.916803  854.627258
   90.490311   -5.048679  -13.188296  854.630798
   91.320114   -5.651597  -13.455797  854.634094
   92.128250   -6.258832  -13.718701  854.637390
   92.913269   -6.867523  -13.976433  854.640564
   93.674225   -7.475230  -14.228658  854.643616
   94.410599   -8.079648  -14.475164  854.646545
   95.125046   -8.681347  -14.716656  854.649414
   95.818321   -9.279474  -14.953256  854.652039
   96.490364   -9.872643  -15.184833  854.654602
   97.141197  -10.460287  -15.411248  854.656921
   97.770844  -11.039637  -15.632358  854.659180
   98.379295  -11.610306  -15.848003  854.661438
   98.966537  -12.171119  -16.058027  854.663574
   99.532608  -12.720983  -16.262264  854.665405
  100.077446  -13.258887  -16.460556  854.667297
  100.601089  -13.783773  -16.652721  854.669006
  101.103554  -14.294661  -16.838646  854.670715
  101.584801  -14.790502  -16.973093  854.672241
  102.044846  -15.270693  -16.797609  854.673767
  102.483696  -15.951653  -15.952077  854.675049
  102.922539  -16.267408  -16.267620  854.675781
  103.396294  -16.608055  -16.608055  854.676514
  103.907753  -16.975801  -16.975801  854.677429
  104.459877  -17.372797  -17.372797  854.678467
  105.055954  -17.801382  -17.801382  854.679260
  105.699425  -18.264055  -18.264055  854.680298
  106.394089  -18.763538  -18.763538  854.681396
  107.144005  -19.302755  -19.302755  854.682495
  107.953583  -19.884865  -19.884865  854.683655
  108.827591  -20.513285  -20.513285  854.684692
  109.771088  -21.191696  -21.191696  854.685974
  110.789688  -21.924074  -21.924074  854.687195
  111.889290  -22.714716  -22.714716  854.688538
  113.076370  -23.568256  -23.568256  854.689697
  114.357872  -24.489685  -24.489685  854.691040
  115.741341  -25.484425  -25.484425  854.692444
  117.234856  -26.558287  -26.558287  854.693542
  118.847183  -27.717581  -27.717581  854.694702
  120.587799  -28.969090  -28.969090  854.695862
  122.466873  -30.320162  -30.320162  854.696899
