 DATA SET FOR "multall" . GENERATED BY "stagen" .                       
    CP   and   GAMMA 
  -10.0000    1.0000
287.0491            1.4492              
       ITIMST 
         3
     CFL,    DAMP,    MACHLIM,    F_PDOWN 
  0.400000 10.000000  2.000000  0.000000
  IF_RESTART 
         0
  NSTEPS_MAX, CONLIM 
     10000  0.000150
   SFX,      SFT,      FAC_4TH,     NCHANGE 
  0.005000  0.005000  0.800000      1000
       NUMBER OF BLADE ROWS 
         2
        IM        KM 
        37        37
  FP(I),I=1,IMM1 
  1.000000  1.250000  1.562500  1.953125  2.441406  3.051758  3.814697  4.768372
  5.960464  7.450581  9.313226 11.641532 14.551915 18.189894 20.000000 20.000000
 20.000000 20.000000 20.000000 20.000000 20.000000 20.000000 18.189894 14.551915
 11.641532  9.313226  7.450581  5.960464  4.768372  3.814697  3.051758  2.441406
  1.953125  1.562500  1.250000  1.000000
  FR(K),K=1,KMM1 
  1.000000  1.250000  1.562500  1.953125  2.441406  3.051758  3.814697  4.768372
  5.960464  7.450581  9.313226 11.641532 14.551915 18.189894 20.000000 20.000000
 20.000000 20.000000 20.000000 20.000000 20.000000 20.000000 18.189894 14.551915
 11.641532  9.313226  7.450581  5.960464  4.768372  3.814697  3.051758  2.441406
  1.953125  1.562500  1.250000  1.000000
        IR        JR        KR        IRBB      JRBB      KRBB 
         3         3         3         9         9         9
   FBLK1,     FBLK2,     FBLK3  
  0.400000  0.200000  0.100000
       IFMIX 
         1
   RFMIX,    FEXTRAP,   FSMTHB,    FANGLE 
  0.025000  0.800000  1.000000  0.800000
      IFCOOL    IFBLEED    IF_ROUGH 
         0         0         0
       NSECS_IN 
         3
       IN_PRESS  IN_VTAN   IN_VR    IN_FLOW  IF_REPEAT  RFIN 
         0         0         1         0         0   0.50000
  IPOUT  SFEXIT  NSFEXIT 
    1  0.000000    0
  PLATE_LOSS  THROTTLE_EXIT 
  0.000000  0.000000
        ILOS      NLOS      IBOUND 
       100         5         0
   REYNO,     RF_VIS,   FTRANS, TURBVIS_LIM, PRANDTL, YPLUSWALL
       0.0     0.500     0.000  3000.000       1.0     0.000
   YPLAM      YPTURB 
  5.000000 25.000000
      ISHIFT    NEXTRAP_LE  NEXTRAP_TE 
         2        10        10
  (NSTG(N),N=1,NROWS) 
         1         1
  5  TIME STEPS FOR PRINTOUT 
 10010 10010 10010 10010 10010
  MARKER FOR VARIABLES TO BE SENT TO THE OUTPUT FILE.
 0 0 0 0 0 0 0 0 0 0 0 0 0 0 0 0 0 0 0 0
  STREAM SURFACES ON WHICH RESULTS ARE TO BE SENT TO   THE OUTPUT FILE 
 0 0 0 0 0 0 0 0 0 0 0 0 0 0 0 0 0 0 0 0 0 0 0 0 0 0 0 0 0 0 0 0 0 0 0 0 0
 ***************************************************************
 ************STARTING THE INPUT FOR EACH BLADE ROW**************
  BLADE ROW NUMBER =        1                                           
    NUMBER OF BLADES IN ROW 
        74
        JM        JLE       JTE 
       111        26        96
      KTIPSTART  KTIPEND 
         0         0
       BOUNDARY LAYER TRANSITION POINTS 
         0         0         0         0
  SET NEWGRID= 1 TO GENERATE A NEW GRID WITH DIFFERENT "J" POINTS AND SPACINGS.
         0
   RPMROW,    RPMHUB 
       0.0       0.0
       JROTHS    JROTHE    JROTTS    JROTTE 
         1         1         1         1
   PUPROW    PLEROW   PTEROW    PDROW 
 1853633.1 1853633.1 1163853.5 1163853.5
      NSECS_ROW   INSURF  
         3         0
  IF_CUSP_OUT   IFANGLES 
         1         0
         0         3         0
 ***************************************************************
  ROW NUMBER           1  SECTION NUMBER            1
           0           0           0  IF_DESIGN etc 
   1.00000   0.00000    0
 -0.024978 -0.022106 -0.019546 -0.017263 -0.015228 -0.013413 -0.011795 -0.010352
 -0.009066 -0.007919 -0.006896 -0.005985 -0.005172 -0.004447 -0.003801 -0.003225
 -0.002711 -0.002253 -0.001844 -0.001480 -0.001156 -0.000866 -0.000608 -0.000378
 -0.000173  0.000010  0.000193  0.000384  0.000585  0.000795  0.001016  0.001248
  0.001492  0.001750  0.002021  0.002307  0.002607  0.002924  0.003258  0.003609
  0.003979  0.004366  0.004773  0.005200  0.005648  0.006119  0.006614  0.007133
  0.007679  0.008253  0.008856  0.009492  0.010162  0.010870  0.011624  0.012435
  0.013303  0.014229  0.015209  0.016240  0.017318  0.018423  0.019539  0.020660
  0.021780  0.022896  0.024005  0.025106  0.026207  0.027311  0.028418  0.029527
  0.030636  0.031742  0.032842  0.033926  0.034989  0.036026  0.037037  0.038019
  0.038970  0.039891  0.040784  0.041651  0.042492  0.043305  0.044093  0.044854
  0.045588  0.046296  0.046977  0.047632  0.048260  0.048862  0.049437  0.049986
  0.050535  0.051115  0.051728  0.052376  0.053062  0.053786  0.054552  0.055361
  0.056217  0.057122  0.058078  0.059089  0.060158  0.061287  0.062482
  1.000000  0.000000
 -0.013897 -0.013777 -0.013670 -0.013574 -0.013489 -0.013413 -0.013345 -0.013284
 -0.013230 -0.013182 -0.013139 -0.013101 -0.013067 -0.013037 -0.013010 -0.012986
 -0.012964 -0.012945 -0.012928 -0.012912 -0.012899 -0.012887 -0.012876 -0.012866
 -0.012858 -0.012850 -0.011975 -0.011561 -0.011268 -0.011052 -0.010868 -0.010684
 -0.010496 -0.010304 -0.010107 -0.009906 -0.009698 -0.009485 -0.009266 -0.009040
 -0.008809 -0.008571 -0.008327 -0.008077 -0.007819 -0.007555 -0.007283 -0.007003
 -0.006715 -0.006421 -0.006116 -0.005803 -0.005480 -0.005147 -0.004801 -0.004437
 -0.004056 -0.003661 -0.003254 -0.002837 -0.002412 -0.001988 -0.001571 -0.001162
 -0.000764 -0.000376  0.000000  0.000366  0.000724  0.001075  0.001421  0.001761
  0.002095  0.002421  0.002740  0.003050  0.003348  0.003635  0.003911  0.004175
  0.004428  0.004670  0.004902  0.005125  0.005339  0.005544  0.005741  0.005930
  0.006110  0.006283  0.006449  0.006607  0.006757  0.006819  0.006540  0.005465
  0.005859  0.006276  0.006717  0.007183  0.007676  0.008196  0.008747  0.009329
  0.009944  0.010594  0.011281  0.012008  0.012776  0.013588  0.014446
  1.000000
  0.000000  0.000000  0.000000  0.000000  0.000000  0.000000  0.000000  0.000000
  0.000000  0.000000  0.000000  0.000000  0.000000  0.000000  0.000000  0.000000
  0.000000  0.000000  0.000000  0.000000  0.000000  0.000000  0.000000  0.000000
  0.000000  0.000000  0.001729  0.002536  0.003129  0.003577  0.003942  0.004286
  0.004632  0.004983  0.005340  0.005703  0.006072  0.006448  0.006830  0.007218
  0.007613  0.008012  0.008415  0.008822  0.009235  0.009649  0.010066  0.010485
  0.010904  0.011322  0.011739  0.012156  0.012566  0.012971  0.013369  0.013764
  0.014150  0.014517  0.014856  0.015164  0.015432  0.015654  0.015818  0.015929
  0.015986  0.015991  0.015947  0.015851  0.015708  0.015516  0.015277  0.014991
  0.014659  0.014283  0.013865  0.013410  0.012924  0.012411  0.011875  0.011321
  0.010753  0.010174  0.009585  0.008988  0.008386  0.007780  0.007174  0.006568
  0.005966  0.005370  0.004781  0.004201  0.003632  0.002993  0.002035  0.000000
  0.000000  0.000000  0.000000  0.000000  0.000000  0.000000  0.000000  0.000000
  0.000000  0.000000  0.000000  0.000000  0.000000  0.000000  0.000000
  1.000000  0.000000
  0.853854  0.853853  0.853852  0.853851  0.853851  0.853850  0.853849  0.853848
  0.853848  0.853847  0.853846  0.853846  0.853845  0.853845  0.853844  0.853844
  0.853843  0.853843  0.853842  0.853842  0.853842  0.853842  0.853842  0.853841
  0.853841  0.853841  0.853841  0.853840  0.853840  0.853840  0.853839  0.853839
  0.853839  0.853838  0.853838  0.853837  0.853837  0.853836  0.853836  0.853835
  0.853834  0.853834  0.853833  0.853832  0.853831  0.853831  0.853830  0.853829
  0.853828  0.853827  0.853825  0.853824  0.853823  0.853822  0.853820  0.853818
  0.853816  0.853815  0.853812  0.853810  0.853808  0.853806  0.853803  0.853801
  0.853798  0.853796  0.853793  0.853791  0.853789  0.853787  0.853784  0.853782
  0.853779  0.853777  0.853775  0.853773  0.853771  0.853769  0.853767  0.853765
  0.853764  0.853762  0.853761  0.853759  0.853758  0.853757  0.853756  0.853754
  0.853753  0.853752  0.853751  0.853751  0.853750  0.853749  0.853749  0.853748
  0.853748  0.853747  0.853747  0.853746  0.853746  0.853746  0.853745  0.853744
  0.853743  0.853742  0.853741  0.853739  0.853738  0.853736  0.853734
 ***************************************************************
  ROW NUMBER           1  SECTION NUMBER            2
           0           0           0  IF_DESIGN etc 
   1.00000   0.00000    0
 -0.025002 -0.022129 -0.019567 -0.017283 -0.015246 -0.013431 -0.011812 -0.010369
 -0.009082 -0.007934 -0.006911 -0.005999 -0.005186 -0.004461 -0.003814 -0.003238
 -0.002724 -0.002265 -0.001857 -0.001493 -0.001168 -0.000878 -0.000620 -0.000390
 -0.000185 -0.000002  0.000181  0.000373  0.000573  0.000784  0.001005  0.001237
  0.001482  0.001739  0.002010  0.002296  0.002597  0.002914  0.003248  0.003599
  0.003969  0.004357  0.004764  0.005191  0.005639  0.006110  0.006605  0.007125
  0.007671  0.008245  0.008849  0.009485  0.010156  0.010864  0.011618  0.012429
  0.013298  0.014224  0.015205  0.016237  0.017314  0.018420  0.019537  0.020658
  0.021779  0.022895  0.024005  0.025107  0.026208  0.027312  0.028420  0.029530
  0.030639  0.031746  0.032846  0.033931  0.034994  0.036032  0.037043  0.038025
  0.038977  0.039898  0.040792  0.041660  0.042500  0.043315  0.044102  0.044864
  0.045598  0.046306  0.046988  0.047643  0.048272  0.048874  0.049449  0.049998
  0.050547  0.051128  0.051741  0.052390  0.053076  0.053800  0.054566  0.055376
  0.056233  0.057138  0.058094  0.059106  0.060175  0.061305  0.062500
  1.000000  0.000000
 -0.013901 -0.013780 -0.013673 -0.013577 -0.013492 -0.013416 -0.013348 -0.013288
 -0.013234 -0.013186 -0.013143 -0.013105 -0.013070 -0.013040 -0.013013 -0.012989
 -0.012967 -0.012948 -0.012931 -0.012916 -0.012902 -0.012890 -0.012879 -0.012870
 -0.012861 -0.012853 -0.011978 -0.011564 -0.011270 -0.011055 -0.010871 -0.010687
 -0.010499 -0.010307 -0.010110 -0.009908 -0.009700 -0.009487 -0.009268 -0.009042
 -0.008810 -0.008572 -0.008329 -0.008078 -0.007821 -0.007556 -0.007284 -0.007004
 -0.006716 -0.006422 -0.006117 -0.005804 -0.005481 -0.005147 -0.004801 -0.004437
 -0.004057 -0.003662 -0.003255 -0.002837 -0.002412 -0.001988 -0.001571 -0.001162
 -0.000764 -0.000376  0.000000  0.000366  0.000724  0.001075  0.001421  0.001761
  0.002094  0.002421  0.002740  0.003049  0.003348  0.003635  0.003910  0.004174
  0.004427  0.004669  0.004901  0.005124  0.005337  0.005543  0.005739  0.005928
  0.006109  0.006281  0.006447  0.006605  0.006755  0.006817  0.006538  0.005462
  0.005856  0.006273  0.006714  0.007180  0.007673  0.008193  0.008744  0.009326
  0.009941  0.010591  0.011278  0.012005  0.012773  0.013585  0.014443
  1.000000
  0.000000  0.000000  0.000000  0.000000  0.000000  0.000000  0.000000  0.000000
  0.000000  0.000000  0.000000  0.000000  0.000000  0.000000  0.000000  0.000000
  0.000000  0.000000  0.000000  0.000000  0.000000  0.000000  0.000000  0.000000
  0.000000  0.000000  0.001730  0.002537  0.003130  0.003578  0.003943  0.004287
  0.004634  0.004985  0.005342  0.005705  0.006075  0.006450  0.006833  0.007222
  0.007616  0.008015  0.008418  0.008826  0.009239  0.009653  0.010070  0.010489
  0.010908  0.011326  0.011744  0.012161  0.012571  0.012976  0.013375  0.013770
  0.014156  0.014523  0.014863  0.015171  0.015439  0.015660  0.015825  0.015936
  0.015993  0.015997  0.015953  0.015858  0.015714  0.015523  0.015283  0.014997
  0.014665  0.014289  0.013871  0.013416  0.012929  0.012416  0.011880  0.011326
  0.010758  0.010178  0.009589  0.008992  0.008389  0.007783  0.007177  0.006571
  0.005969  0.005373  0.004783  0.004203  0.003633  0.002995  0.002036  0.000000
  0.000000  0.000000  0.000000  0.000000  0.000000  0.000000  0.000000  0.000000
  0.000000  0.000000  0.000000  0.000000  0.000000  0.000000  0.000000
  1.000000  0.000000
  0.854132  0.854132  0.854132  0.854132  0.854132  0.854132  0.854132  0.854132
  0.854132  0.854132  0.854132  0.854132  0.854132  0.854132  0.854132  0.854132
  0.854132  0.854132  0.854132  0.854132  0.854132  0.854132  0.854132  0.854132
  0.854132  0.854132  0.854132  0.854132  0.854132  0.854132  0.854132  0.854132
  0.854132  0.854132  0.854132  0.854132  0.854132  0.854132  0.854132  0.854132
  0.854132  0.854132  0.854132  0.854132  0.854132  0.854132  0.854132  0.854132
  0.854132  0.854132  0.854132  0.854132  0.854132  0.854132  0.854132  0.854132
  0.854132  0.854132  0.854132  0.854132  0.854132  0.854132  0.854132  0.854132
  0.854132  0.854132  0.854132  0.854132  0.854132  0.854132  0.854132  0.854132
  0.854132  0.854132  0.854132  0.854132  0.854132  0.854132  0.854132  0.854132
  0.854132  0.854132  0.854132  0.854132  0.854132  0.854132  0.854132  0.854132
  0.854132  0.854132  0.854132  0.854132  0.854132  0.854132  0.854132  0.854132
  0.854132  0.854132  0.854132  0.854132  0.854132  0.854132  0.854132  0.854132
  0.854132  0.854132  0.854132  0.854132  0.854132  0.854132  0.854132
 ***************************************************************
  ROW NUMBER           1  SECTION NUMBER            3
           0           0           0  IF_DESIGN etc 
   1.00000   0.00000    0
 -0.025025 -0.022151 -0.019588 -0.017303 -0.015265 -0.013449 -0.011829 -0.010385
 -0.009098 -0.007950 -0.006926 -0.006013 -0.005200 -0.004474 -0.003827 -0.003251
 -0.002737 -0.002278 -0.001869 -0.001505 -0.001180 -0.000890 -0.000632 -0.000402
 -0.000196 -0.000013  0.000170  0.000361  0.000562  0.000772  0.000994  0.001226
  0.001471  0.001728  0.002000  0.002286  0.002587  0.002904  0.003238  0.003590
  0.003959  0.004347  0.004755  0.005182  0.005631  0.006102  0.006597  0.007117
  0.007663  0.008237  0.008842  0.009478  0.010149  0.010857  0.011612  0.012423
  0.013293  0.014219  0.015200  0.016233  0.017311  0.018418  0.019535  0.020656
  0.021778  0.022895  0.024005  0.025107  0.026209  0.027314  0.028422  0.029533
  0.030642  0.031749  0.032851  0.033936  0.034999  0.036038  0.037049  0.038032
  0.038984  0.039906  0.040800  0.041668  0.042509  0.043324  0.044112  0.044874
  0.045609  0.046317  0.046999  0.047655  0.048283  0.048886  0.049462  0.050011
  0.050560  0.051141  0.051755  0.052404  0.053089  0.053815  0.054581  0.055391
  0.056248  0.057154  0.058111  0.059123  0.060192  0.061323  0.062518
  1.000000  0.000000
 -0.013904 -0.013783 -0.013676 -0.013581 -0.013495 -0.013419 -0.013351 -0.013291
 -0.013237 -0.013189 -0.013146 -0.013108 -0.013074 -0.013043 -0.013016 -0.012992
 -0.012971 -0.012951 -0.012934 -0.012919 -0.012906 -0.012893 -0.012883 -0.012873
 -0.012864 -0.012857 -0.011981 -0.011567 -0.011273 -0.011057 -0.010873 -0.010689
 -0.010501 -0.010309 -0.010112 -0.009910 -0.009702 -0.009489 -0.009270 -0.009044
 -0.008812 -0.008574 -0.008330 -0.008080 -0.007822 -0.007557 -0.007285 -0.007005
 -0.006717 -0.006423 -0.006118 -0.005805 -0.005482 -0.005148 -0.004802 -0.004438
 -0.004057 -0.003662 -0.003255 -0.002837 -0.002412 -0.001988 -0.001571 -0.001162
 -0.000764 -0.000376  0.000000  0.000366  0.000723  0.001075  0.001421  0.001761
  0.002094  0.002421  0.002740  0.003049  0.003347  0.003634  0.003910  0.004174
  0.004426  0.004668  0.004900  0.005123  0.005336  0.005541  0.005738  0.005926
  0.006107  0.006280  0.006445  0.006603  0.006753  0.006815  0.006536  0.005459
  0.005853  0.006270  0.006711  0.007177  0.007669  0.008190  0.008741  0.009323
  0.009938  0.010588  0.011275  0.012002  0.012770  0.013582  0.014441
  1.000000
  0.000000  0.000000  0.000000  0.000000  0.000000  0.000000  0.000000  0.000000
  0.000000  0.000000  0.000000  0.000000  0.000000  0.000000  0.000000  0.000000
  0.000000  0.000000  0.000000  0.000000  0.000000  0.000000  0.000000  0.000000
  0.000000  0.000000  0.001731  0.002538  0.003131  0.003580  0.003945  0.004289
  0.004636  0.004987  0.005345  0.005708  0.006077  0.006453  0.006836  0.007225
  0.007619  0.008019  0.008422  0.008830  0.009243  0.009657  0.010075  0.010494
  0.010913  0.011331  0.011749  0.012166  0.012577  0.012982  0.013380  0.013776
  0.014162  0.014529  0.014869  0.015177  0.015445  0.015667  0.015832  0.015942
  0.016000  0.016004  0.015960  0.015865  0.015721  0.015529  0.015290  0.015004
  0.014672  0.014295  0.013877  0.013421  0.012935  0.012421  0.011885  0.011331
  0.010762  0.010183  0.009593  0.008996  0.008393  0.007787  0.007180  0.006574
  0.005972  0.005375  0.004785  0.004205  0.003635  0.002996  0.002037  0.000000
  0.000000  0.000000  0.000000  0.000000  0.000000  0.000000  0.000000  0.000000
  0.000000  0.000000  0.000000  0.000000  0.000000  0.000000  0.000000
  1.000000  0.000000
  0.854409  0.854410  0.854411  0.854411  0.854412  0.854413  0.854414  0.854415
  0.854415  0.854416  0.854417  0.854417  0.854418  0.854419  0.854419  0.854419
  0.854420  0.854420  0.854420  0.854421  0.854421  0.854421  0.854422  0.854422
  0.854422  0.854422  0.854422  0.854423  0.854423  0.854423  0.854424  0.854424
  0.854424  0.854425  0.854425  0.854426  0.854426  0.854427  0.854427  0.854428
  0.854428  0.854429  0.854430  0.854431  0.854431  0.854432  0.854433  0.854434
  0.854435  0.854436  0.854437  0.854439  0.854440  0.854442  0.854443  0.854445
  0.854447  0.854448  0.854450  0.854453  0.854455  0.854457  0.854460  0.854462
  0.854465  0.854467  0.854469  0.854472  0.854474  0.854476  0.854479  0.854481
  0.854483  0.854485  0.854488  0.854490  0.854492  0.854494  0.854496  0.854498
  0.854499  0.854501  0.854502  0.854504  0.854505  0.854506  0.854508  0.854509
  0.854510  0.854510  0.854511  0.854512  0.854513  0.854514  0.854514  0.854515
  0.854515  0.854516  0.854516  0.854517  0.854517  0.854518  0.854518  0.854519
  0.854520  0.854521  0.854522  0.854524  0.854525  0.854527  0.854529
 ***************************************************************
 ************STARTING THE INPUT FOR EACH BLADE ROW**************
  BLADE ROW NUMBER =        2                                           
    NUMBER OF BLADES IN ROW 
        90
        JM        JLE       JTE 
       111        21        91
      KTIPSTART  KTIPEND 
         0         0
       BOUNDARY LAYER TRANSITION POINTS 
         0         0         0         0
  SET NEWGRID= 1 TO GENERATE A NEW GRID WITH DIFFERENT "J" POINTS AND SPACINGS.
         0
   RPMROW,    RPMHUB 
    3000.0    3000.0
       JROTHS    JROTHE    JROTTS    JROTTE 
         1         1         1         1
   PUPROW    PLEROW   PTEROW    PDROW 
 1163853.5 1163853.5  690473.6  690473.6
      NSECS_ROW   INSURF  
         3         0
  IF_CUSP_OUT   IFANGLES 
         1         0
         0         3         0
 ***************************************************************
  ROW NUMBER           2  SECTION NUMBER            1
           0           0           0  IF_DESIGN etc 
   1.00000   0.00000    0
  0.052477  0.053644  0.054690  0.055628  0.056469  0.057223  0.057898  0.058504
  0.059048  0.059535  0.059971  0.060363  0.060714  0.061029  0.061311  0.061564
  0.061790  0.061994  0.062176  0.062339  0.062486  0.062633  0.062786  0.062946
  0.063115  0.063292  0.063478  0.063674  0.063880  0.064097  0.064326  0.064567
  0.064821  0.065088  0.065369  0.065665  0.065976  0.066302  0.066644  0.067003
  0.067380  0.067776  0.068192  0.068629  0.069089  0.069572  0.070082  0.070619
  0.071186  0.071790  0.072439  0.073135  0.073876  0.074661  0.075488  0.076350
  0.077236  0.078130  0.079028  0.079925  0.080819  0.081708  0.082590  0.083471
  0.084356  0.085243  0.086131  0.087019  0.087905  0.088787  0.089655  0.090506
  0.091337  0.092147  0.092933  0.093696  0.094433  0.095149  0.095843  0.096516
  0.097168  0.097799  0.098409  0.098997  0.099564  0.100110  0.100634  0.101138
  0.101620  0.102080  0.102520  0.102960  0.103434  0.103946  0.104500  0.105097
  0.105741  0.106437  0.107188  0.107999  0.108875  0.109820  0.110840  0.111942
  0.113131  0.114414  0.115800  0.117296  0.118911  0.120655  0.122537
  1.000000  0.000000
 -0.000924 -0.000972 -0.001015 -0.001053 -0.001088 -0.001119 -0.001147 -0.001172
 -0.001194 -0.001214 -0.001232 -0.001248 -0.001263 -0.001276 -0.001288 -0.001298
 -0.001307 -0.001316 -0.001323 -0.001330 -0.001336 -0.000594 -0.000241  0.000031
  0.000237  0.000394  0.000525  0.000652  0.000777  0.000899  0.001018  0.001136
  0.001251  0.001364  0.001475  0.001582  0.001686  0.001785  0.001880  0.001972
  0.002056  0.002134  0.002204  0.002267  0.002320  0.002363  0.002395  0.002414
  0.002419  0.002405  0.002371  0.002313  0.002228  0.002113  0.001965  0.001779
  0.001558  0.001305  0.001020  0.000707  0.000365  0.000000 -0.000391 -0.000809
 -0.001254 -0.001726 -0.002225 -0.002749 -0.003297 -0.003866 -0.004451 -0.005046
 -0.005649 -0.006256 -0.006865 -0.007472 -0.008077 -0.008679 -0.009277 -0.009870
 -0.010458 -0.011037 -0.011608 -0.012169 -0.012719 -0.013257 -0.013782 -0.014294
 -0.014790 -0.015270 -0.015951 -0.016267 -0.016608 -0.016976 -0.017373 -0.017801
 -0.018264 -0.018764 -0.019303 -0.019885 -0.020513 -0.021192 -0.021924 -0.022715
 -0.023569 -0.024490 -0.025485 -0.026559 -0.027719 -0.028970 -0.030321
  1.000000
  0.000000  0.000000  0.000000  0.000000  0.000000  0.000000  0.000000  0.000000
  0.000000  0.000000  0.000000  0.000000  0.000000  0.000000  0.000000  0.000000
  0.000000  0.000000  0.000000  0.000000  0.000000  0.001511  0.002244  0.002778
  0.003172  0.003484  0.003767  0.004045  0.004320  0.004593  0.004865  0.005136
  0.005407  0.005678  0.005948  0.006218  0.006486  0.006752  0.007016  0.007280
  0.007540  0.007797  0.008051  0.008300  0.008545  0.008783  0.009015  0.009240
  0.009458  0.009665  0.009863  0.010048  0.010216  0.010364  0.010488  0.010581
  0.010642  0.010670  0.010665  0.010629  0.010562  0.010469  0.010348  0.010199
  0.010025  0.009825  0.009599  0.009350  0.009078  0.008785  0.008475  0.008150
  0.007814  0.007470  0.007118  0.006762  0.006404  0.006043  0.005681  0.005319
  0.004957  0.004599  0.004243  0.003892  0.003546  0.003206  0.002873  0.002547
  0.002186  0.001530  0.000000  0.000000  0.000000  0.000000  0.000000  0.000000
  0.000000  0.000000  0.000000  0.000000  0.000000  0.000000  0.000000  0.000000
  0.000000  0.000000  0.000000  0.000000  0.000000  0.000000  0.000000
  1.000000  0.000000
  0.853746  0.853746  0.853745  0.853744  0.853743  0.853742  0.853741  0.853740
  0.853739  0.853739  0.853738  0.853737  0.853737  0.853736  0.853736  0.853736
  0.853735  0.853735  0.853735  0.853734  0.853734  0.853734  0.853733  0.853733
  0.853733  0.853732  0.853732  0.853732  0.853731  0.853730  0.853730  0.853729
  0.853729  0.853728  0.853727  0.853727  0.853726  0.853725  0.853724  0.853723
  0.853722  0.853721  0.853719  0.853718  0.853716  0.853715  0.853713  0.853712
  0.853710  0.853708  0.853705  0.853703  0.853700  0.853697  0.853694  0.853691
  0.853687  0.853684  0.853680  0.853677  0.853673  0.853669  0.853665  0.853662
  0.853658  0.853654  0.853650  0.853647  0.853643  0.853639  0.853636  0.853632
  0.853629  0.853625  0.853622  0.853619  0.853616  0.853614  0.853611  0.853608
  0.853606  0.853604  0.853602  0.853599  0.853598  0.853596  0.853594  0.853592
  0.853591  0.853589  0.853588  0.853587  0.853586  0.853586  0.853585  0.853584
  0.853583  0.853582  0.853580  0.853579  0.853578  0.853577  0.853576  0.853575
  0.853573  0.853572  0.853571  0.853569  0.853568  0.853567  0.853566
 ***************************************************************
  ROW NUMBER           2  SECTION NUMBER            2
           0           0           0  IF_DESIGN etc 
   1.00000   0.00000    0
  0.052502  0.053668  0.054713  0.055650  0.056490  0.057243  0.057918  0.058524
  0.059066  0.059553  0.059989  0.060380  0.060731  0.061046  0.061327  0.061580
  0.061807  0.062010  0.062192  0.062355  0.062502  0.062648  0.062801  0.062962
  0.063130  0.063307  0.063493  0.063688  0.063894  0.064111  0.064340  0.064581
  0.064834  0.065102  0.065383  0.065678  0.065989  0.066314  0.066656  0.067015
  0.067391  0.067787  0.068203  0.068640  0.069099  0.069582  0.070091  0.070628
  0.071194  0.071797  0.072446  0.073141  0.073882  0.074667  0.075492  0.076355
  0.077239  0.078133  0.079029  0.079926  0.080819  0.081707  0.082589  0.083469
  0.084353  0.085239  0.086127  0.087014  0.087900  0.088780  0.089648  0.090498
  0.091329  0.092138  0.092923  0.093685  0.094422  0.095137  0.095831  0.096503
  0.097155  0.097785  0.098394  0.098982  0.099548  0.100094  0.100618  0.101121
  0.101602  0.102063  0.102502  0.102941  0.103415  0.103927  0.104480  0.105076
  0.105720  0.106416  0.107166  0.107976  0.108851  0.109795  0.110815  0.111915
  0.113103  0.114386  0.115771  0.117265  0.118879  0.120621  0.122502
  1.000000  0.000000
 -0.000905 -0.000954 -0.000998 -0.001037 -0.001072 -0.001104 -0.001132 -0.001158
 -0.001180 -0.001201 -0.001219 -0.001235 -0.001250 -0.001263 -0.001275 -0.001286
 -0.001295 -0.001304 -0.001311 -0.001318 -0.001324 -0.000582 -0.000229  0.000041
  0.000248  0.000404  0.000536  0.000663  0.000787  0.000909  0.001028  0.001146
  0.001261  0.001373  0.001483  0.001590  0.001694  0.001793  0.001888  0.001979
  0.002063  0.002140  0.002211  0.002273  0.002326  0.002369  0.002400  0.002419
  0.002423  0.002409  0.002375  0.002317  0.002231  0.002115  0.001967  0.001781
  0.001560  0.001306  0.001021  0.000707  0.000366  0.000000 -0.000391 -0.000809
 -0.001254 -0.001727 -0.002226 -0.002750 -0.003298 -0.003867 -0.004452 -0.005047
 -0.005650 -0.006257 -0.006866 -0.007474 -0.008078 -0.008680 -0.009278 -0.009871
 -0.010459 -0.011038 -0.011609 -0.012170 -0.012720 -0.013258 -0.013783 -0.014294
 -0.014790 -0.015270 -0.015951 -0.016267 -0.016608 -0.016976 -0.017373 -0.017801
 -0.018264 -0.018763 -0.019303 -0.019885 -0.020513 -0.021192 -0.021924 -0.022715
 -0.023568 -0.024490 -0.025485 -0.026559 -0.027718 -0.028969 -0.030321
  1.000000
  0.000000  0.000000  0.000000  0.000000  0.000000  0.000000  0.000000  0.000000
  0.000000  0.000000  0.000000  0.000000  0.000000  0.000000  0.000000  0.000000
  0.000000  0.000000  0.000000  0.000000  0.000000  0.001511  0.002243  0.002777
  0.003170  0.003482  0.003765  0.004042  0.004317  0.004590  0.004862  0.005133
  0.005404  0.005674  0.005944  0.006214  0.006482  0.006748  0.007012  0.007276
  0.007535  0.007792  0.008046  0.008295  0.008539  0.008777  0.009009  0.009234
  0.009451  0.009658  0.009856  0.010041  0.010209  0.010357  0.010481  0.010574
  0.010635  0.010663  0.010658  0.010622  0.010555  0.010462  0.010341  0.010193
  0.010018  0.009818  0.009593  0.009344  0.009072  0.008779  0.008469  0.008145
  0.007809  0.007465  0.007114  0.006758  0.006400  0.006039  0.005677  0.005316
  0.004954  0.004596  0.004240  0.003889  0.003544  0.003204  0.002871  0.002546
  0.002184  0.001528  0.000000  0.000000  0.000000  0.000000  0.000000  0.000000
  0.000000  0.000000  0.000000  0.000000  0.000000  0.000000  0.000000  0.000000
  0.000000  0.000000  0.000000  0.000000  0.000000  0.000000  0.000000
  1.000000  0.000000
  0.854132  0.854132  0.854132  0.854132  0.854132  0.854132  0.854132  0.854132
  0.854132  0.854132  0.854132  0.854132  0.854132  0.854132  0.854132  0.854132
  0.854132  0.854132  0.854132  0.854132  0.854132  0.854132  0.854132  0.854132
  0.854132  0.854132  0.854132  0.854132  0.854132  0.854132  0.854132  0.854132
  0.854132  0.854132  0.854132  0.854132  0.854132  0.854132  0.854132  0.854132
  0.854132  0.854132  0.854132  0.854132  0.854132  0.854132  0.854132  0.854132
  0.854132  0.854132  0.854132  0.854132  0.854132  0.854132  0.854132  0.854132
  0.854132  0.854132  0.854132  0.854132  0.854131  0.854131  0.854131  0.854132
  0.854131  0.854131  0.854131  0.854131  0.854131  0.854131  0.854131  0.854131
  0.854131  0.854131  0.854131  0.854131  0.854131  0.854131  0.854131  0.854131
  0.854131  0.854131  0.854131  0.854131  0.854131  0.854131  0.854131  0.854131
  0.854131  0.854131  0.854131  0.854131  0.854131  0.854131  0.854131  0.854131
  0.854131  0.854131  0.854131  0.854131  0.854131  0.854132  0.854131  0.854131
  0.854132  0.854132  0.854132  0.854132  0.854132  0.854132  0.854132
 ***************************************************************
  ROW NUMBER           2  SECTION NUMBER            3
           0           0           0  IF_DESIGN etc 
   1.00000   0.00000    0
  0.052526  0.053691  0.054735  0.055671  0.056511  0.057263  0.057938  0.058543
  0.059085  0.059571  0.060007  0.060398  0.060749  0.061063  0.061344  0.061597
  0.061823  0.062026  0.062208  0.062371  0.062518  0.062664  0.062817  0.062977
  0.063145  0.063322  0.063508  0.063703  0.063909  0.064126  0.064354  0.064595
  0.064848  0.065115  0.065396  0.065691  0.066001  0.066327  0.066668  0.067027
  0.067403  0.067799  0.068214  0.068651  0.069109  0.069592  0.070100  0.070637
  0.071203  0.071805  0.072454  0.073148  0.073888  0.074672  0.075497  0.076359
  0.077243  0.078135  0.079031  0.079927  0.080820  0.081707  0.082587  0.083467
  0.084350  0.085236  0.086123  0.087010  0.087894  0.088774  0.089641  0.090490
  0.091320  0.092128  0.092913  0.093674  0.094411  0.095125  0.095818  0.096490
  0.097141  0.097771  0.098379  0.098967  0.099533  0.100077  0.100601  0.101104
  0.101585  0.102045  0.102484  0.102923  0.103396  0.103908  0.104460  0.105056
  0.105699  0.106394  0.107144  0.107954  0.108828  0.109771  0.110790  0.111889
  0.113076  0.114358  0.115741  0.117235  0.118847  0.120588  0.122467
  1.000000  0.000000
 -0.000887 -0.000937 -0.000981 -0.001021 -0.001057 -0.001089 -0.001118 -0.001143
 -0.001166 -0.001187 -0.001206 -0.001222 -0.001237 -0.001251 -0.001263 -0.001273
 -0.001283 -0.001292 -0.001299 -0.001306 -0.001313 -0.000571 -0.000218  0.000052
  0.000259  0.000415  0.000546  0.000673  0.000797  0.000918  0.001038  0.001155
  0.001270  0.001382  0.001492  0.001599  0.001702  0.001801  0.001895  0.001986
  0.002070  0.002147  0.002217  0.002279  0.002332  0.002374  0.002405  0.002424
  0.002428  0.002413  0.002379  0.002320  0.002234  0.002118  0.001969  0.001783
  0.001561  0.001307  0.001022  0.000708  0.000366  0.000000 -0.000392 -0.000810
 -0.001255 -0.001728 -0.002227 -0.002751 -0.003299 -0.003868 -0.004453 -0.005049
 -0.005652 -0.006259 -0.006868 -0.007475 -0.008080 -0.008681 -0.009279 -0.009873
 -0.010460 -0.011040 -0.011610 -0.012171 -0.012721 -0.013259 -0.013784 -0.014295
 -0.014791 -0.015271 -0.015952 -0.016267 -0.016608 -0.016976 -0.017373 -0.017801
 -0.018264 -0.018764 -0.019303 -0.019885 -0.020513 -0.021192 -0.021924 -0.022715
 -0.023568 -0.024490 -0.025484 -0.026558 -0.027718 -0.028969 -0.030320
  1.000000
  0.000000  0.000000  0.000000  0.000000  0.000000  0.000000  0.000000  0.000000
  0.000000  0.000000  0.000000  0.000000  0.000000  0.000000  0.000000  0.000000
  0.000000  0.000000  0.000000  0.000000  0.000000  0.001511  0.002242  0.002775
  0.003168  0.003479  0.003763  0.004040  0.004315  0.004587  0.004859  0.005130
  0.005400  0.005671  0.005941  0.006210  0.006478  0.006743  0.007007  0.007271
  0.007531  0.007787  0.008041  0.008290  0.008534  0.008772  0.009003  0.009229
  0.009445  0.009652  0.009850  0.010035  0.010203  0.010350  0.010474  0.010567
  0.010628  0.010656  0.010651  0.010615  0.010549  0.010456  0.010334  0.010186
  0.010012  0.009812  0.009587  0.009338  0.009066  0.008774  0.008464  0.008140
  0.007804  0.007460  0.007109  0.006753  0.006396  0.006035  0.005674  0.005312
  0.004951  0.004593  0.004238  0.003887  0.003541  0.003202  0.002869  0.002544
  0.002183  0.001527  0.000000  0.000000  0.000000  0.000000  0.000000  0.000000
  0.000000  0.000000  0.000000  0.000000  0.000000  0.000000  0.000000  0.000000
  0.000000  0.000000  0.000000  0.000000  0.000000  0.000000  0.000000
  1.000000  0.000000
  0.854517  0.854518  0.854519  0.854519  0.854520  0.854521  0.854522  0.854523
  0.854524  0.854524  0.854525  0.854525  0.854526  0.854527  0.854527  0.854528
  0.854528  0.854528  0.854529  0.854529  0.854529  0.854529  0.854530  0.854530
  0.854530  0.854531  0.854531  0.854532  0.854532  0.854532  0.854533  0.854534
  0.854534  0.854535  0.854536  0.854536  0.854537  0.854538  0.854539  0.854540
  0.854541  0.854542  0.854543  0.854545  0.854546  0.854548  0.854550  0.854551
  0.854553  0.854555  0.854558  0.854560  0.854563  0.854566  0.854569  0.854572
  0.854576  0.854579  0.854583  0.854586  0.854590  0.854594  0.854598  0.854601
  0.854605  0.854609  0.854612  0.854616  0.854620  0.854624  0.854627  0.854631
  0.854634  0.854637  0.854641  0.854644  0.854647  0.854649  0.854652  0.854655
  0.854657  0.854659  0.854661  0.854664  0.854665  0.854667  0.854669  0.854671
  0.854672  0.854674  0.854675  0.854676  0.854676  0.854677  0.854678  0.854679
  0.854680  0.854681  0.854683  0.854684  0.854685  0.854686  0.854687  0.854689
  0.854690  0.854691  0.854692  0.854694  0.854695  0.854696  0.854697
  STARTING INLET BOUNDARY CONDITION DATA .
  NUMBER OF POINTS FOR INLET BOUNDARY CONDITIONS 
        37
  SPACING OF INLET BOUNDARY CONDITION POINTS 
  1.000000  1.250000  1.562500  1.953125  2.441406  3.051758  3.814697  4.768372
  5.960464  7.450581  9.313226 11.641532 14.551915 18.189894 20.000000 20.000000
 20.000000 20.000000 20.000000 20.000000 20.000000 20.000000 18.189894 14.551915
 11.641532  9.313226  7.450581  5.960464  4.768372  3.814697  3.051758  2.441406
  1.953125  1.562500  1.250000  1.000000
   INLET STAGNATION PRESSURES 
 3786000.0 3786000.0 3786000.0 3786000.0 3786000.0 3785999.8 3786000.0 3786000.2
 3785999.8 3786000.0 3786000.2 3786000.0 3786000.2 3786000.0 3786000.0 3786000.0
 3786000.0 3786000.0 3786000.0 3786000.0 3786000.0 3786000.0 3786000.0 3786000.0
 3786000.0 3786000.0 3786000.0 3786000.0 3786000.0 3786000.0 3786000.0 3786000.0
 3786000.0 3786000.0 3786000.0 3786000.0 3786000.0
   INLET STAGNATION TEMPERATURES 
  332.8109  332.8109  332.8109  332.8109  332.8109  332.8109  332.8109  332.8109
  332.8109  332.8109  332.8109  332.8109  332.8109  332.8109  332.8109  332.8109
  332.8109  332.8109  332.8109  332.8109  332.8109  332.8109  332.8109  332.8109
  332.8109  332.8109  332.8109  332.8109  332.8109  332.8109  332.8109  332.8109
  332.8109  332.8109  332.8109  332.8109  332.8109
   INLET ABSOLUTE TANGENTIAL VELOCITY 
    0.0000    0.0000    0.0000    0.0000    0.0000    0.0000    0.0000    0.0000
    0.0000    0.0000    0.0000    0.0000    0.0000    0.0000    0.0000    0.0000
    0.0000    0.0000    0.0000    0.0000    0.0000    0.0000    0.0000    0.0000
    0.0000    0.0000    0.0000    0.0000    0.0000    0.0000    0.0000    0.0000
    0.0000    0.0000    0.0000    0.0000    0.0000
   INLET MERIDIONAL VELOCITY 
  348.8331  348.8331  348.8331  348.8331  348.8331  348.8331  348.8331  348.8331
  348.8331  348.8330  348.8331  348.8331  348.8331  348.8331  348.8331  348.8331
  348.8331  348.8331  348.8331  348.8331  348.8331  348.8331  348.8331  348.8331
  348.8331  348.8331  348.8331  348.8331  348.8331  348.8331  348.8331  348.8331
  348.8331  348.8331  348.8331  348.8331  348.8331
   INLET MERIDIONAL YAW ANGLE  
    4.3987    4.3987    4.3987    4.3987    4.3987    4.3987    4.3987    4.3987
    4.3987    4.3987    4.3987    4.3987    4.3987    4.3987    4.3987    4.3987
    4.3987    4.3987    4.3987    4.3987    4.3987    4.3987    4.3987    4.3987
    4.3987    4.3987    4.3987    4.3987    4.3987    4.3987    4.3987    4.3987
    4.3987    4.3987    4.3987    4.3987    4.3987
   INLET PITCH ANGLE 
   -0.0036   -0.0035   -0.0035   -0.0035   -0.0034   -0.0034   -0.0033   -0.0032
   -0.0031   -0.0030   -0.0028   -0.0026   -0.0024   -0.0021   -0.0017   -0.0013
   -0.0009   -0.0004    0.0000    0.0004    0.0009    0.0013    0.0017    0.0021
    0.0024    0.0026    0.0028    0.0030    0.0031    0.0032    0.0033    0.0034
    0.0034    0.0035    0.0035    0.0035    0.0036
   PDOWN_HUB   PDOWN_TIP 
  690473.6  690473.6
 MIXING LENGTH LIMITS ON ALL BLADE ROWS
  0.020000  0.030000  0.040000  0.050000  1.000000  0.500000
  0.020000  0.030000  0.040000  0.050000  1.000000  0.500000
  FACTOR TO INCREASE THE TURBULENT VISCOSITY OVER THE FIRST NMIXUP STEPS 
   2.00000 1000
