  BLADE PROFILES IN CARTESIAN COORDINATES (2D) BEFORE   PROJECTION, SCALING, MESHING AND STACKING 
  VARIABLES = "X", "YSS", "YPS" 
  BLADE           1  SECTION           1
    0.000000   -0.014841   -0.014841
    0.000062   -0.012951   -0.017394
    0.000249   -0.010294   -0.019806
    0.000561   -0.007793   -0.022144
    0.000997   -0.005360   -0.024296
    0.001557   -0.003002   -0.026317
    0.002241   -0.000736   -0.028130
    0.003050    0.001418   -0.030052
    0.003982    0.003451   -0.032053
    0.005038    0.005352   -0.034093
    0.006218    0.007120   -0.036303
    0.007520    0.008787   -0.038698
    0.008945    0.010305   -0.041284
    0.010493    0.011696   -0.044059
    0.012162    0.013015   -0.046990
    0.013954    0.014250   -0.050086
    0.015866    0.015416   -0.053341
    0.017899    0.016514   -0.056753
    0.020052    0.017552   -0.060315
    0.022325    0.018529   -0.064022
    0.024716    0.019444   -0.067868
    0.027226    0.020291   -0.071847
    0.029854    0.021059   -0.075952
    0.032600    0.021742   -0.080178
    0.035461    0.022315   -0.084519
    0.038439    0.022757   -0.088968
    0.041531    0.023041   -0.093519
    0.044738    0.023143   -0.098166
    0.048058    0.023062   -0.102901
    0.051491    0.022821   -0.107719
    0.055036    0.022497   -0.112613
    0.058691    0.022146   -0.117575
    0.062456    0.021779   -0.122599
    0.066331    0.021398   -0.127679
    0.070314    0.021005   -0.132806
    0.074403    0.020601   -0.137975
    0.078599    0.020189   -0.143177
    0.082900    0.019770   -0.148406
    0.087305    0.019347   -0.153655
    0.091812    0.018923   -0.158917
    0.096421    0.018499   -0.164184
    0.101131    0.018078   -0.169450
    0.105941    0.017669   -0.174717
    0.110848    0.017262   -0.180013
    0.115853    0.016866   -0.185230
    0.120953    0.016482   -0.190406
    0.126148    0.016113   -0.195544
    0.131435    0.015763   -0.200637
    0.136815    0.015433   -0.205679
    0.142285    0.015127   -0.210664
    0.147845    0.014846   -0.215601
    0.153492    0.014595   -0.220514
    0.159225    0.014374   -0.225267
    0.165044    0.014191   -0.229925
    0.170946    0.014065   -0.234492
    0.176930    0.013961   -0.238966
    0.182994    0.013898   -0.243351
    0.189138    0.013879   -0.247664
    0.195358    0.013912   -0.251775
    0.201655    0.014022   -0.255761
    0.208026    0.014160   -0.259647
    0.214470    0.014352   -0.263447
    0.220986    0.014639   -0.266988
    0.227570    0.014956   -0.270390
    0.234223    0.015369   -0.273674
    0.240941    0.015821   -0.276831
    0.247725    0.016345   -0.279726
    0.254571    0.016967   -0.282494
    0.261478    0.017670   -0.285157
    0.268445    0.018414   -0.287475
    0.275470    0.019277   -0.289634
    0.282550    0.020224   -0.291647
    0.289685    0.021255   -0.293468
    0.296872    0.022341   -0.295031
    0.304110    0.023545   -0.296423
    0.311396    0.024847   -0.297626
    0.318730    0.026248   -0.298530
    0.326109    0.027747   -0.299263
    0.333531    0.029348   -0.299810
    0.340994    0.031052   -0.300023
    0.348497    0.032823   -0.300065
    0.356038    0.034730   -0.299925
    0.363615    0.036760   -0.299419
    0.371226    0.038898   -0.298743
    0.378869    0.041099   -0.297898
    0.386542    0.043466   -0.296647
    0.394243    0.045895   -0.295232
    0.401971    0.048491   -0.293654
    0.409723    0.051155   -0.291654
    0.417498    0.053928   -0.289432
    0.425293    0.056880   -0.287016
    0.433107    0.059897   -0.284393
    0.440937    0.063027   -0.281408
    0.448783    0.066274   -0.278230
    0.456641    0.069646   -0.274867
    0.464509    0.073191   -0.271120
    0.472387    0.076802   -0.267113
    0.480272    0.080529   -0.262878
    0.488161    0.084374   -0.258429
    0.496053    0.088336   -0.253797
    0.503947    0.092415   -0.248792
    0.511839    0.096611   -0.243546
    0.519729    0.100923   -0.238069
    0.527613    0.105350   -0.232382
    0.535491    0.109891   -0.226537
    0.543360    0.114545   -0.220323
    0.551217    0.119311   -0.213870
    0.559063    0.124187   -0.207192
    0.566893    0.129171   -0.200290
    0.574707    0.134263   -0.193166
    0.582502    0.139459   -0.185823
    0.590277    0.144758   -0.178262
    0.598029    0.150158   -0.170512
    0.605757    0.155656   -0.162622
    0.613458    0.161250   -0.154433
    0.621131    0.166924   -0.146042
    0.628774    0.172660   -0.137455
    0.636385    0.178527   -0.128677
    0.643962    0.184480   -0.119713
    0.651503    0.190525   -0.110569
    0.659006    0.196652   -0.101251
    0.666469    0.202855   -0.091764
    0.673891    0.209132   -0.082116
    0.681270    0.215479   -0.072311
    0.688604    0.221892   -0.062339
    0.695890    0.228369   -0.052160
    0.703128    0.234893   -0.041931
    0.710315    0.241448   -0.031573
    0.717450    0.248094   -0.021094
    0.724530    0.254795   -0.010500
    0.731555    0.261547    0.000200
    0.738522    0.268341    0.010998
    0.745429    0.275171    0.021889
    0.752275    0.282033    0.032864
    0.759059    0.288925    0.043915
    0.765777    0.295826    0.055036
    0.772430    0.302733    0.066229
    0.779015    0.309686    0.077491
    0.785530    0.316652    0.088843
    0.791974    0.323631    0.100166
    0.798345    0.330617    0.111516
    0.804642    0.337601    0.122886
    0.810863    0.344579    0.134267
    0.817006    0.351547    0.145651
    0.823070    0.358499    0.157029
    0.829054    0.365419    0.168396
    0.834956    0.372305    0.179749
    0.840775    0.379185    0.191071
    0.846508    0.386033    0.202374
    0.852155    0.392843    0.213647
    0.857715    0.399616    0.224823
    0.863185    0.406342    0.235933
    0.868565    0.413016    0.246971
    0.873852    0.419633    0.257927
    0.879047    0.426189    0.268793
    0.884147    0.432680    0.279565
    0.889152    0.439100    0.290234
    0.894059    0.445437    0.300789
    0.898869    0.451689    0.311221
    0.903579    0.457873    0.321539
    0.908188    0.463969    0.331724
    0.912695    0.469974    0.341738
    0.917100    0.475881    0.351598
    0.921401    0.481688    0.361296
    0.925597    0.487390    0.370824
    0.929686    0.492984    0.380177
    0.933669    0.498464    0.389345
    0.937544    0.503828    0.398326
    0.941309    0.509070    0.407108
    0.944965    0.514187    0.415685
    0.948509    0.519175    0.424051
    0.951942    0.524031    0.432197
    0.955262    0.528751    0.440119
    0.958469    0.533332    0.447810
    0.961561    0.537769    0.455263
    0.964539    0.542060    0.462474
    0.967400    0.546202    0.469436
    0.970146    0.550190    0.476143
    0.972774    0.554028    0.482591
    0.975284    0.557517    0.488775
    0.977675    0.560305    0.494689
    0.979948    0.562590    0.500328
    0.982101    0.564482    0.505689
    0.984134    0.566041    0.510767
    0.986046    0.567310    0.515558
    0.987838    0.568312    0.520057
    0.989507    0.569060    0.524261
    0.991055    0.569567    0.528166
    0.992480    0.569838    0.531772
    0.993782    0.569874    0.535073
    0.994962    0.569710    0.538069
    0.996018    0.569289    0.540757
    0.996950    0.568626    0.543167
    0.997759    0.567774    0.545361
    0.998443    0.566705    0.547631
    0.999003    0.565415    0.549842
    0.999439    0.563932    0.551952
    0.999751    0.562271    0.554221
    0.999938    0.559085    0.556405
    1.000000    0.557297    0.557297
  BLADE PROFILES IN CARTESIAN COORDINATES (3D) 
  VARIABLES = "X", "YSS", "YPS" "R" 
  BLADE           1  SECTION           1
  -24.957159   17.100828   17.100828  648.909973
  -22.086922   14.531890   14.531890  648.906799
  -19.527809   12.241419   12.241419  648.903442
  -17.246098   10.199229   10.199229  648.899902
  -15.211714    8.378407    8.378407  648.896484
  -13.397855    6.754963    6.754963  648.893066
  -11.780606    5.307498    5.307498  648.889587
  -10.338670    4.016937    4.016937  648.886475
   -9.053032    2.866274    2.866274  648.883484
   -7.906752    1.840343    1.840343  648.880554
   -6.884726    0.925623    0.925623  648.877991
   -5.973487    0.110059    0.110059  648.875488
   -5.161019   -0.617100   -0.617100  648.873291
   -4.436625   -1.265434   -1.265434  648.871155
   -3.790752   -1.843489   -1.843489  648.869202
   -3.214888   -2.358884   -2.358884  648.867554
   -2.701446   -2.818410   -2.818410  648.865906
   -2.243658   -3.228124   -3.228124  648.864441
   -1.835495   -3.593425   -3.593425  648.863220
   -1.471574   -3.919128   -3.919128  648.862000
   -1.147103   -4.209527   -4.209527  648.860901
   -0.857799   -4.468445   -4.468445  648.859985
   -0.599858   -4.699297   -4.699297  648.859070
   -0.369878   -4.905128   -4.905128  648.858276
   -0.164825   -5.088644   -5.088644  648.857544
    0.018000   -5.252268   -5.252268  648.856995
    0.200822   -4.431075   -6.138354  648.855896
    0.391978   -4.133687   -6.500631  648.854797
    0.592234   -3.945797   -6.859720  648.853516
    0.802359   -3.805289   -7.221302  648.852356
    1.023122   -3.692272   -7.589227  648.850952
    1.255288   -3.598420   -7.965006  648.849609
    1.499628   -3.521320   -8.349571  648.848206
    1.756906   -3.461813   -8.743550  648.846436
    2.027897   -3.424534   -9.147324  648.844910
    2.313364   -3.415079   -9.561064  648.843018
    2.614074   -3.432702   -9.984752  648.841003
    2.930797   -3.462559  -10.418181  648.839050
    3.264301   -3.495132  -10.860978  648.836853
    3.615352   -3.529779  -11.312572  648.834534
    3.984547   -3.566068  -11.772011  648.832153
    4.371972   -3.603458  -12.237599  648.829590
    4.778532   -3.641410  -12.708494  648.826843
    5.205242   -3.679102  -13.183893  648.823853
    5.653220   -3.716119  -13.665757  648.820740
    6.123711   -3.751836  -14.145424  648.817566
    6.618051   -3.785280  -14.625464  648.814087
    7.137442   -3.815467  -15.104253  648.810303
    7.682871   -3.841287  -15.583484  648.806519
    8.256166   -3.861341  -16.050724  648.802246
    8.859370   -3.873049  -16.509607  648.797974
    9.494752   -3.876997  -16.961151  648.793091
   10.164818   -3.868418  -17.391563  648.787964
   10.872272   -3.847486  -17.807970  648.782715
   11.625692   -3.808487  -18.195883  648.776978
   12.435932   -3.749957  -18.560871  648.770630
   13.303895   -3.663884  -18.890268  648.763977
   14.228899   -3.546082  -19.164076  648.756653
   15.208733   -3.393842  -19.376606  648.748779
   16.239609   -3.198011  -19.512293  648.740479
   17.316177   -2.956648  -19.558580  648.731628
   18.421001   -2.666534  -19.505568  648.722656
   19.536402   -2.332857  -19.349689  648.713623
   20.656399   -1.953740  -19.089800  648.704285
   21.776039   -1.528658  -18.729282  648.695312
   22.891623   -1.062178  -18.269741  648.686096
   24.000380   -0.550535  -17.704273  648.677002
   25.100834    0.000000  -17.054564  648.667847
   26.200399    0.595546  -16.302063  648.659058
   27.304001    1.239489  -15.456664  648.650024
   28.410786    1.932094  -14.505017  648.640869
   29.519268    2.672995  -13.456710  648.632141
   30.627489    3.461112  -12.318444  648.623413
   31.732857    4.291635  -11.081141  648.614868
   32.832272    5.168688   -9.755706  648.606445
   33.915916    6.080051   -8.357068  648.598083
   34.977730    7.017426   -6.892772  648.590332
   36.014797    7.973828   -5.384211  648.582764
   37.024788    8.949937   -3.835224  648.575439
   38.005913    9.936892   -2.255534  648.568665
   38.956959   10.928174   -0.651321  648.562134
   39.877251   11.924810    0.968799  648.555847
   40.770184   12.924857    2.599507  648.550110
   41.636597   13.924431    4.240422  648.544617
   42.476517   14.923709    5.889062  648.539429
   43.289951   15.919937    7.534832  648.534424
   44.076874   16.909409    9.174218  648.529907
   44.837315   17.888655   10.804029  648.525452
   45.571262   18.857197   12.420647  648.521545
   46.278709   19.812067   14.015332  648.517700
   46.959667   20.750853   15.586493  648.514160
   47.614120   21.671255   17.129940  648.510864
   48.242085   22.571156   18.641403  648.507812
   48.843555   23.406353   20.117153  648.505005
   49.418522   23.842688   21.553474  648.502502
   49.966984   23.265244   23.264822  648.500061
   50.515465   24.380510   24.380301  648.498962
   51.095280   25.559690   25.559690  648.497864
   51.708202   26.806204   26.806204  648.496399
   52.356121   28.123884   28.123884  648.494751
   53.041050   29.516821   29.516821  648.492554
   53.765079   30.989285   30.989285  648.490051
   54.530468   32.545822   32.545822  648.487000
   55.339577   34.191227   34.191227  648.483398
   56.194862   35.930561   35.930561  648.479187
   57.099033   37.769184   37.769184  648.473755
   58.054813   39.712749   39.712749  648.467346
   59.065186   41.767258   41.767258  648.459961
   60.133259   43.939022   43.939022  648.451416
   61.262318   46.234730   46.234730  648.441589
   62.455853   48.661446   48.661446  648.430176
  BLADE PROFILES IN CARTESIAN COORDINATES (2D) BEFORE   PROJECTION, SCALING, MESHING AND STACKING 
  VARIABLES = "X", "YSS", "YPS" 
  BLADE           1  SECTION           2
    0.000000   -0.014841   -0.014841
    0.000062   -0.012933   -0.017364
    0.000249   -0.010278   -0.019789
    0.000561   -0.007778   -0.022128
    0.000997   -0.005345   -0.024283
    0.001557   -0.002988   -0.026304
    0.002241   -0.000723   -0.028115
    0.003050    0.001431   -0.030037
    0.003982    0.003463   -0.032038
    0.005038    0.005363   -0.034077
    0.006218    0.007130   -0.036285
    0.007520    0.008795   -0.038679
    0.008945    0.010312   -0.041263
    0.010493    0.011703   -0.044036
    0.012162    0.013022   -0.046965
    0.013954    0.014256   -0.050059
    0.015866    0.015422   -0.053312
    0.017899    0.016520   -0.056722
    0.020052    0.017558   -0.060282
    0.022325    0.018535   -0.063987
    0.024716    0.019449   -0.067830
    0.027226    0.020296   -0.071806
    0.029854    0.021064   -0.075909
    0.032600    0.021746   -0.080132
    0.035461    0.022319   -0.084470
    0.038439    0.022760   -0.088916
    0.041531    0.023043   -0.093465
    0.044738    0.023145   -0.098108
    0.048058    0.023063   -0.102841
    0.051491    0.022822   -0.107656
    0.055036    0.022498   -0.112547
    0.058691    0.022147   -0.117506
    0.062456    0.021781   -0.122527
    0.066331    0.021401   -0.127604
    0.070314    0.021008   -0.132728
    0.074403    0.020605   -0.137893
    0.078599    0.020194   -0.143093
    0.082900    0.019776   -0.148319
    0.087305    0.019354   -0.153565
    0.091812    0.018930   -0.158824
    0.096421    0.018506   -0.164089
    0.101131    0.018086   -0.169352
    0.105941    0.017678   -0.174616
    0.110848    0.017271   -0.179908
    0.115853    0.016875   -0.185122
    0.120953    0.016491   -0.190296
    0.126148    0.016123   -0.195431
    0.131435    0.015772   -0.200522
    0.136815    0.015443   -0.205562
    0.142285    0.015136   -0.210544
    0.147845    0.014856   -0.215479
    0.153492    0.014604   -0.220391
    0.159225    0.014383   -0.225142
    0.165044    0.014200   -0.229797
    0.170946    0.014073   -0.234363
    0.176930    0.013968   -0.238836
    0.182994    0.013904   -0.243220
    0.189138    0.013885   -0.247530
    0.195358    0.013917   -0.251641
    0.201655    0.014025   -0.255626
    0.208026    0.014162   -0.259511
    0.214470    0.014353   -0.263311
    0.220986    0.014638   -0.266851
    0.227570    0.014954   -0.270253
    0.234223    0.015365   -0.273537
    0.240941    0.015815   -0.276695
    0.247725    0.016337   -0.279590
    0.254571    0.016956   -0.282358
    0.261478    0.017658   -0.285022
    0.268445    0.018398   -0.287342
    0.275470    0.019259   -0.289502
    0.282550    0.020203   -0.291516
    0.289685    0.021231   -0.293340
    0.296872    0.022313   -0.294904
    0.304110    0.023514   -0.296298
    0.311396    0.024813   -0.297506
    0.318730    0.026210   -0.298411
    0.326109    0.027706   -0.299147
    0.333531    0.029303   -0.299699
    0.340994    0.031002   -0.299914
    0.348497    0.032767   -0.299959
    0.356038    0.034671   -0.299826
    0.363615    0.036696   -0.299322
    0.371226    0.038788   -0.298650
    0.378869    0.041024   -0.297813
    0.386542    0.043385   -0.296565
    0.394243    0.045808   -0.295155
    0.401971    0.048354   -0.293580
    0.409723    0.051055   -0.291589
    0.417498    0.053822   -0.289372
    0.425293    0.056722   -0.286963
    0.433107    0.059777   -0.284350
    0.440937    0.062901   -0.281369
    0.448783    0.066140   -0.278198
    0.456641    0.069502   -0.274841
    0.464509    0.073041   -0.271105
    0.472387    0.076644   -0.267105
    0.480272    0.080363   -0.262877
    0.488161    0.084200   -0.258437
    0.496053    0.088153   -0.253818
    0.503947    0.092224   -0.248819
    0.511839    0.096411   -0.243583
    0.519729    0.100713   -0.238114
    0.527613    0.105131   -0.232438
    0.535491    0.109662   -0.226601
    0.543360    0.114307   -0.220400
    0.551217    0.119062   -0.213958
    0.559063    0.123928   -0.207290
    0.566893    0.128903   -0.200399
    0.574707    0.133983   -0.193286
    0.582502    0.139169   -0.185954
    0.590277    0.144457   -0.178405
    0.598029    0.149846   -0.170668
    0.605757    0.155333   -0.162789
    0.613458    0.160916   -0.154612
    0.621131    0.166578   -0.146234
    0.628774    0.172302   -0.137660
    0.636385    0.178158   -0.128895
    0.643962    0.184098   -0.119945
    0.651503    0.190132   -0.110814
    0.659006    0.196247   -0.101510
    0.666469    0.202438   -0.092037
    0.673891    0.208702   -0.082402
    0.681270    0.215037   -0.072612
    0.688604    0.221438   -0.062653
    0.695890    0.227902   -0.052489
    0.703128    0.234413   -0.042274
    0.710315    0.240955   -0.031931
    0.717450    0.247589   -0.021467
    0.724530    0.254277   -0.010888
    0.731555    0.261016   -0.000203
    0.738522    0.267796    0.010581
    0.745429    0.274613    0.021456
    0.752275    0.281462    0.032416
    0.759059    0.288341    0.043451
    0.765777    0.295244    0.054558
    0.772430    0.302157    0.065735
    0.779015    0.309063    0.076982
    0.785530    0.316015    0.088319
    0.791974    0.322981    0.099627
    0.798345    0.329954    0.110962
    0.804642    0.336925    0.122316
    0.810863    0.343890    0.133682
    0.817006    0.350844    0.145050
    0.823070    0.357783    0.156413
    0.829054    0.364690    0.167765
    0.834956    0.371563    0.179104
    0.840775    0.378431    0.190410
    0.846508    0.385266    0.201698
    0.852155    0.392063    0.212957
    0.857715    0.398824    0.224117
    0.863185    0.405537    0.235213
    0.868565    0.412199    0.246236
    0.873852    0.418804    0.257178
    0.879047    0.425348    0.268030
    0.884147    0.431826    0.278787
    0.889152    0.438235    0.289443
    0.894059    0.444559    0.299984
    0.898869    0.450800    0.310403
    0.903579    0.456973    0.320707
    0.908188    0.463058    0.330879
    0.912695    0.469051    0.340880
    0.917100    0.474948    0.350727
    0.921401    0.480744    0.360412
    0.925597    0.486436    0.369929
    0.929686    0.492019    0.379269
    0.933669    0.497489    0.388425
    0.937544    0.502843    0.397395
    0.941309    0.508075    0.406166
    0.944965    0.513183    0.414732
    0.948509    0.518162    0.423086
    0.951942    0.523009    0.431222
    0.955262    0.527721    0.439134
    0.958469    0.532293    0.446815
    0.961561    0.536723    0.454259
    0.964539    0.541006    0.461460
    0.967400    0.545140    0.468413
    0.970146    0.549121    0.475112
    0.972774    0.552952    0.481552
    0.975284    0.556432    0.487728
    0.977675    0.559212    0.493634
    0.979948    0.561491    0.499266
    0.982101    0.563377    0.504621
    0.984134    0.564931    0.509692
    0.986046    0.566195    0.514476
    0.987838    0.567193    0.518970
    0.989507    0.567937    0.523169
    0.991055    0.568441    0.527068
    0.992480    0.568708    0.530670
    0.993782    0.568742    0.533967
    0.994962    0.568576    0.536960
    0.996018    0.568153    0.539643
    0.996950    0.567488    0.542050
    0.997759    0.566635    0.544241
    0.998443    0.565567    0.546508
    0.999003    0.564276    0.548716
    0.999439    0.562793    0.550825
    0.999751    0.561133    0.553092
    0.999938    0.557946    0.555275
    1.000000    0.556168    0.556168
  BLADE PROFILES IN CARTESIAN COORDINATES (3D) 
  VARIABLES = "X", "YSS", "YPS" "R" 
  BLADE           1  SECTION           2
  -25.006491   17.110584   17.110584  649.438049
  -22.133398   14.541239   14.541239  649.438049
  -19.571741   12.250401   12.250401  649.437988
  -17.287756   10.207880   10.207880  649.437988
  -15.251345    8.386760    8.386760  649.437988
  -13.435676    6.763045    6.763045  649.437927
  -11.816820    5.315337    5.315337  649.438049
  -10.373443    4.024553    4.024553  649.438049
   -9.086521    2.873686    2.873686  649.438049
   -7.939095    1.847569    1.847569  649.438049
   -6.916047    0.932679    0.932679  649.438049
   -6.003895    0.116961    0.116961  649.437988
   -5.190620   -0.610337   -0.610337  649.438049
   -4.465496   -1.258798   -1.258798  649.438049
   -3.818976   -1.836968   -1.836968  649.438049
   -3.242539   -2.352466   -2.352466  649.438049
   -2.728583   -2.812086   -2.812086  649.438049
   -2.270336   -3.221884   -3.221884  649.437988
   -1.861764   -3.587263   -3.587263  649.438049
   -1.497479   -3.913035   -3.913035  649.438110
   -1.172682   -4.203495   -4.203495  649.438049
   -0.883093   -4.462469   -4.462469  649.437988
   -0.624889   -4.693372   -4.693372  649.438110
   -0.394678   -4.899245   -4.899245  649.438110
   -0.189422   -5.082804   -5.082804  649.437988
   -0.006413   -5.246465   -5.246465  649.438049
    0.176595   -4.424512   -6.133373  649.438110
    0.367945   -4.127047   -6.495793  649.438171
    0.568407   -3.939024   -6.855021  649.438171
    0.778745   -3.798441   -7.216729  649.437988
    0.999732   -3.685346   -7.584793  649.437988
    1.232134   -3.591425   -7.960714  649.438110
    1.476722   -3.514277   -8.345428  649.437988
    1.734262   -3.454758   -8.739560  649.438049
    2.005527   -3.417517   -9.143490  649.438049
    2.291283   -3.408140   -9.557393  649.437988
    2.592301   -3.425828   -9.981254  649.438049
    2.909346   -3.455671  -10.414864  649.437927
    3.243192   -3.488226  -10.857844  649.437866
    3.594602   -3.522861  -11.309636  649.437988
    3.964171   -3.559144  -11.769280  649.438049
    4.351993   -3.596535  -12.235082  649.438110
    4.758967   -3.634487  -12.706204  649.437927
    5.186110   -3.672193  -13.181833  649.437988
    5.634549   -3.709232  -13.663939  649.437927
    6.105514   -3.744983  -14.143847  649.438171
    6.600365   -3.778472  -14.624165  649.437988
    7.120283   -3.808718  -15.103240  649.438049
    7.666271   -3.834607  -15.582767  649.438049
    8.240149   -3.854717  -16.050301  649.438049
    8.843973   -3.866541  -16.509518  649.437988
    9.480009   -3.870608  -16.961395  649.438049
   10.150755   -3.862162  -17.392170  649.438049
   10.858934   -3.841394  -17.808969  649.438171
   11.613121   -3.802576  -18.197273  649.437927
   12.424203   -3.744257  -18.562714  649.438049
   13.293048   -3.658445  -18.892572  649.437927
   14.219010   -3.540923  -19.166883  649.438171
   15.199853   -3.389055  -19.379934  649.437927
   16.231773   -3.193546  -19.516178  649.437927
   17.309452   -2.952683  -19.563059  649.438049
   18.415411   -2.664403  -19.510656  649.437988
   19.531960   -2.329683  -19.355421  649.437988
   20.653097   -1.950974  -19.096159  649.438049
   21.773895   -1.526631  -18.736347  649.437805
   22.890608   -1.060974  -18.277193  649.438171
   24.000517   -0.549894  -17.712368  649.437988
   25.102114    0.000000  -17.063370  649.438049
   26.202778    0.594873  -16.311367  649.438049
   27.307535    1.238111  -15.466631  649.438110
   28.415451    1.929986  -14.515492  649.438049
   29.525074    2.670128  -13.467742  649.437988
   30.634405    3.457467  -12.330041  649.437988
   31.740919    4.287193  -11.093317  649.438110
   32.841457    5.163456   -9.768456  649.437866
   33.926212    6.073995   -8.370394  649.437927
   34.989120    7.010548   -6.906651  649.438049
   36.027229    7.966135   -5.398627  649.437927
   37.038265    8.941427   -3.850152  649.437988
   38.020378    9.927690   -2.270966  649.437927
   38.972408   10.918018   -0.667225  649.437744
   39.893627   11.913905    0.952422  649.438049
   40.787453   12.913178    2.582684  649.438110
   41.654766   13.911984    4.223161  649.438049
   42.495533   14.910501    5.871366  649.437866
   43.309792   15.905986    7.516727  649.438049
   44.097527   16.894728    9.155711  649.437927
   44.858738   17.873247   10.785134  649.437927
   45.593418   18.841087   12.401370  649.438049
   46.301582   19.795263   13.995687  649.437988
   46.983227   20.733366   15.566498  649.437988
   47.638340   21.653116   17.109598  649.437988
   48.266941   22.552372   18.620731  649.437988
   48.869015   23.386745   20.096163  649.438049
   49.444557   23.822142   21.532185  649.437927
   49.993584   23.243803   23.243383  649.438049
   50.542599   24.358568   24.358358  649.438049
   51.122978   25.537220   25.537220  649.438049
   51.736511   26.783194   26.783194  649.438049
   52.385086   28.100321   28.100321  649.438110
   53.070694   29.492674   29.492674  649.438110
   53.795456   30.964550   30.964550  649.438110
   54.561615   32.520481   32.520481  649.438049
   55.371529   34.165291   34.165291  649.437988
   56.227699   35.904018   35.904018  649.438110
   57.132774   37.742058   37.742058  649.438049
   58.089523   39.685066   39.685066  649.438049
   59.100925   41.739052   41.739052  649.438049
   60.170094   43.910343   43.910343  649.438049
   61.300323   46.205635   46.205635  649.438049
   62.495098   48.632027   48.632027  649.438049
  BLADE PROFILES IN CARTESIAN COORDINATES (2D) BEFORE   PROJECTION, SCALING, MESHING AND STACKING 
  VARIABLES = "X", "YSS", "YPS" 
  BLADE           1  SECTION           3
    0.000000   -0.014841   -0.014841
    0.000062   -0.012915   -0.017335
    0.000249   -0.010262   -0.019772
    0.000561   -0.007762   -0.022113
    0.000997   -0.005331   -0.024270
    0.001557   -0.002973   -0.026291
    0.002241   -0.000709   -0.028100
    0.003050    0.001444   -0.030023
    0.003982    0.003475   -0.032023
    0.005038    0.005374   -0.034060
    0.006218    0.007141   -0.036267
    0.007520    0.008803   -0.038660
    0.008945    0.010320   -0.041242
    0.010493    0.011711   -0.044013
    0.012162    0.013029   -0.046941
    0.013954    0.014263   -0.050032
    0.015866    0.015428   -0.053284
    0.017899    0.016526   -0.056691
    0.020052    0.017564   -0.060249
    0.022325    0.018540   -0.063951
    0.024716    0.019455   -0.067792
    0.027226    0.020301   -0.071765
    0.029854    0.021069   -0.075866
    0.032600    0.021751   -0.080086
    0.035461    0.022323   -0.084422
    0.038439    0.022764   -0.088865
    0.041531    0.023046   -0.093411
    0.044738    0.023146   -0.098051
    0.048058    0.023064   -0.102781
    0.051491    0.022823   -0.107593
    0.055036    0.022499   -0.112481
    0.058691    0.022149   -0.117437
    0.062456    0.021784   -0.122455
    0.066331    0.021405   -0.127529
    0.070314    0.021013   -0.132650
    0.074403    0.020610   -0.137813
    0.078599    0.020199   -0.143009
    0.082900    0.019782   -0.148232
    0.087305    0.019360   -0.153475
    0.091812    0.018937   -0.158731
    0.096421    0.018514   -0.163993
    0.101131    0.018095   -0.169253
    0.105941    0.017686   -0.174514
    0.110848    0.017280   -0.179804
    0.115853    0.016884   -0.185015
    0.120953    0.016501   -0.190186
    0.126148    0.016132   -0.195319
    0.131435    0.015782   -0.200408
    0.136815    0.015453   -0.205445
    0.142285    0.015146   -0.210425
    0.147845    0.014865   -0.215358
    0.153492    0.014613   -0.220268
    0.159225    0.014392   -0.225016
    0.165044    0.014209   -0.229670
    0.170946    0.014081   -0.234235
    0.176930    0.013975   -0.238706
    0.182994    0.013911   -0.243088
    0.189138    0.013891   -0.247398
    0.195358    0.013922   -0.251507
    0.201655    0.014029   -0.255491
    0.208026    0.014165   -0.259376
    0.214470    0.014354   -0.263176
    0.220986    0.014638   -0.266715
    0.227570    0.014952   -0.270117
    0.234223    0.015361   -0.273401
    0.240941    0.015809   -0.276560
    0.247725    0.016329   -0.279455
    0.254571    0.016947   -0.282224
    0.261478    0.017645   -0.284887
    0.268445    0.018384   -0.287209
    0.275470    0.019242   -0.289370
    0.282550    0.020183   -0.291386
    0.289685    0.021208   -0.293213
    0.296872    0.022286   -0.294778
    0.304110    0.023483   -0.296174
    0.311396    0.024780   -0.297387
    0.318730    0.026173   -0.298292
    0.326109    0.027665   -0.299031
    0.333531    0.029258   -0.299589
    0.340994    0.030953   -0.299805
    0.348497    0.032711   -0.299854
    0.356038    0.034612   -0.299728
    0.363615    0.036632   -0.299226
    0.371226    0.038717   -0.298558
    0.378869    0.040950   -0.297729
    0.386542    0.043304   -0.296484
    0.394243    0.045722   -0.295078
    0.401971    0.048260   -0.293506
    0.409723    0.050957   -0.291525
    0.417498    0.053718   -0.289312
    0.425293    0.056609   -0.286909
    0.433107    0.059658   -0.284307
    0.440937    0.062775   -0.281331
    0.448783    0.066007   -0.278167
    0.456641    0.069360   -0.274814
    0.464509    0.072892   -0.271090
    0.472387    0.076487   -0.267097
    0.480272    0.080198   -0.262876
    0.488161    0.084027   -0.258445
    0.496053    0.087972   -0.253839
    0.503947    0.092034   -0.248847
    0.511839    0.096211   -0.243619
    0.519729    0.100505   -0.238159
    0.527613    0.104913   -0.232494
    0.535491    0.109435   -0.226665
    0.543360    0.114070   -0.220477
    0.551217    0.118816   -0.214045
    0.559063    0.123671   -0.207388
    0.566893    0.128635   -0.200508
    0.574707    0.133706   -0.193406
    0.582502    0.138881   -0.186085
    0.590277    0.144158   -0.178548
    0.598029    0.149536   -0.170823
    0.605757    0.155012   -0.162956
    0.613458    0.160583   -0.154791
    0.621131    0.166234   -0.146426
    0.628774    0.171947   -0.137865
    0.636385    0.177790   -0.129113
    0.643962    0.183719   -0.120175
    0.651503    0.189742   -0.111058
    0.659006    0.195844   -0.101767
    0.666469    0.202023   -0.092308
    0.673891    0.208275   -0.082688
    0.681270    0.214597   -0.072912
    0.688604    0.220985   -0.062967
    0.695890    0.227437   -0.052818
    0.703128    0.233936   -0.042617
    0.710315    0.240465   -0.032288
    0.717450    0.247085   -0.021839
    0.724530    0.253761   -0.011275
    0.731555    0.260487   -0.000605
    0.738522    0.267254    0.010164
    0.745429    0.274058    0.021025
    0.752275    0.280894    0.031969
    0.759059    0.287760    0.042990
    0.765777    0.294649    0.054081
    0.772430    0.301549    0.065244
    0.779015    0.308442    0.076475
    0.785530    0.315381    0.087797
    0.791974    0.322334    0.099089
    0.798345    0.329294    0.110409
    0.804642    0.336252    0.121748
    0.810863    0.343204    0.133099
    0.817006    0.350145    0.144452
    0.823070    0.357071    0.155800
    0.829054    0.363965    0.167137
    0.834956    0.370825    0.178460
    0.840775    0.377680    0.189752
    0.846508    0.384502    0.201025
    0.852155    0.391286    0.212269
    0.857715    0.398035    0.223415
    0.863185    0.404736    0.234496
    0.868565    0.411385    0.245505
    0.873852    0.417978    0.256432
    0.879047    0.424510    0.267270
    0.884147    0.430976    0.278013
    0.889152    0.437373    0.288655
    0.894059    0.443686    0.299183
    0.898869    0.449915    0.309588
    0.903579    0.456077    0.319879
    0.908188    0.462151    0.330037
    0.912695    0.468133    0.340025
    0.917100    0.474019    0.349859
    0.921401    0.479805    0.359533
    0.925597    0.485486    0.369037
    0.929686    0.491059    0.378365
    0.933669    0.496519    0.387510
    0.937544    0.501863    0.396467
    0.941309    0.507086    0.405227
    0.944965    0.512184    0.413782
    0.948509    0.517154    0.422126
    0.951942    0.521993    0.430252
    0.955262    0.526695    0.438153
    0.958469    0.531259    0.445824
    0.961561    0.535681    0.453259
    0.964539    0.539956    0.460451
    0.967400    0.544083    0.467395
    0.970146    0.548056    0.474085
    0.972774    0.551881    0.480517
    0.975284    0.555352    0.486685
    0.977675    0.558125    0.492584
    0.979948    0.560397    0.498209
    0.982101    0.562278    0.503556
    0.984134    0.563827    0.508621
    0.986046    0.565086    0.513399
    0.987838    0.566080    0.517888
    0.989507    0.566821    0.522081
    0.991055    0.567321    0.525975
    0.992480    0.567585    0.529572
    0.993782    0.567616    0.532865
    0.994962    0.567449    0.535854
    0.996018    0.567024    0.538534
    0.996950    0.566357    0.540938
    0.997759    0.565502    0.543127
    0.998443    0.564435    0.545390
    0.999003    0.563144    0.547594
    0.999439    0.561661    0.549702
    0.999751    0.560001    0.551966
    0.999938    0.556814    0.554149
    1.000000    0.555045    0.555045
  BLADE PROFILES IN CARTESIAN COORDINATES (3D) 
  VARIABLES = "X", "YSS", "YPS" "R" 
  BLADE           1  SECTION           3
  -25.058916   17.121803   17.121803  649.966858
  -22.182707   14.551811   14.551811  649.970032
  -19.618263   12.260396   12.260396  649.973450
  -17.331799   10.217362   10.217362  649.976807
  -15.293180    8.395782    8.395782  649.980225
  -13.475548    6.771653    6.771653  649.983521
  -11.854935    5.323565    5.323565  649.986877
  -10.409989    4.032442    4.032442  649.990051
   -9.121676    2.881269    2.881269  649.992981
   -7.973012    1.854874    1.854874  649.995789
   -6.948855    0.939734    0.939734  649.998352
   -6.035720    0.123789    0.123789  650.000732
   -5.221561   -0.603713   -0.603713  650.002930
   -4.495658   -1.252358   -1.252358  650.005005
   -3.848436   -1.830695   -1.830695  650.006958
   -3.271374   -2.346343   -2.346343  650.008606
   -2.756865   -2.806099   -2.806099  650.010315
   -2.298124   -3.216018   -3.216018  650.011658
   -1.889112   -3.581505   -3.581505  650.012939
   -1.524434   -3.907377   -3.907377  650.014099
   -1.199286   -4.197923   -4.197923  650.015198
   -0.909382   -4.456976   -4.456976  650.016052
   -0.650904   -4.687950   -4.687950  650.016968
   -0.420444   -4.893888   -4.893888  650.017700
   -0.214962   -5.077501   -5.077501  650.018311
   -0.031757   -5.241212   -5.241212  650.018921
    0.151445   -4.418426   -6.129027  650.020020
    0.342999   -4.120856   -6.491628  650.021057
    0.543673   -3.932682   -6.851024  650.022400
    0.754237   -3.792009   -7.212891  650.023499
    0.975458   -3.678827   -7.581129  650.024963
    1.208108   -3.584824   -7.957226  650.026306
    1.452955   -3.507619   -8.342121  650.027832
    1.710770   -3.448082   -8.736439  650.029419
    1.982322   -3.410876   -9.140564  650.031067
    2.268386   -3.401574   -9.554669  650.032959
    2.569720   -3.419323   -9.978736  650.034912
    2.887104   -3.449150  -10.412565  650.036804
    3.221302   -3.481691  -10.855774  650.038879
    3.573085   -3.516315  -11.307800  650.041260
    3.943048   -3.552592  -11.767690  650.043701
    4.331279   -3.589983  -12.233749  650.046204
    4.738685   -3.627940  -12.705137  650.049011
    5.166281   -3.665659  -13.181037  650.051941
    5.615198   -3.702725  -13.663432  650.055054
    6.086664   -3.738509  -14.143621  650.058289
    6.582031   -3.772043  -14.624255  650.061707
    7.102508   -3.802344  -15.103659  650.065613
    7.649070   -3.828307  -15.583532  650.069336
    8.223554   -3.848475  -16.051401  650.073547
    8.828012   -3.860414  -16.510988  650.077942
    9.464729   -3.864602  -16.963245  650.082703
   10.136187   -3.856286  -17.394419  650.087708
   10.845108   -3.835677  -17.811653  650.093079
   11.600094   -3.797037  -18.200380  650.098877
   12.412024   -3.738923  -18.566311  650.105225
   13.281795   -3.653364  -18.896658  650.111877
   14.208733   -3.536111  -19.171501  650.119324
   15.190607   -3.384598  -19.385082  650.127197
   16.223623   -3.189391  -19.521900  650.135315
   17.302429   -2.949005  -19.569374  650.144165
   18.409559   -2.661170  -19.517578  650.152954
   19.527288   -2.326869  -19.362976  650.162170
   20.649595   -1.948660  -19.104311  650.171448
   21.771589   -1.524883  -18.745173  650.180786
   22.889475   -1.059869  -18.286358  650.189758
   24.000565   -0.549308  -17.722134  650.198853
   25.103306    0.000000  -17.073778  650.208069
   26.205135    0.594256  -16.322206  650.216980
   27.311041    1.236847  -15.478055  650.225952
   28.420134    1.928055  -14.527339  650.234680
   29.530941    2.667508  -13.480046  650.243652
   30.641441    3.454144  -12.342801  650.252563
   31.749130    4.283158  -11.106542  650.261047
   32.850830    5.158700   -9.782133  650.269470
   33.936737    6.068506   -8.384508  650.277527
   35.000763    7.004331   -6.921180  650.285522
   36.039978    7.959185   -5.413554  650.293213
   37.052074    8.933751   -3.865453  650.300598
   38.035252    9.919304   -2.286618  650.307373
   38.988270   10.908926   -0.683202  650.313782
   39.910480   11.904110    0.936119  650.319946
   40.805260   12.902702    2.566081  650.325806
   41.673481   13.900842    4.206269  650.331299
   42.515167   14.898695    5.854211  650.336731
   43.330280   15.893522    7.499308  650.341370
   44.118858   16.881626    9.138050  650.346069
   44.880890   17.859520   10.767232  650.350403
   45.616360   18.826752   12.383249  650.354492
   46.325275   19.780323   13.977350  650.358337
   47.007637   20.717833   15.547951  650.361694
   47.663464   21.637012   17.090855  650.364990
   48.292732   22.535717   18.601797  650.368164
   48.895447   23.369350   20.077047  650.371033
   49.471619   23.803873   21.512896  650.373596
   50.021233   23.224611   23.224192  650.376099
   50.570862   24.338989   24.338778  650.376892
   51.151878   25.517231   25.517231  650.378113
   51.766060   26.762775   26.762775  650.379517
   52.415340   28.079470   28.079470  650.381226
   53.101696   29.471386   29.471386  650.383301
   53.827240   30.942804   30.942804  650.385864
   54.594227   32.498295   32.498295  650.388977
   55.405006   34.142651   34.142651  650.392517
   56.262093   35.880947   35.880947  650.396790
   57.168125   37.718586   37.718586  650.402344
   58.125904   39.661236   39.661236  650.408875
   59.138374   41.714905   41.714905  650.416504
   60.208664   43.885929   43.885929  650.425171
   61.340080   46.181049   46.181049  650.435364
   62.536106   48.607357   48.607357  650.447021
  BLADE PROFILES IN CARTESIAN COORDINATES (2D) BEFORE   PROJECTION, SCALING, MESHING AND STACKING 
  VARIABLES = "X", "YSS", "YPS" 
  BLADE           2  SECTION           1
    0.000000    0.020282    0.020282
    0.000062    0.021929    0.017399
    0.000249    0.024293    0.014578
    0.000561    0.026102    0.011734
    0.000997    0.027871    0.008898
    0.001557    0.029815    0.006088
    0.002241    0.031630    0.003322
    0.003050    0.033597    0.000629
    0.003982    0.035696   -0.001965
    0.005038    0.037970   -0.004432
    0.006218    0.040407   -0.006742
    0.007520    0.043017   -0.008886
    0.008945    0.045798   -0.010864
    0.010493    0.048741   -0.012673
    0.012162    0.051836   -0.014301
    0.013954    0.055070   -0.015824
    0.015866    0.058445   -0.017239
    0.017899    0.061954   -0.018559
    0.020052    0.065590   -0.019785
    0.022325    0.069347   -0.020933
    0.024716    0.073219   -0.022000
    0.027226    0.077199   -0.022989
    0.029854    0.081281   -0.023888
    0.032600    0.085458   -0.024692
    0.035461    0.089725   -0.025373
    0.038439    0.094090   -0.025925
    0.041531    0.098549   -0.026302
    0.044738    0.103048   -0.026464
    0.048058    0.107611   -0.026386
    0.051491    0.112232   -0.026065
    0.055036    0.116905   -0.025543
    0.058691    0.121624   -0.024932
    0.062456    0.126382   -0.024277
    0.066331    0.131167   -0.023582
    0.070314    0.135977   -0.022858
    0.074403    0.140806   -0.022101
    0.078599    0.145647   -0.021314
    0.082900    0.150495   -0.020499
    0.087305    0.155342   -0.019659
    0.091812    0.160184   -0.018797
    0.096421    0.165012   -0.017916
    0.101131    0.169821   -0.017021
    0.105941    0.174620   -0.016112
    0.110848    0.179425   -0.015194
    0.115853    0.184139   -0.014269
    0.120953    0.188791   -0.013341
    0.126148    0.193392   -0.012413
    0.131435    0.197935   -0.011488
    0.136815    0.202417   -0.010573
    0.142285    0.206850   -0.009682
    0.147845    0.211247   -0.008793
    0.153492    0.215496   -0.007922
    0.159225    0.219636   -0.007071
    0.165044    0.223685   -0.006245
    0.170946    0.227639   -0.005453
    0.176930    0.231507   -0.004712
    0.182994    0.235313   -0.003988
    0.189138    0.238902   -0.003302
    0.195358    0.242372   -0.002663
    0.201655    0.245748   -0.002098
    0.208026    0.249043   -0.001556
    0.214470    0.252089   -0.001068
    0.220986    0.254987   -0.000674
    0.227570    0.257780   -0.000307
    0.234223    0.260474   -0.000014
    0.240941    0.262886    0.000188
    0.247725    0.265137    0.000343
    0.254571    0.267263    0.000392
    0.261478    0.269273    0.000388
    0.268445    0.270972    0.000277
    0.275470    0.272550    0.000069
    0.282550    0.273989   -0.000183
    0.289685    0.275136   -0.000575
    0.296872    0.276070   -0.001064
    0.304110    0.276862   -0.001604
    0.311396    0.277514   -0.002295
    0.318730    0.277818   -0.003094
    0.326109    0.277980   -0.003954
    0.333531    0.277990   -0.004969
    0.340994    0.277665   -0.006107
    0.348497    0.277117   -0.007303
    0.356038    0.276406   -0.008681
    0.363615    0.275536   -0.010127
    0.371226    0.274301   -0.011746
    0.378869    0.272909   -0.013439
    0.386542    0.271340   -0.015319
    0.394243    0.269445   -0.017265
    0.401971    0.267293   -0.019364
    0.409723    0.264975   -0.021630
    0.417498    0.262480   -0.023976
    0.425293    0.259647   -0.026461
    0.433107    0.256559   -0.029149
    0.440937    0.253258   -0.031910
    0.448783    0.249761   -0.034805
    0.456641    0.246107   -0.037836
    0.464509    0.242078   -0.041004
    0.472387    0.237828   -0.044312
    0.480272    0.233359   -0.047766
    0.488161    0.228696   -0.051371
    0.496053    0.223871   -0.055155
    0.503947    0.218710   -0.059022
    0.511839    0.213309   -0.063027
    0.519729    0.207691   -0.067167
    0.527613    0.201857   -0.071444
    0.535491    0.195806   -0.075855
    0.543360    0.189542   -0.080400
    0.551217    0.183089   -0.085078
    0.559063    0.176489   -0.089886
    0.566893    0.169593   -0.094824
    0.574707    0.162491   -0.099874
    0.582502    0.155176   -0.105012
    0.590277    0.147666   -0.110328
    0.598029    0.139964   -0.115764
    0.605757    0.132073   -0.121319
    0.613458    0.123999   -0.126995
    0.621131    0.115746   -0.132790
    0.628774    0.107317   -0.138697
    0.636385    0.098718   -0.144713
    0.643962    0.089955   -0.150835
    0.651503    0.081031   -0.157059
    0.659006    0.071953   -0.163382
    0.666469    0.062727   -0.169800
    0.673891    0.053357   -0.176311
    0.681270    0.043849   -0.182890
    0.688604    0.034203   -0.189532
    0.695890    0.024431   -0.196298
    0.703128    0.014540   -0.203141
    0.710315    0.004537   -0.210057
    0.717450   -0.005597   -0.217051
    0.724530   -0.015867   -0.224112
    0.731555   -0.026166   -0.231233
    0.738522   -0.036550   -0.238410
    0.745429   -0.047012   -0.245638
    0.752275   -0.057545   -0.252913
    0.759059   -0.068142   -0.260230
    0.765777   -0.078796   -0.267565
    0.772430   -0.089499   -0.274919
    0.779015   -0.100244   -0.282334
    0.785530   -0.111026   -0.289773
    0.791974   -0.121842   -0.297230
    0.798345   -0.132677   -0.304700
    0.804642   -0.143523   -0.312185
    0.810863   -0.154396   -0.319673
    0.817006   -0.165283   -0.327157
    0.823070   -0.176115   -0.334634
    0.829054   -0.186927   -0.342098
    0.834956   -0.197712   -0.349543
    0.840775   -0.208462   -0.356965
    0.846508   -0.219169   -0.364358
    0.852155   -0.229825   -0.371701
    0.857715   -0.240423   -0.378999
    0.863185   -0.250959   -0.386274
    0.868565   -0.261423   -0.393500
    0.873852   -0.271806   -0.400671
    0.879047   -0.282098   -0.407781
    0.884147   -0.292294   -0.414825
    0.889152   -0.302384   -0.421799
    0.894059   -0.312381   -0.428697
    0.898869   -0.322260   -0.435513
    0.903579   -0.331991   -0.442244
    0.908188   -0.341587   -0.448885
    0.912695   -0.351041   -0.455428
    0.917100   -0.360348   -0.461869
    0.921401   -0.369498   -0.468204
    0.925597   -0.378487   -0.474428
    0.929686   -0.387306   -0.480536
    0.933669   -0.395950   -0.486522
    0.937544   -0.404412   -0.492384
    0.941309   -0.412686   -0.498115
    0.944965   -0.420765   -0.503712
    0.948509   -0.428642   -0.509172
    0.951942   -0.436312   -0.514488
    0.955262   -0.443768   -0.519658
    0.958469   -0.451005   -0.524676
    0.961561   -0.458018   -0.529539
    0.964539   -0.464801   -0.534244
    0.967400   -0.471348   -0.538785
    0.970146   -0.477655   -0.543159
    0.972774   -0.483717   -0.547374
    0.975284   -0.489529   -0.551347
    0.977675   -0.495087   -0.554729
    0.979948   -0.500385   -0.557442
    0.982101   -0.505416   -0.559647
    0.984134   -0.510186   -0.561440
    0.986046   -0.514686   -0.562894
    0.987838   -0.518913   -0.564039
    0.989507   -0.522863   -0.564907
    0.991055   -0.526531   -0.565507
    0.992480   -0.529917   -0.565858
    0.993782   -0.533017   -0.565966
    0.994962   -0.535828   -0.565836
    0.996018   -0.538351   -0.565480
    0.996950   -0.540670   -0.564902
    0.997759   -0.542839   -0.564077
    0.998443   -0.545026   -0.563065
    0.999003   -0.547289   -0.561854
    0.999439   -0.549490   -0.560452
    0.999751   -0.551604   -0.558858
    0.999938   -0.553503   -0.556998
    1.000000   -0.555838   -0.555838
  BLADE PROFILES IN CARTESIAN COORDINATES (3D) 
  VARIABLES = "X", "YSS", "YPS" "R" 
  BLADE           2  SECTION           1
   52.437828  -17.705254  -17.705254  648.494507
   53.606815  -16.654367  -16.654367  648.490662
   54.654907  -15.712175  -15.712175  648.486511
   55.594559  -14.867438  -14.867438  648.482178
   56.437000  -14.110071  -14.110071  648.477722
   57.192303  -13.431046  -13.431046  648.473145
   57.869476  -12.822257  -12.822257  648.468628
   58.476585  -12.276443  -12.276443  648.464355
   59.020908  -11.787089  -11.787089  648.460327
   59.508907  -11.348352  -11.348352  648.456482
   59.946430  -10.955002  -10.955002  648.453003
   60.338707  -10.602342  -10.602342  648.449707
   60.690380  -10.286160  -10.286160  648.446594
   61.005692  -10.002687  -10.002687  648.443848
   61.288380   -9.748537   -9.748537  648.441284
   61.541817   -9.520678   -9.520678  648.438843
   61.769054   -9.316389   -9.316389  648.436707
   61.972775   -9.133233   -9.133233  648.434814
   62.155430   -8.969023   -8.969023  648.433167
   62.319183   -8.821799   -8.821799  648.431396
   62.466000   -8.689807   -8.689807  648.429993
   62.612801   -7.960555   -9.408937  648.428406
   62.766312   -7.640985   -9.718392  648.426575
   62.927120   -7.333721   -9.912807  648.424561
   63.095852   -7.030867  -10.050852  648.422485
   63.273125   -6.728058  -10.159041  648.420349
   63.459553   -6.423255  -10.247245  648.418152
   63.655758   -6.115191  -10.319590  648.415649
   63.862354   -5.803060  -10.375953  648.412842
   64.079971   -5.484897  -10.413534  648.410034
   64.309189   -5.162662  -10.425296  648.406982
   64.550674   -4.835894  -10.406779  648.403687
   64.804993   -4.504193  -10.366406  648.400269
   65.072800   -4.167933  -10.319318  648.396423
   65.354691   -3.827765  -10.267951  648.392456
   65.651146   -3.484107  -10.212457  648.388123
   65.962250   -3.138219  -10.153249  648.383423
   66.288712   -2.790723  -10.090775  648.378601
   66.631348   -2.442100  -10.025678  648.373291
   66.991058   -2.090875   -9.958344  648.367554
   67.368851   -1.744250   -9.889385  648.361572
   67.765785   -1.399919   -9.819483  648.355042
   68.182838   -1.057984   -9.750231  648.347961
   68.620804   -0.720297   -9.681470  648.340576
   69.081123   -0.393758   -9.614606  648.332458
   69.565460   -0.074898   -9.552115  648.323914
   70.075668    0.233205   -9.493371  648.314514
   70.613678    0.525895   -9.442390  648.304565
   71.181732    0.800087   -9.399097  648.293945
   71.786682    1.056184   -9.366945  648.282166
   72.437256    1.283420   -9.349301  648.269348
   73.134178    1.483095   -9.350393  648.255371
   73.876862    1.640773   -9.374774  648.240173
   74.663605    1.742324   -9.428040  648.223511
   75.491302    1.786341   -9.515673  648.205811
   76.355690    1.759548   -9.642215  648.187073
   77.242744    1.658699   -9.810617  648.167297
   78.138306    1.480282  -10.020657  648.147217
   79.037560    1.221808  -10.272993  648.126648
   79.936523    0.886182  -10.568104  648.105896
   80.832214    0.482448  -10.902269  648.085144
   81.722435    0.000000  -11.277630  648.064148
   82.605965   -0.543140  -11.696211  648.043213
   83.488792   -1.163848  -12.154461  648.022095
   84.374855   -1.855988  -12.658032  648.001099
   85.263458   -2.616384  -13.207167  647.979797
   86.153473   -3.454159  -13.799107  647.958557
   87.043243   -4.362202  -14.438570  647.937134
   87.930717   -5.337636  -15.122341  647.916016
   88.813446   -6.376694  -15.847255  647.895203
   89.683472   -7.467853  -16.605234  647.874573
   90.535980   -8.602204  -17.388792  647.854431
   91.368629   -9.773708  -18.197498  647.835266
   92.179550  -10.971655  -19.024673  647.816467
   92.967285  -12.188696  -19.864962  647.798523
   93.730865  -13.419685  -20.712484  647.781311
   94.469772  -14.659683  -21.567438  647.764954
   95.186707  -15.910290  -22.428778  647.749268
   95.882355  -17.163794  -23.293760  647.734253
   96.556740  -18.418373  -24.159531  647.719910
   97.209831  -19.670883  -25.023199  647.706299
   97.841682  -20.917795  -25.884365  647.693298
   98.452232  -22.156450  -26.739454  647.680908
   99.041534  -23.380886  -27.586351  647.669128
   99.609558  -24.588964  -28.422564  647.658081
  100.156319  -25.777945  -29.245935  647.647644
  100.681786  -26.944857  -30.054504  647.637695
  101.186012  -28.086607  -30.846138  647.628479
  101.668930  -29.200434  -31.599648  647.619873
  102.130600  -30.283554  -32.007107  647.611633
  102.571007  -31.651884  -31.652376  647.604004
  103.011429  -32.546173  -32.546421  647.599609
  103.486923  -33.511349  -33.511349  647.595154
  104.000237  -34.553291  -34.553291  647.590271
  104.554359  -35.678127  -35.678127  647.585205
  105.152603  -36.892441  -36.892441  647.579834
  105.798439  -38.203354  -38.203354  647.574280
  106.495621  -39.618549  -39.618549  647.568481
  107.248283  -41.146320  -41.146320  647.562378
  108.060829  -42.795631  -42.795631  647.556030
  108.938004  -44.576149  -44.576149  647.549438
  109.885002  -46.498329  -46.498329  647.542603
  110.907288  -48.573406  -48.573406  647.535767
  112.010918  -50.813576  -50.813576  647.528748
  113.202370  -53.231960  -53.231960  647.521667
  114.488594  -55.842754  -55.842754  647.514587
  115.877144  -58.661263  -58.661263  647.507446
  117.376152  -61.704025  -61.704025  647.500427
  118.994408  -64.988869  -64.988869  647.493835
  120.741417  -68.535088  -68.535088  647.487671
  122.627411  -72.363495  -72.363495  647.481689
  BLADE PROFILES IN CARTESIAN COORDINATES (2D) BEFORE   PROJECTION, SCALING, MESHING AND STACKING 
  VARIABLES = "X", "YSS", "YPS" 
  BLADE           2  SECTION           2
    0.000000    0.020294    0.020294
    0.000062    0.021950    0.017422
    0.000249    0.024312    0.014592
    0.000561    0.026123    0.011745
    0.000997    0.027890    0.008905
    0.001557    0.029832    0.006089
    0.002241    0.031646    0.003318
    0.003050    0.033610    0.000619
    0.003982    0.035706   -0.001981
    0.005038    0.037976   -0.004456
    0.006218    0.040410   -0.006774
    0.007520    0.043016   -0.008930
    0.008945    0.045792   -0.010917
    0.010493    0.048730   -0.012737
    0.012162    0.051819   -0.014377
    0.013954    0.055047   -0.015912
    0.015866    0.058415   -0.017339
    0.017899    0.061917   -0.018673
    0.020052    0.065545   -0.019913
    0.022325    0.069294   -0.021075
    0.024716    0.073158   -0.022156
    0.027226    0.077128   -0.023161
    0.029854    0.081201   -0.024075
    0.032600    0.085368   -0.024896
    0.035461    0.089625   -0.025594
    0.038439    0.093978   -0.026163
    0.041531    0.098426   -0.026559
    0.044738    0.102913   -0.026739
    0.048058    0.107464   -0.026679
    0.051491    0.112072   -0.026376
    0.055036    0.116732   -0.025873
    0.058691    0.121438   -0.025280
    0.062456    0.126181   -0.024644
    0.066331    0.130950   -0.023967
    0.070314    0.135745   -0.023263
    0.074403    0.140559   -0.022526
    0.078599    0.145385   -0.021759
    0.082900    0.150216   -0.020965
    0.087305    0.155047   -0.020146
    0.091812    0.159872   -0.019305
    0.096421    0.164683   -0.018445
    0.101131    0.169494   -0.017572
    0.105941    0.174307   -0.016685
    0.110848    0.179044   -0.015790
    0.115853    0.183736   -0.014887
    0.120953    0.188369   -0.013982
    0.126148    0.192951   -0.013077
    0.131435    0.197475   -0.012176
    0.136815    0.201938   -0.011286
    0.142285    0.206350   -0.010417
    0.147845    0.210730   -0.009553
    0.153492    0.214952   -0.008705
    0.159225    0.219072   -0.007879
    0.165044    0.223102   -0.007078
    0.170946    0.227063   -0.006312
    0.176930    0.230953   -0.005595
    0.182994    0.234664   -0.004896
    0.189138    0.238229   -0.004234
    0.195358    0.241679   -0.003622
    0.201655    0.245033   -0.003081
    0.208026    0.248312   -0.002564
    0.214470    0.251325   -0.002104
    0.220986    0.254204   -0.001733
    0.227570    0.256973   -0.001390
    0.234223    0.259651   -0.001152
    0.240941    0.262029   -0.000946
    0.247725    0.264261   -0.000821
    0.254571    0.266365   -0.000793
    0.261478    0.268339   -0.000855
    0.268445    0.270023   -0.000957
    0.275470    0.271578   -0.001193
    0.282550    0.273003   -0.001476
    0.289685    0.274113   -0.001886
    0.296872    0.275029   -0.002401
    0.304110    0.275798   -0.002973
    0.311396    0.276412   -0.003680
    0.318730    0.276703   -0.004506
    0.326109    0.276843   -0.005398
    0.333531    0.276839   -0.006429
    0.340994    0.276476   -0.007593
    0.348497    0.275910   -0.008820
    0.356038    0.275176   -0.010216
    0.363615    0.274270   -0.011692
    0.371226    0.273021   -0.013329
    0.378869    0.271606   -0.015052
    0.386542    0.270023   -0.016951
    0.394243    0.268093   -0.018919
    0.401971    0.265922   -0.021091
    0.409723    0.263581   -0.023331
    0.417498    0.261071   -0.025699
    0.425293    0.258203   -0.028212
    0.433107    0.255097   -0.030919
    0.440937    0.251819   -0.033701
    0.448783    0.248353   -0.036617
    0.456641    0.244576   -0.039669
    0.464509    0.240525   -0.042858
    0.472387    0.236257   -0.046190
    0.480272    0.231768   -0.049665
    0.488161    0.227081   -0.053291
    0.496053    0.222240   -0.057094
    0.503947    0.217051   -0.060980
    0.511839    0.211630   -0.065004
    0.519729    0.205993   -0.069163
    0.527613    0.200139   -0.073459
    0.535491    0.194070   -0.077888
    0.543360    0.187817   -0.082452
    0.551217    0.181401   -0.087147
    0.559063    0.174694   -0.091973
    0.566893    0.167779   -0.096928
    0.574707    0.160655   -0.101994
    0.582502    0.153321   -0.107150
    0.590277    0.145793   -0.112481
    0.598029    0.138072   -0.117934
    0.605757    0.130164   -0.123505
    0.613458    0.122073   -0.129194
    0.621131    0.113802   -0.135004
    0.628774    0.105356   -0.140926
    0.636385    0.096740   -0.146956
    0.643962    0.087960   -0.153092
    0.651503    0.079020   -0.159329
    0.659006    0.069926   -0.165665
    0.666469    0.060683   -0.172097
    0.673891    0.051298   -0.178620
    0.681270    0.041775   -0.185232
    0.688604    0.032114   -0.191912
    0.695890    0.022328   -0.198643
    0.703128    0.012422   -0.205497
    0.710315    0.002405   -0.212424
    0.717450   -0.007742   -0.219428
    0.724530   -0.018027   -0.226499
    0.731555   -0.028339   -0.233630
    0.738522   -0.038736   -0.240817
    0.745429   -0.049211   -0.248054
    0.752275   -0.059757   -0.255338
    0.759059   -0.070367   -0.262664
    0.765777   -0.081033   -0.270007
    0.772430   -0.091748   -0.277369
    0.779015   -0.102504   -0.284793
    0.785530   -0.113297   -0.292239
    0.791974   -0.124124   -0.299703
    0.798345   -0.134970   -0.307179
    0.804642   -0.145827   -0.314672
    0.810863   -0.156709   -0.322166
    0.817006   -0.167607   -0.329657
    0.823070   -0.178448   -0.337140
    0.829054   -0.189270   -0.344609
    0.834956   -0.200064   -0.352060
    0.840775   -0.210823   -0.359487
    0.846508   -0.221539   -0.366885
    0.852155   -0.232204   -0.374233
    0.857715   -0.242810   -0.381536
    0.863185   -0.253353   -0.388815
    0.868565   -0.263825   -0.396045
    0.873852   -0.274215   -0.403220
    0.879047   -0.284515   -0.410334
    0.884147   -0.294718   -0.417382
    0.889152   -0.304815   -0.424359
    0.894059   -0.314819   -0.431260
    0.898869   -0.324705   -0.438079
    0.903579   -0.334441   -0.444814
    0.908188   -0.344043   -0.451456
    0.912695   -0.353504   -0.458002
    0.917100   -0.362816   -0.464446
    0.921401   -0.371972   -0.470784
    0.925597   -0.380966   -0.477009
    0.929686   -0.389790   -0.483119
    0.933669   -0.398438   -0.489108
    0.937544   -0.406905   -0.494971
    0.941309   -0.415184   -0.500704
    0.944965   -0.423267   -0.506303
    0.948509   -0.431148   -0.511764
    0.951942   -0.438822   -0.517082
    0.955262   -0.446282   -0.522252
    0.958469   -0.453523   -0.527272
    0.961561   -0.460539   -0.532136
    0.964539   -0.467325   -0.536841
    0.967400   -0.473875   -0.541383
    0.970146   -0.480185   -0.545759
    0.972774   -0.486250   -0.549974
    0.975284   -0.492065   -0.553946
    0.977675   -0.497625   -0.557325
    0.979948   -0.502926   -0.560035
    0.982101   -0.507959   -0.562237
    0.984134   -0.512731   -0.564027
    0.986046   -0.517233   -0.565478
    0.987838   -0.521462   -0.566621
    0.989507   -0.525414   -0.567487
    0.991055   -0.529083   -0.568085
    0.992480   -0.532471   -0.568433
    0.993782   -0.535572   -0.568540
    0.994962   -0.538385   -0.568410
    0.996018   -0.540908   -0.568051
    0.996950   -0.543227   -0.567471
    0.997759   -0.545395   -0.566646
    0.998443   -0.547585   -0.565632
    0.999003   -0.549847   -0.564420
    0.999439   -0.552046   -0.563016
    0.999751   -0.554157   -0.561421
    0.999938   -0.556065   -0.559561
    1.000000   -0.558408   -0.558408
  BLADE PROFILES IN CARTESIAN COORDINATES (3D) 
  VARIABLES = "X", "YSS", "YPS" "R" 
  BLADE           2  SECTION           2
   52.512749  -17.544888  -17.544888  649.438049
   53.678543  -16.502344  -16.502344  649.438049
   54.723732  -15.567649  -15.567649  649.438110
   55.660805  -14.729639  -14.729639  649.438049
   56.500950  -13.978322  -13.978322  649.438049
   57.254189  -13.304718  -13.304718  649.438110
   57.929497  -12.700795  -12.700795  649.438049
   58.534966  -12.159347  -12.159347  649.438110
   59.077785  -11.673906  -11.673906  649.437988
   59.564465  -11.238682  -11.238682  649.437988
   60.000805  -10.848479  -10.848479  649.438049
   60.391994  -10.498638  -10.498638  649.438110
   60.742733  -10.184989  -10.184989  649.438049
   61.057175   -9.903783   -9.903783  649.438110
   61.339092   -9.651667   -9.651667  649.438049
   61.591854   -9.425630   -9.425630  649.438049
   61.818462   -9.222975   -9.222975  649.438049
   62.021645   -9.041284   -9.041284  649.438110
   62.203800   -8.878387   -8.878387  649.438049
   62.367104   -8.732341   -8.732341  649.438110
   62.513523   -8.601403   -8.601403  649.438049
   62.659950   -7.874522   -9.319913  649.438049
   62.813030   -7.556341   -9.629725  649.437927
   62.973412   -7.250488   -9.824737  649.438110
   63.141705   -6.949078   -9.963556  649.437988
   63.318489   -6.647752  -10.072602  649.437988
   63.504429   -6.344482  -10.161738  649.438049
   63.700111   -6.038002  -10.235092  649.438049
   63.906178   -5.727508  -10.292552  649.438049
   64.123207   -5.411051  -10.331328  649.438049
   64.351830   -5.090569  -10.344380  649.438049
   64.592651   -4.765619  -10.327232  649.437988
   64.846298   -4.435798  -10.288280  649.437988
   65.113403   -4.101536  -10.242664  649.438110
   65.394562   -3.763395  -10.192837  649.438049
   65.690224   -3.421810  -10.138947  649.438049
   66.000511   -3.078057  -10.081403  649.438110
   66.326111   -2.732781  -10.020655  649.437927
   66.667854   -2.384710   -9.957341  649.438049
   67.026627   -2.037617   -9.891854  649.437927
   67.403427   -1.693306   -9.824804  649.438049
   67.799339   -1.351354   -9.756869  649.438110
   68.215309   -1.011924   -9.689654  649.437927
   68.652122   -0.676888   -9.622970  649.437988
   69.111259   -0.352830   -9.558229  649.438049
   69.594376   -0.033715   -9.497952  649.438110
   70.103241    0.268755   -9.441434  649.437927
   70.639870    0.558868   -9.392744  649.438171
   71.206451    0.830145   -9.351881  649.437988
   71.809837    1.083765   -9.322930  649.438049
   72.458755    1.307985   -9.306989  649.437866
   73.153893    1.504482   -9.310954  649.438110
   73.894699    1.659723   -9.337580  649.437988
   74.679443    1.758288   -9.393478  649.437988
   75.505058    1.799450   -9.483604  649.438049
   76.367249    1.770056   -9.612583  649.438171
   77.252090    1.666587   -9.783173  649.438049
   78.145401    1.486278   -9.995123  649.438049
   79.042366    1.225991  -10.249425  649.437988
   79.939079    0.889043  -10.546449  649.438049
   80.832512    0.483194  -10.882090  649.438110
   81.720497    0.000000  -11.258848  649.438049
   82.601837   -0.544135  -11.678498  649.438049
   83.482452   -1.165401  -12.137651  649.438049
   84.366310   -1.855510  -12.641939  649.438049
   85.252708   -2.618427  -13.191598  649.438049
   86.140480   -3.456228  -13.783897  649.438049
   87.028030   -4.363945  -14.423466  649.438110
   87.913284   -5.338834  -15.107196  649.438171
   88.793793   -6.377141  -15.831891  649.437988
   89.661667   -7.467341  -16.589964  649.438049
   90.512054   -8.600510  -17.372385  649.437988
   91.342606   -9.770701  -18.180460  649.438049
   92.151474  -10.967196  -19.006794  649.438232
   92.937233  -12.182661  -19.846115  649.438049
   93.698929  -13.411954  -20.692589  649.438110
   94.435959  -14.650136  -21.546349  649.438110
   95.151054  -15.898846  -22.406445  649.438049
   95.844963  -17.150385  -23.270102  649.438049
   96.517639  -18.402937  -24.134470  649.438049
   97.169090  -19.653343  -24.996704  649.438049
   97.799316  -20.898113  -25.856363  649.437988
   98.408333  -22.134613  -26.709925  649.438049
   98.996124  -23.356850  -27.555231  649.438049
   99.562698  -24.562735  -28.389860  649.438049
  100.108047  -25.749498  -29.211634  649.437988
  100.632179  -26.914211  -30.018589  649.437988
  101.135094  -28.053766  -30.808607  649.438049
  101.616791  -29.165434  -31.560362  649.437988
  102.077271  -30.246426  -31.966433  649.438049
  102.516525  -31.612150  -31.612642  649.438110
  102.955780  -32.504444  -32.504688  649.438110
  103.429962  -33.467449  -33.467449  649.438049
  103.941872  -34.507076  -34.507076  649.438110
  104.494545  -35.629402  -35.629402  649.438110
  105.091133  -36.841003  -36.841003  649.438110
  105.735207  -38.149006  -38.149006  649.438049
  106.430504  -39.561047  -39.561047  649.438110
  107.181129  -41.085426  -41.085426  649.438110
  107.991432  -42.731064  -42.731064  649.438049
  108.866257  -44.507626  -44.507626  649.438110
  109.810646  -46.425507  -46.425507  649.437988
  110.830147  -48.495968  -48.495968  649.438049
  111.930763  -50.731117  -50.731117  649.438049
  113.118958  -53.144100  -53.144100  649.438049
  114.401634  -55.749027  -55.749027  649.438049
  115.786377  -58.561188  -58.561188  649.438110
  117.281235  -61.597054  -61.597054  649.438049
  118.895073  -64.874443  -64.874443  649.437988
  120.637260  -68.412537  -68.412537  649.438110
  122.518051  -72.232094  -72.232094  649.438049
  BLADE PROFILES IN CARTESIAN COORDINATES (2D) BEFORE   PROJECTION, SCALING, MESHING AND STACKING 
  VARIABLES = "X", "YSS", "YPS" 
  BLADE           2  SECTION           3
    0.000000    0.020305    0.020305
    0.000062    0.021971    0.017444
    0.000249    0.024331    0.014607
    0.000561    0.026144    0.011755
    0.000997    0.027908    0.008911
    0.001557    0.029849    0.006091
    0.002241    0.031662    0.003314
    0.003050    0.033623    0.000609
    0.003982    0.035717   -0.001998
    0.005038    0.037984   -0.004481
    0.006218    0.040413   -0.006807
    0.007520    0.043015   -0.008975
    0.008945    0.045787   -0.010970
    0.010493    0.048719   -0.012802
    0.012162    0.051803   -0.014454
    0.013954    0.055024   -0.016001
    0.015866    0.058386   -0.017440
    0.017899    0.061880   -0.018787
    0.020052    0.065501   -0.020041
    0.022325    0.069242   -0.021217
    0.024716    0.073097   -0.022313
    0.027226    0.077059   -0.023333
    0.029854    0.081121   -0.024263
    0.032600    0.085279   -0.025101
    0.035461    0.089525   -0.025815
    0.038439    0.093867   -0.026402
    0.041531    0.098304   -0.026815
    0.044738    0.102779   -0.027014
    0.048058    0.107317   -0.026972
    0.051491    0.111913   -0.026688
    0.055036    0.116560   -0.026202
    0.058691    0.121252   -0.025627
    0.062456    0.125980   -0.025010
    0.066331    0.130735   -0.024352
    0.070314    0.135515   -0.023667
    0.074403    0.140313   -0.022950
    0.078599    0.145123   -0.022204
    0.082900    0.149939   -0.021430
    0.087305    0.154754   -0.020632
    0.091812    0.159562   -0.019812
    0.096421    0.164356   -0.018974
    0.101131    0.169149   -0.018122
    0.105941    0.173945   -0.017258
    0.110848    0.178664   -0.016385
    0.115853    0.183334   -0.015505
    0.120953    0.187948   -0.014623
    0.126148    0.192512   -0.013741
    0.131435    0.197017   -0.012864
    0.136815    0.201461   -0.011998
    0.142285    0.205852   -0.011153
    0.147845    0.210215   -0.010312
    0.153492    0.214410   -0.009489
    0.159225    0.218511   -0.008687
    0.165044    0.222521   -0.007910
    0.170946    0.226459   -0.007171
    0.176930    0.230333   -0.006477
    0.182994    0.234014   -0.005802
    0.189138    0.237559   -0.005165
    0.195358    0.240990   -0.004582
    0.201655    0.244320   -0.004063
    0.208026    0.247569   -0.003570
    0.214470    0.250564   -0.003140
    0.220986    0.253424   -0.002791
    0.227570    0.256169   -0.002472
    0.234223    0.258813   -0.002261
    0.240941    0.261176   -0.002079
    0.247725    0.263389   -0.002010
    0.254571    0.265469   -0.001977
    0.261478    0.267407   -0.002066
    0.268445    0.269078   -0.002191
    0.275470    0.270609   -0.002453
    0.282550    0.272021   -0.002768
    0.289685    0.273093   -0.003196
    0.296872    0.273991   -0.003737
    0.304110    0.274737   -0.004340
    0.311396    0.275314   -0.005065
    0.318730    0.275591   -0.005917
    0.326109    0.275708   -0.006875
    0.333531    0.275691   -0.007888
    0.340994    0.275292   -0.009078
    0.348497    0.274707   -0.010337
    0.356038    0.273950   -0.011750
    0.363615    0.273007   -0.013257
    0.371226    0.271745   -0.014911
    0.378869    0.270307   -0.016664
    0.386542    0.268709   -0.018581
    0.394243    0.266744   -0.020572
    0.401971    0.264554   -0.022769
    0.409723    0.262190   -0.025032
    0.417498    0.259665   -0.027422
    0.425293    0.256763   -0.029962
    0.433107    0.253638   -0.032688
    0.440937    0.250337   -0.035492
    0.448783    0.246855   -0.038429
    0.456641    0.243046   -0.041503
    0.464509    0.238976   -0.044712
    0.472387    0.234688   -0.048068
    0.480272    0.230219   -0.051563
    0.488161    0.225564   -0.055210
    0.496053    0.220612   -0.059031
    0.503947    0.215394   -0.062938
    0.511839    0.209955   -0.066980
    0.519729    0.204298   -0.071159
    0.527613    0.198424   -0.075473
    0.535491    0.192335   -0.079921
    0.543360    0.186061   -0.084503
    0.551217    0.179628   -0.089216
    0.559063    0.172902   -0.094060
    0.566893    0.165968   -0.099032
    0.574707    0.158820   -0.104114
    0.582502    0.151468   -0.109288
    0.590277    0.143921   -0.114635
    0.598029    0.136183   -0.120104
    0.605757    0.128257   -0.125690
    0.613458    0.120148   -0.131393
    0.621131    0.111859   -0.137219
    0.628774    0.103396   -0.143155
    0.636385    0.094764   -0.149200
    0.643962    0.085967   -0.155349
    0.651503    0.077010   -0.161600
    0.659006    0.067900   -0.167950
    0.666469    0.058641   -0.174394
    0.673891    0.049240   -0.180930
    0.681270    0.039702   -0.187554
    0.688604    0.030027   -0.194245
    0.695890    0.020226   -0.200989
    0.703128    0.010305   -0.207854
    0.710315    0.000274   -0.214792
    0.717450   -0.009887   -0.221806
    0.724530   -0.020187   -0.228888
    0.731555   -0.030512   -0.236029
    0.738522   -0.040922   -0.243225
    0.745429   -0.051411   -0.250472
    0.752275   -0.061969   -0.257765
    0.759059   -0.072591   -0.265099
    0.765777   -0.083269   -0.272471
    0.772430   -0.093996   -0.279858
    0.779015   -0.104765   -0.287253
    0.785530   -0.115569   -0.294707
    0.791974   -0.126407   -0.302178
    0.798345   -0.137263   -0.309662
    0.804642   -0.148131   -0.317161
    0.810863   -0.159023   -0.324661
    0.817006   -0.169931   -0.332159
    0.823070   -0.180782   -0.339648
    0.829054   -0.191614   -0.347123
    0.834956   -0.202417   -0.354580
    0.840775   -0.213185   -0.362012
    0.846508   -0.223910   -0.369415
    0.852155   -0.234583   -0.376768
    0.857715   -0.245198   -0.384075
    0.863185   -0.255749   -0.391359
    0.868565   -0.266229   -0.398594
    0.873852   -0.276627   -0.405772
    0.879047   -0.286934   -0.412890
    0.884147   -0.297144   -0.419942
    0.889152   -0.307249   -0.426923
    0.894059   -0.317241   -0.433827
    0.898869   -0.327132   -0.440650
    0.903579   -0.336894   -0.447386
    0.908188   -0.346502   -0.454032
    0.912695   -0.355969   -0.460580
    0.917100   -0.365286   -0.467027
    0.921401   -0.374448   -0.473367
    0.925597   -0.383447   -0.479595
    0.929686   -0.392277   -0.485706
    0.933669   -0.400930   -0.491697
    0.937544   -0.409401   -0.497562
    0.941309   -0.417684   -0.503297
    0.944965   -0.425772   -0.508898
    0.948509   -0.433657   -0.514360
    0.951942   -0.441335   -0.519679
    0.955262   -0.448799   -0.524851
    0.958469   -0.456044   -0.529872
    0.961561   -0.463063   -0.534737
    0.964539   -0.469853   -0.539443
    0.967400   -0.476406   -0.543987
    0.970146   -0.482719   -0.548363
    0.972774   -0.488787   -0.552579
    0.975284   -0.494604   -0.556551
    0.977675   -0.500167   -0.559926
    0.979948   -0.505470   -0.562633
    0.982101   -0.510506   -0.564833
    0.984134   -0.515280   -0.566619
    0.986046   -0.519784   -0.568068
    0.987838   -0.524015   -0.569210
    0.989507   -0.527969   -0.570073
    0.991055   -0.531640   -0.570670
    0.992480   -0.535028   -0.571016
    0.993782   -0.538131   -0.571121
    0.994962   -0.540945   -0.570991
    0.996018   -0.543469   -0.570629
    0.996950   -0.545790   -0.570047
    0.997759   -0.547956   -0.569221
    0.998443   -0.550147   -0.568206
    0.999003   -0.552409   -0.566992
    0.999439   -0.554608   -0.565586
    0.999751   -0.556718   -0.563989
    0.999938   -0.558631   -0.562128
    1.000000   -0.560985   -0.560985
  BLADE PROFILES IN CARTESIAN COORDINATES (3D) 
  VARIABLES = "X", "YSS", "YPS" "R" 
  BLADE           2  SECTION           3
   52.583595  -17.394342  -17.394342  650.381714
   53.746647  -16.359665  -16.359665  650.385498
   54.789398  -15.432033  -15.432033  650.389709
   55.724258  -14.600367  -14.600367  650.394104
   56.562435  -13.854742  -13.854742  650.398682
   57.313885  -13.186255  -13.186255  650.403320
   57.987610  -12.586924  -12.586924  650.407837
   58.591652  -12.049588  -12.049588  650.412231
   59.133194  -11.567838  -11.567838  650.416382
   59.618710  -11.135922  -11.135922  650.420227
   60.054008  -10.748686  -10.748686  650.423828
   60.444279  -10.401508  -10.401508  650.427246
   60.794174  -10.090242  -10.090242  650.430359
   61.107880   -9.811176   -9.811176  650.433167
   61.389133   -9.560975   -9.560975  650.435791
   61.641289   -9.336657   -9.336657  650.438232
   61.867359   -9.135544   -9.135544  650.440308
   62.070045   -8.955232   -8.955232  650.442383
   62.251770   -8.793574   -8.793574  650.444214
   62.414700   -8.648639   -8.648639  650.445862
   62.560760   -8.518695   -8.518695  650.447388
   62.706814   -7.793851   -9.236899  650.449097
   62.859550   -7.476920   -9.547196  650.450867
   63.019527   -7.172341   -9.742880  650.452942
   63.187412   -6.872239   -9.882522  650.454956
   63.363792   -6.572266   -9.992467  650.456970
   63.549274   -6.270391  -10.082565  650.459473
   63.744469   -5.965357  -10.156954  650.461853
   63.950024   -5.656364  -10.215529  650.464661
   64.166519   -5.341472  -10.255503  650.467346
   64.394569   -5.022596  -10.269839  650.470581
   64.634819   -4.699320  -10.254043  650.473816
   64.887840   -4.371228  -10.216482  650.477356
   65.154289   -4.038825  -10.172311  650.481140
   65.434753   -3.702542  -10.123991  650.485229
   65.729698   -3.362881  -10.071673  650.489502
   66.039215   -3.021101  -10.015759  650.494202
   66.364014   -2.677846   -9.956699  650.499146
   66.704910   -2.331884   -9.895134  650.504456
   67.062798   -1.986953   -9.831455  650.510132
   67.438675   -1.644933   -9.766273  650.516357
   67.833580   -1.305205   -9.700276  650.522766
   68.248512   -0.968118   -9.635046  650.529846
   68.684235   -0.635576   -9.570396  650.537170
   69.142242   -0.313843   -9.507744  650.545105
   69.624115    0.002938   -9.449641  650.553955
   70.131714    0.302658   -9.395308  650.563293
   70.667000    0.590180   -9.348875  650.573303
   71.232155    0.858865   -9.310410  650.583923
   71.834015    1.109513   -9.283746  650.595581
   72.481293    1.331414   -9.271327  650.608398
   73.174637    1.524835   -9.276681  650.622620
   73.913582    1.677719   -9.306057  650.637939
   74.696304    1.773360   -9.364594  650.653992
   75.519791    1.811699   -9.458450  650.671875
   76.379784    1.779712   -9.588692  650.690613
   77.262344    1.673592   -9.761530  650.710266
   78.153358    1.491320   -9.975592  650.730469
   79.048019    1.229116  -10.231956  650.750854
   79.942429    0.890227  -10.530884  650.771545
   80.833534    0.482674  -10.868140  650.792358
   81.719261    0.000000  -11.246447  650.813110
   82.598282   -0.547044  -11.667339  650.834106
   83.476624   -1.168995  -12.127583  650.854919
   84.358192   -1.859787  -12.632797  650.875977
   85.242271   -2.623120  -13.183207  650.897278
   86.127747   -3.461303  -13.776116  650.918335
   87.012985   -4.369074  -14.416058  650.939575
   87.895950   -5.343837  -15.100039  650.960815
   88.774170   -6.381833  -15.824821  650.981628
   89.639786   -7.471544  -16.582825  651.001953
   90.487968   -8.604005  -17.365038  651.021973
   91.316368   -9.773371  -18.172709  651.041260
   92.123169  -10.968942  -18.998560  651.059753
   92.906898  -12.183338  -19.837414  651.077698
   93.666595  -13.411454  -20.683010  651.094727
   94.401741  -14.648349  -21.536013  651.111023
   95.115013  -15.895691  -22.395197  651.126770
   95.807137  -17.145807  -23.257900  651.141663
   96.478088  -18.396858  -24.121244  651.156006
   97.127869  -19.645706  -24.982407  651.169678
   97.756477  -20.888870  -25.840935  651.182556
   98.363953  -22.122904  -26.693327  651.194885
   98.950241  -23.344297  -27.537416  651.206543
   99.515381  -24.548491  -28.370813  651.217468
  100.059357  -25.733557  -29.191330  651.227966
  100.582161  -26.896557  -29.997021  651.237793
  101.083817  -28.034418  -30.785765  651.247070
  101.564308  -29.144405  -31.536118  651.255676
  102.023605  -30.223722  -31.941023  651.263916
  102.461739  -31.587534  -31.588022  651.271362
  102.899979  -32.478214  -32.478458  651.275513
  103.373024  -33.439484  -33.439484  651.280151
  103.883728  -34.477238  -34.477238  651.284912
  104.435036  -35.597538  -35.597538  651.290039
  105.030228  -36.806961  -36.806961  651.295349
  105.672760  -38.112598  -38.112598  651.300964
  106.366417  -39.522102  -39.522102  651.306824
  107.115265  -41.043736  -41.043736  651.312866
  107.923660  -42.686420  -42.686420  651.319275
  108.796387  -44.459774  -44.459774  651.325867
  109.738548  -46.374214  -46.374214  651.332642
  110.755653  -48.440929  -48.440929  651.339539
  111.853676  -50.672066  -50.672066  651.346558
  113.039047  -53.080658  -53.080658  651.353638
  114.318726  -55.680851  -55.680851  651.360840
  115.700211  -58.487881  -58.487881  651.367920
  117.191612  -61.518185  -61.518185  651.374878
  118.801636  -64.789505  -64.789505  651.381531
  120.539772  -68.321030  -68.321030  651.388062
  122.416176  -72.133408  -72.133408  651.393860
