  BLADE PROFILES IN CARTESIAN COORDINATES (2D) BEFORE   PROJECTION, SCALING, MESHING AND STACKING 
  VARIABLES = "X", "YSS", "YPS" 
  BLADE           1  SECTION           1
    0.000000   -0.010331   -0.010331
    0.000062   -0.008976   -0.014145
    0.000249   -0.006368   -0.016786
    0.000561   -0.003838   -0.019315
    0.000997   -0.001400   -0.021638
    0.001557    0.000929   -0.023590
    0.002241    0.003132   -0.025433
    0.003050    0.005212   -0.027293
    0.003982    0.007167   -0.029159
    0.005038    0.009004   -0.030973
    0.006218    0.010735   -0.032828
    0.007520    0.012389   -0.034808
    0.008945    0.013978   -0.036928
    0.010493    0.015522   -0.039180
    0.012162    0.017014   -0.041572
    0.013954    0.018475   -0.044092
    0.015866    0.019892   -0.046741
    0.017899    0.021283   -0.049515
    0.020052    0.022627   -0.052408
    0.022325    0.023933   -0.055417
    0.024716    0.025180   -0.058536
    0.027226    0.026341   -0.061761
    0.029854    0.027410   -0.065086
    0.032600    0.028357   -0.068507
    0.035461    0.029150   -0.072018
    0.038439    0.029770   -0.075615
    0.041531    0.030217   -0.079293
    0.044738    0.030547   -0.083046
    0.048058    0.030846   -0.086870
    0.051491    0.031147   -0.090759
    0.055036    0.031441   -0.094708
    0.058691    0.031728   -0.098719
    0.062456    0.032009   -0.102800
    0.066331    0.032285   -0.106898
    0.070314    0.032557   -0.111035
    0.074403    0.032824   -0.115205
    0.078599    0.033087   -0.119402
    0.082900    0.033349   -0.123617
    0.087305    0.033609   -0.127848
    0.091812    0.033868   -0.132089
    0.096421    0.034127   -0.136335
    0.101131    0.034388   -0.140580
    0.105941    0.034650   -0.144820
    0.110848    0.034918   -0.149048
    0.115853    0.035191   -0.153259
    0.120953    0.035470   -0.157448
    0.126148    0.035756   -0.161622
    0.131435    0.036051   -0.165793
    0.136815    0.036356   -0.169885
    0.142285    0.036672   -0.173921
    0.147845    0.037002   -0.177903
    0.153492    0.037351   -0.181831
    0.159225    0.037711   -0.185698
    0.165044    0.038089   -0.189502
    0.170946    0.038485   -0.193252
    0.176930    0.038900   -0.196963
    0.182994    0.039339   -0.200533
    0.189138    0.039809   -0.204004
    0.195358    0.040296   -0.207386
    0.201655    0.040809   -0.210676
    0.208026    0.041348   -0.213885
    0.214470    0.041932   -0.217034
    0.220986    0.042534   -0.219993
    0.227570    0.043167   -0.222830
    0.234223    0.043837   -0.225554
    0.240941    0.044554   -0.228182
    0.247725    0.045294   -0.230728
    0.254571    0.046075   -0.233055
    0.261478    0.046910   -0.235240
    0.268445    0.047769   -0.237294
    0.275470    0.048692   -0.239230
    0.282550    0.049640   -0.241069
    0.289685    0.050635   -0.242655
    0.296872    0.051695   -0.244095
    0.304110    0.052782   -0.245413
    0.311396    0.053945   -0.246622
    0.318730    0.055133   -0.247565
    0.326109    0.056399   -0.248340
    0.333531    0.057694   -0.248990
    0.340994    0.059048   -0.249510
    0.348497    0.060474   -0.249773
    0.356038    0.061935   -0.249841
    0.363615    0.063482   -0.249745
    0.371226    0.065059   -0.249498
    0.378869    0.066725   -0.249118
    0.386542    0.068424   -0.248452
    0.394243    0.070185   -0.247610
    0.401971    0.072034   -0.246618
    0.409723    0.073917   -0.245499
    0.417498    0.075869   -0.244071
    0.425293    0.077906   -0.242461
    0.433107    0.079980   -0.240708
    0.440937    0.082122   -0.238804
    0.448783    0.084356   -0.236639
    0.456641    0.086625   -0.234253
    0.464509    0.088958   -0.231688
    0.472387    0.091362   -0.228973
    0.480272    0.093857   -0.226111
    0.488161    0.096388   -0.222989
    0.496053    0.098983   -0.219649
    0.503947    0.101641   -0.216131
    0.511839    0.104365   -0.212435
    0.519729    0.107163   -0.208583
    0.527613    0.110043   -0.204600
    0.535491    0.112960   -0.200355
    0.543360    0.115939   -0.195912
    0.551217    0.118979   -0.191297
    0.559063    0.122080   -0.186511
    0.566893    0.125241   -0.181555
    0.574707    0.128462   -0.176458
    0.582502    0.131741   -0.171234
    0.590277    0.135077   -0.165781
    0.598029    0.138471   -0.160163
    0.605757    0.141921   -0.154374
    0.613458    0.145425   -0.148431
    0.621131    0.148981   -0.142340
    0.628774    0.152588   -0.136101
    0.636385    0.156245   -0.129720
    0.643962    0.159950   -0.123200
    0.651503    0.163701   -0.116545
    0.659006    0.167497   -0.109759
    0.666469    0.171336   -0.102846
    0.673891    0.175217   -0.095810
    0.681270    0.179136   -0.088657
    0.688604    0.183094   -0.081390
    0.695890    0.187089   -0.074016
    0.703128    0.191118   -0.066538
    0.710315    0.195178   -0.058962
    0.717450    0.199267   -0.051293
    0.724530    0.203384   -0.043537
    0.731555    0.207525   -0.035700
    0.738522    0.211689   -0.027785
    0.745429    0.215873   -0.019800
    0.752275    0.220074   -0.011751
    0.759059    0.224292   -0.003642
    0.765777    0.228521    0.004520
    0.772430    0.232762    0.012729
    0.779015    0.237002    0.020980
    0.785530    0.241239    0.029265
    0.791974    0.245495    0.037580
    0.798345    0.249752    0.045917
    0.804642    0.254006    0.054271
    0.810863    0.258257    0.062636
    0.817006    0.262501    0.071006
    0.823070    0.266735    0.079379
    0.829054    0.270956    0.087743
    0.834956    0.275161    0.096093
    0.840775    0.279346    0.104421
    0.846508    0.283511    0.112722
    0.852155    0.287651    0.121009
    0.857715    0.291756    0.129259
    0.863185    0.295829    0.137438
    0.868565    0.299881    0.145565
    0.873852    0.303897    0.153633
    0.879047    0.307875    0.161635
    0.884147    0.311813    0.169567
    0.889152    0.315707    0.177422
    0.894059    0.319556    0.185197
    0.898869    0.323356    0.192883
    0.903579    0.327107    0.200474
    0.908188    0.330803    0.207963
    0.912695    0.334442    0.215344
    0.917100    0.338023    0.222613
    0.921401    0.341541    0.229763
    0.925597    0.344996    0.236803
    0.929686    0.348383    0.243707
    0.933669    0.351702    0.250467
    0.937544    0.354950    0.257086
    0.941309    0.358123    0.263560
    0.944965    0.361221    0.269882
    0.948509    0.364240    0.276050
    0.951942    0.367178    0.282058
    0.955262    0.370034    0.287901
    0.958469    0.372806    0.293573
    0.961561    0.375491    0.299071
    0.964539    0.378087    0.304389
    0.967400    0.380593    0.309525
    0.970146    0.383005    0.314473
    0.972774    0.385179    0.319229
    0.975284    0.386738    0.323791
    0.977675    0.387886    0.328154
    0.979948    0.388730    0.332315
    0.982101    0.389330    0.336268
    0.984134    0.389719    0.340011
    0.986046    0.389923    0.343546
    0.987838    0.389953    0.346867
    0.989507    0.389820    0.349970
    0.991055    0.389531    0.352853
    0.992480    0.389087    0.355514
    0.993782    0.388510    0.357951
    0.994962    0.387766    0.360162
    0.996018    0.386877    0.362144
    0.996950    0.385842    0.363897
    0.997759    0.384669    0.365527
    0.998443    0.383366    0.367085
    0.999003    0.381943    0.368698
    0.999439    0.380409    0.370478
    0.999751    0.378765    0.372261
    0.999938    0.376929    0.374056
    1.000000    0.375753    0.375753
  BLADE PROFILES IN CARTESIAN COORDINATES (3D) 
  VARIABLES = "X", "YSS", "YPS" "R" 
  BLADE           1  SECTION           1
  -24.952246   10.389278   10.389278  482.526001
  -22.082121    8.594692    8.594692  482.524384
  -19.523104    6.994632    6.994632  482.522705
  -17.241484    5.568017    5.568017  482.520996
  -15.207175    4.296043    4.296043  482.519165
  -13.393380    3.161949    3.161949  482.517395
  -11.776194    2.150790    2.150790  482.515686
  -10.334308    1.249241    1.249241  482.514038
   -9.048719    0.445419    0.445419  482.512543
   -7.902480   -0.271271   -0.271271  482.511169
   -6.880492   -0.910271   -0.910271  482.509705
   -5.969281   -1.480005   -1.480005  482.508514
   -5.156843   -1.987980   -1.987980  482.507385
   -4.432472   -2.440890   -2.440890  482.506287
   -3.786619   -2.844706   -2.844706  482.505280
   -3.210776   -3.204750   -3.204750  482.504425
   -2.697354   -3.525764   -3.525764  482.503601
   -2.239583   -3.811982   -3.811982  482.502899
   -1.831433   -4.067174   -4.067174  482.502258
   -1.467525   -4.294703   -4.294703  482.501556
   -1.143064   -4.497570   -4.497570  482.501007
   -0.853770   -4.678445   -4.678445  482.500549
   -0.595838   -4.839714   -4.839714  482.500092
   -0.365865   -4.983501   -4.983501  482.499695
   -0.160818   -5.111704   -5.111704  482.499298
    0.022000   -5.226009   -5.226009  482.498993
    0.204818   -4.359855   -6.112073  482.498596
    0.395969   -4.069422   -6.422418  482.497864
    0.596220   -3.865277   -6.715308  482.497223
    0.806341   -3.698503   -7.009722  482.496643
    1.027100   -3.553955   -7.308718  482.495850
    1.259259   -3.427243   -7.613592  482.495056
    1.503596   -3.320828   -7.925158  482.494415
    1.760870   -3.238355   -8.243972  482.493561
    2.031849   -3.185291   -8.570388  482.492645
    2.317310   -3.154835   -8.904588  482.491638
    2.618012   -3.128450   -9.246593  482.490753
    2.934731   -3.102912   -9.596622  482.489655
    3.268230   -3.078318   -9.955377  482.488403
    3.619270   -3.054441  -10.319616  482.487274
    3.988457   -3.031046  -10.690254  482.485992
    4.375877   -3.007904  -11.065492  482.484650
    4.782428   -2.984711  -11.445049  482.483215
    5.209129   -2.961158  -11.828240  482.481628
    5.657099   -2.936719  -12.214298  482.480042
    6.127577   -2.910987  -12.602425  482.478363
    6.621910   -2.883497  -12.994223  482.476532
    7.141288   -2.853694  -13.382220  482.474548
    7.686712   -2.820645  -13.766955  482.472473
    8.259990   -2.784014  -14.147804  482.470276
    8.863181   -2.742815  -14.526432  482.467896
    9.498553   -2.695396  -14.892082  482.465424
   10.168611   -2.641566  -15.246913  482.462799
   10.876050   -2.578653  -15.592050  482.459930
   11.629455   -2.505866  -15.915295  482.456879
   12.439683   -2.418718  -16.226173  482.453705
   13.307631   -2.315365  -16.503067  482.450073
   14.232614   -2.193131  -16.749830  482.446228
   15.212439   -2.049459  -16.944096  482.442108
   16.243286   -1.880602  -17.083612  482.437775
   17.319839   -1.686276  -17.159025  482.433014
   18.424644   -1.465528  -17.153280  482.428314
   19.540041   -1.220427  -17.073605  482.423584
   20.660013   -0.950837  -16.917877  482.418671
   21.779659   -0.657286  -16.679583  482.413879
   22.895195   -0.340061  -16.365850  482.408997
   24.003948    0.000000  -15.982248  482.404114
   25.104382    0.360747  -15.521609  482.399414
   26.203930    0.747649  -14.993093  482.394684
   27.307526    1.161105  -14.386786  482.390045
   28.414280    1.601211  -13.704578  482.385223
   29.522747    2.068590  -12.953865  482.380554
   30.630947    2.563088  -12.124907  482.376038
   31.736284    3.083449  -11.226175  482.371399
   32.835678    3.628124  -10.261640  482.366913
   33.919312    4.191711   -9.241958  482.362732
   34.981098    4.770111   -8.176515  482.358521
   36.018143    5.360179   -7.072689  482.354523
   37.028111    5.958776   -5.937834  482.350586
   38.009224    6.563007   -4.779038  482.347015
   38.960236    7.169751   -3.602928  482.343658
   39.880520    7.776850   -2.415459  482.340302
   40.773418    8.386023   -1.216957  482.337280
   41.639832    8.995525   -0.009711  482.334381
   42.479725    9.603514    1.201998  482.331726
   43.293148   10.207497    2.414651  482.329163
   44.080048   10.807994    3.621879  482.326660
   44.840462   11.402527    4.822217  482.324463
   45.574398   11.989891    6.012060  482.322266
   46.281822   12.568471    7.188566  482.320312
   46.962761   13.136947    8.347137  482.318420
   47.617184   13.693998    9.485118  482.316681
   48.245140   14.238501   10.599947  482.315186
   48.846581   14.683820   11.688590  482.313660
   49.421539   14.786757   12.748142  482.312286
   49.969986   14.081439   14.080945  482.311005
   50.518448   14.848428   14.848181  482.310211
   51.098236   15.659483   15.659483  482.309326
   51.711132   16.516853   16.516853  482.308380
   52.359024   17.423187   17.423187  482.307312
   53.043922   18.381279   18.381279  482.306244
   53.767937   19.394083   19.394083  482.304932
   54.533298   20.464724   20.464724  482.303436
   55.342381   21.596512   21.596512  482.301849
   56.197670   22.792925   22.792925  482.300079
   57.101795   24.057652   24.057652  482.297974
   58.057564   25.394598   25.394598  482.295654
   59.067917   26.807884   26.807884  482.292999
   60.135979   28.301865   28.301865  482.290100
   61.265041   29.881157   29.881157  482.286743
   62.458569   31.550608   31.550608  482.282990
  BLADE PROFILES IN CARTESIAN COORDINATES (2D) BEFORE   PROJECTION, SCALING, MESHING AND STACKING 
  VARIABLES = "X", "YSS", "YPS" 
  BLADE           1  SECTION           2
    0.000000   -0.010336   -0.010336
    0.000062   -0.008969   -0.014121
    0.000249   -0.006354   -0.016767
    0.000561   -0.003824   -0.019299
    0.000997   -0.001384   -0.021625
    0.001557    0.000945   -0.023574
    0.002241    0.003148   -0.025419
    0.003050    0.005227   -0.027281
    0.003982    0.007181   -0.029147
    0.005038    0.009017   -0.030960
    0.006218    0.010746   -0.032814
    0.007520    0.012400   -0.034793
    0.008945    0.013989   -0.036911
    0.010493    0.015533   -0.039163
    0.012162    0.017026   -0.041552
    0.013954    0.018489   -0.044070
    0.015866    0.019906   -0.046717
    0.017899    0.021298   -0.049489
    0.020052    0.022643   -0.052381
    0.022325    0.023949   -0.055387
    0.024716    0.025197   -0.058504
    0.027226    0.026358   -0.061726
    0.029854    0.027428   -0.065049
    0.032600    0.028375   -0.068467
    0.035461    0.029168   -0.071976
    0.038439    0.029788   -0.075571
    0.041531    0.030234   -0.079246
    0.044738    0.030565   -0.082996
    0.048058    0.030866   -0.086817
    0.051491    0.031168   -0.090703
    0.055036    0.031464   -0.094650
    0.058691    0.031753   -0.098658
    0.062456    0.032036   -0.102736
    0.066331    0.032314   -0.106831
    0.070314    0.032586   -0.110965
    0.074403    0.032855   -0.115131
    0.078599    0.033121   -0.119325
    0.082900    0.033384   -0.123537
    0.087305    0.033646   -0.127765
    0.091812    0.033906   -0.132003
    0.096421    0.034167   -0.136246
    0.101131    0.034430   -0.140488
    0.105941    0.034694   -0.144725
    0.110848    0.034963   -0.148950
    0.115853    0.035238   -0.153158
    0.120953    0.035518   -0.157345
    0.126148    0.035806   -0.161516
    0.131435    0.036102   -0.165684
    0.136815    0.036409   -0.169774
    0.142285    0.036726   -0.173807
    0.147845    0.037057   -0.177786
    0.153492    0.037407   -0.181712
    0.159225    0.037769   -0.185577
    0.165044    0.038147   -0.189379
    0.170946    0.038544   -0.193126
    0.176930    0.038961   -0.196836
    0.182994    0.039400   -0.200403
    0.189138    0.039871   -0.203873
    0.195358    0.040359   -0.207253
    0.201655    0.040872   -0.210541
    0.208026    0.041412   -0.213749
    0.214470    0.041995   -0.216897
    0.220986    0.042598   -0.219854
    0.227570    0.043231   -0.222691
    0.234223    0.043900   -0.225414
    0.240941    0.044617   -0.228041
    0.247725    0.045357   -0.230587
    0.254571    0.046138   -0.232913
    0.261478    0.046972   -0.235098
    0.268445    0.047830   -0.237152
    0.275470    0.048752   -0.239088
    0.282550    0.049699   -0.240928
    0.289685    0.050692   -0.242515
    0.296872    0.051751   -0.243955
    0.304110    0.052837   -0.245275
    0.311396    0.053997   -0.246484
    0.318730    0.055184   -0.247429
    0.326109    0.056447   -0.248205
    0.333531    0.057741   -0.248857
    0.340994    0.059091   -0.249378
    0.348497    0.060516   -0.249645
    0.356038    0.061973   -0.249715
    0.363615    0.063517   -0.249622
    0.371226    0.065091   -0.249378
    0.378869    0.066753   -0.249002
    0.386542    0.068449   -0.248339
    0.394243    0.070205   -0.247500
    0.401971    0.072051   -0.246511
    0.409723    0.073930   -0.245396
    0.417498    0.075877   -0.243973
    0.425293    0.077910   -0.242368
    0.433107    0.079979   -0.240620
    0.440937    0.082115   -0.238719
    0.448783    0.084345   -0.236562
    0.456641    0.086609   -0.234181
    0.464509    0.088936   -0.231620
    0.472387    0.091333   -0.228912
    0.480272    0.093823   -0.226054
    0.488161    0.096348   -0.222941
    0.496053    0.098936   -0.219607
    0.503947    0.101588   -0.216096
    0.511839    0.104304   -0.212406
    0.519729    0.107095   -0.208562
    0.527613    0.109969   -0.204584
    0.535491    0.112879   -0.200350
    0.543360    0.115850   -0.195914
    0.551217    0.118883   -0.191307
    0.559063    0.121976   -0.186529
    0.566893    0.125129   -0.181582
    0.574707    0.128341   -0.176494
    0.582502    0.131612   -0.171277
    0.590277    0.134940   -0.165834
    0.598029    0.138324   -0.160227
    0.605757    0.141766   -0.154447
    0.613458    0.145260   -0.148514
    0.621131    0.148807   -0.142431
    0.628774    0.152405   -0.136203
    0.636385    0.156053   -0.129832
    0.643962    0.159748   -0.123323
    0.651503    0.163489   -0.116678
    0.659006    0.167276   -0.109902
    0.666469    0.171105   -0.103000
    0.673891    0.174975   -0.095975
    0.681270    0.178884   -0.088833
    0.688604    0.182832   -0.081577
    0.695890    0.186817   -0.074214
    0.703128    0.190835   -0.066748
    0.710315    0.194884   -0.059183
    0.717450    0.198963   -0.051527
    0.724530    0.203069   -0.043782
    0.731555    0.207199   -0.035956
    0.738522    0.211352   -0.028054
    0.745429    0.215525   -0.020081
    0.752275    0.219716   -0.012043
    0.759059    0.223922   -0.003947
    0.765777    0.228141    0.004203
    0.772430    0.232360    0.012400
    0.779015    0.236582    0.020638
    0.785530    0.240825    0.028912
    0.791974    0.245070    0.037214
    0.798345    0.249316    0.045539
    0.804642    0.253559    0.053881
    0.810863    0.257798    0.062234
    0.817006    0.262032    0.070591
    0.823070    0.266255    0.078952
    0.829054    0.270464    0.087304
    0.834956    0.274658    0.095642
    0.840775    0.278833    0.103958
    0.846508    0.282986    0.112247
    0.852155    0.287115    0.120521
    0.857715    0.291210    0.128760
    0.863185    0.295272    0.136927
    0.868565    0.299313    0.145042
    0.873852    0.303319    0.153098
    0.879047    0.307287    0.161090
    0.884147    0.311214    0.169010
    0.889152    0.315099    0.176853
    0.894059    0.318937    0.184617
    0.898869    0.322728    0.192292
    0.903579    0.326468    0.199872
    0.908188    0.330155    0.207350
    0.912695    0.333785    0.214722
    0.917100    0.337356    0.221980
    0.921401    0.340865    0.229120
    0.925597    0.344311    0.236150
    0.929686    0.347690    0.243044
    0.933669    0.351000    0.249794
    0.937544    0.354239    0.256404
    0.941309    0.357404    0.262868
    0.944965    0.360493    0.269182
    0.948509    0.363505    0.275341
    0.951942    0.366436    0.281340
    0.955262    0.369284    0.287175
    0.958469    0.372049    0.292839
    0.961561    0.374727    0.298329
    0.964539    0.377316    0.303640
    0.967400    0.379815    0.308768
    0.970146    0.382221    0.313709
    0.972774    0.384387    0.318459
    0.975284    0.385940    0.323015
    0.977675    0.387083    0.327371
    0.979948    0.387922    0.331526
    0.982101    0.388516    0.335474
    0.984134    0.388901    0.339212
    0.986046    0.389100    0.342742
    0.987838    0.389127    0.346058
    0.989507    0.388991    0.349156
    0.991055    0.388698    0.352036
    0.992480    0.388252    0.354692
    0.993782    0.387673    0.357126
    0.994962    0.386926    0.359334
    0.996018    0.386035    0.361313
    0.996950    0.384999    0.363064
    0.997759    0.383825    0.364692
    0.998443    0.382521    0.366247
    0.999003    0.381098    0.367858
    0.999439    0.379564    0.369636
    0.999751    0.377919    0.371416
    0.999938    0.376085    0.373205
    1.000000    0.374911    0.374911
  BLADE PROFILES IN CARTESIAN COORDINATES (3D) 
  VARIABLES = "X", "YSS", "YPS" "R" 
  BLADE           1  SECTION           2
  -25.002953   10.382069   10.382069  483.170013
  -22.129862    8.588037    8.588037  483.170013
  -19.568203    6.988472    6.988472  483.170013
  -17.284218    5.562294    5.562294  483.169983
  -15.247808    4.290707    4.290707  483.170044
  -13.432138    3.156958    3.156958  483.170044
  -11.813283    2.146102    2.146102  483.169952
  -10.369905    1.244820    1.244820  483.169983
   -9.082984    0.441234    0.441234  483.169983
   -7.935558   -0.275246   -0.275246  483.169983
   -6.912510   -0.914062   -0.914062  483.170044
   -6.000358   -1.483633   -1.483633  483.170013
   -5.187083   -1.991464   -1.991464  483.170044
   -4.461958   -2.444248   -2.444248  483.170013
   -3.815439   -2.847952   -2.847952  483.169983
   -3.239002   -3.207896   -3.207896  483.169983
   -2.725046   -3.528823   -3.528823  483.169983
   -2.266798   -3.814963   -3.814963  483.170044
   -1.858227   -4.070086   -4.070086  483.170013
   -1.493942   -4.297554   -4.297554  483.170044
   -1.169145   -4.500366   -4.500366  483.170044
   -0.879556   -4.681194   -4.681194  483.170013
   -0.621352   -4.842420   -4.842420  483.170105
   -0.391141   -4.986171   -4.986171  483.169983
   -0.185885   -5.114340   -5.114340  483.170013
   -0.002876   -5.228615   -5.228615  483.169983
    0.180133   -4.361512   -6.115685  483.169922
    0.371482   -4.070962   -6.426205  483.169952
    0.571944   -3.866577   -6.719204  483.170013
    0.782282   -3.699503   -7.013705  483.170044
    1.003269   -3.554744   -7.312800  483.170013
    1.235672   -3.427841   -7.617771  483.170013
    1.480259   -3.321280   -7.929436  483.170044
    1.737799   -3.238724   -8.248349  483.170013
    2.009064   -3.185662   -8.574869  483.169983
    2.294820   -3.155104   -8.909175  483.169983
    2.595839   -3.128545   -9.251291  483.170044
    2.912883   -3.102837   -9.601421  483.170013
    3.246729   -3.078074   -9.960303  483.170074
    3.598140   -3.054026  -10.324664  483.170044
    3.967708   -3.030460  -10.695414  483.169983
    4.355530   -3.007148  -11.070770  483.169952
    4.762504   -2.983788  -11.450462  483.170013
    5.189647   -2.960068  -11.833794  483.170013
    5.638086   -2.935464  -12.220000  483.170105
    6.109051   -2.909574  -12.608276  483.170044
    6.603902   -2.881927  -13.000239  483.170044
    7.123820   -2.851975  -13.388376  483.170044
    7.669808   -2.818783  -13.773291  483.170044
    8.243686   -2.782022  -14.154329  483.170044
    8.847510   -2.740702  -14.533154  483.170074
    9.483546   -2.693171  -14.898992  483.169952
   10.154292   -2.639247  -15.254043  483.169922
   10.862472   -2.576254  -15.599403  483.170105
   11.616658   -2.503405  -15.922891  483.170044
   12.427740   -2.416227  -16.234032  483.169983
   13.296585   -2.312867  -16.511215  483.169952
   14.222548   -2.190664  -16.758308  483.169983
   15.203390   -2.047057  -16.952892  483.169983
   16.235312   -1.878326  -17.092768  483.170044
   17.312988   -1.684170  -17.168564  483.170013
   18.418949   -1.463636  -17.163189  483.169983
   19.535498   -1.218833  -17.083933  483.169922
   20.656633   -0.949567  -16.928602  483.169983
   21.777431   -0.656388  -16.690744  483.170044
   22.894144   -0.339574  -16.377468  483.169922
   24.004053    0.000000  -15.994234  483.169861
   25.105652    0.360258  -15.534101  483.170044
   26.206314    0.746564  -15.005984  483.170105
   27.311071    1.159436  -14.400199  483.170044
   28.418987    1.598900  -13.718423  483.170044
   29.528610    2.065588  -12.968143  483.169922
   30.637941    2.559316  -12.139745  483.169983
   31.744457    3.078900  -11.241486  483.169922
   32.844997    3.622755  -10.277435  483.170044
   33.929749    4.185492   -9.258249  483.169922
   34.992653    4.763038   -8.193303  483.169861
   36.030766    5.352211   -7.089980  483.170044
   37.041801    5.949905   -5.955615  483.169983
   38.023918    6.553243   -4.797314  483.169952
   38.975945    7.158238   -3.621681  483.170074
   39.897167    7.765246   -2.434681  483.169861
   40.790989    8.373510   -1.236642  483.169983
   41.658302    8.982102   -0.029850  483.169952
   42.499073    9.589175    1.181397  483.169891
   43.313332   10.192253    2.393600  483.169983
   44.101063   10.791857    3.600395  483.169983
   44.862274   11.385507    4.800301  483.170013
   45.596958   11.971994    5.989726  483.169983
   46.305115   12.549714    7.165822  483.169983
   46.986763   13.117345    8.323989  483.169922
   47.641880   13.673569    9.461587  483.169983
   48.270477   14.217269   10.576028  483.170105
   48.872551   14.661584   11.664299  483.170044
   49.448093   14.763406   12.723493  483.169983
   49.997116   14.056741   14.056245  483.170074
   50.546146   14.823167   14.822919  483.169983
   51.126518   15.633626   15.633626  483.170044
   51.740055   16.490374   16.490374  483.169952
   52.388618   17.396048   17.396048  483.170074
   53.074234   18.353449   18.353449  483.170044
   53.798996   19.365532   19.365532  483.170044
   54.565155   20.435411   20.435411  483.170013
   55.375065   21.566402   21.566402  483.169983
   56.231239   22.761980   22.761980  483.169983
   57.136307   24.025843   24.025843  483.170013
   58.093063   25.361879   25.361879  483.169983
   59.104462   26.774225   26.774225  483.170013
   60.173634   28.267237   28.267237  483.170013
   61.303856   29.845514   29.845514  483.169983
   62.498638   31.513922   31.513922  483.170013
  BLADE PROFILES IN CARTESIAN COORDINATES (2D) BEFORE   PROJECTION, SCALING, MESHING AND STACKING 
  VARIABLES = "X", "YSS", "YPS" 
  BLADE           1  SECTION           3
    0.000000   -0.010341   -0.010341
    0.000062   -0.008961   -0.014098
    0.000249   -0.006341   -0.016748
    0.000561   -0.003809   -0.019284
    0.000997   -0.001368   -0.021612
    0.001557    0.000960   -0.023558
    0.002241    0.003163   -0.025406
    0.003050    0.005242   -0.027269
    0.003982    0.007196   -0.029135
    0.005038    0.009029   -0.030947
    0.006218    0.010758   -0.032801
    0.007520    0.012412   -0.034778
    0.008945    0.014001   -0.036895
    0.010493    0.015545   -0.039145
    0.012162    0.017039   -0.041533
    0.013954    0.018503   -0.044049
    0.015866    0.019921   -0.046694
    0.017899    0.021313   -0.049464
    0.020052    0.022659   -0.052353
    0.022325    0.023966   -0.055358
    0.024716    0.025214   -0.058472
    0.027226    0.026376   -0.061692
    0.029854    0.027446   -0.065012
    0.032600    0.028393   -0.068428
    0.035461    0.029186   -0.071934
    0.038439    0.029806   -0.075526
    0.041531    0.030251   -0.079199
    0.044738    0.030583   -0.082946
    0.048058    0.030886   -0.086765
    0.051491    0.031190   -0.090648
    0.055036    0.031487   -0.094591
    0.058691    0.031778   -0.098596
    0.062456    0.032062   -0.102672
    0.066331    0.032342   -0.106764
    0.070314    0.032617   -0.110894
    0.074403    0.032887   -0.115058
    0.078599    0.033154   -0.119249
    0.082900    0.033419   -0.123457
    0.087305    0.033683   -0.127682
    0.091812    0.033945   -0.131917
    0.096421    0.034208   -0.136157
    0.101131    0.034472   -0.140397
    0.105941    0.034737   -0.144630
    0.110848    0.035009   -0.148853
    0.115853    0.035285   -0.153058
    0.120953    0.035567   -0.157242
    0.126148    0.035856   -0.161410
    0.131435    0.036154   -0.165576
    0.136815    0.036462   -0.169663
    0.142285    0.036781   -0.173693
    0.147845    0.037113   -0.177670
    0.153492    0.037464   -0.181593
    0.159225    0.037827   -0.185456
    0.165044    0.038206   -0.189255
    0.170946    0.038604   -0.193000
    0.176930    0.039022   -0.196708
    0.182994    0.039462   -0.200274
    0.189138    0.039934   -0.203741
    0.195358    0.040422   -0.207120
    0.201655    0.040935   -0.210407
    0.208026    0.041476   -0.213614
    0.214470    0.042059   -0.216760
    0.220986    0.042662   -0.219716
    0.227570    0.043295   -0.222551
    0.234223    0.043965   -0.225274
    0.240941    0.044681   -0.227901
    0.247725    0.045420   -0.230445
    0.254571    0.046201   -0.232772
    0.261478    0.047034   -0.234956
    0.268445    0.047892   -0.237010
    0.275470    0.048812   -0.238946
    0.282550    0.049759   -0.240787
    0.289685    0.050750   -0.242374
    0.296872    0.051808   -0.243815
    0.304110    0.052892   -0.245136
    0.311396    0.054051   -0.246346
    0.318730    0.055236   -0.247293
    0.326109    0.056496   -0.248071
    0.333531    0.057788   -0.248724
    0.340994    0.059135   -0.249247
    0.348497    0.060557   -0.249517
    0.356038    0.062012   -0.249589
    0.363615    0.063553   -0.249498
    0.371226    0.065124   -0.249257
    0.378869    0.066783   -0.248886
    0.386542    0.068475   -0.248225
    0.394243    0.070226   -0.247389
    0.401971    0.072069   -0.246405
    0.409723    0.073944   -0.245292
    0.417498    0.075886   -0.243875
    0.425293    0.077915   -0.242274
    0.433107    0.079979   -0.240496
    0.440937    0.082109   -0.238555
    0.448783    0.084334   -0.236479
    0.456641    0.086594   -0.234107
    0.464509    0.088915   -0.231552
    0.472387    0.091305   -0.228850
    0.480272    0.093790   -0.225997
    0.488161    0.096309   -0.222892
    0.496053    0.098891   -0.219565
    0.503947    0.101536   -0.216059
    0.511839    0.104245   -0.212376
    0.519729    0.107029   -0.208540
    0.527613    0.109896   -0.204568
    0.535491    0.112799   -0.200344
    0.543360    0.115763   -0.195916
    0.551217    0.118788   -0.191316
    0.559063    0.121873   -0.186546
    0.566893    0.125018   -0.181607
    0.574707    0.128222   -0.176528
    0.582502    0.131484   -0.171319
    0.590277    0.134804   -0.165885
    0.598029    0.138179   -0.160289
    0.605757    0.141612   -0.154518
    0.613458    0.145097   -0.148595
    0.621131    0.148635   -0.142522
    0.628774    0.152224   -0.136304
    0.636385    0.155862   -0.129943
    0.643962    0.159548   -0.123443
    0.651503    0.163279   -0.116809
    0.659006    0.167056   -0.110044
    0.666469    0.170875   -0.103152
    0.673891    0.174735   -0.096138
    0.681270    0.178634   -0.089007
    0.688604    0.182572   -0.081763
    0.695890    0.186547   -0.074411
    0.703128    0.190554   -0.066956
    0.710315    0.194593   -0.059403
    0.717450    0.198661   -0.051758
    0.724530    0.202756   -0.044025
    0.731555    0.206875   -0.036211
    0.738522    0.211017   -0.028321
    0.745429    0.215180   -0.020360
    0.752275    0.219359   -0.012334
    0.759059    0.223554   -0.004249
    0.765777    0.227762    0.003888
    0.772430    0.231971    0.012073
    0.779015    0.236181    0.020299
    0.785530    0.240413    0.028560
    0.791974    0.244648    0.036851
    0.798345    0.248882    0.045163
    0.804642    0.253114    0.053493
    0.810863    0.257342    0.061833
    0.817006    0.261565    0.070179
    0.823070    0.265777    0.078528
    0.829054    0.269975    0.086868
    0.834956    0.274158    0.095193
    0.840775    0.278322    0.103497
    0.846508    0.282465    0.111774
    0.852155    0.286583    0.120037
    0.857715    0.290666    0.128264
    0.863185    0.294719    0.136419
    0.868565    0.298749    0.144522
    0.873852    0.302744    0.152567
    0.879047    0.306702    0.160547
    0.884147    0.310619    0.168455
    0.889152    0.314493    0.176287
    0.894059    0.318322    0.184041
    0.898869    0.322102    0.191705
    0.903579    0.325833    0.199274
    0.908188    0.329510    0.206741
    0.912695    0.333130    0.214102
    0.917100    0.336692    0.221350
    0.921401    0.340192    0.228480
    0.925597    0.343629    0.235500
    0.929686    0.346999    0.242384
    0.933669    0.350301    0.249125
    0.937544    0.353531    0.255725
    0.941309    0.356688    0.262180
    0.944965    0.359769    0.268485
    0.948509    0.362773    0.274635
    0.951942    0.365696    0.280626
    0.955262    0.368537    0.286452
    0.958469    0.371295    0.292109
    0.961561    0.373966    0.297591
    0.964539    0.376549    0.302895
    0.967400    0.379041    0.308015
    0.970146    0.381441    0.312949
    0.972774    0.383599    0.317693
    0.975284    0.385146    0.322242
    0.977675    0.386282    0.326592
    0.979948    0.387116    0.330741
    0.982101    0.387706    0.334683
    0.984134    0.388086    0.338416
    0.986046    0.388281    0.341941
    0.987838    0.388304    0.345252
    0.989507    0.388165    0.348347
    0.991055    0.387869    0.351222
    0.992480    0.387419    0.353874
    0.993782    0.386838    0.356305
    0.994962    0.386089    0.358509
    0.996018    0.385196    0.360486
    0.996950    0.384159    0.362234
    0.997759    0.382984    0.363860
    0.998443    0.381679    0.365413
    0.999003    0.380255    0.367023
    0.999439    0.378720    0.368799
    0.999751    0.377076    0.370577
    0.999938    0.375242    0.372362
    1.000000    0.374073    0.374073
  BLADE PROFILES IN CARTESIAN COORDINATES (3D) 
  VARIABLES = "X", "YSS", "YPS" "R" 
  BLADE           1  SECTION           3
  -25.054014   10.374931   10.374931  483.812927
  -22.177914    8.581430    8.581430  483.814667
  -19.613569    6.982340    6.982340  483.816467
  -17.327190    5.556582    5.556582  483.818359
  -15.288653    4.285370    4.285370  483.820099
  -13.471083    3.151949    3.151949  483.822021
  -11.850533    2.141386    2.141386  483.823761
  -10.405641    1.240362    1.240362  483.825470
   -9.117373    0.437002    0.437002  483.827026
   -7.968748   -0.279279   -0.279279  483.828461
   -6.944634   -0.917918   -0.917918  483.829926
   -6.031525   -1.487333   -1.487333  483.831268
   -5.217397   -1.995027   -1.995027  483.832428
   -4.491518   -2.447690   -2.447690  483.833496
   -3.844321   -2.851286   -2.851286  483.834503
   -3.267277   -3.211135   -3.211135  483.835480
   -2.752785   -3.531979   -3.531979  483.836334
   -2.294062   -3.818046   -3.818046  483.837128
   -1.885063   -4.073102   -4.073102  483.837769
   -1.520395   -4.300513   -4.300513  483.838348
   -1.195259   -4.503274   -4.503274  483.838898
   -0.905365   -4.684057   -4.684057  483.839447
   -0.646894   -4.845243   -4.845243  483.839905
   -0.416444   -4.988958   -4.988958  483.840240
   -0.210969   -5.117093   -5.117093  483.840637
   -0.027770   -5.231340   -5.231340  483.840973
    0.155427   -4.363274   -6.119434  483.841553
    0.346977   -4.072603   -6.430133  483.842133
    0.547646   -3.867974   -6.723242  483.842773
    0.758205   -3.700599   -7.017836  483.843414
    0.979419   -3.555626   -7.317034  483.844147
    1.212066   -3.428530   -7.622107  483.844910
    1.456908   -3.321822   -7.933875  483.845734
    1.714715   -3.239182   -8.252895  483.846619
    1.986268   -3.186118   -8.579521  483.847443
    2.272318   -3.155457   -8.913938  483.848450
    2.573647   -3.128726   -9.256167  483.849457
    2.891025   -3.102848   -9.606407  483.850464
    3.225217   -3.077913   -9.965419  483.851746
    3.576991   -3.053692  -10.329907  483.852875
    3.946943   -3.029953  -10.700761  483.854279
    4.335169   -3.006470  -11.076252  483.855591
    4.742568   -2.982942  -11.456084  483.857147
    5.170158   -2.959056  -11.839561  483.858643
    5.619062   -2.934288  -12.225920  483.860321
    6.090516   -2.908234  -12.614354  483.862030
    6.585881   -2.880432  -13.006490  483.863892
    7.106339   -2.850329  -13.394770  483.865784
    7.652899   -2.816993  -13.779868  483.867950
    8.227370   -2.780097  -14.161098  483.870209
    8.831820   -2.738654  -14.540125  483.872650
    9.468522   -2.691010  -14.906152  483.875031
   10.139966   -2.636987  -15.261429  483.877777
   10.848878   -2.573916  -15.607021  483.880646
   11.603851   -2.501001  -15.930753  483.883667
   12.415774   -2.413789  -16.242161  483.887115
   13.285533   -2.310421  -16.519634  483.890717
   14.212448   -2.188245  -16.767056  483.894562
   15.194297   -2.044702  -16.961958  483.898773
   16.227301   -1.876086  -17.102196  483.903259
   17.306093   -1.682096  -17.178371  483.907837
   18.413193   -1.461770  -17.173367  483.912689
   19.530903   -1.217263  -17.094534  483.917480
   20.653214   -0.948313  -16.939590  483.922333
   21.775187   -0.655502  -16.699461  483.927338
   22.893049   -0.339094  -16.389351  483.932129
   24.004101    0.000000  -16.006460  483.936859
   25.106836    0.359774  -15.546828  483.941681
   26.208673    0.745491  -15.019103  483.946503
   27.314554    1.157791  -14.413820  483.951263
   28.423618    1.596622  -13.732466  483.955933
   29.534410    2.062623  -12.982613  483.960571
   30.644905    2.555594  -12.154758  483.965088
   31.752546    3.074407  -11.256952  483.969879
   32.854233    3.617454  -10.293371  483.974335
   33.940140    4.179350   -9.274665  483.978455
   35.004120    4.756052   -8.210202  483.982697
   36.043316    5.344341   -7.107355  483.986725
   37.055397    5.941138   -5.973475  483.990356
   38.038540    6.543575   -4.815642  483.993927
   38.991543    7.147671   -3.640468  483.997253
   39.913734    7.753773   -2.453928  484.000458
   40.808491    8.361132   -1.256327  484.003571
   41.676708    8.968824   -0.049976  484.006348
   42.518353    9.574996    1.160841  484.009003
   43.333466   10.177180    2.372610  484.011627
   44.122009   10.775893    3.578986  484.014069
   44.884022   11.368667    4.778476  484.016113
   45.619465   11.954283    5.967496  484.018219
   46.328373   12.531151    7.143200  484.020111
   47.010719   13.097939    8.300981  484.021912
   47.666523   13.653347    9.438206  484.023560
   48.295776   14.196239   10.552279  484.025177
   48.898476   14.639563   11.640193  484.026581
   49.474625   14.740249   12.699043  484.027893
   50.024223   14.032214   14.031718  484.029053
   50.573822   14.798084   14.797836  484.029663
   51.154808   15.607956   15.607956  484.030426
   51.768986   16.464085   16.464085  484.031219
   52.418228   17.369116   17.369116  484.032257
   53.104557   18.325838   18.325838  484.033234
   53.830078   19.337198   19.337198  484.034424
   54.597034   20.406334   20.406334  484.035706
   55.407791   21.536535   21.536535  484.037292
   56.264862   22.731295   22.731295  484.039001
   57.170872   23.994303   23.994303  484.040955
   58.128635   25.329458   25.329458  484.043365
   59.141098   26.740883   26.740883  484.045898
   60.211369   28.232937   28.232937  484.048859
   61.342777   29.810228   29.810228  484.052246
   62.538803   31.477631   31.477631  484.056000
  BLADE PROFILES IN CARTESIAN COORDINATES (2D) BEFORE   PROJECTION, SCALING, MESHING AND STACKING 
  VARIABLES = "X", "YSS", "YPS" 
  BLADE           2  SECTION           1
    0.000000    0.018133    0.018133
    0.000062    0.019355    0.013720
    0.000249    0.021857    0.010481
    0.000561    0.023628    0.007278
    0.000997    0.025456    0.004120
    0.001557    0.027385    0.001041
    0.002241    0.029139   -0.001914
    0.003050    0.030950   -0.004692
    0.003982    0.032821   -0.007244
    0.005038    0.034736   -0.009610
    0.006218    0.036751   -0.011857
    0.007520    0.038901   -0.013869
    0.008945    0.041189   -0.015743
    0.010493    0.043606   -0.017536
    0.012162    0.046137   -0.019236
    0.013954    0.048781   -0.020865
    0.015866    0.051536   -0.022459
    0.017899    0.054416   -0.023984
    0.020052    0.057390   -0.025483
    0.022325    0.060442   -0.026908
    0.024716    0.063583   -0.028294
    0.027226    0.066806   -0.029601
    0.029854    0.070107   -0.030806
    0.032600    0.073481   -0.031855
    0.035461    0.076922   -0.032752
    0.038439    0.080426   -0.033434
    0.041531    0.083984   -0.033877
    0.044738    0.087593   -0.034114
    0.048058    0.091250   -0.034258
    0.051491    0.094950   -0.034363
    0.055036    0.098687   -0.034438
    0.058691    0.102458   -0.034481
    0.062456    0.106256   -0.034496
    0.066331    0.110077   -0.034480
    0.070314    0.113916   -0.034435
    0.074403    0.117783   -0.034374
    0.078599    0.121674   -0.034289
    0.082900    0.125538   -0.034182
    0.087305    0.129400   -0.034055
    0.091812    0.133256   -0.033907
    0.096421    0.137090   -0.033742
    0.101131    0.140906   -0.033559
    0.105941    0.144701   -0.033360
    0.110848    0.148470   -0.033154
    0.115853    0.152207   -0.032937
    0.120953    0.155908   -0.032712
    0.126148    0.159584   -0.032479
    0.131435    0.163243   -0.032243
    0.136815    0.166812   -0.032005
    0.142285    0.170307   -0.031768
    0.147845    0.173743   -0.031532
    0.153492    0.177115   -0.031300
    0.159225    0.180419   -0.031074
    0.165044    0.183671   -0.030857
    0.170946    0.186872   -0.030654
    0.176930    0.189949   -0.030468
    0.182994    0.192915   -0.030292
    0.189138    0.195792   -0.030133
    0.195358    0.198577   -0.029997
    0.201655    0.201288   -0.029894
    0.208026    0.203926   -0.029805
    0.214470    0.206406   -0.029742
    0.220986    0.208751   -0.029712
    0.227570    0.210985   -0.029727
    0.234223    0.213106   -0.029761
    0.240941    0.215125   -0.029830
    0.247725    0.217070   -0.029949
    0.254571    0.218790   -0.030114
    0.261478    0.220382   -0.030307
    0.268445    0.221846   -0.030557
    0.275470    0.223195   -0.030862
    0.282550    0.224455   -0.031199
    0.289685    0.225468   -0.031600
    0.296872    0.226342   -0.032064
    0.304110    0.227104   -0.032563
    0.311396    0.227743   -0.033153
    0.318730    0.228175   -0.033773
    0.326109    0.228417   -0.034457
    0.333531    0.228509   -0.035233
    0.340994    0.228476   -0.036044
    0.348497    0.228318   -0.036928
    0.356038    0.227928   -0.037905
    0.363615    0.227348   -0.038922
    0.371226    0.226610   -0.040020
    0.378869    0.225739   -0.041215
    0.386542    0.224737   -0.042452
    0.394243    0.223493   -0.043771
    0.401971    0.222057   -0.045199
    0.409723    0.220457   -0.046670
    0.417498    0.218721   -0.048216
    0.425293    0.216846   -0.049857
    0.433107    0.214742   -0.051602
    0.440937    0.212433   -0.053396
    0.448783    0.209956   -0.055269
    0.456641    0.207313   -0.057227
    0.464509    0.204528   -0.059284
    0.472387    0.201611   -0.061441
    0.480272    0.198461   -0.063652
    0.488161    0.195114   -0.065945
    0.496053    0.191602   -0.068321
    0.503947    0.187927   -0.070782
    0.511839    0.184088   -0.073332
    0.519729    0.180110   -0.075976
    0.527613    0.176006   -0.078723
    0.535491    0.171682   -0.081521
    0.543360    0.167187   -0.084400
    0.551217    0.162526   -0.087361
    0.559063    0.157712   -0.090403
    0.566893    0.152746   -0.093525
    0.574707    0.147630   -0.096726
    0.582502    0.142368   -0.100005
    0.590277    0.136961   -0.103361
    0.598029    0.131439   -0.106793
    0.605757    0.125803   -0.110300
    0.613458    0.119979   -0.113880
    0.621131    0.114022   -0.117532
    0.628774    0.107936   -0.121254
    0.636385    0.101724   -0.125045
    0.643962    0.095390   -0.128902
    0.651503    0.088937   -0.132825
    0.659006    0.082371   -0.136810
    0.666469    0.075693   -0.140856
    0.673891    0.068908   -0.144960
    0.681270    0.062023   -0.149121
    0.688604    0.055041   -0.153337
    0.695890    0.047967   -0.157604
    0.703128    0.040806   -0.161920
    0.710315    0.033562   -0.166283
    0.717450    0.026239   -0.170691
    0.724530    0.018842   -0.175140
    0.731555    0.011377   -0.179628
    0.738522    0.003849   -0.184152
    0.745429   -0.003738   -0.188709
    0.752275   -0.011377   -0.193297
    0.759059   -0.019063   -0.197912
    0.765777   -0.026792   -0.202538
    0.772430   -0.034557   -0.207180
    0.779015   -0.042353   -0.211860
    0.785530   -0.050175   -0.216555
    0.791974   -0.058017   -0.221263
    0.798345   -0.065895   -0.225979
    0.804642   -0.073789   -0.230702
    0.810863   -0.081656   -0.235427
    0.817006   -0.089521   -0.240151
    0.823070   -0.097378   -0.244871
    0.829054   -0.105222   -0.249586
    0.834956   -0.113045   -0.254291
    0.840775   -0.120844   -0.258981
    0.846508   -0.128612   -0.263654
    0.852155   -0.136343   -0.268306
    0.857715   -0.144033   -0.272934
    0.863185   -0.151675   -0.277534
    0.868565   -0.159266   -0.282103
    0.873852   -0.166799   -0.286638
    0.879047   -0.174266   -0.291135
    0.884147   -0.181663   -0.295592
    0.889152   -0.188985   -0.299993
    0.894059   -0.196225   -0.304349
    0.898869   -0.203378   -0.308663
    0.903579   -0.210439   -0.312923
    0.908188   -0.217403   -0.317125
    0.912695   -0.224264   -0.321267
    0.917100   -0.231017   -0.325345
    0.921401   -0.237658   -0.329357
    0.925597   -0.244181   -0.333298
    0.929686   -0.250595   -0.337166
    0.933669   -0.256871   -0.340958
    0.937544   -0.263011   -0.344671
    0.941309   -0.269012   -0.348302
    0.944965   -0.274872   -0.351848
    0.948509   -0.280587   -0.355307
    0.951942   -0.286150   -0.358675
    0.955262   -0.291559   -0.361959
    0.958469   -0.296810   -0.365139
    0.961561   -0.301897   -0.368222
    0.964539   -0.306808   -0.371204
    0.967400   -0.311559   -0.374082
    0.970146   -0.316135   -0.376855
    0.972774   -0.320533   -0.379492
    0.975284   -0.324751   -0.381679
    0.977675   -0.328784   -0.383267
    0.979948   -0.332629   -0.384436
    0.982101   -0.336283   -0.385282
    0.984134   -0.339745   -0.385865
    0.986046   -0.343007   -0.386224
    0.987838   -0.346073   -0.386380
    0.989507   -0.348939   -0.386347
    0.991055   -0.351600   -0.386142
    0.992480   -0.354056   -0.385771
    0.993782   -0.356305   -0.385244
    0.994962   -0.358345   -0.384594
    0.996018   -0.360175   -0.383787
    0.996950   -0.361832   -0.382788
    0.997759   -0.363340   -0.381704
    0.998443   -0.364976   -0.380502
    0.999003   -0.366588   -0.379196
    0.999439   -0.368171   -0.377806
    0.999751   -0.369941   -0.376386
    0.999938   -0.371751   -0.374785
    1.000000   -0.372575   -0.372575
  BLADE PROFILES IN CARTESIAN COORDINATES (3D) 
  VARIABLES = "X", "YSS", "YPS" "R" 
  BLADE           2  SECTION           1
   52.451515  -13.719390  -13.719390  482.307190
   53.619362  -12.985547  -12.985547  482.305237
   54.666416  -12.327616  -12.327616  482.303223
   55.605148  -11.737741  -11.737741  482.301361
   56.446785  -11.208884  -11.208884  482.299469
   57.201351  -10.734735  -10.734735  482.297760
   57.877869  -10.309631  -10.309631  482.296112
   58.484394   -9.928502   -9.928502  482.294525
   59.028194   -9.586800   -9.586800  482.293121
   59.515724   -9.280442   -9.280442  482.291840
   59.952827   -9.005776   -9.005776  482.290588
   60.344715   -8.759523   -8.759523  482.289490
   60.696060   -8.538743   -8.538743  482.288483
   61.011082   -8.340804   -8.340804  482.287567
   61.293499   -8.163338   -8.163338  482.286713
   61.546703   -8.004230   -8.004230  482.285950
   61.773708   -7.861581   -7.861581  482.285187
   61.977245   -7.733689   -7.733689  482.284576
   62.159721   -7.619026   -7.619026  482.284027
   62.323326   -7.516224   -7.516224  482.283447
   62.470001   -7.424057   -7.424057  482.282990
   62.616669   -6.665097   -8.212893  482.282379
   62.770031   -6.398589   -8.509277  482.281738
   62.930702   -6.146575   -8.700038  482.281219
   63.099281   -5.899414   -8.850178  482.280518
   63.276394   -5.651604   -8.978414  482.279724
   63.462666   -5.404477   -9.090398  482.278931
   63.658691   -5.155416   -9.186564  482.278107
   63.865105   -4.903690   -9.260433  482.277161
   64.082527   -4.648927   -9.306613  482.276123
   64.311539   -4.391040   -9.324832  482.275116
   64.552788   -4.129636   -9.332813  482.273956
   64.806892   -3.864758   -9.336931  482.272766
   65.074455   -3.596569   -9.337362  482.271545
   65.356102   -3.325161   -9.334258  482.270172
   65.652298   -3.049681   -9.328592  482.268646
   65.963127   -2.774382   -9.320106  482.267059
   66.289291   -2.498225   -9.309032  482.265320
   66.631645   -2.222045   -9.295586  482.263580
   66.991051   -1.945942   -9.280410  482.261719
   67.368523   -1.670532   -9.263777  482.259583
   67.765121   -1.394447   -9.246035  482.257355
   68.181824   -1.124041   -9.227811  482.254974
   68.619423   -0.858391   -9.209545  482.252533
   69.079338   -0.597245   -9.191889  482.249664
   69.563301   -0.341579   -9.176054  482.246765
   70.073059   -0.098177   -9.162152  482.243591
   70.610641    0.136442   -9.152229  482.240326
   71.178215    0.357998   -9.146313  482.236542
   71.782661    0.561940   -9.147329  482.232605
   72.432709    0.753072   -9.156114  482.228363
   73.129059    0.915009   -9.175939  482.223633
   73.871170    1.051586   -9.209632  482.218231
   74.657288    1.145803   -9.260200  482.212738
   75.484314    1.197098   -9.330842  482.206726
   76.348030    1.196973   -9.424466  482.200256
   77.234428    1.137424   -9.542490  482.193695
   78.129288    1.024552   -9.685037  482.186920
   79.027832    0.848959   -9.852769  482.180023
   79.926102    0.621536  -10.045886  482.173004
   80.821083    0.334506  -10.261965  482.165802
   81.710640    0.000000  -10.504571  482.158783
   82.593506   -0.390602  -10.769308  482.151672
   83.475670   -0.829618  -11.061771  482.144623
   84.361076   -1.324040  -11.381216  482.137360
   85.249008   -1.874123  -11.728238  482.130219
   86.138321   -2.476599  -12.103498  482.123016
   87.027412   -3.127441  -12.506735  482.115845
   87.914246   -3.831139  -12.937212  482.108643
   88.796272   -4.581716  -13.393646  482.101562
   89.665649   -5.370964  -13.871357  482.094574
   90.517509   -6.191422  -14.366413  482.087830
   91.349525   -7.037612  -14.875872  482.081238
   92.159821   -7.904326  -15.396805  482.074890
   92.946953   -8.786263  -15.926302  482.068970
   93.709946   -9.678627  -16.460693  482.063080
   94.448280  -10.577904  -17.000017  482.057556
   95.164627  -11.483557  -17.543108  482.052277
   95.859734  -12.391902  -18.089001  482.047119
   96.533600  -13.301347  -18.636007  482.042236
   97.186180  -14.209256  -19.182402  482.037628
   97.817528  -15.113175  -19.726675  482.033295
   98.427605  -16.010193  -20.266520  482.029114
   99.016434  -16.897867  -20.802124  482.025116
   99.583992  -17.773916  -21.331186  482.021332
  100.130295  -18.636578  -21.852345  482.017822
  100.655365  -19.482368  -22.364323  482.014465
  101.159149  -20.309599  -22.865908  482.011292
  101.641693  -21.117176  -23.307922  482.008423
  102.102974  -21.902473  -23.436295  482.005615
  102.542999  -22.883049  -22.883472  482.002991
  102.983025  -23.497505  -23.497717  482.001526
  103.458061  -24.160618  -24.160618  481.999969
  103.970871  -24.876474  -24.876474  481.998352
  104.524490  -25.649281  -25.649281  481.996552
  105.122162  -26.483566  -26.483566  481.994720
  105.767365  -27.384218  -27.384218  481.992798
  106.463890  -28.356516  -28.356516  481.990784
  107.215851  -29.406174  -29.406174  481.988770
  108.027611  -30.539320  -30.539320  481.986542
  108.903954  -31.762615  -31.762615  481.984283
  109.850006  -33.083229  -33.083229  481.981934
  110.871330  -34.508904  -34.508904  481.979645
  111.973915  -36.047993  -36.047993  481.977203
  113.164177  -37.709515  -37.709515  481.974670
  114.449150  -39.503235  -39.503235  481.972321
  115.836334  -41.439644  -41.439644  481.969849
  117.333870  -43.530109  -43.530109  481.967377
  118.950562  -45.786896  -45.786896  481.965118
  120.695854  -48.223228  -48.223228  481.962952
  122.579987  -50.853397  -50.853397  481.960938
  BLADE PROFILES IN CARTESIAN COORDINATES (2D) BEFORE   PROJECTION, SCALING, MESHING AND STACKING 
  VARIABLES = "X", "YSS", "YPS" 
  BLADE           2  SECTION           2
    0.000000    0.018173    0.018173
    0.000062    0.019363    0.013672
    0.000249    0.021867    0.010431
    0.000561    0.023626    0.007220
    0.000997    0.025463    0.004054
    0.001557    0.027395    0.000968
    0.002241    0.029145   -0.001993
    0.003050    0.030974   -0.004764
    0.003982    0.032866   -0.007317
    0.005038    0.034746   -0.009685
    0.006218    0.036751   -0.011938
    0.007520    0.038897   -0.013955
    0.008945    0.041181   -0.015824
    0.010493    0.043593   -0.017634
    0.012162    0.046118   -0.019343
    0.013954    0.048756   -0.020979
    0.015866    0.051504   -0.022581
    0.017899    0.054377   -0.024115
    0.020052    0.057345   -0.025624
    0.022325    0.060390   -0.027059
    0.024716    0.063522   -0.028456
    0.027226    0.066737   -0.029773
    0.029854    0.070029   -0.030962
    0.032600    0.073394   -0.032040
    0.035461    0.076826   -0.032945
    0.038439    0.080319   -0.033635
    0.041531    0.083866   -0.034086
    0.044738    0.087464   -0.034334
    0.048058    0.091110   -0.034491
    0.051491    0.094799   -0.034610
    0.055036    0.098525   -0.034699
    0.058691    0.102283   -0.034757
    0.062456    0.106068   -0.034783
    0.066331    0.109876   -0.034778
    0.070314    0.113702   -0.034758
    0.074403    0.117555   -0.034713
    0.078599    0.121433   -0.034645
    0.082900    0.125283   -0.034555
    0.087305    0.129131   -0.034444
    0.091812    0.132970   -0.034314
    0.096421    0.136788   -0.034166
    0.101131    0.140589   -0.034001
    0.105941    0.144369   -0.033821
    0.110848    0.148121   -0.033633
    0.115853    0.151843   -0.033434
    0.120953    0.155547   -0.033228
    0.126148    0.159229   -0.033015
    0.131435    0.162830   -0.032798
    0.136815    0.166378   -0.032579
    0.142285    0.169856   -0.032362
    0.147845    0.173274   -0.032145
    0.153492    0.176629   -0.031933
    0.159225    0.179916   -0.031728
    0.165044    0.183148   -0.031532
    0.170946    0.186335   -0.031354
    0.176930    0.189387   -0.031183
    0.182994    0.192335   -0.031028
    0.189138    0.195195   -0.030889
    0.195358    0.197962   -0.030775
    0.201655    0.200652   -0.030692
    0.208026    0.203274   -0.030624
    0.214470    0.205729   -0.030581
    0.220986    0.208055   -0.030574
    0.227570    0.210271   -0.030609
    0.234223    0.212399   -0.030664
    0.240941    0.214433   -0.030757
    0.247725    0.216294   -0.030908
    0.254571    0.217994   -0.031081
    0.261478    0.219569   -0.031296
    0.268445    0.221042   -0.031582
    0.275470    0.222406   -0.031893
    0.282550    0.223577   -0.032251
    0.289685    0.224572   -0.032690
    0.296872    0.225428   -0.033157
    0.304110    0.226169   -0.033680
    0.311396    0.226793   -0.034289
    0.318730    0.227197   -0.034928
    0.326109    0.227422   -0.035636
    0.333531    0.227496   -0.036430
    0.340994    0.227442   -0.037260
    0.348497    0.227269   -0.038168
    0.356038    0.226851   -0.039163
    0.363615    0.226254   -0.040199
    0.371226    0.225498   -0.041320
    0.378869    0.224606   -0.042532
    0.386542    0.223590   -0.043788
    0.394243    0.222319   -0.045129
    0.401971    0.220866   -0.046574
    0.409723    0.219249   -0.048064
    0.417498    0.217493   -0.049629
    0.425293    0.215603   -0.051291
    0.433107    0.213474   -0.053053
    0.440937    0.211147   -0.054864
    0.448783    0.208654   -0.056755
    0.456641    0.205994   -0.058732
    0.464509    0.203189   -0.060808
    0.472387    0.200257   -0.062981
    0.480272    0.197084   -0.065208
    0.488161    0.193721   -0.067518
    0.496053    0.190193   -0.069910
    0.503947    0.186501   -0.072389
    0.511839    0.182646   -0.074955
    0.519729    0.178650   -0.077616
    0.527613    0.174532   -0.080377
    0.535491    0.170192   -0.083190
    0.543360    0.165677   -0.086084
    0.551217    0.161001   -0.089060
    0.559063    0.156171   -0.092116
    0.566893    0.151190   -0.095252
    0.574707    0.146060   -0.098467
    0.582502    0.140783   -0.101760
    0.590277    0.135361   -0.105130
    0.598029    0.129824   -0.108575
    0.605757    0.124174   -0.112095
    0.613458    0.118336   -0.115687
    0.621131    0.112366   -0.119352
    0.628774    0.106266   -0.123086
    0.636385    0.100040   -0.126888
    0.643962    0.093693   -0.130757
    0.651503    0.087228   -0.134690
    0.659006    0.080648   -0.138686
    0.666469    0.073957   -0.142743
    0.673891    0.067160   -0.146858
    0.681270    0.060263   -0.151029
    0.688604    0.053269   -0.155254
    0.695890    0.046184   -0.159531
    0.703128    0.039011   -0.163856
    0.710315    0.031756   -0.168228
    0.717450    0.024424   -0.172644
    0.724530    0.017016   -0.177102
    0.731555    0.009541   -0.181598
    0.738522    0.002002   -0.186130
    0.745429   -0.005594   -0.190695
    0.752275   -0.013243   -0.195290
    0.759059   -0.020938   -0.199913
    0.765777   -0.028676   -0.204545
    0.772430   -0.036450   -0.209194
    0.779015   -0.044255   -0.213880
    0.785530   -0.052086   -0.218582
    0.791974   -0.059936   -0.223296
    0.798345   -0.067821   -0.228018
    0.804642   -0.075723   -0.232746
    0.810863   -0.083598   -0.237476
    0.817006   -0.091470   -0.242205
    0.823070   -0.099335   -0.246930
    0.829054   -0.107185   -0.251649
    0.834956   -0.115015   -0.256359
    0.840775   -0.122820   -0.261053
    0.846508   -0.130595   -0.265730
    0.852155   -0.138332   -0.270386
    0.857715   -0.146027   -0.275018
    0.863185   -0.153675   -0.279621
    0.868565   -0.161272   -0.284194
    0.873852   -0.168810   -0.288732
    0.879047   -0.176282   -0.293232
    0.884147   -0.183685   -0.297692
    0.889152   -0.191011   -0.302095
    0.894059   -0.198255   -0.306455
    0.898869   -0.205413   -0.310771
    0.903579   -0.212478   -0.315033
    0.908188   -0.219446   -0.319238
    0.912695   -0.226312   -0.323382
    0.917100   -0.233069   -0.327462
    0.921401   -0.239713   -0.331475
    0.925597   -0.246239   -0.335417
    0.929686   -0.252657   -0.339287
    0.933669   -0.258937   -0.343081
    0.937544   -0.265079   -0.346795
    0.941309   -0.271084   -0.350427
    0.944965   -0.276947   -0.353975
    0.948509   -0.282663   -0.357435
    0.951942   -0.288230   -0.360804
    0.955262   -0.293641   -0.364088
    0.958469   -0.298894   -0.367270
    0.961561   -0.303984   -0.370353
    0.964539   -0.308897   -0.373336
    0.967400   -0.313649   -0.376215
    0.970146   -0.318228   -0.378989
    0.972774   -0.322628   -0.381629
    0.975284   -0.326847   -0.383810
    0.977675   -0.330881   -0.385395
    0.979948   -0.334728   -0.386563
    0.982101   -0.338384   -0.387408
    0.984134   -0.341847   -0.387990
    0.986046   -0.345110   -0.388347
    0.987838   -0.348177   -0.388502
    0.989507   -0.351044   -0.388468
    0.991055   -0.353706   -0.388261
    0.992480   -0.356163   -0.387890
    0.993782   -0.358413   -0.387362
    0.994962   -0.360454   -0.386710
    0.996018   -0.362284   -0.385902
    0.996950   -0.363942   -0.384903
    0.997759   -0.365451   -0.383818
    0.998443   -0.367086   -0.382615
    0.999003   -0.368697   -0.381307
    0.999439   -0.370282   -0.379917
    0.999751   -0.372053   -0.378494
    0.999938   -0.373865   -0.376895
    1.000000   -0.374692   -0.374692
  BLADE PROFILES IN CARTESIAN COORDINATES (3D) 
  VARIABLES = "X", "YSS", "YPS" "R" 
  BLADE           2  SECTION           2
   52.504051  -13.598965  -13.598965  483.170044
   53.669758  -12.871071  -12.871071  483.170013
   54.714882  -12.218475  -12.218475  483.170105
   55.651871  -11.633382  -11.633382  483.169983
   56.491951  -11.108816  -11.108816  483.170013
   57.245144  -10.638514  -10.638514  483.170044
   57.920391  -10.216860  -10.216860  483.170044
   58.525806   -9.838823   -9.838823  483.169983
   59.068596   -9.499893   -9.499893  483.169983
   59.555244   -9.196023   -9.196023  483.170044
   59.991539   -8.923586   -8.923586  483.170074
   60.382710   -8.679331   -8.679331  483.170013
   60.733414   -8.460341   -8.460341  483.169983
   61.047836   -8.264006   -8.264006  483.170013
   61.329742   -8.087980   -8.087980  483.170013
   61.582481   -7.930162   -7.930162  483.170013
   61.809067   -7.788671   -7.788671  483.169983
   62.012234   -7.661816   -7.661816  483.170013
   62.194370   -7.548083   -7.548083  483.169983
   62.357670   -7.446115   -7.446115  483.169983
   62.504074   -7.354695   -7.354695  483.170044
   62.650486   -6.596051   -8.145511  483.170044
   62.803551   -6.331818   -8.441911  483.170044
   62.963940   -6.080814   -8.633058  483.169983
   63.132206   -5.834680   -8.783583  483.169983
   63.308998   -5.587914   -8.912407  483.170044
   63.494919   -5.341863   -9.025013  483.170074
   63.690582   -5.093918   -9.120790  483.170044
   63.896626   -4.843347   -9.196006  483.170074
   64.113625   -4.589848   -9.242634  483.169983
   64.342232   -4.333213   -9.261580  483.169922
   64.583046   -4.073103   -9.270537  483.169983
   64.836670   -3.809566   -9.275665  483.170013
   65.103752   -3.542764   -9.276872  483.169983
   65.384888   -3.272816   -9.275239  483.169983
   65.680542   -2.998798   -9.270736  483.170044
   65.990799   -2.725025   -9.263484  483.170044
   66.316383   -2.450582   -9.253678  483.170044
   66.658096   -2.176019   -9.241563  483.170074
   67.016846   -1.901621   -9.227778  483.170013
   67.393608   -1.626814   -9.212581  483.170013
   67.789490   -1.353621   -9.196326  483.170013
   68.205429   -1.085131   -9.179643  483.170044
   68.642220   -0.821312   -9.162965  483.169983
   69.101311   -0.562120   -9.146999  483.169983
   69.584381   -0.308536   -9.132819  483.170074
   70.093208   -0.067068   -9.120661  483.170013
   70.629829    0.165508   -9.112553  483.170074
   71.196358    0.384801   -9.108514  483.170074
   71.799706    0.587415   -9.111422  483.170105
   72.448563    0.775366   -9.122735  483.170044
   73.143654    0.935880   -9.144621  483.169952
   73.884422    1.069116   -9.180221  483.169983
   74.669067    1.161237   -9.232835  483.170044
   75.494606    1.210143   -9.305645  483.170105
   76.356781    1.207964   -9.401424  483.170013
   77.241516    1.146107   -9.521546  483.169983
   78.134766    1.031200   -9.666093  483.169952
   79.031685    0.853708   -9.835633  483.169922
   79.928329    0.624444  -10.030547  483.170013
   80.821709    0.336022  -10.248313  483.170044
   81.709618    0.000000  -10.492368  483.170074
   82.590889   -0.391717  -10.758510  483.169983
   83.471428   -0.831776  -11.052229  483.169952
   84.355217   -1.327219  -11.372769  483.170044
   85.241562   -1.878014  -11.720801  483.169922
   86.129272   -2.481092  -12.096954  483.170044
   87.016739   -3.132406  -12.500962  483.170044
   87.901939   -3.836434  -12.932092  483.169922
   88.782364   -4.587198  -13.389056  483.169983
   89.650177   -5.376553  -13.867169  483.170044
   90.500481   -6.196924  -14.362514  483.169983
   91.331001   -7.042861  -14.872147  483.169983
   92.139801   -7.909253  -15.393147  483.170105
   92.925514   -8.790766  -15.922617  483.170105
   93.687119   -9.682611  -16.456896  483.170044
   94.424103  -10.581277  -16.996027  483.169983
   95.139175  -11.486254  -17.538853  483.170044
   95.832993  -12.393852  -18.084389  483.169983
   96.505630  -13.302487  -18.631001  483.170013
   97.157021  -14.209534  -19.176943  483.170044
   97.787224  -15.112547  -19.720720  483.170044
   98.396172  -16.008619  -20.260023  483.169983
   98.983940  -16.895325  -20.795055  483.169983
   99.550468  -17.770378  -21.323517  483.170074
  100.095772  -18.632019  -21.844046  483.170013
  100.619888  -19.476786  -22.355370  483.169983
  101.122749  -20.302980  -22.856297  483.170044
  101.604408  -21.109522  -23.297483  483.169983
  102.064850  -21.893795  -23.425446  483.170044
  102.504074  -22.873144  -22.873568  483.170044
  102.943275  -23.486692  -23.486902  483.170044
  103.417458  -24.148823  -24.148823  483.170044
  103.929321  -24.863625  -24.863625  483.170013
  104.481934  -25.635294  -25.635294  483.170013
  105.078491  -26.468351  -26.468351  483.170013
  105.722511  -27.367674  -27.367674  483.169983
  106.417778  -28.338551  -28.338551  483.170013
  107.168343  -29.386658  -29.386658  483.169983
  107.978607  -30.518135  -30.518135  483.170013
  108.853310  -31.739622  -31.739622  483.170013
  109.797638  -33.058292  -33.058292  483.170044
  110.817078  -34.481861  -34.481861  483.170044
  111.917625  -36.018673  -36.018673  483.170074
  113.105705  -37.677746  -37.677746  483.170044
  114.388283  -39.468800  -39.468800  483.170044
  115.772911  -41.402332  -41.402332  483.169983
  117.267685  -43.489677  -43.489677  483.169983
  118.881386  -45.743080  -45.743080  483.170013
  120.623466  -48.175751  -48.175751  483.169983
  122.504089  -50.801922  -50.801922  483.170044
  BLADE PROFILES IN CARTESIAN COORDINATES (2D) BEFORE   PROJECTION, SCALING, MESHING AND STACKING 
  VARIABLES = "X", "YSS", "YPS" 
  BLADE           2  SECTION           3
    0.000000    0.018212    0.018212
    0.000062    0.019371    0.013621
    0.000249    0.021877    0.010377
    0.000561    0.023624    0.007160
    0.000997    0.025469    0.003987
    0.001557    0.027406    0.000893
    0.002241    0.029151   -0.002074
    0.003050    0.030982   -0.004837
    0.003982    0.032874   -0.007395
    0.005038    0.034750   -0.009767
    0.006218    0.036752   -0.012021
    0.007520    0.038894   -0.014042
    0.008945    0.041173   -0.015920
    0.010493    0.043580   -0.017736
    0.012162    0.046098   -0.019451
    0.013954    0.048731   -0.021091
    0.015866    0.051497   -0.022699
    0.017899    0.054356   -0.024243
    0.020052    0.057300   -0.025761
    0.022325    0.060337   -0.027207
    0.024716    0.063462   -0.028614
    0.027226    0.066668   -0.029939
    0.029854    0.069952   -0.031139
    0.032600    0.073308   -0.032226
    0.035461    0.076730   -0.033140
    0.038439    0.080212   -0.033837
    0.041531    0.083748   -0.034295
    0.044738    0.087336   -0.034554
    0.048058    0.090971   -0.034724
    0.051491    0.094648   -0.034857
    0.055036    0.098362   -0.034960
    0.058691    0.102108   -0.035033
    0.062456    0.105882   -0.035074
    0.066331    0.109677   -0.035085
    0.070314    0.113506   -0.035080
    0.074403    0.117360   -0.035052
    0.078599    0.121194   -0.035000
    0.082900    0.125030   -0.034927
    0.087305    0.128864   -0.034833
    0.091812    0.132684   -0.034720
    0.096421    0.136488   -0.034588
    0.101131    0.140274   -0.034438
    0.105941    0.144038   -0.034281
    0.110848    0.147775   -0.034111
    0.115853    0.151480   -0.033931
    0.120953    0.155167   -0.033744
    0.126148    0.158834   -0.033550
    0.131435    0.162419   -0.033352
    0.136815    0.165945   -0.033153
    0.142285    0.169406   -0.032955
    0.147845    0.172807   -0.032759
    0.153492    0.176145   -0.032566
    0.159225    0.179415   -0.032381
    0.165044    0.182627   -0.032206
    0.170946    0.185798   -0.032048
    0.176930    0.188827   -0.031898
    0.182994    0.191757   -0.031763
    0.189138    0.194599   -0.031645
    0.195358    0.197348   -0.031553
    0.201655    0.200018   -0.031490
    0.208026    0.202625   -0.031442
    0.214470    0.205053   -0.031420
    0.220986    0.207361   -0.031436
    0.227570    0.209559   -0.031491
    0.234223    0.211667   -0.031567
    0.240941    0.213685   -0.031683
    0.247725    0.215519   -0.031853
    0.254571    0.217201   -0.032047
    0.261478    0.218757   -0.032285
    0.268445    0.220210   -0.032591
    0.275470    0.221558   -0.032921
    0.282550    0.222702   -0.033304
    0.289685    0.223679   -0.033762
    0.296872    0.224516   -0.034248
    0.304110    0.225236   -0.034796
    0.311396    0.225845   -0.035422
    0.318730    0.226222   -0.036082
    0.326109    0.226428   -0.036814
    0.333531    0.226485   -0.037625
    0.340994    0.226410   -0.038475
    0.348497    0.226222   -0.039407
    0.356038    0.225777   -0.040419
    0.363615    0.225162   -0.041475
    0.371226    0.224389   -0.042619
    0.378869    0.223476   -0.043848
    0.386542    0.222445   -0.045123
    0.394243    0.221148   -0.046487
    0.401971    0.219677   -0.047949
    0.409723    0.218043   -0.049456
    0.417498    0.216266   -0.051041
    0.425293    0.214362   -0.052724
    0.433107    0.212207   -0.054502
    0.440937    0.209864   -0.056331
    0.448783    0.207354   -0.058239
    0.456641    0.204677   -0.060242
    0.464509    0.201853   -0.062357
    0.472387    0.198906   -0.064519
    0.480272    0.195710   -0.066763
    0.488161    0.192330   -0.069089
    0.496053    0.188786   -0.071498
    0.503947    0.185078   -0.073995
    0.511839    0.181237   -0.076585
    0.519729    0.177256   -0.079283
    0.527613    0.173060   -0.082029
    0.535491    0.168704   -0.084858
    0.543360    0.164169   -0.087767
    0.551217    0.159477   -0.090758
    0.559063    0.154632   -0.093828
    0.566893    0.149636   -0.096979
    0.574707    0.144491   -0.100207
    0.582502    0.139199   -0.103514
    0.590277    0.133763   -0.106897
    0.598029    0.128210   -0.110355
    0.605757    0.122548   -0.113888
    0.613458    0.116696   -0.117493
    0.621131    0.110711   -0.121170
    0.628774    0.104598   -0.124916
    0.636385    0.098359   -0.128730
    0.643962    0.091998   -0.132610
    0.651503    0.085520   -0.136555
    0.659006    0.078926   -0.140562
    0.666469    0.072222   -0.144629
    0.673891    0.065413   -0.148754
    0.681270    0.058504   -0.152935
    0.688604    0.051499   -0.157170
    0.695890    0.044402   -0.161456
    0.703128    0.037218   -0.165791
    0.710315    0.029952   -0.170172
    0.717450    0.022609   -0.174597
    0.724530    0.015192   -0.179063
    0.731555    0.007706   -0.183568
    0.738522    0.000158   -0.188107
    0.745429   -0.007448   -0.192680
    0.752275   -0.015107   -0.197283
    0.759059   -0.022812   -0.201912
    0.765777   -0.030559   -0.206566
    0.772430   -0.038342   -0.211228
    0.779015   -0.046156   -0.215900
    0.785530   -0.053994   -0.220608
    0.791974   -0.061853   -0.225328
    0.798345   -0.069746   -0.230056
    0.804642   -0.077656   -0.234789
    0.810863   -0.085539   -0.239525
    0.817006   -0.093418   -0.244259
    0.823070   -0.101289   -0.248989
    0.829054   -0.109147   -0.253713
    0.834956   -0.116984   -0.258426
    0.840775   -0.124796   -0.263125
    0.846508   -0.132576   -0.267806
    0.852155   -0.140320   -0.272466
    0.857715   -0.148021   -0.277101
    0.863185   -0.155674   -0.281709
    0.868565   -0.163277   -0.286285
    0.873852   -0.170820   -0.290826
    0.879047   -0.178298   -0.295329
    0.884147   -0.185705   -0.299791
    0.889152   -0.193036   -0.304198
    0.894059   -0.200285   -0.308560
    0.898869   -0.207447   -0.312879
    0.903579   -0.214517   -0.317143
    0.908188   -0.221489   -0.321350
    0.912695   -0.228358   -0.325496
    0.917100   -0.235119   -0.329578
    0.921401   -0.241767   -0.333592
    0.925597   -0.248297   -0.337537
    0.929686   -0.254718   -0.341408
    0.933669   -0.261001   -0.345203
    0.937544   -0.267147   -0.348919
    0.941309   -0.273154   -0.352552
    0.944965   -0.279020   -0.356101
    0.948509   -0.284740   -0.359562
    0.951942   -0.290308   -0.362940
    0.955262   -0.295723   -0.366218
    0.958469   -0.300978   -0.369400
    0.961561   -0.306070   -0.372484
    0.964539   -0.310985   -0.375468
    0.967400   -0.315740   -0.378348
    0.970146   -0.320320   -0.381122
    0.972774   -0.324722   -0.383762
    0.975284   -0.328942   -0.385940
    0.977675   -0.332978   -0.387524
    0.979948   -0.336827   -0.388691
    0.982101   -0.340484   -0.389534
    0.984134   -0.343948   -0.390114
    0.986046   -0.347213   -0.390470
    0.987838   -0.350281   -0.390624
    0.989507   -0.353149   -0.390589
    0.991055   -0.355812   -0.390382
    0.992480   -0.358270   -0.390009
    0.993782   -0.360521   -0.389480
    0.994962   -0.362562   -0.388828
    0.996018   -0.364393   -0.388018
    0.996950   -0.366051   -0.387018
    0.997759   -0.367561   -0.385931
    0.998443   -0.369196   -0.384727
    0.999003   -0.370806   -0.383419
    0.999439   -0.372393   -0.382026
    0.999751   -0.374163   -0.380601
    0.999938   -0.375977   -0.379008
    1.000000   -0.376808   -0.376808
  BLADE PROFILES IN CARTESIAN COORDINATES (3D) 
  VARIABLES = "X", "YSS", "YPS" "R" 
  BLADE           2  SECTION           3
   52.555435  -13.481509  -13.481509  484.032379
   53.719063  -12.759478  -12.759478  484.034271
   54.762321  -12.112138  -12.112138  484.036041
   55.697659  -11.531763  -11.531763  484.037811
   56.536240  -11.011425  -11.011425  484.039581
   57.288078  -10.544915  -10.544915  484.041229
   57.962154  -10.126662  -10.126662  484.042877
   58.566486   -9.751677   -9.751677  484.044434
   59.108311   -9.415482   -9.415482  484.045868
   59.594078   -9.114060   -9.114060  484.047180
   60.029606   -8.843823   -8.843823  484.048370
   60.420074   -8.601537   -8.601537  484.049469
   60.770153   -8.384316   -8.384316  484.050507
   61.084019   -8.189564   -8.189564  484.051392
   61.365414   -8.014958   -8.014958  484.052307
   61.617706   -7.858414   -7.858414  484.053070
   61.843899   -7.718063   -7.718063  484.053772
   62.046692   -7.592231   -7.592231  484.054443
   62.228512   -7.479416   -7.479416  484.054993
   62.391518   -7.378270   -7.378270  484.055511
   62.537663   -7.287587   -7.287587  484.056061
   62.683815   -6.529099   -8.079144  484.056610
   62.836617   -6.265811   -8.375499  484.057220
   62.996693   -6.015797   -8.567050  484.057861
   63.164673   -5.769781   -8.717829  484.058594
   63.341141   -5.524930   -8.847215  484.059296
   63.526726   -5.279926   -8.960472  484.060120
   63.722057   -5.033074   -9.056787  484.061005
   63.927719   -4.783631   -9.132516  484.061829
   64.144333   -4.531384   -9.179620  484.062927
   64.372543   -4.275970   -9.199287  484.063965
   64.612907   -4.017129   -9.209215  484.065063
   64.866112   -3.754907   -9.215348  484.066223
   65.132706   -3.489508   -9.217629  484.067505
   65.413322   -3.219919   -9.217135  484.069000
   65.708458   -2.948433   -9.213813  484.070343
   66.018158   -2.676096   -9.207782  484.071991
   66.343147   -2.403337   -9.199201  484.073669
   66.684250   -2.130364   -9.188379  484.075439
   67.042358   -1.857597   -9.176044  484.077423
   67.418465   -1.584532   -9.162273  484.079559
   67.813629   -1.313022   -9.147499  484.081726
   68.228821   -1.046476   -9.132345  484.084076
   68.664810   -0.784459   -9.117248  484.086700
   69.123108   -0.527193   -9.102945  484.089264
   69.605278   -0.275661   -9.090427  484.092255
   70.113213   -0.036100   -9.080010  484.095459
   70.648849    0.194460   -9.073698  484.098877
   71.214363    0.411516   -9.071529  484.102661
   71.816628    0.612053   -9.076317  484.106598
   72.464333    0.797654   -9.089651  484.110931
   73.158142    0.955996   -9.113660  484.115784
   73.897583    1.086787   -9.151433  484.121033
   74.680824    1.176697   -9.206236  484.126404
   75.504906    1.223228   -9.281210  484.132416
   76.365479    1.219001   -9.379142  484.138885
   77.248665    1.154843   -9.501363  484.145660
   78.140297    1.037902   -9.647910  484.152588
   79.035583    0.858504   -9.819293  484.159546
   79.930603    0.627390  -10.015979  484.166504
   80.822350    0.337558  -10.235841  484.173767
   81.708679    0.000000  -10.480958  484.180878
   82.588356   -0.392920  -10.748498  484.187927
   83.467323   -0.832823  -11.044049  484.195068
   84.349518   -1.330484  -11.365170  484.202209
   85.234253   -1.882030  -11.714229  484.209442
   86.120354   -2.485748  -12.091296  484.216675
   87.006241   -3.137582  -12.496103  484.223999
   87.889824   -3.841986  -12.927912  484.231201
   88.768669   -4.593043  -13.385436  484.238220
   89.634918   -5.382514  -13.863992  484.245148
   90.483696   -6.202847  -14.359660  484.252014
   91.312683   -7.048616  -14.869498  484.258606
   92.120049   -7.914738  -15.390607  484.264923
   92.904335   -8.795885  -15.920196  484.270996
   93.664574   -9.687272  -16.454271  484.276886
   94.400215  -10.585393  -16.993265  484.282440
   95.113991  -11.489763  -17.535866  484.287781
   95.806595  -12.396687  -18.081093  484.292847
   96.477997  -13.304583  -18.627350  484.297699
   97.128242  -14.210832  -19.172886  484.302338
   97.757278  -15.113007  -19.716204  484.306824
   98.365150  -16.008204  -20.255013  484.310944
   98.951843  -16.894005  -20.789513  484.314972
   99.517365  -17.768127  -21.317406  484.318665
  100.061684  -18.628817  -21.837345  484.322235
  100.584839  -19.472616  -22.348297  484.325562
  101.086807  -20.297838  -22.848356  484.328735
  101.567604  -21.103409  -23.288750  484.331726
  102.027214  -21.886715  -23.416313  484.334503
  102.465637  -22.864918  -22.865339  484.337006
  102.904091  -23.477604  -23.477816  484.338470
  103.377411  -24.138805  -24.138805  484.339996
  103.888351  -24.852606  -24.852606  484.341614
  104.439972  -25.623192  -25.623192  484.343353
  105.035500  -26.455080  -26.455080  484.345093
  105.678391  -27.353148  -27.353148  484.347015
  106.372375  -28.322657  -28.322657  484.348907
  107.121613  -29.369287  -29.369287  484.350922
  107.930450  -30.499189  -30.499189  484.353119
  108.803612  -31.718966  -31.718966  484.355347
  109.746246  -33.035782  -33.035782  484.357605
  110.763878  -34.457352  -34.457352  484.359833
  111.862434  -35.991997  -35.991997  484.362183
  113.048401  -37.648731  -37.648731  484.364563
  114.328743  -39.437260  -39.437260  484.366943
  115.710907  -41.368061  -41.368061  484.369263
  117.203026  -43.452438  -43.452438  484.371613
  118.813873  -45.702621  -45.702621  484.373810
  120.552849  -48.131798  -48.131798  484.376007
  122.430161  -50.754196  -50.754196  484.377960
