  BLADE PROFILES IN CARTESIAN COORDINATES (2D) BEFORE   PROJECTION, SCALING, MESHING AND STACKING 
  VARIABLES = "X", "YSS", "YPS" 
  BLADE           1  SECTION           1
    0.000000   -0.019924   -0.019924
    0.000062   -0.018717   -0.023918
    0.000249   -0.015921   -0.026736
    0.000561   -0.013252   -0.029224
    0.000997   -0.010699   -0.031741
    0.001557   -0.008269   -0.034245
    0.002241   -0.005904   -0.036628
    0.003050   -0.003644   -0.039269
    0.003982   -0.001520   -0.042106
    0.005038    0.000445   -0.045176
    0.006218    0.002232   -0.048554
    0.007520    0.003827   -0.052231
    0.008945    0.005227   -0.056196
    0.010493    0.006497   -0.060441
    0.012162    0.007515   -0.064957
    0.013954    0.008295   -0.069737
    0.015866    0.008973   -0.074772
    0.017899    0.009499   -0.080053
    0.020052    0.009881   -0.085573
    0.022325    0.010130   -0.091322
    0.024716    0.010257   -0.097291
    0.027226    0.010251   -0.103472
    0.029854    0.010121   -0.109856
    0.032600    0.009870   -0.116432
    0.035461    0.009494   -0.123193
    0.038439    0.008986   -0.130127
    0.041531    0.008336   -0.137225
    0.044738    0.007528   -0.144477
    0.048058    0.006545   -0.151872
    0.051491    0.005367   -0.159400
    0.055036    0.003980   -0.167050
    0.058691    0.002380   -0.174812
    0.062456    0.000578   -0.182674
    0.066331   -0.001357   -0.190546
    0.070314   -0.003340   -0.198562
    0.074403   -0.005350   -0.206644
    0.078599   -0.007395   -0.214779
    0.082900   -0.009440   -0.222956
    0.087305   -0.011494   -0.231164
    0.091812   -0.013551   -0.239389
    0.096421   -0.015607   -0.247620
    0.101131   -0.017655   -0.255845
    0.105941   -0.019691   -0.264051
    0.110848   -0.021709   -0.272228
    0.115853   -0.023702   -0.280362
    0.120953   -0.025672   -0.288444
    0.126148   -0.027632   -0.296470
    0.131435   -0.029510   -0.304500
    0.136815   -0.031336   -0.312328
    0.142285   -0.033108   -0.320047
    0.147845   -0.034819   -0.327657
    0.153492   -0.036463   -0.335153
    0.159225   -0.038034   -0.342538
    0.165044   -0.039532   -0.349807
    0.170946   -0.040984   -0.356838
    0.176930   -0.042283   -0.363741
    0.182994   -0.043482   -0.370547
    0.189138   -0.044576   -0.376967
    0.195358   -0.045559   -0.383277
    0.201655   -0.046424   -0.389450
    0.208026   -0.047166   -0.395212
    0.214470   -0.047776   -0.400861
    0.220986   -0.048249   -0.406214
    0.227570   -0.048579   -0.411364
    0.234223   -0.048760   -0.416259
    0.240941   -0.048786   -0.420802
    0.247725   -0.048653   -0.425179
    0.254571   -0.048359   -0.429087
    0.261478   -0.047902   -0.432887
    0.268445   -0.047283   -0.436141
    0.275470   -0.046385   -0.439309
    0.282550   -0.045417   -0.441896
    0.289685   -0.044196   -0.444380
    0.296872   -0.042738   -0.446290
    0.304110   -0.041150   -0.448044
    0.311396   -0.039317   -0.449267
    0.318730   -0.037271   -0.450255
    0.326109   -0.034968   -0.450775
    0.333531   -0.032429   -0.450968
    0.340994   -0.029738   -0.450764
    0.348497   -0.026818   -0.450146
    0.356038   -0.023662   -0.449184
    0.363615   -0.020264   -0.447749
    0.371226   -0.016623   -0.445994
    0.378869   -0.012735   -0.443746
    0.386542   -0.008600   -0.441160
    0.394243   -0.004217   -0.438113
    0.401971    0.000412   -0.434661
    0.409723    0.005287   -0.430836
    0.417498    0.010391   -0.426490
    0.425293    0.015660   -0.421915
    0.433107    0.021322   -0.416540
    0.440937    0.027233   -0.410957
    0.448783    0.033389   -0.404986
    0.456641    0.039790   -0.398447
    0.464509    0.046420   -0.391582
    0.472387    0.053240   -0.384347
    0.480272    0.060426   -0.376531
    0.488161    0.067864   -0.368321
    0.496053    0.075541   -0.359745
    0.503947    0.083439   -0.350849
    0.511839    0.091519   -0.341366
    0.519729    0.099967   -0.331472
    0.527613    0.108657   -0.321182
    0.535491    0.117577   -0.310494
    0.543360    0.126707   -0.299408
    0.551217    0.136005   -0.287926
    0.559063    0.145663   -0.276052
    0.566893    0.155548   -0.263793
    0.574707    0.165648   -0.251154
    0.582502    0.175940   -0.238141
    0.590277    0.186372   -0.224764
    0.598029    0.197161   -0.211029
    0.605757    0.208154   -0.196946
    0.613458    0.219342   -0.182521
    0.621131    0.230691   -0.167765
    0.628774    0.242164   -0.152656
    0.636385    0.253951   -0.137039
    0.643962    0.265934   -0.121299
    0.651503    0.278085   -0.105264
    0.659006    0.290401   -0.088943
    0.666469    0.302850   -0.072345
    0.673891    0.315386   -0.055458
    0.681270    0.328195   -0.038126
    0.688604    0.341157   -0.020722
    0.695890    0.354251   -0.003086
    0.703128    0.367469    0.014773
    0.710315    0.380804    0.032841
    0.717450    0.394238    0.051154
    0.724530    0.407703    0.069795
    0.731555    0.421388    0.088460
    0.738522    0.435160    0.107287
    0.745429    0.449012    0.126264
    0.752275    0.462933    0.145376
    0.759059    0.476917    0.164653
    0.765777    0.490940    0.184165
    0.772430    0.504946    0.203640
    0.779015    0.519088    0.223196
    0.785530    0.533267    0.242823
    0.791974    0.547464    0.262505
    0.798345    0.561669    0.282231
    0.804642    0.575875    0.302030
    0.810863    0.590072    0.321930
    0.817006    0.604234    0.341718
    0.823070    0.618325    0.361491
    0.829054    0.632442    0.381235
    0.834956    0.646530    0.400935
    0.840775    0.660563    0.420578
    0.846508    0.674530    0.440156
    0.852155    0.688422    0.459676
    0.857715    0.702229    0.479161
    0.863185    0.715941    0.498443
    0.868565    0.729551    0.517595
    0.873852    0.743031    0.536602
    0.879047    0.756363    0.555450
    0.884147    0.769608    0.574126
    0.889152    0.782711    0.592616
    0.894059    0.795668    0.610905
    0.898869    0.808469    0.628990
    0.903579    0.821101    0.646847
    0.908188    0.833554    0.664479
    0.912695    0.845819    0.681885
    0.917100    0.857889    0.698972
    0.921401    0.869753    0.715776
    0.925597    0.881403    0.732285
    0.929686    0.892832    0.748487
    0.933669    0.904030    0.764369
    0.937544    0.914990    0.779919
    0.941309    0.925702    0.795125
    0.944965    0.936160    0.809974
    0.948509    0.946355    0.824456
    0.951942    0.956280    0.838560
    0.955262    0.965928    0.852277
    0.958469    0.975292    0.865593
    0.961561    0.984363    0.878496
    0.964539    0.993135    0.890979
    0.967400    1.001602    0.903030
    0.970146    1.009757    0.914640
    0.972774    1.017595    0.925801
    0.975284    1.025109    0.936503
    0.977675    1.032254    0.946738
    0.979948    1.038665    0.956497
    0.982101    1.044117    0.965774
    0.984134    1.048806    0.974560
    0.986046    1.052856    0.982850
    0.987838    1.056348    0.990635
    0.989507    1.059322    0.997912
    0.991055    1.061809    1.004667
    0.992480    1.063825    1.010908
    0.993782    1.065382    1.016622
    0.994962    1.066489    1.021805
    0.996018    1.067143    1.026479
    0.996950    1.067463    1.030763
    0.997759    1.067248    1.035030
    0.998443    1.066438    1.039168
    0.999003    1.065322    1.043150
    0.999439    1.063771    1.046923
    0.999751    1.061785    1.050520
    0.999938    1.059288    1.053964
    1.000000    1.057648    1.057648
  BLADE PROFILES IN CARTESIAN COORDINATES (3D) 
  VARIABLES = "X", "YSS", "YPS" "R" 
  BLADE           1  SECTION           1
  -24.890339   35.492458   35.492458  481.696899
  -22.023993   30.835247   30.835247  481.693329
  -19.468342   26.682852   26.682852  481.689453
  -17.189714   22.980560   22.980560  481.685547
  -15.158084   19.679588   19.679588  481.681610
  -13.346681   16.736444   16.736444  481.677765
  -11.731627   14.112338   14.112338  481.673920
  -10.291638   11.772687   11.772687  481.670349
   -9.007743    9.686654    9.686654  481.666901
   -7.863015    7.826751    7.826751  481.663696
   -6.842376    6.168464    6.168464  481.660706
   -5.932368    4.689936    4.689936  481.657928
   -5.121003    3.371680    3.371680  481.655365
   -4.397586    2.196327    2.196327  481.652985
   -3.752590    1.148381    1.148381  481.650879
   -3.177505    0.214033    0.214033  481.648895
   -2.664760   -0.619032   -0.619032  481.647125
   -2.207592   -1.361793   -1.361793  481.645538
   -1.799981   -2.024037   -2.024037  481.644012
   -1.436556   -2.614497   -2.614497  481.642639
   -1.112521   -3.140950   -3.140950  481.641449
   -0.823613   -3.610337   -3.610337  481.640381
   -0.566022   -4.028841   -4.028841  481.639404
   -0.336352   -4.401982   -4.401982  481.638550
   -0.131579   -4.734674   -4.734674  481.637726
    0.051000   -5.031304   -5.031304  481.636993
    0.233575   -4.184711   -6.127190  481.635742
    0.424469   -3.885663   -6.675538  481.634491
    0.624456   -3.718211   -7.225468  481.633087
    0.834292   -3.629662   -7.783304  481.631622
    1.054756   -3.581322   -8.352327  481.630127
    1.286607   -3.562991   -8.934597  481.628418
    1.530614   -3.569172   -9.531498  481.626648
    1.787544   -3.596351  -10.143943  481.624817
    2.058164   -3.644528  -10.772466  481.622864
    2.343239   -3.716233  -11.417290  481.620789
    2.643542   -3.815835  -12.078323  481.618652
    2.959831   -3.947328  -12.755179  481.616272
    3.292886   -4.108724  -13.444623  481.613800
    3.643458   -4.283150  -14.148519  481.611084
    4.012149   -4.462885  -14.865975  481.608215
    4.399049   -4.644699  -15.593005  481.605194
    4.805057   -4.828427  -16.328032  481.601990
    5.231183   -5.012902  -17.069305  481.598694
    5.678554   -5.196834  -17.814890  481.595093
    6.148398   -5.379487  -18.562632  481.591339
    6.642074   -5.558445  -19.315273  481.587311
    7.160751   -5.729705  -20.056311  481.583008
    7.705437   -5.892555  -20.790024  481.578522
    8.277954   -6.044721  -21.516602  481.573761
    8.880330   -6.184073  -22.222921  481.568512
    9.514852   -6.302519  -22.908449  481.563080
   10.184005   -6.398953  -23.569490  481.557281
   10.890490   -6.468216  -24.188023  481.550995
   11.642884   -6.504314  -24.772427  481.544373
   12.452022   -6.499163  -25.309042  481.537109
   13.318807   -6.444306  -25.774065  481.529266
   14.242545   -6.323446  -26.151972  481.520813
   15.221048   -6.125840  -26.423119  481.511780
   16.250521   -5.839287  -26.555799  481.502258
   17.325621   -5.454296  -26.538422  481.492126
   18.428932   -4.970088  -26.354794  481.481812
   19.542812   -4.383360  -25.998341  481.471283
   20.661280   -3.696653  -25.469673  481.460571
   21.779419   -2.916312  -24.763437  481.450043
   22.893452   -2.033924  -23.892847  481.439514
   24.000715   -1.064571  -22.861776  481.428986
   25.099672    0.000000  -21.675867  481.418671
   26.197723    1.157469  -20.319780  481.408295
   27.299837    2.418549  -18.797546  481.398163
   28.405100    3.785056  -17.108456  481.387970
   29.512100    5.248007  -15.253910  481.377777
   30.618793    6.821495  -13.238279  481.367889
   31.722643    8.482415  -11.057520  481.357941
   32.820560   10.243901   -8.734076  481.348267
   33.902733   12.069439   -6.284014  481.338989
   34.963112   13.962142   -3.734971  481.330109
   35.998753   15.895947   -1.101052  481.321350
   37.007385   17.868793    1.600740  481.313171
   37.987152   19.868435    4.351407  481.305450
   38.936913   21.879179    7.142543  481.298096
   39.855961   23.903830    9.949661  481.291107
   40.747665   25.934933   12.788084  481.284454
   41.612907   27.967550   15.634068  481.278259
   42.451683   30.003534   18.487143  481.272522
   43.263996   32.031830   21.343307  481.266937
   44.049877   34.044308   24.183043  481.261871
   44.809273   36.042770   27.003756  481.256958
   45.542233   38.018879   29.801567  481.252502
   46.248718   39.966980   32.561256  481.248444
   46.928757   41.882565   35.278564  481.244415
   47.582306   43.761032   37.946968  481.240936
   48.209419   45.598026   40.560066  481.237518
   48.810081   47.387814   43.110752  481.234497
   49.384262   48.720352   45.592789  481.231689
   49.931984   48.678699   48.677773  481.229004
   50.479725   50.738457   50.737995  481.227509
   51.058750   52.916328   52.916328  481.225830
   51.670834   55.218559   55.218559  481.224060
   52.317875   57.652248   57.652248  481.221985
   53.001873   60.224915   60.224915  481.219696
   53.724930   62.944450   62.944450  481.217072
   54.489285   65.819290   65.819290  481.214172
   55.297302   68.858269   68.858269  481.210876
   56.151447   72.070732   72.070732  481.207123
   57.054375   75.466591   75.466591  481.202789
   58.008888   79.056282   79.056282  481.197754
   59.017899   82.850906   82.850906  481.192108
   60.084530   86.862099   86.862099  481.185669
   61.212086   91.102257   91.102257  481.178406
   62.404034   95.584396   95.584396  481.170135
  BLADE PROFILES IN CARTESIAN COORDINATES (2D) BEFORE   PROJECTION, SCALING, MESHING AND STACKING 
  VARIABLES = "X", "YSS", "YPS" 
  BLADE           1  SECTION           2
    0.000000   -0.019896   -0.019896
    0.000062   -0.018675   -0.023848
    0.000249   -0.015873   -0.026640
    0.000561   -0.013205   -0.029137
    0.000997   -0.010641   -0.031660
    0.001557   -0.008216   -0.034152
    0.002241   -0.005855   -0.036535
    0.003050   -0.003598   -0.039172
    0.003982   -0.001478   -0.042002
    0.005038    0.000483   -0.045062
    0.006218    0.002266   -0.048431
    0.007520    0.003858   -0.052097
    0.008945    0.005255   -0.056051
    0.010493    0.006518   -0.060284
    0.012162    0.007534   -0.064788
    0.013954    0.008315   -0.069554
    0.015866    0.008991   -0.074574
    0.017899    0.009516   -0.079841
    0.020052    0.009897   -0.085344
    0.022325    0.010147   -0.091077
    0.024716    0.010274   -0.097030
    0.027226    0.010272   -0.103193
    0.029854    0.010143   -0.109559
    0.032600    0.009893   -0.116117
    0.035461    0.009518   -0.122858
    0.038439    0.009012   -0.129772
    0.041531    0.008363   -0.136850
    0.044738    0.007555   -0.144082
    0.048058    0.006573   -0.151456
    0.051491    0.005397   -0.158963
    0.055036    0.004013   -0.166592
    0.058691    0.002409   -0.174332
    0.062456    0.000610   -0.182171
    0.066331   -0.001319   -0.190091
    0.070314   -0.003296   -0.198018
    0.074403   -0.005298   -0.206077
    0.078599   -0.007322   -0.214190
    0.082900   -0.009378   -0.222345
    0.087305   -0.011425   -0.230530
    0.091812   -0.013477   -0.238733
    0.096421   -0.015526   -0.246943
    0.101131   -0.017569   -0.255146
    0.105941   -0.019599   -0.263331
    0.110848   -0.021611   -0.271486
    0.115853   -0.023599   -0.279599
    0.120953   -0.025557   -0.287660
    0.126148   -0.027483   -0.295664
    0.131435   -0.029393   -0.303668
    0.136815   -0.031217   -0.311479
    0.142285   -0.032985   -0.319181
    0.147845   -0.034691   -0.326773
    0.153492   -0.036332   -0.334252
    0.159225   -0.037899   -0.341620
    0.165044   -0.039397   -0.348866
    0.170946   -0.040847   -0.355884
    0.176930   -0.042148   -0.362772
    0.182994   -0.043346   -0.369557
    0.189138   -0.044439   -0.375968
    0.195358   -0.045422   -0.382267
    0.201655   -0.046288   -0.388423
    0.208026   -0.047030   -0.394177
    0.214470   -0.047642   -0.399817
    0.220986   -0.048118   -0.405158
    0.227570   -0.048451   -0.410301
    0.234223   -0.048637   -0.415188
    0.240941   -0.048669   -0.419725
    0.247725   -0.048544   -0.424098
    0.254571   -0.048259   -0.428000
    0.261478   -0.047812   -0.431801
    0.268445   -0.047110   -0.435050
    0.275470   -0.046312   -0.438223
    0.282550   -0.045266   -0.440804
    0.289685   -0.044052   -0.443299
    0.296872   -0.042705   -0.445203
    0.304110   -0.041110   -0.446973
    0.311396   -0.039271   -0.448189
    0.318730   -0.037245   -0.449198
    0.326109   -0.034956   -0.449710
    0.333531   -0.032547   -0.449930
    0.340994   -0.029767   -0.449717
    0.348497   -0.026864   -0.449131
    0.356038   -0.023726   -0.448162
    0.363615   -0.020349   -0.446764
    0.371226   -0.016730   -0.445004
    0.378869   -0.012866   -0.442798
    0.386542   -0.008755   -0.440209
    0.394243   -0.004399   -0.437208
    0.401971    0.000203   -0.433757
    0.409723    0.005050   -0.429982
    0.417498    0.010129   -0.425643
    0.425293    0.015377   -0.421103
    0.433107    0.021003   -0.415748
    0.440937    0.026881   -0.410188
    0.448783    0.033004   -0.404273
    0.456641    0.039370   -0.397746
    0.464509    0.045967   -0.390914
    0.472387    0.052756   -0.383737
    0.480272    0.059903   -0.375942
    0.488161    0.067302   -0.367764
    0.496053    0.074939   -0.359232
    0.503947    0.082798   -0.350396
    0.511839    0.090840   -0.340945
    0.519729    0.099245   -0.331093
    0.527613    0.107892   -0.320847
    0.535491    0.116767   -0.310206
    0.543360    0.125853   -0.299168
    0.551217    0.135107   -0.287736
    0.559063    0.144718   -0.275915
    0.566893    0.154555   -0.263709
    0.574707    0.164606   -0.251125
    0.582502    0.174849   -0.238169
    0.590277    0.185231   -0.224849
    0.598029    0.195969   -0.211173
    0.605757    0.206910   -0.197150
    0.613458    0.218045   -0.182786
    0.621131    0.229341   -0.168092
    0.628774    0.240760   -0.153041
    0.636385    0.252491   -0.137492
    0.643962    0.264418   -0.121818
    0.651503    0.276513   -0.105849
    0.659006    0.288771   -0.089595
    0.666469    0.301163   -0.073066
    0.673891    0.313641   -0.056246
    0.681270    0.326390   -0.038986
    0.688604    0.339293   -0.021653
    0.695890    0.352326   -0.004089
    0.703128    0.365484    0.013697
    0.710315    0.378758    0.031693
    0.717450    0.392130    0.049932
    0.724530    0.405532    0.068497
    0.731555    0.419155    0.087088
    0.738522    0.432866    0.105839
    0.745429    0.446654    0.124740
    0.752275    0.460513    0.143776
    0.759059    0.474434    0.162976
    0.765777    0.488392    0.182411
    0.772430    0.502336    0.201807
    0.779015    0.516413    0.221286
    0.785530    0.530528    0.240835
    0.791974    0.544661    0.260439
    0.798345    0.558803    0.280087
    0.804642    0.572945    0.299808
    0.810863    0.587079    0.319629
    0.817006    0.601176    0.339339
    0.823070    0.615205    0.359035
    0.829054    0.629259    0.378701
    0.834956    0.643283    0.398325
    0.840775    0.657254    0.417890
    0.846508    0.671159    0.437391
    0.852155    0.684989    0.456835
    0.857715    0.698734    0.476244
    0.863185    0.712386    0.495450
    0.868565    0.725935    0.514528
    0.873852    0.739356    0.533461
    0.879047    0.752629    0.552236
    0.884147    0.765814    0.570839
    0.889152    0.778860    0.589257
    0.894059    0.791759    0.607475
    0.898869    0.804503    0.625490
    0.903579    0.817079    0.643278
    0.908188    0.829477    0.660841
    0.912695    0.841689    0.678180
    0.917100    0.853705    0.695200
    0.921401    0.865517    0.711940
    0.925597    0.877116    0.728385
    0.929686    0.888494    0.744524
    0.933669    0.899643    0.760345
    0.937544    0.910554    0.775835
    0.941309    0.921220    0.790982
    0.944965    0.931632    0.805774
    0.948509    0.941782    0.820200
    0.951942    0.951664    0.834250
    0.955262    0.961269    0.847914
    0.958469    0.970592    0.861178
    0.961561    0.979623    0.874032
    0.964539    0.988357    0.886466
    0.967400    0.996787    0.898471
    0.970146    1.004906    0.910037
    0.972774    1.012709    0.921154
    0.975284    1.020190    0.931815
    0.977675    1.027303    0.942011
    0.979948    1.033682    0.951733
    0.982101    1.039105    0.960974
    0.984134    1.043769    0.969727
    0.986046    1.047796    0.977985
    0.987838    1.051269    0.985740
    0.989507    1.054225    0.992988
    0.991055    1.056698    0.999719
    0.992480    1.058700    1.005935
    0.993782    1.060246    1.011627
    0.994962    1.061343    1.016791
    0.996018    1.061991    1.021446
    0.996950    1.062303    1.025714
    0.997759    1.062087    1.029962
    0.998443    1.061275    1.034083
    0.999003    1.060159    1.038050
    0.999439    1.058609    1.041808
    0.999751    1.056627    1.045397
    0.999938    1.054136    1.048830
    1.000000    1.052516    1.052516
  BLADE PROFILES IN CARTESIAN COORDINATES (3D) 
  VARIABLES = "X", "YSS", "YPS" "R" 
  BLADE           1  SECTION           2
  -25.006002   35.488163   35.488163  483.170044
  -22.132912   30.834417   30.834417  483.170044
  -19.571253   26.685114   26.685114  483.170074
  -17.287268   22.985582   22.985582  483.170013
  -15.250857   19.687063   19.687063  483.170013
  -13.435187   16.746094   16.746094  483.170013
  -11.816332   14.123920   14.123920  483.169952
  -10.372954   11.785979   11.785979  483.170044
   -9.086033    9.701462    9.701462  483.170044
   -7.938608    7.842900    7.842900  483.169983
   -6.915559    6.185799    6.185799  483.169983
   -6.003407    4.708323    4.708323  483.169983
   -5.190132    3.390999    3.390999  483.169983
   -4.465008    2.216468    2.216468  483.170013
   -3.818488    1.169254    1.169254  483.170044
   -3.242051    0.235552    0.235552  483.170074
   -2.728095   -0.596939   -0.596939  483.170013
   -2.269848   -1.339190   -1.339190  483.169983
   -1.861276   -2.000985   -2.000985  483.170013
   -1.496991   -2.591044   -2.591044  483.169983
   -1.172194   -3.117140   -3.117140  483.169983
   -0.882605   -3.586210   -3.586210  483.170013
   -0.624401   -4.004436   -4.004436  483.169983
   -0.394190   -4.377327   -4.377327  483.170013
   -0.188934   -4.709799   -4.709799  483.170013
   -0.005925   -5.006233   -5.006233  483.169983
    0.177084   -4.158633   -6.102775  483.170044
    0.368433   -3.859515   -6.650840  483.170135
    0.568895   -3.692267   -7.200512  483.170044
    0.779233   -3.603590   -7.758085  483.169983
    1.000220   -3.555237   -8.326835  483.169983
    1.232622   -3.536848   -8.908832  483.170013
    1.477210   -3.542799   -9.505454  483.169922
    1.734750   -3.569946  -10.117615  483.170135
    2.006015   -3.618138  -10.745851  483.169983
    2.291771   -3.689952  -11.390383  483.169952
    2.592789   -3.789698  -12.051122  483.170013
    2.909834   -3.921530  -12.727685  483.169983
    3.243680   -4.083028  -13.419323  483.169891
    3.595090   -4.257347  -14.120353  483.169983
    3.964659   -4.436265  -14.837777  483.170013
    4.352481   -4.618733  -15.564558  483.170044
    4.759455   -4.802378  -16.299362  483.169983
    5.186598   -4.986783  -17.040440  483.169983
    5.635037   -5.170673  -17.785872  483.169922
    6.106002   -5.352579  -18.533506  483.169922
    6.600853   -5.532397  -19.285669  483.170044
    7.120771   -5.703735  -20.026859  483.169983
    7.666759   -5.866643  -20.760704  483.169983
    8.240637   -6.019039  -21.487005  483.170074
    8.844461   -6.158819  -22.193672  483.169983
    9.480496   -6.277504  -22.879358  483.169983
   10.151243   -6.374254  -23.540527  483.169983
   10.859423   -6.443945  -24.159611  483.169983
   11.613609   -6.480651  -24.744495  483.170074
   12.424690   -6.476395  -25.281816  483.169983
   13.293536   -6.419393  -25.747660  483.170105
   14.219499   -6.297949  -26.126623  483.169952
   15.200341   -6.105901  -26.399397  483.170013
   16.232262   -5.819871  -26.532833  483.170105
   17.309940   -5.436861  -26.517605  483.169952
   18.415899   -4.954755  -26.335371  483.170074
   19.532448   -4.370293  -25.981333  483.169922
   20.653585   -3.686032  -25.455288  483.169952
   21.774384   -2.907946  -24.750685  483.170074
   22.891094   -2.028351  -23.882572  483.169861
   24.001003   -1.061610  -22.854479  483.169983
   25.102602    0.000000  -21.671970  483.170044
   26.203266    1.154480  -20.318232  483.169861
   27.308023    2.412389  -18.799036  483.169922
   28.415939    3.775537  -17.113316  483.170044
   29.525560    5.235006  -15.262363  483.169861
   30.634893    6.804843  -13.250480  483.169983
   31.741411    8.461989  -11.073416  483.169922
   32.841949   10.219590   -8.754036  483.169861
   33.926704   12.041141   -6.308006  483.169922
   34.989601   13.929815   -3.763159  483.169861
   36.027714   15.859522   -1.133436  483.169922
   37.038750   17.828306    1.564115  483.169983
   38.020870   19.823889    4.310528  483.169861
   38.972893   21.830538    7.097435  483.169952
   39.894119   23.851171    9.900339  483.170013
   40.787941   25.878256   12.734569  483.170044
   41.655251   27.906889   15.576391  483.169983
   42.496025   29.938896   18.425285  483.169922
   43.310284   31.963301   21.277376  483.169952
   44.098011   33.971920   24.113062  483.169922
   44.859222   35.966553   26.929768  483.169922
   45.593910   37.938881   29.723621  483.169922
   46.302067   39.883316   32.479446  483.170044
   46.983711   41.795273   35.192959  483.169922
   47.638832   43.670227   37.857662  483.170013
   48.267433   45.503773   40.467113  483.169983
   48.869499   47.290134   43.014263  483.170013
   49.445049   48.618958   45.492859  483.169983
   49.994068   48.575462   48.574535  483.170013
   50.543091   50.631836   50.631374  483.170013
   51.123470   52.806149   52.806149  483.169952
   51.737003   55.104652   55.104652  483.170044
   52.385567   57.534416   57.534416  483.170013
   53.071186   60.102947   60.102947  483.170044
   53.795948   62.818176   62.818176  483.170013
   54.562107   65.688492   65.688492  483.170044
   55.372021   68.722717   68.722717  483.170013
   56.228191   71.930229   71.930229  483.170044
   57.133259   75.320938   75.320938  483.169983
   58.090008   78.905296   78.905296  483.170074
   59.101418   82.694359   82.694359  483.170013
   60.170582   86.699837   86.699837  483.170013
   61.300808   90.934052   90.934052  483.169983
   62.495590   95.410118   95.410118  483.170074
  BLADE PROFILES IN CARTESIAN COORDINATES (2D) BEFORE   PROJECTION, SCALING, MESHING AND STACKING 
  VARIABLES = "X", "YSS", "YPS" 
  BLADE           1  SECTION           3
    0.000000   -0.019869   -0.019869
    0.000062   -0.018632   -0.023779
    0.000249   -0.015825   -0.026545
    0.000561   -0.013157   -0.029052
    0.000997   -0.010583   -0.031580
    0.001557   -0.008163   -0.034061
    0.002241   -0.005805   -0.036444
    0.003050   -0.003552   -0.039076
    0.003982   -0.001436   -0.041898
    0.005038    0.000522   -0.044950
    0.006218    0.002301   -0.048309
    0.007520    0.003889   -0.051965
    0.008945    0.005282   -0.055907
    0.010493    0.006540   -0.060128
    0.012162    0.007553   -0.064619
    0.013954    0.008334   -0.069372
    0.015866    0.009009   -0.074378
    0.017899    0.009533   -0.079630
    0.020052    0.009914   -0.085118
    0.022325    0.010163   -0.090835
    0.024716    0.010291   -0.096770
    0.027226    0.010293   -0.102917
    0.029854    0.010165   -0.109264
    0.032600    0.009917   -0.115804
    0.035461    0.009543   -0.122526
    0.038439    0.009038   -0.129421
    0.041531    0.008390   -0.136479
    0.044738    0.007584   -0.143690
    0.048058    0.006602   -0.151044
    0.051491    0.005426   -0.158530
    0.055036    0.004042   -0.166137
    0.058691    0.002440   -0.173855
    0.062456    0.000643   -0.181673
    0.066331   -0.001280   -0.189575
    0.070314   -0.003250   -0.197479
    0.074403   -0.005247   -0.205516
    0.078599   -0.007265   -0.213606
    0.082900   -0.009314   -0.221739
    0.087305   -0.011356   -0.229902
    0.091812   -0.013401   -0.238083
    0.096421   -0.015445   -0.246270
    0.101131   -0.017482   -0.254452
    0.105941   -0.019506   -0.262615
    0.110848   -0.021512   -0.270749
    0.115853   -0.023494   -0.278842
    0.120953   -0.025447   -0.286895
    0.126148   -0.027369   -0.294969
    0.131435   -0.029278   -0.302852
    0.136815   -0.031097   -0.310637
    0.142285   -0.032860   -0.318321
    0.147845   -0.034563   -0.325896
    0.153492   -0.036199   -0.333388
    0.159225   -0.037763   -0.340831
    0.165044   -0.039249   -0.347960
    0.170946   -0.040655   -0.354938
    0.176930   -0.042011   -0.361811
    0.182994   -0.043209   -0.368575
    0.189138   -0.044302   -0.374977
    0.195358   -0.045284   -0.381264
    0.201655   -0.046150   -0.387403
    0.208026   -0.046893   -0.393151
    0.214470   -0.047507   -0.398780
    0.220986   -0.047985   -0.404110
    0.227570   -0.048323   -0.409246
    0.234223   -0.048513   -0.414124
    0.240941   -0.048551   -0.418656
    0.247725   -0.048433   -0.423024
    0.254571   -0.048157   -0.426922
    0.261478   -0.047721   -0.430723
    0.268445   -0.047020   -0.433967
    0.275470   -0.046237   -0.437145
    0.282550   -0.045199   -0.439721
    0.289685   -0.043999   -0.442226
    0.296872   -0.042665   -0.444123
    0.304110   -0.041018   -0.445910
    0.311396   -0.039217   -0.447118
    0.318730   -0.037209   -0.448148
    0.326109   -0.034942   -0.448653
    0.333531   -0.032544   -0.448900
    0.340994   -0.029793   -0.448678
    0.348497   -0.026906   -0.448125
    0.356038   -0.023787   -0.447148
    0.363615   -0.020430   -0.445787
    0.371226   -0.016832   -0.444021
    0.378869   -0.012991   -0.441857
    0.386542   -0.008906   -0.439265
    0.394243   -0.004575   -0.436310
    0.401971    0.000000   -0.432860
    0.409723    0.004819   -0.429134
    0.417498    0.009873   -0.424801
    0.425293    0.015101   -0.420263
    0.433107    0.020691   -0.414962
    0.440937    0.026537   -0.409425
    0.448783    0.032626   -0.403565
    0.456641    0.038928   -0.397051
    0.464509    0.045408   -0.390250
    0.472387    0.052266   -0.383130
    0.480272    0.059389   -0.375357
    0.488161    0.066750   -0.367211
    0.496053    0.074348   -0.358721
    0.503947    0.082168   -0.349945
    0.511839    0.090173   -0.340525
    0.519729    0.098535   -0.330714
    0.527613    0.107139   -0.320512
    0.535491    0.115971   -0.309916
    0.543360    0.125013   -0.298927
    0.551217    0.134223   -0.287545
    0.559063    0.143786   -0.275775
    0.566893    0.153576   -0.263622
    0.574707    0.163579   -0.251092
    0.582502    0.173774   -0.238192
    0.590277    0.184106   -0.224930
    0.598029    0.194793   -0.211312
    0.605757    0.205682   -0.197348
    0.613458    0.216765   -0.183045
    0.621131    0.228008   -0.168412
    0.628774    0.239374   -0.153418
    0.636385    0.251050   -0.137936
    0.643962    0.262921   -0.122327
    0.651503    0.274960   -0.106424
    0.659006    0.287162   -0.090238
    0.666469    0.299496   -0.073777
    0.673891    0.311917   -0.057023
    0.681270    0.324607   -0.039834
    0.688604    0.337450   -0.022572
    0.695890    0.350424   -0.005078
    0.703128    0.363522    0.012636
    0.710315    0.376736    0.030559
    0.717450    0.390046    0.048725
    0.724530    0.403387    0.067216
    0.731555    0.416949    0.085732
    0.738522    0.430597    0.104409
    0.745429    0.444323    0.123234
    0.752275    0.458119    0.142195
    0.759059    0.471977    0.161317
    0.765777    0.485873    0.180676
    0.772430    0.499754    0.199995
    0.779015    0.513767    0.219398
    0.785530    0.527819    0.238869
    0.791974    0.541889    0.258396
    0.798345    0.555967    0.277966
    0.804642    0.570046    0.297609
    0.810863    0.584117    0.317353
    0.817006    0.598151    0.336986
    0.823070    0.612118    0.356604
    0.829054    0.626109    0.376194
    0.834956    0.640070    0.395740
    0.840775    0.653979    0.415230
    0.846508    0.667822    0.434654
    0.852155    0.681590    0.454022
    0.857715    0.695275    0.473356
    0.863185    0.708866    0.492488
    0.868565    0.722355    0.511491
    0.873852    0.735716    0.530350
    0.879047    0.748931    0.549053
    0.884147    0.762058    0.567584
    0.889152    0.775046    0.585931
    0.894059    0.787888    0.604078
    0.898869    0.800576    0.622022
    0.903579    0.813096    0.639742
    0.908188    0.825439    0.657237
    0.912695    0.837597    0.674509
    0.917100    0.849560    0.691464
    0.921401    0.861320    0.708139
    0.925597    0.872868    0.724521
    0.929686    0.884197    0.740598
    0.933669    0.895297    0.756358
    0.937544    0.906160    0.771788
    0.941309    0.916779    0.786877
    0.944965    0.927145    0.801612
    0.948509    0.937251    0.815983
    0.951942    0.947089    0.829978
    0.955262    0.956653    0.843589
    0.958469    0.965934    0.856803
    0.961561    0.974926    0.869608
    0.964539    0.983622    0.881995
    0.967400    0.992015    0.893953
    0.970146    1.000098    0.905475
    0.972774    1.007867    0.916550
    0.975284    1.015316    0.927170
    0.977675    1.022396    0.937326
    0.979948    1.028742    0.947011
    0.982101    1.034137    0.956217
    0.984134    1.038776    0.964936
    0.986046    1.042781    0.973162
    0.987838    1.046234    0.980888
    0.989507    1.049173    0.988109
    0.991055    1.051630    0.994813
    0.992480    1.053620    1.001006
    0.993782    1.055155    1.006677
    0.994962    1.056242    1.011820
    0.996018    1.056882    1.016456
    0.996950    1.057187    1.020709
    0.997759    1.056970    1.024939
    0.998443    1.056155    1.029042
    0.999003    1.055040    1.032991
    0.999439    1.053493    1.036733
    0.999751    1.051516    1.040316
    0.999938    1.049036    1.043737
    1.000000    1.047428    1.047428
  BLADE PROFILES IN CARTESIAN COORDINATES (3D) 
  VARIABLES = "X", "YSS", "YPS" "R" 
  BLADE           1  SECTION           3
  -25.125147   35.487320   35.487320  484.642853
  -22.245005   30.836510   30.836510  484.646393
  -19.677061   26.689844   26.689844  484.650146
  -17.387472   22.992661   22.992661  484.653961
  -15.346070   19.696234   19.696234  484.657959
  -13.525948   16.757120   16.757120  484.661743
  -11.903124   14.136586   14.136586  484.665436
  -10.456207   11.800099   11.800099  484.668945
   -9.166134    9.716869    9.716869  484.672333
   -8.015900    7.859444    7.859444  484.675568
   -6.990350    6.203349    6.203349  484.678497
   -6.075963    4.726762    4.726762  484.681244
   -5.260696    3.410228    3.410228  484.683746
   -4.533798    2.236394    2.236394  484.686035
   -3.885696    1.189796    1.189796  484.688324
   -3.307847    0.256642    0.256642  484.690155
   -2.792632   -0.575364   -0.575364  484.691986
   -2.333266   -1.317185   -1.317185  484.693573
   -1.923696   -1.978598   -1.978598  484.695068
   -1.558519   -2.568320   -2.568320  484.696381
   -1.232928   -3.094118   -3.094118  484.697540
   -0.942630   -3.562924   -3.562924  484.698608
   -0.683798   -3.980914   -3.980914  484.699615
   -0.453022   -4.353596   -4.353596  484.700500
   -0.247265   -4.685879   -4.685879  484.701233
   -0.063807   -4.982147   -4.982147  484.701965
    0.119647   -4.133438   -6.079475  484.703125
    0.311461   -3.834214   -6.627320  484.704437
    0.512405   -3.667146   -7.176796  484.705780
    0.723255   -3.578329   -7.734169  484.707245
    0.944777   -3.529955   -8.302717  484.708771
    1.177742   -3.511506   -8.884510  484.710297
    1.422923   -3.517220   -9.480921  484.712067
    1.681094   -3.544330  -10.092866  484.713959
    1.953012   -3.592535  -10.720887  484.715820
    2.239461   -3.664460  -11.365199  484.717834
    2.541208   -3.764428  -12.025722  484.720093
    2.859020   -3.896557  -12.702066  484.722473
    3.193676   -4.058144  -13.393616  484.724854
    3.545936   -4.232348  -14.094444  484.727631
    3.916401   -4.411198  -14.811693  484.730408
    4.305161   -4.593622  -15.538313  484.733246
    4.713123   -4.777203  -16.272974  484.736511
    5.141303   -4.961558  -17.013945  484.739777
    5.590824   -5.145406  -17.759275  484.743408
    6.062929   -5.327296  -18.508801  484.747101
    6.558975   -5.507412  -19.258959  484.751007
    7.080156   -5.678724  -20.000103  484.755280
    7.627463   -5.841706  -20.735641  484.759796
    8.202724   -5.993783  -21.461803  484.764648
    8.808007   -6.134487  -22.167351  484.769653
    9.445578   -6.253493  -22.853273  484.775177
   10.117953   -6.350566  -23.514633  484.780914
   10.827841   -6.420688  -24.134329  484.786987
   11.583852   -6.458002  -24.719751  484.793762
   12.396881   -6.454635  -25.257837  484.800934
   13.267836   -6.398543  -25.724546  484.808746
   14.196021   -6.278276  -26.104599  484.817078
   15.179237   -6.084470  -26.379023  484.826080
   16.213650   -5.801535  -26.513248  484.835602
   17.293928   -5.420495  -26.500156  484.845551
   18.402552   -4.940143  -26.319304  484.855927
   19.521801   -4.357847  -25.967625  484.866364
   20.645636   -3.675920  -25.444214  484.877106
   21.769154   -2.899982  -24.741159  484.887512
   22.888554   -2.025397  -23.875296  484.897980
   24.001150   -1.058789  -22.850031  484.908447
   25.105373    0.000000  -21.670748  484.919006
   26.208723    1.151656  -20.319174  484.929260
   27.316133    2.406554  -18.802803  484.939331
   28.426716    3.766514  -17.120235  484.949707
   29.539021    5.222694  -15.272636  484.959778
   30.651056    6.789090  -13.264240  484.969788
   31.760216    8.442663  -11.090596  484.979797
   32.863422   10.196593   -8.775001  484.989349
   33.950806   12.014391   -6.332683  484.998718
   35.016262   13.899264   -3.791730  485.007812
   36.056915   15.825119   -1.165869  485.016479
   37.070377   17.790077    1.527766  485.024689
   38.054882   19.781832    4.270257  485.032593
   39.009212   21.784636    7.053279  485.039948
   39.932674   23.801479    9.852291  485.046967
   40.828659   25.824791   12.682666  485.053497
   41.698067   27.849659   15.520651  485.059753
   42.540886   29.877949   18.365723  485.065674
   43.357121   31.898689   21.214064  485.071198
   44.146770   33.903683   24.046034  485.076447
   44.909828   35.894699   26.859045  485.081360
   45.646301   37.863518   29.649298  485.085907
   46.356178   39.804466   32.401554  485.090210
   47.039494   41.713043   35.111603  485.094086
   47.696201   43.584682   37.772881  485.097839
   48.326328   45.414978   40.379025  485.101349
   48.929871   47.198124   42.922928  485.104401
   49.506813   48.523357   45.398388  485.107361
   50.057186   48.478004   48.477077  485.110016
   50.607555   50.531239   50.530777  485.111664
   51.189354   52.702255   52.702255  485.113434
   51.804386   54.997284   54.997284  485.115479
   52.454552   57.423409   57.423409  485.117615
   53.141827   59.988110   59.988110  485.119995
   53.868370   62.699333   62.699333  485.122742
   54.636402   65.565422   65.565422  485.125763
   55.448299   68.595253   68.595253  485.129150
   56.306557   71.798172   71.798172  485.132965
   57.213829   75.184105   75.184105  485.137360
   58.172943   78.763496   78.763496  485.142273
   59.186802   82.547409   82.547409  485.147827
   60.258568   86.547539   86.547539  485.154083
   61.391548   90.776268   90.776268  485.161163
   62.589237   95.246681   95.246681  485.169159
  BLADE PROFILES IN CARTESIAN COORDINATES (2D) BEFORE   PROJECTION, SCALING, MESHING AND STACKING 
  VARIABLES = "X", "YSS", "YPS" 
  BLADE           2  SECTION           1
    0.000000    0.026885    0.026885
    0.000062    0.028344    0.023490
    0.000249    0.031309    0.020691
    0.000561    0.033329    0.017783
    0.000997    0.035646    0.014914
    0.001557    0.038050    0.012100
    0.002241    0.040603    0.009354
    0.003050    0.043456    0.006695
    0.003982    0.046554    0.004169
    0.005038    0.049937    0.001757
    0.006218    0.053620   -0.000510
    0.007520    0.057607   -0.002599
    0.008945    0.061876   -0.004495
    0.010493    0.066370   -0.006175
    0.012162    0.071111   -0.007629
    0.013954    0.076089   -0.008857
    0.015866    0.081295   -0.009865
    0.017899    0.086719   -0.010676
    0.020052    0.092351   -0.011300
    0.022325    0.098184   -0.011750
    0.024716    0.104207   -0.012044
    0.027226    0.110411   -0.012173
    0.029854    0.116785   -0.012163
    0.032600    0.123322   -0.012000
    0.035461    0.130011   -0.011693
    0.038439    0.136842   -0.011226
    0.041531    0.143794   -0.010595
    0.044738    0.150823   -0.009782
    0.048058    0.158020   -0.008759
    0.051491    0.165318   -0.007496
    0.055036    0.172708   -0.005968
    0.058691    0.180179   -0.004151
    0.062456    0.187721   -0.002042
    0.066331    0.195323    0.000305
    0.070314    0.202973    0.002772
    0.074403    0.210662    0.005300
    0.078599    0.218378    0.007878
    0.082900    0.226111    0.010500
    0.087305    0.233848    0.013158
    0.091812    0.241579    0.015848
    0.096421    0.249293    0.018563
    0.101131    0.256979    0.021295
    0.105941    0.264627    0.024039
    0.110848    0.272225    0.026787
    0.115853    0.279782    0.029531
    0.120953    0.287341    0.032264
    0.126148    0.294722    0.034980
    0.131435    0.301987    0.037671
    0.136815    0.309148    0.040330
    0.142285    0.316197    0.042950
    0.147845    0.323165    0.045523
    0.153492    0.330061    0.048042
    0.159225    0.336694    0.050499
    0.165044    0.343139    0.052888
    0.170946    0.349487    0.055200
    0.176930    0.355735    0.057429
    0.182994    0.361633    0.059566
    0.189138    0.367333    0.061605
    0.195358    0.372906    0.063537
    0.201655    0.378258    0.065357
    0.208026    0.383382    0.067057
    0.214470    0.388379    0.068630
    0.220986    0.392846    0.070070
    0.227570    0.397211    0.071371
    0.234223    0.401328    0.072528
    0.240941    0.405143    0.073518
    0.247725    0.408774    0.074270
    0.254571    0.411951    0.074944
    0.261478    0.415048    0.075459
    0.268445    0.417561    0.075693
    0.275470    0.420013    0.075762
    0.282550    0.421810    0.075737
    0.289685    0.423522    0.075399
    0.296872    0.424760    0.074925
    0.304110    0.425849    0.074200
    0.311396    0.426412    0.073254
    0.318730    0.426782    0.072080
    0.326109    0.426649    0.070619
    0.333531    0.426274    0.068956
    0.340994    0.425432    0.067141
    0.348497    0.424286    0.065045
    0.356038    0.422731    0.062594
    0.363615    0.420787    0.059987
    0.371226    0.418521    0.057120
    0.378869    0.415755    0.053987
    0.386542    0.412789    0.050586
    0.394243    0.409075    0.046913
    0.401971    0.405181    0.042969
    0.409723    0.400879    0.038752
    0.417498    0.396188    0.034264
    0.425293    0.391216    0.029532
    0.433107    0.385541    0.024608
    0.440937    0.379617    0.019283
    0.448783    0.373411    0.013657
    0.456641    0.366582    0.007758
    0.464509    0.359359    0.001586
    0.472387    0.351779   -0.004817
    0.480272    0.343848   -0.011427
    0.488161    0.335639   -0.018433
    0.496053    0.326842   -0.025749
    0.503947    0.317660   -0.033331
    0.511839    0.308101   -0.041178
    0.519729    0.298162   -0.049258
    0.527613    0.287843   -0.057519
    0.535491    0.277148   -0.066207
    0.543360    0.266080   -0.075166
    0.551217    0.254642   -0.084379
    0.559063    0.242841   -0.093843
    0.566893    0.230682   -0.103533
    0.574707    0.218171   -0.113380
    0.582502    0.205315   -0.123645
    0.590277    0.192122   -0.134148
    0.598029    0.178597   -0.144884
    0.605757    0.164749   -0.155850
    0.613458    0.150533   -0.167016
    0.621131    0.135865   -0.178315
    0.628774    0.121060   -0.189993
    0.636385    0.105963   -0.201884
    0.643962    0.090584   -0.213978
    0.651503    0.074931   -0.226270
    0.659006    0.059015   -0.238718
    0.666469    0.042796   -0.251292
    0.673891    0.026191   -0.264142
    0.681270    0.009504   -0.277208
    0.688604   -0.007407   -0.290436
    0.695890   -0.024533   -0.303821
    0.703128   -0.041862   -0.317355
    0.710315   -0.059383   -0.331030
    0.717450   -0.077134   -0.344811
    0.724530   -0.095174   -0.358656
    0.731555   -0.113234   -0.372710
    0.738522   -0.131441   -0.386904
    0.745429   -0.149782   -0.401197
    0.752275   -0.168244   -0.415579
    0.759059   -0.186817   -0.430043
    0.765777   -0.205495   -0.444578
    0.772430   -0.224296   -0.459175
    0.779015   -0.243258   -0.473799
    0.785530   -0.262165   -0.488420
    0.791974   -0.281118   -0.503151
    0.798345   -0.300102   -0.517909
    0.804642   -0.319106   -0.532697
    0.810863   -0.338115   -0.547488
    0.817006   -0.357117   -0.562271
    0.823070   -0.376101   -0.577037
    0.829054   -0.395065   -0.591776
    0.834956   -0.414001   -0.606477
    0.840775   -0.432935   -0.621131
    0.846508   -0.451709   -0.635726
    0.852155   -0.470394   -0.650231
    0.857715   -0.488976   -0.664628
    0.863185   -0.507441   -0.678988
    0.868565   -0.525778   -0.693249
    0.873852   -0.543971   -0.707400
    0.879047   -0.562007   -0.721431
    0.884147   -0.579874   -0.735338
    0.889152   -0.597558   -0.749103
    0.894059   -0.615054   -0.762717
    0.898869   -0.632341   -0.776168
    0.903579   -0.649405   -0.789447
    0.908188   -0.666233   -0.802545
    0.912695   -0.682814   -0.815451
    0.917100   -0.699154   -0.828155
    0.921401   -0.715236   -0.840649
    0.925597   -0.730996   -0.852923
    0.929686   -0.746460   -0.864966
    0.933669   -0.761615   -0.876771
    0.937544   -0.776451   -0.888329
    0.941309   -0.790955   -0.899629
    0.944965   -0.805118   -0.910664
    0.948509   -0.818927   -0.921425
    0.951942   -0.832373   -0.931903
    0.955262   -0.845446   -0.942091
    0.958469   -0.858135   -0.951981
    0.961561   -0.870430   -0.961564
    0.964539   -0.882323   -0.970835
    0.967400   -0.893803   -0.979786
    0.970146   -0.904862   -0.988410
    0.972774   -0.915491   -0.996700
    0.975284   -0.925683   -1.004648
    0.977675   -0.935418   -1.012257
    0.979948   -0.944707   -1.019342
    0.982101   -0.953541   -1.025292
    0.984134   -0.961907   -1.030375
    0.986046   -0.969799   -1.034744
    0.987838   -0.977210   -1.038480
    0.989507   -0.984136   -1.041650
    0.991055   -0.990569   -1.044291
    0.992480   -0.996503   -1.046428
    0.993782   -1.001942   -1.048081
    0.994962   -1.006874   -1.049264
    0.996018   -1.011383   -1.049989
    0.996950   -1.015553   -1.050354
    0.997759   -1.019676   -1.050195
    0.998443   -1.023757   -1.049502
    0.999003   -1.027657   -1.048484
    0.999439   -1.031350   -1.047055
    0.999751   -1.034809   -1.045223
    0.999938   -1.038074   -1.042954
    1.000000   -1.040624   -1.040624
  BLADE PROFILES IN CARTESIAN COORDINATES (3D) 
  VARIABLES = "X", "YSS", "YPS" "R" 
  BLADE           2  SECTION           1
   52.389027  -29.390619  -29.390619  481.221710
   53.559616  -27.467484  -27.467484  481.217682
   54.609131  -25.743284  -25.743284  481.213684
   55.550068  -24.197435  -24.197435  481.209778
   56.393673  -22.811491  -22.811491  481.205994
   57.150017  -21.568905  -21.568905  481.202271
   57.828114  -20.454857  -20.454857  481.198730
   58.436081  -19.456055  -19.456055  481.195404
   58.981129  -18.560568  -18.560568  481.192291
   59.469814  -17.757719  -17.757719  481.189423
   59.907948  -17.037920  -17.037920  481.186737
   60.300747  -16.392580  -16.392580  481.184265
   60.652927  -15.814001  -15.814001  481.182037
   60.968662  -15.295268  -15.295268  481.179993
   61.251751  -14.830197  -14.830197  481.178162
   61.505547  -14.413237  -14.413237  481.176422
   61.733093  -14.039411  -14.039411  481.174866
   61.937096  -13.704250  -13.704250  481.173462
   62.119999  -13.403763  -13.403763  481.172241
   62.283985  -13.134360  -13.134360  481.171021
   62.431000  -12.892824  -12.892824  481.170013
   62.578014  -11.989402  -13.616736  481.168762
   62.731735  -11.507115  -13.919518  481.167480
   62.892765  -11.036105  -14.101785  481.166016
   63.061752  -10.569150  -14.210222  481.164551
   63.239277  -10.099986  -14.271558  481.162964
   63.425957   -9.625618  -14.300896  481.161163
   63.622452   -9.144330  -14.305685  481.159332
   63.829346   -8.654911  -14.289833  481.157410
   64.047249   -8.156784  -14.253720  481.155334
   64.276802   -7.652084  -14.195531  481.153015
   64.518616   -7.135356  -14.110032  481.150665
   64.773308   -6.609772  -13.991394  481.148010
   65.041481   -6.075672  -13.837481  481.145355
   65.323792   -5.533812  -13.662844  481.142303
   65.620659   -4.985457  -13.480169  481.139252
   65.932205   -4.432787  -13.291306  481.135803
   66.259140   -3.876992  -13.097110  481.132202
   66.602257   -3.319378  -12.898561  481.128418
   66.962502   -2.761280  -12.696795  481.124237
   67.340828   -2.199956  -12.493206  481.119812
   67.738342   -1.648132  -12.289180  481.115021
   68.155991   -1.102629  -12.086503  481.110016
   68.594582   -0.560214  -11.887323  481.104523
   69.055573   -0.037977  -11.693798  481.098694
   69.540634    0.476059  -11.508452  481.092316
   70.051552    0.960431  -11.334256  481.085693
   70.590363    1.426568  -11.174685  481.078491
   71.159233    1.864103  -11.033791  481.070648
   71.765060    2.259930  -10.915310  481.062286
   72.416595    2.620582  -10.829461  481.052856
   73.114517    2.922045  -10.778453  481.042664
   73.858322    3.146678  -10.777215  481.031555
   74.646210    3.288987  -10.836349  481.019836
   75.475136    3.322968  -10.968802  481.007019
   76.340820    3.240812  -11.178425  480.993347
   77.229187    3.029546  -11.479214  480.979279
   78.126083    2.684306  -11.864822  480.964722
   79.026657    2.203069  -12.339751  480.949890
   79.926956    1.594450  -12.895529  480.934875
   80.823982    0.860841  -13.545938  480.919891
   81.715538    0.000000  -14.271703  480.904785
   82.600380   -0.973046  -15.086675  480.889801
   83.484505   -2.072863  -15.981807  480.874695
   84.371933   -3.298039  -16.972694  480.859406
   85.261856   -4.649002  -18.053019  480.844238
   86.153168   -6.124033  -19.224760  480.828949
   87.044266   -7.721669  -20.487749  480.813721
   87.933083   -9.444313  -21.834660  480.798492
   88.817108  -11.269491  -23.267620  480.783447
   89.688461  -13.194920  -24.763247  480.768677
   90.542244  -15.185734  -26.320026  480.754303
   91.376122  -17.241512  -27.917233  480.740479
   92.188255  -19.345680  -29.551722  480.727081
   92.977150  -21.481823  -31.215494  480.714233
   93.741890  -23.649624  -32.895229  480.701965
   94.481880  -25.825726  -34.583897  480.690155
   95.199852  -28.015814  -36.287815  480.678864
   95.896553  -30.216631  -37.998421  480.668152
   96.571907  -32.423378  -39.710392  480.657867
   97.225990  -34.621937  -41.417355  480.648071
   97.858742  -36.809952  -43.119358  480.638763
   98.470222  -38.981949  -44.809536  480.629974
   99.060371  -41.131741  -46.482540  480.621552
   99.629242  -43.255363  -48.134087  480.613647
  100.176788  -45.342815  -49.759972  480.606232
  100.703049  -47.391346  -51.356079  480.599182
  101.207993  -49.395935  -52.918415  480.592529
  101.691612  -51.351299  -54.443954  480.586304
  102.153969  -53.253635  -55.609352  480.580475
  102.595001  -55.603027  -55.603710  480.574982
  103.036049  -57.254810  -57.255154  480.571930
  103.512192  -59.037609  -59.037609  480.568604
  104.026222  -60.962246  -60.962246  480.565247
  104.581139  -63.039974  -63.039974  480.561584
  105.180206  -65.282990  -65.282990  480.557770
  105.826904  -67.704453  -67.704453  480.553772
  106.525070  -70.318520  -70.318520  480.549561
  107.278770  -73.140556  -73.140556  480.545227
  108.092453  -76.187096  -76.187096  480.540741
  108.970840  -79.475975  -79.475975  480.536072
  109.919121  -83.026489  -83.026489  480.531219
  110.942841  -86.859467  -86.859467  480.526337
  112.048012  -90.997391  -90.997391  480.521271
  113.241066  -95.464493  -95.464493  480.516205
  114.529068 -100.287003 -100.287003  480.511139
  115.919518 -105.493210 -105.493210  480.506104
  117.420609 -111.113602 -111.113602  480.501190
  119.041077 -117.181175 -117.181175  480.496429
  120.790474 -123.731529 -123.731529  480.491913
  122.679031 -130.803101 -130.803101  480.487701
  BLADE PROFILES IN CARTESIAN COORDINATES (2D) BEFORE   PROJECTION, SCALING, MESHING AND STACKING 
  VARIABLES = "X", "YSS", "YPS" 
  BLADE           2  SECTION           2
    0.000000    0.026736    0.026736
    0.000062    0.028476    0.023959
    0.000249    0.031359    0.020902
    0.000561    0.033447    0.017974
    0.000997    0.035703    0.015106
    0.001557    0.038129    0.012298
    0.002241    0.040648    0.009579
    0.003050    0.043484    0.006973
    0.003982    0.046583    0.004434
    0.005038    0.049952    0.002005
    0.006218    0.053620   -0.000291
    0.007520    0.057594   -0.002422
    0.008945    0.061841   -0.004361
    0.010493    0.066313   -0.006099
    0.012162    0.071031   -0.007623
    0.013954    0.075983   -0.008959
    0.015866    0.081161   -0.010052
    0.017899    0.086555   -0.010923
    0.020052    0.092155   -0.011631
    0.022325    0.097953   -0.012175
    0.024716    0.103939   -0.012553
    0.027226    0.110103   -0.012774
    0.029854    0.116436   -0.012858
    0.032600    0.122929   -0.012796
    0.035461    0.129560   -0.012589
    0.038439    0.136289   -0.012238
    0.041531    0.143200   -0.011720
    0.044738    0.150231   -0.011021
    0.048058    0.157372   -0.010128
    0.051491    0.164613   -0.009007
    0.055036    0.171943   -0.007626
    0.058691    0.179353   -0.005956
    0.062456    0.186830   -0.003996
    0.066331    0.194366   -0.001782
    0.070314    0.201948    0.000577
    0.074403    0.209567    0.003001
    0.078599    0.217210    0.005473
    0.082900    0.224868    0.007988
    0.087305    0.232529    0.010538
    0.091812    0.240182    0.013118
    0.096421    0.247816    0.015721
    0.101131    0.255420    0.018340
    0.105941    0.262983    0.020968
    0.110848    0.270496    0.023599
    0.115853    0.277965    0.026226
    0.120953    0.285440    0.028841
    0.126148    0.292721    0.031438
    0.131435    0.299894    0.034010
    0.136815    0.306962    0.036548
    0.142285    0.313919    0.039046
    0.147845    0.320788    0.041497
    0.153492    0.327606    0.043894
    0.159225    0.334108    0.046228
    0.165044    0.340463    0.048492
    0.170946    0.346709    0.050680
    0.176930    0.352859    0.052783
    0.182994    0.358636    0.054794
    0.189138    0.364300    0.056707
    0.195358    0.369860    0.058513
    0.201655    0.374974    0.060205
    0.208026    0.379976    0.061778
    0.214470    0.384791    0.063223
    0.220986    0.389285    0.064535
    0.227570    0.393667    0.065709
    0.234223    0.397487    0.066740
    0.240941    0.401209    0.067610
    0.247725    0.404618    0.068236
    0.254571    0.407776    0.068788
    0.261478    0.410640    0.069165
    0.268445    0.413146    0.069297
    0.275470    0.415424    0.069249
    0.282550    0.417257    0.069038
    0.289685    0.418909    0.068589
    0.296872    0.420049    0.068008
    0.304110    0.421044    0.067161
    0.311396    0.421471    0.066091
    0.318730    0.421783    0.064791
    0.326109    0.421478    0.063269
    0.333531    0.421089    0.061466
    0.340994    0.420029    0.059529
    0.348497    0.418891    0.057199
    0.356038    0.416987    0.054733
    0.363615    0.414964    0.052011
    0.371226    0.412456    0.049028
    0.378869    0.409682    0.045780
    0.386542    0.406482    0.042264
    0.394243    0.402856    0.038478
    0.401971    0.398981    0.034421
    0.409723    0.394378    0.030094
    0.417498    0.389563    0.025496
    0.425293    0.384416    0.020662
    0.433107    0.378688    0.015625
    0.440937    0.372669    0.010209
    0.448783    0.366349    0.004479
    0.456641    0.359407   -0.001523
    0.464509    0.352105   -0.007795
    0.472387    0.344479   -0.014335
    0.480272    0.336590   -0.021123
    0.488161    0.328065   -0.028101
    0.496053    0.319169   -0.035505
    0.503947    0.309896   -0.043179
    0.511839    0.300244   -0.051117
    0.519729    0.290211   -0.059282
    0.527613    0.279798   -0.067634
    0.535491    0.269008   -0.076397
    0.543360    0.257846   -0.085439
    0.551217    0.246315   -0.094734
    0.559063    0.234421   -0.104277
    0.566893    0.222170   -0.114042
    0.574707    0.209569   -0.123963
    0.582502    0.196623   -0.134298
    0.590277    0.183341   -0.144874
    0.598029    0.169730   -0.155681
    0.605757    0.155796   -0.166716
    0.613458    0.141513   -0.177946
    0.621131    0.126754   -0.189315
    0.628774    0.111866   -0.201046
    0.636385    0.096688   -0.212999
    0.643962    0.081230   -0.225153
    0.651503    0.065498   -0.237503
    0.659006    0.049504   -0.250042
    0.666469    0.033223   -0.262744
    0.673891    0.016538   -0.275538
    0.681270   -0.000222   -0.288647
    0.688604   -0.017205   -0.301925
    0.695890   -0.034401   -0.315357
    0.703128   -0.051799   -0.328937
    0.710315   -0.069388   -0.342656
    0.717450   -0.087194   -0.356477
    0.724530   -0.105303   -0.370366
    0.731555   -0.123427   -0.384458
    0.738522   -0.141696   -0.398683
    0.745429   -0.160097   -0.413012
    0.752275   -0.178620   -0.427429
    0.759059   -0.197251   -0.441926
    0.765777   -0.215979   -0.456492
    0.772430   -0.234833   -0.471119
    0.779015   -0.253852   -0.485770
    0.785530   -0.272812   -0.500421
    0.791974   -0.291816   -0.515177
    0.798345   -0.310850   -0.529956
    0.804642   -0.329903   -0.544765
    0.810863   -0.348960   -0.559578
    0.817006   -0.368008   -0.574382
    0.823070   -0.387035   -0.589167
    0.829054   -0.406041   -0.603924
    0.834956   -0.424999   -0.618643
    0.840775   -0.443921   -0.633312
    0.846508   -0.462809   -0.647922
    0.852155   -0.481533   -0.662439
    0.857715   -0.500153   -0.676851
    0.863185   -0.518655   -0.691223
    0.868565   -0.537027   -0.705495
    0.873852   -0.555254   -0.719656
    0.879047   -0.573324   -0.733695
    0.884147   -0.591223   -0.747607
    0.889152   -0.608939   -0.761380
    0.894059   -0.626463   -0.775000
    0.898869   -0.643779   -0.788457
    0.903579   -0.660871   -0.801741
    0.908188   -0.677726   -0.814844
    0.912695   -0.694333   -0.827754
    0.917100   -0.710698   -0.840462
    0.921401   -0.726805   -0.852959
    0.925597   -0.742589   -0.865234
    0.929686   -0.758075   -0.877280
    0.933669   -0.773251   -0.889086
    0.937544   -0.788108   -0.900644
    0.941309   -0.802632   -0.911945
    0.944965   -0.816814   -0.922980
    0.948509   -0.830642   -0.933740
    0.951942   -0.844105   -0.944218
    0.955262   -0.857194   -0.954405
    0.958469   -0.869900   -0.964294
    0.961561   -0.882210   -0.973877
    0.964539   -0.894117   -0.983146
    0.967400   -0.905611   -0.992096
    0.970146   -0.916683   -1.000719
    0.972774   -0.927325   -1.009006
    0.975284   -0.937529   -1.016952
    0.977675   -0.947274   -1.024561
    0.979948   -0.956574   -1.031612
    0.982101   -0.965418   -1.037536
    0.984134   -0.973793   -1.042596
    0.986046   -0.981694   -1.046944
    0.987838   -0.989113   -1.050659
    0.989507   -0.996046   -1.053810
    0.991055   -1.002487   -1.056432
    0.992480   -1.008426   -1.058550
    0.993782   -1.013871   -1.060186
    0.994962   -1.018808   -1.061350
    0.996018   -1.023319   -1.062058
    0.996950   -1.027479   -1.062413
    0.997759   -1.031612   -1.062238
    0.998443   -1.035691   -1.061520
    0.999003   -1.039589   -1.060485
    0.999439   -1.043280   -1.059038
    0.999751   -1.046733   -1.057186
    0.999938   -1.049963   -1.054868
    1.000000   -1.052665   -1.052665
  BLADE PROFILES IN CARTESIAN COORDINATES (3D) 
  VARIABLES = "X", "YSS", "YPS" "R" 
  BLADE           2  SECTION           2
   52.504517  -28.739069  -28.739069  483.169983
   53.670277  -26.850811  -26.850811  483.169983
   54.715439  -25.157875  -25.157875  483.170074
   55.652485  -23.640060  -23.640060  483.170044
   56.492611  -22.279263  -22.279263  483.169983
   57.245823  -21.059227  -21.059227  483.169983
   57.921131  -19.965395  -19.965395  483.170044
   58.526581  -18.984715  -18.984715  483.170044
   59.069393  -18.105476  -18.105476  483.170044
   59.556053  -17.317194  -17.317194  483.170013
   59.992382  -16.610455  -16.610455  483.170044
   60.383564  -15.976820  -15.976820  483.170013
   60.734291  -15.408734  -15.408734  483.169983
   61.048721  -14.899408  -14.899408  483.169983
   61.330639  -14.442771  -14.442771  483.169983
   61.583389  -14.033370  -14.033370  483.170013
   61.810001  -13.666320  -13.666320  483.170044
   62.013161  -13.337237  -13.337237  483.170013
   62.195312  -13.042198  -13.042198  483.170013
   62.358624  -12.777677  -12.777677  483.170044
   62.505035  -12.540520  -12.540520  483.170013
   62.651463  -11.648520  -13.259274  483.170013
   62.804535  -11.169875  -13.564678  483.170013
   62.964916  -10.703181  -13.751907  483.170074
   63.133186  -10.240619  -13.868590  483.169983
   63.309990   -9.776049  -13.935824  483.170074
   63.495926   -9.306589  -13.972168  483.169983
   63.691593   -8.830425  -13.984064  483.170013
   63.897648   -8.346629  -13.975712  483.170013
   64.114685   -7.856524  -13.947997  483.169983
   64.343292   -7.354971  -13.898373  483.170013
   64.584114   -6.844595  -13.823079  483.169922
   64.837761   -6.325505  -13.715326  483.169983
   65.104851   -5.798199  -13.572268  483.169983
   65.385986   -5.263442  -13.406202  483.169983
   65.681664   -4.722497  -13.231755  483.169891
   65.991936   -4.177536  -13.051371  483.169861
   66.317528   -3.629743  -12.865933  483.169983
   66.659256   -3.080419  -12.676465  483.170013
   67.018036   -2.530910  -12.484091  483.169952
   67.394814   -1.978431  -12.290088  483.169861
   67.790718   -1.436099  -12.095922  483.169861
   68.206680   -0.899922  -11.903371  483.169861
   68.643486   -0.366685  -11.714569  483.169891
   69.102608    0.144583  -11.531693  483.169891
   69.585693    0.648354  -11.357272  483.169952
   70.094559    1.124611  -11.194294  483.169891
   70.631187    1.577399  -11.046238  483.169891
   71.197746    2.002237  -10.917128  483.169800
   71.801132    2.389773  -10.810728  483.169830
   72.450012    2.732785  -10.737058  483.169739
   73.145119    3.022975  -10.698640  483.169861
   73.885933    3.240788  -10.712291  483.169647
   74.670631    3.372870  -10.783280  483.169739
   75.496246    3.393293  -10.927035  483.169647
   76.358414    3.301845  -11.153647  483.169708
   77.243210    3.067728  -11.463644  483.169708
   78.136505    2.712333  -11.860939  483.169525
   79.033440    2.221519  -12.346781  483.169586
   79.930153    1.602874  -12.912410  483.169464
   80.823570    0.859896  -13.571407  483.169525
   81.711533    0.000000  -14.310096  483.169434
   82.592850   -0.988520  -15.127015  483.169373
   83.473427   -2.094241  -16.028448  483.169556
   84.357262   -3.325003  -17.024405  483.169312
   85.243660   -4.680939  -18.109203  483.169189
   86.131409   -6.160215  -19.284483  483.169250
   87.018929   -7.760640  -20.550255  483.169342
   87.904160   -9.486231  -21.898993  483.169250
   88.784653  -11.313400  -23.334064  483.169250
   89.652496  -13.239612  -24.828762  483.169189
   90.502838  -15.230860  -26.385239  483.169128
   91.333397  -17.285973  -27.981266  483.169098
   92.142258  -19.389332  -29.613710  483.169037
   92.927986  -21.523930  -31.275085  483.169098
   93.689636  -23.689463  -32.951744  483.169037
   94.426659  -25.863050  -34.636951  483.169006
   95.141754  -28.050152  -36.336853  483.168976
   95.835632  -30.246986  -38.043171  483.168945
   96.508286  -32.450596  -39.750435  483.169006
   97.159729  -34.644985  -41.452515  483.169006
   97.789925  -36.828690  -43.149200  483.168976
   98.398949  -38.996063  -44.833878  483.169006
   98.986732  -41.141132  -46.501244  483.168945
   99.553276  -43.259846  -48.147015  483.168976
  100.098610  -45.342281  -49.767002  483.169006
  100.622726  -47.385700  -51.357143  483.168915
  101.125648  -49.385151  -52.913509  483.168945
  101.607315  -51.335335  -54.433113  483.168976
  102.067787  -53.232506  -55.588768  483.168976
  102.507011  -55.578075  -55.578758  483.168976
  102.946266  -57.223984  -57.224327  483.169006
  103.420456  -59.000450  -59.000450  483.169006
  103.932350  -60.918240  -60.918240  483.169067
  104.485001  -62.988594  -62.988594  483.169037
  105.081589  -65.223640  -65.223640  483.169098
  105.725632  -67.636490  -67.636490  483.169189
  106.420921  -70.241295  -70.241295  483.169189
  107.171532  -73.053314  -73.053314  483.169220
  107.981827  -76.089027  -76.089027  483.169281
  108.856621  -79.366249  -79.366249  483.169312
  109.800949  -82.904167  -82.904167  483.169403
  110.820450  -86.723549  -86.723549  483.169464
  111.921028  -90.846764  -90.846764  483.169525
  113.109169  -95.297989  -95.297989  483.169586
  114.391815 -100.103302 -100.103302  483.169586
  115.776535 -105.290909 -105.290909  483.169708
  117.271385 -110.891182 -110.891182  483.169800
  118.885170 -116.936966 -116.936966  483.169861
  120.627312 -123.463722 -123.463722  483.169983
  122.508064 -130.509644 -130.509644  483.169952
  BLADE PROFILES IN CARTESIAN COORDINATES (2D) BEFORE   PROJECTION, SCALING, MESHING AND STACKING 
  VARIABLES = "X", "YSS", "YPS" 
  BLADE           2  SECTION           3
    0.000000    0.026591    0.026591
    0.000062    0.028618    0.024246
    0.000249    0.031337    0.021075
    0.000561    0.033565    0.018141
    0.000997    0.035767    0.015280
    0.001557    0.038211    0.012489
    0.002241    0.040700    0.009845
    0.003050    0.043518    0.007228
    0.003982    0.046607    0.004680
    0.005038    0.049974    0.002232
    0.006218    0.053627   -0.000088
    0.007520    0.057559   -0.002254
    0.008945    0.061757   -0.004244
    0.010493    0.066226   -0.006035
    0.012162    0.070958   -0.007622
    0.013954    0.075885   -0.009062
    0.015866    0.081035   -0.010233
    0.017899    0.086399   -0.011159
    0.020052    0.091967   -0.011961
    0.022325    0.097730   -0.012592
    0.024716    0.103679   -0.013057
    0.027226    0.109804   -0.013377
    0.029854    0.116084   -0.013556
    0.032600    0.122483   -0.013591
    0.035461    0.129078   -0.013490
    0.038439    0.135810   -0.013236
    0.041531    0.142671   -0.012835
    0.044738    0.149649   -0.012262
    0.048058    0.156736   -0.011490
    0.051491    0.163919   -0.010508
    0.055036    0.171191   -0.009274
    0.058691    0.178538   -0.007758
    0.062456    0.185953   -0.005944
    0.066331    0.193422   -0.003862
    0.070314    0.200937   -0.001611
    0.074403    0.208485    0.000710
    0.078599    0.216057    0.003077
    0.082900    0.223640    0.005485
    0.087305    0.231225    0.007927
    0.091812    0.238800    0.010397
    0.096421    0.246354    0.012888
    0.101131    0.253876    0.015394
    0.105941    0.261357    0.017909
    0.110848    0.268786    0.020425
    0.115853    0.276166    0.022935
    0.120953    0.283558    0.025433
    0.126148    0.290738    0.027912
    0.131435    0.297820    0.030364
    0.136815    0.304797    0.032782
    0.142285    0.311664    0.035160
    0.147845    0.318435    0.037489
    0.153492    0.325131    0.039763
    0.159225    0.331547    0.041974
    0.165044    0.337814    0.044114
    0.170946    0.343963    0.046177
    0.176930    0.349960    0.048155
    0.182994    0.355672    0.050041
    0.189138    0.361244    0.051827
    0.195358    0.366632    0.053507
    0.201655    0.371761    0.055072
    0.208026    0.376756    0.056517
    0.214470    0.381291    0.057835
    0.220986    0.385685    0.059021
    0.227570    0.389886    0.060068
    0.234223    0.393734    0.060973
    0.240941    0.397466    0.061720
    0.247725    0.400687    0.062223
    0.254571    0.403828    0.062653
    0.261478    0.406372    0.062827
    0.268445    0.408813    0.062928
    0.275470    0.410847    0.062766
    0.282550    0.412691    0.062426
    0.289685    0.414093    0.061828
    0.296872    0.415252    0.061117
    0.304110    0.415992    0.060143
    0.311396    0.416442    0.058953
    0.318730    0.416497    0.057474
    0.326109    0.416216    0.055812
    0.333531    0.415570    0.054002
    0.340994    0.414530    0.051812
    0.348497    0.413178    0.049479
    0.356038    0.411353    0.046897
    0.363615    0.409294    0.044060
    0.371226    0.406661    0.040962
    0.378869    0.403867    0.037599
    0.386542    0.400326    0.033968
    0.394243    0.396600    0.030068
    0.401971    0.392502    0.025899
    0.409723    0.387979    0.021461
    0.417498    0.383180    0.016754
    0.425293    0.377704    0.011778
    0.433107    0.371967    0.006556
    0.440937    0.365953    0.001159
    0.448783    0.359311   -0.004674
    0.456641    0.352282   -0.010778
    0.464509    0.344956   -0.017150
    0.472387    0.337341   -0.023789
    0.480272    0.329137   -0.030671
    0.488161    0.320524   -0.037733
    0.496053    0.311538   -0.045235
    0.503947    0.302173   -0.053002
    0.511839    0.292427   -0.061030
    0.519729    0.282299   -0.069280
    0.527613    0.271791   -0.077724
    0.535491    0.260907   -0.086561
    0.543360    0.249649   -0.095687
    0.551217    0.238025   -0.105063
    0.559063    0.226038   -0.114686
    0.566893    0.213695   -0.124526
    0.574707    0.201002   -0.134528
    0.582502    0.187967   -0.144927
    0.590277    0.174597   -0.155575
    0.598029    0.160897   -0.166453
    0.605757    0.146877   -0.177557
    0.613458    0.132534   -0.188851
    0.621131    0.117828   -0.200290
    0.628774    0.102707   -0.212074
    0.636385    0.087448   -0.224089
    0.643962    0.071908   -0.236304
    0.651503    0.056098   -0.248712
    0.659006    0.040027   -0.261307
    0.666469    0.023691   -0.274061
    0.673891    0.007053   -0.286913
    0.681270   -0.009916   -0.300063
    0.688604   -0.026971   -0.313390
    0.695890   -0.044238   -0.326871
    0.703128   -0.061705   -0.340496
    0.710315   -0.079362   -0.354260
    0.717450   -0.097215   -0.368121
    0.724530   -0.115282   -0.382055
    0.731555   -0.133591   -0.396187
    0.738522   -0.151922   -0.410442
    0.745429   -0.170385   -0.424807
    0.752275   -0.188967   -0.439259
    0.759059   -0.207657   -0.453788
    0.765777   -0.226441   -0.468387
    0.772430   -0.245330   -0.483044
    0.779015   -0.264318   -0.497753
    0.785530   -0.283433   -0.512480
    0.791974   -0.302489   -0.527185
    0.798345   -0.321574   -0.541989
    0.804642   -0.340676   -0.556815
    0.810863   -0.359781   -0.571650
    0.817006   -0.378876   -0.586475
    0.823070   -0.397948   -0.601281
    0.829054   -0.416995   -0.616056
    0.834956   -0.435996   -0.630792
    0.840775   -0.454958   -0.645478
    0.846508   -0.473889   -0.660103
    0.852155   -0.492652   -0.674657
    0.857715   -0.511310   -0.689111
    0.863185   -0.529850   -0.703443
    0.868565   -0.548257   -0.717726
    0.873852   -0.566520   -0.731897
    0.879047   -0.584624   -0.745946
    0.884147   -0.602555   -0.759863
    0.889152   -0.620302   -0.773644
    0.894059   -0.637855   -0.787271
    0.898869   -0.655200   -0.800734
    0.903579   -0.672321   -0.814025
    0.908188   -0.689205   -0.827132
    0.912695   -0.705839   -0.840046
    0.917100   -0.722210   -0.852758
    0.921401   -0.738327   -0.865257
    0.925597   -0.754168   -0.877536
    0.929686   -0.769677   -0.889584
    0.933669   -0.784876   -0.901391
    0.937544   -0.799754   -0.912950
    0.941309   -0.814298   -0.924252
    0.944965   -0.828500   -0.935287
    0.948509   -0.842346   -0.946048
    0.951942   -0.855828   -0.956526
    0.955262   -0.868934   -0.966713
    0.958469   -0.881656   -0.976601
    0.961561   -0.893982   -0.986182
    0.964539   -0.905903   -0.995451
    0.967400   -0.917411   -1.004401
    0.970146   -0.928497   -1.013021
    0.972774   -0.939152   -1.021307
    0.975284   -0.949367   -1.029251
    0.977675   -0.959125   -1.036858
    0.979948   -0.968435   -1.043876
    0.982101   -0.977289   -1.049774
    0.984134   -0.985673   -1.054812
    0.986046   -0.993583   -1.059137
    0.987838   -1.001011   -1.062833
    0.989507   -1.007951   -1.065964
    0.991055   -1.014398   -1.068567
    0.992480   -1.020344   -1.070668
    0.993782   -1.025795   -1.072286
    0.994962   -1.030737   -1.073433
    0.996018   -1.035250   -1.074121
    0.996950   -1.039402   -1.074467
    0.997759   -1.043545   -1.074276
    0.998443   -1.047620   -1.073533
    0.999003   -1.051516   -1.072483
    0.999439   -1.055204   -1.071020
    0.999751   -1.058653   -1.069146
    0.999938   -1.061835   -1.066791
    1.000000   -1.064700   -1.064700
  BLADE PROFILES IN CARTESIAN COORDINATES (3D) 
  VARIABLES = "X", "YSS", "YPS" "R" 
  BLADE           2  SECTION           3
   52.618397  -28.091703  -28.091703  485.118195
   53.779526  -26.237583  -26.237583  485.122406
   54.820541  -24.575268  -24.575268  485.126495
   55.753868  -23.084904  -23.084904  485.130463
   56.590652  -21.748718  -21.748718  485.134308
   57.340874  -20.550751  -20.550751  485.137970
   58.013485  -19.476704  -19.476704  485.141418
   58.616528  -18.513760  -18.513760  485.144653
   59.157181  -17.650427  -17.650427  485.147675
   59.641911  -16.876396  -16.876396  485.150452
   60.076488  -16.182430  -16.182430  485.152985
   60.466118  -15.560254  -15.560254  485.155334
   60.815441  -15.002433  -15.002433  485.157562
   61.128628  -14.502316  -14.502316  485.159485
   61.409428  -14.053934  -14.053934  485.161316
   61.661175  -13.651932  -13.651932  485.162933
   61.886879  -13.291513  -13.291513  485.164429
   62.089230  -12.968379  -12.968379  485.165741
   62.270664  -12.678669  -12.678669  485.166931
   62.433319  -12.418926  -12.418926  485.168060
   62.579140  -12.186052  -12.186052  485.169067
   62.724964  -11.304852  -12.900352  485.170349
   62.877430  -10.830535  -13.207765  485.171631
   63.037178  -10.367483  -13.399873  485.172943
   63.204781   -9.908619  -13.524281  485.174500
   63.380875   -9.448538  -13.597561  485.176086
   63.566051   -8.983809  -13.640699  485.177826
   63.760952   -8.513002  -13.659940  485.179565
   63.966156   -8.036395  -13.659049  485.181580
   64.182320   -7.549301  -13.638974  485.183502
   64.410011   -7.053642  -13.598368  485.185730
   64.649857   -6.549306  -13.532777  485.188171
   64.902489   -6.036545  -13.436085  485.190704
   65.168518   -5.515864  -13.303594  485.193451
   65.448517   -4.988035  -13.145951  485.196320
   65.742989   -4.454322  -12.979601  485.199402
   66.052010   -3.916886  -12.807592  485.202728
   66.376305   -3.376906  -12.630802  485.206329
   66.716660   -2.835672  -12.450244  485.210175
   67.073975   -2.294555  -12.267044  485.214294
   67.449242   -1.750695  -12.082479  485.218597
   67.843544   -1.217677  -11.898018  485.223267
   68.257820   -0.690531  -11.715438  485.228394
   68.692856   -0.167958  -11.536863  485.233765
   69.150124    0.334379  -11.364491  485.239502
   69.631256    0.826083  -11.200861  485.245758
   70.138031    1.293529  -11.048968  485.252502
   70.672501    1.739390  -10.912287  485.259674
   71.236771    2.148727  -10.794824  485.267303
   71.837677    2.526099  -10.700342  485.275818
   72.483925    2.861271  -10.638657  485.284973
   73.176224    3.135208  -10.613657  485.295105
   73.914009    3.339576  -10.638748  485.306061
   74.695511    3.454433  -10.723926  485.317871
   75.517746    3.466471  -10.883806  485.330627
   76.376389    3.359723  -11.120766  485.344299
   77.257599    3.122921  -11.441414  485.358368
   78.147224    2.750422  -11.850379  485.372894
   79.040527    2.255681  -12.347019  485.387512
   79.933540    1.626109  -12.925866  485.402374
   80.823273    0.869053  -13.590261  485.417511
   81.707603    0.000000  -14.336944  485.432373
   82.585304   -0.994717  -15.160823  485.447571
   83.462280   -2.106601  -16.068645  485.462677
   84.342514   -3.343158  -17.069792  485.477661
   85.225250   -4.704287  -18.159271  485.493073
   86.109367   -6.188054  -19.338209  485.508331
   86.993256   -7.791443  -20.606966  485.523621
   87.874863   -9.520544  -21.957754  485.538849
   88.751732  -11.349868  -23.394306  485.553955
   89.616051  -13.275108  -24.889481  485.568573
   90.462898  -15.269256  -26.445694  485.583069
   91.290047  -17.321373  -28.040854  485.596954
   92.095589  -19.427029  -29.671556  485.610321
   92.878128  -21.560543  -31.330851  485.623199
   93.636658  -23.720358  -33.006256  485.635590
   94.370682  -25.895681  -34.686985  485.647308
   95.082840  -28.080273  -36.383129  485.658661
   95.773888  -30.274012  -38.085506  485.669464
   96.443787  -32.474339  -39.788979  485.679749
   97.092575  -34.665134  -41.485867  485.689606
   97.720215  -36.844994  -43.177711  485.698883
   98.326759  -39.008175  -44.857231  485.707855
   98.912125  -41.149017  -46.519348  485.716278
   99.476387  -43.263294  -48.159695  485.724152
  100.019516  -45.341099  -49.774155  485.731689
  100.541473  -47.379871  -51.358688  485.738770
  101.042343  -49.374577  -52.909454  485.745514
  101.522072  -51.320030  -54.423416  485.751770
  101.980682  -53.212425  -55.569607  485.757690
  102.418137  -55.554592  -55.555279  485.763031
  102.855637  -57.194981  -57.195324  485.766235
  103.327927  -58.965481  -58.965481  485.769470
  103.837791  -60.876842  -60.876842  485.772980
  104.388206  -62.940254  -62.940254  485.776581
  104.982430  -65.167839  -65.167839  485.780457
  105.623894  -67.572609  -67.572609  485.784546
  106.316429  -70.168694  -70.168694  485.788696
  107.064041  -72.971306  -72.971306  485.793182
  107.871117  -75.996880  -75.996880  485.797729
  108.742401  -79.263138  -79.263138  485.802429
  109.683022  -82.789238  -82.789238  485.807404
  110.698425  -86.595802  -86.595802  485.812378
  111.794655  -90.705223  -90.705223  485.817413
  112.978088  -95.141495  -95.141495  485.822662
  114.255653  -99.930679  -99.930679  485.827789
  115.634857 -105.100800 -105.100800  485.832947
  117.123779 -110.682182 -110.682182  485.837982
  118.731148 -116.707474 -116.707474  485.842834
  120.466393 -123.212029 -123.212029  485.847473
  122.339684 -130.233902 -130.233902  485.851807
