 DATA SET FOR "multall" . GENERATED BY "stagen" .                       
    CP   and   GAMMA 
  -10.0000    1.0000
287.0491            1.4492              
       ITIMST 
         3
     CFL,    DAMP,    MACHLIM,    F_PDOWN 
  0.400000 10.000000  2.000000  0.000000
  IF_RESTART 
         0
  NSTEPS_MAX, CONLIM 
     10000  0.000150
   SFX,      SFT,      FAC_4TH,     NCHANGE 
  0.005000  0.005000  0.800000      1000
       NUMBER OF BLADE ROWS 
         2
        IM        KM 
        37        37
  FP(I),I=1,IMM1 
  1.000000  1.250000  1.562500  1.953125  2.441406  3.051758  3.814697  4.768372
  5.960464  7.450581  9.313226 11.641532 14.551915 18.189894 20.000000 20.000000
 20.000000 20.000000 20.000000 20.000000 20.000000 20.000000 18.189894 14.551915
 11.641532  9.313226  7.450581  5.960464  4.768372  3.814697  3.051758  2.441406
  1.953125  1.562500  1.250000  1.000000
  FR(K),K=1,KMM1 
  1.000000  1.250000  1.562500  1.953125  2.441406  3.051758  3.814697  4.768372
  5.960464  7.450581  9.313226 11.641532 14.551915 18.189894 20.000000 20.000000
 20.000000 20.000000 20.000000 20.000000 20.000000 20.000000 18.189894 14.551915
 11.641532  9.313226  7.450581  5.960464  4.768372  3.814697  3.051758  2.441406
  1.953125  1.562500  1.250000  1.000000
        IR        JR        KR        IRBB      JRBB      KRBB 
         3         3         3         9         9         9
   FBLK1,     FBLK2,     FBLK3  
  0.400000  0.200000  0.100000
       IFMIX 
         1
   RFMIX,    FEXTRAP,   FSMTHB,    FANGLE 
  0.025000  0.800000  1.000000  0.800000
      IFCOOL    IFBLEED    IF_ROUGH 
         0         0         0
       NSECS_IN 
         3
       IN_PRESS  IN_VTAN   IN_VR    IN_FLOW  IF_REPEAT  RFIN 
         0         0         1         0         0   0.50000
  IPOUT  SFEXIT  NSFEXIT 
    1  0.000000    0
  PLATE_LOSS  THROTTLE_EXIT 
  0.000000  0.000000
        ILOS      NLOS      IBOUND 
       100         5         0
   REYNO,     RF_VIS,   FTRANS, TURBVIS_LIM, PRANDTL, YPLUSWALL
       0.0     0.500     0.000  3000.000       1.0     0.000
   YPLAM      YPTURB 
  5.000000 25.000000
      ISHIFT    NEXTRAP_LE  NEXTRAP_TE 
         2        10        10
  (NSTG(N),N=1,NROWS) 
         1         1
  5  TIME STEPS FOR PRINTOUT 
 10010 10010 10010 10010 10010
  MARKER FOR VARIABLES TO BE SENT TO THE OUTPUT FILE.
 0 0 0 0 0 0 0 0 0 0 0 0 0 0 0 0 0 0 0 0
  STREAM SURFACES ON WHICH RESULTS ARE TO BE SENT TO   THE OUTPUT FILE 
 0 0 0 0 0 0 0 0 0 0 0 0 0 0 0 0 0 0 0 0 0 0 0 0 0 0 0 0 0 0 0 0 0 0 0 0 0
 ***************************************************************
 ************STARTING THE INPUT FOR EACH BLADE ROW**************
  BLADE ROW NUMBER =        1                                           
    NUMBER OF BLADES IN ROW 
        45
        JM        JLE       JTE 
       111        26        96
      KTIPSTART  KTIPEND 
         0         0
       BOUNDARY LAYER TRANSITION POINTS 
         0         0         0         0
  SET NEWGRID= 1 TO GENERATE A NEW GRID WITH DIFFERENT "J" POINTS AND SPACINGS.
         0
   RPMROW,    RPMHUB 
       0.0       0.0
       JROTHS    JROTHE    JROTTS    JROTTE 
         1         1         1         1
   PUPROW    PLEROW   PTEROW    PDROW 
 3427431.5 3427431.5 2315069.0 2315069.0
      NSECS_ROW   INSURF  
         3         0
  IF_CUSP_OUT   IFANGLES 
         1         0
         0         3         0
 ***************************************************************
  ROW NUMBER           1  SECTION NUMBER            1
           0           0           0  IF_DESIGN etc 
   1.00000   0.00000    0
 -0.024890 -0.022024 -0.019468 -0.017190 -0.015158 -0.013347 -0.011732 -0.010292
 -0.009008 -0.007863 -0.006842 -0.005932 -0.005121 -0.004398 -0.003753 -0.003178
 -0.002665 -0.002208 -0.001800 -0.001437 -0.001113 -0.000824 -0.000566 -0.000336
 -0.000132  0.000051  0.000234  0.000424  0.000624  0.000834  0.001055  0.001287
  0.001531  0.001788  0.002058  0.002343  0.002644  0.002960  0.003293  0.003643
  0.004012  0.004399  0.004805  0.005231  0.005679  0.006148  0.006642  0.007161
  0.007705  0.008278  0.008880  0.009515  0.010184  0.010890  0.011643  0.012452
  0.013319  0.014243  0.015221  0.016251  0.017326  0.018429  0.019543  0.020661
  0.021779  0.022893  0.024001  0.025100  0.026198  0.027300  0.028405  0.029512
  0.030619  0.031723  0.032821  0.033903  0.034963  0.035999  0.037007  0.037987
  0.038937  0.039856  0.040748  0.041613  0.042452  0.043264  0.044050  0.044809
  0.045542  0.046249  0.046929  0.047582  0.048209  0.048810  0.049384  0.049932
  0.050480  0.051059  0.051671  0.052318  0.053002  0.053725  0.054489  0.055297
  0.056151  0.057054  0.058009  0.059018  0.060085  0.061212  0.062404
  1.000000  0.000000
  0.035492  0.030835  0.026683  0.022981  0.019680  0.016736  0.014112  0.011773
  0.009687  0.007827  0.006168  0.004690  0.003372  0.002196  0.001148  0.000214
 -0.000619 -0.001362 -0.002024 -0.002614 -0.003141 -0.003610 -0.004029 -0.004402
 -0.004735 -0.005031 -0.004185 -0.003886 -0.003718 -0.003630 -0.003581 -0.003563
 -0.003569 -0.003596 -0.003645 -0.003716 -0.003816 -0.003947 -0.004109 -0.004283
 -0.004463 -0.004645 -0.004828 -0.005013 -0.005197 -0.005379 -0.005558 -0.005730
 -0.005893 -0.006045 -0.006184 -0.006303 -0.006399 -0.006468 -0.006504 -0.006499
 -0.006444 -0.006323 -0.006126 -0.005839 -0.005454 -0.004970 -0.004383 -0.003697
 -0.002916 -0.002034 -0.001065  0.000000  0.001157  0.002419  0.003785  0.005248
  0.006821  0.008482  0.010244  0.012069  0.013962  0.015896  0.017869  0.019868
  0.021879  0.023904  0.025935  0.027968  0.030004  0.032032  0.034044  0.036043
  0.038019  0.039967  0.041883  0.043761  0.045598  0.047388  0.048720  0.048679
  0.050738  0.052916  0.055219  0.057652  0.060225  0.062944  0.065819  0.068858
  0.072071  0.075467  0.079056  0.082851  0.086862  0.091102  0.095584
  1.000000
  0.000000  0.000000  0.000000  0.000000  0.000000  0.000000  0.000000  0.000000
  0.000000  0.000000  0.000000  0.000000  0.000000  0.000000  0.000000  0.000000
  0.000000  0.000000  0.000000  0.000000  0.000000  0.000000  0.000000  0.000000
  0.000000  0.000000  0.001942  0.002790  0.003507  0.004154  0.004771  0.005372
  0.005962  0.006548  0.007128  0.007701  0.008262  0.008808  0.009336  0.009865
  0.010403  0.010948  0.011500  0.012056  0.012618  0.013183  0.013757  0.014327
  0.014897  0.015472  0.016039  0.016606  0.017171  0.017720  0.018268  0.018810
  0.019330  0.019829  0.020297  0.020717  0.021084  0.021385  0.021615  0.021773
  0.021847  0.021859  0.021797  0.021676  0.021477  0.021216  0.020894  0.020502
  0.020060  0.019540  0.018978  0.018353  0.017697  0.016997  0.016268  0.015517
  0.014737  0.013954  0.013147  0.012333  0.011516  0.010689  0.009861  0.009039
  0.008217  0.007406  0.006604  0.005814  0.005038  0.004277  0.003128  0.000001
  0.000000  0.000000  0.000000  0.000000  0.000000  0.000000  0.000000  0.000000
  0.000000  0.000000  0.000000  0.000000  0.000000  0.000000  0.000000
  1.000000  0.000000
  0.481697  0.481693  0.481689  0.481686  0.481682  0.481678  0.481674  0.481670
  0.481667  0.481664  0.481661  0.481658  0.481655  0.481653  0.481651  0.481649
  0.481647  0.481646  0.481644  0.481643  0.481641  0.481640  0.481639  0.481639
  0.481638  0.481637  0.481636  0.481634  0.481633  0.481632  0.481630  0.481628
  0.481627  0.481625  0.481623  0.481621  0.481619  0.481616  0.481614  0.481611
  0.481608  0.481605  0.481602  0.481599  0.481595  0.481591  0.481587  0.481583
  0.481579  0.481574  0.481569  0.481563  0.481557  0.481551  0.481544  0.481537
  0.481529  0.481521  0.481512  0.481502  0.481492  0.481482  0.481471  0.481461
  0.481450  0.481440  0.481429  0.481419  0.481408  0.481398  0.481388  0.481378
  0.481368  0.481358  0.481348  0.481339  0.481330  0.481321  0.481313  0.481305
  0.481298  0.481291  0.481284  0.481278  0.481273  0.481267  0.481262  0.481257
  0.481252  0.481248  0.481244  0.481241  0.481238  0.481234  0.481232  0.481229
  0.481228  0.481226  0.481224  0.481222  0.481220  0.481217  0.481214  0.481211
  0.481207  0.481203  0.481198  0.481192  0.481186  0.481178  0.481170
 ***************************************************************
  ROW NUMBER           1  SECTION NUMBER            2
           0           0           0  IF_DESIGN etc 
   1.00000   0.00000    0
 -0.025006 -0.022133 -0.019571 -0.017287 -0.015251 -0.013435 -0.011816 -0.010373
 -0.009086 -0.007939 -0.006916 -0.006003 -0.005190 -0.004465 -0.003818 -0.003242
 -0.002728 -0.002270 -0.001861 -0.001497 -0.001172 -0.000883 -0.000624 -0.000394
 -0.000189 -0.000006  0.000177  0.000368  0.000569  0.000779  0.001000  0.001233
  0.001477  0.001735  0.002006  0.002292  0.002593  0.002910  0.003244  0.003595
  0.003965  0.004352  0.004759  0.005187  0.005635  0.006106  0.006601  0.007121
  0.007667  0.008241  0.008844  0.009480  0.010151  0.010859  0.011614  0.012425
  0.013294  0.014219  0.015200  0.016232  0.017310  0.018416  0.019532  0.020654
  0.021774  0.022891  0.024001  0.025103  0.026203  0.027308  0.028416  0.029526
  0.030635  0.031741  0.032842  0.033927  0.034990  0.036028  0.037039  0.038021
  0.038973  0.039894  0.040788  0.041655  0.042496  0.043310  0.044098  0.044859
  0.045594  0.046302  0.046984  0.047639  0.048267  0.048869  0.049445  0.049994
  0.050543  0.051123  0.051737  0.052386  0.053071  0.053796  0.054562  0.055372
  0.056228  0.057133  0.058090  0.059101  0.060171  0.061301  0.062496
  1.000000  0.000000
  0.035488  0.030834  0.026685  0.022986  0.019687  0.016746  0.014124  0.011786
  0.009701  0.007843  0.006186  0.004708  0.003391  0.002216  0.001169  0.000236
 -0.000597 -0.001339 -0.002001 -0.002591 -0.003117 -0.003586 -0.004004 -0.004377
 -0.004710 -0.005006 -0.004159 -0.003860 -0.003692 -0.003604 -0.003555 -0.003537
 -0.003543 -0.003570 -0.003618 -0.003690 -0.003790 -0.003922 -0.004083 -0.004257
 -0.004436 -0.004619 -0.004802 -0.004987 -0.005171 -0.005353 -0.005532 -0.005704
 -0.005867 -0.006019 -0.006159 -0.006278 -0.006374 -0.006444 -0.006481 -0.006476
 -0.006419 -0.006298 -0.006106 -0.005820 -0.005437 -0.004955 -0.004370 -0.003686
 -0.002908 -0.002028 -0.001062  0.000000  0.001154  0.002412  0.003776  0.005235
  0.006805  0.008462  0.010220  0.012041  0.013930  0.015860  0.017828  0.019824
  0.021831  0.023851  0.025878  0.027907  0.029939  0.031963  0.033972  0.035967
  0.037939  0.039883  0.041795  0.043670  0.045504  0.047290  0.048619  0.048575
  0.050632  0.052806  0.055105  0.057534  0.060103  0.062818  0.065688  0.068723
  0.071930  0.075321  0.078905  0.082694  0.086700  0.090934  0.095410
  1.000000
  0.000000  0.000000  0.000000  0.000000  0.000000  0.000000  0.000000  0.000000
  0.000000  0.000000  0.000000  0.000000  0.000000  0.000000  0.000000  0.000000
  0.000000  0.000000  0.000000  0.000000  0.000000  0.000000  0.000000  0.000000
  0.000000  0.000000  0.001944  0.002791  0.003508  0.004154  0.004772  0.005372
  0.005963  0.006548  0.007128  0.007700  0.008261  0.008806  0.009336  0.009863
  0.010402  0.010946  0.011497  0.012054  0.012615  0.013181  0.013753  0.014323
  0.014894  0.015468  0.016035  0.016602  0.017166  0.017716  0.018264  0.018805
  0.019328  0.019829  0.020293  0.020713  0.021081  0.021381  0.021611  0.021769
  0.021843  0.021854  0.021793  0.021672  0.021473  0.021211  0.020889  0.020497
  0.020055  0.019535  0.018974  0.018349  0.017693  0.016993  0.016264  0.015513
  0.014733  0.013951  0.013144  0.012330  0.011514  0.010686  0.009859  0.009037
  0.008215  0.007404  0.006602  0.005813  0.005037  0.004276  0.003126  0.000001
  0.000000  0.000000  0.000000  0.000000  0.000000  0.000000  0.000000  0.000000
  0.000000  0.000000  0.000000  0.000000  0.000000  0.000000  0.000000
  1.000000  0.000000
  0.483170  0.483170  0.483170  0.483170  0.483170  0.483170  0.483170  0.483170
  0.483170  0.483170  0.483170  0.483170  0.483170  0.483170  0.483170  0.483170
  0.483170  0.483170  0.483170  0.483170  0.483170  0.483170  0.483170  0.483170
  0.483170  0.483170  0.483170  0.483170  0.483170  0.483170  0.483170  0.483170
  0.483170  0.483170  0.483170  0.483170  0.483170  0.483170  0.483170  0.483170
  0.483170  0.483170  0.483170  0.483170  0.483170  0.483170  0.483170  0.483170
  0.483170  0.483170  0.483170  0.483170  0.483170  0.483170  0.483170  0.483170
  0.483170  0.483170  0.483170  0.483170  0.483170  0.483170  0.483170  0.483170
  0.483170  0.483170  0.483170  0.483170  0.483170  0.483170  0.483170  0.483170
  0.483170  0.483170  0.483170  0.483170  0.483170  0.483170  0.483170  0.483170
  0.483170  0.483170  0.483170  0.483170  0.483170  0.483170  0.483170  0.483170
  0.483170  0.483170  0.483170  0.483170  0.483170  0.483170  0.483170  0.483170
  0.483170  0.483170  0.483170  0.483170  0.483170  0.483170  0.483170  0.483170
  0.483170  0.483170  0.483170  0.483170  0.483170  0.483170  0.483170
 ***************************************************************
  ROW NUMBER           1  SECTION NUMBER            3
           0           0           0  IF_DESIGN etc 
   1.00000   0.00000    0
 -0.025125 -0.022245 -0.019677 -0.017387 -0.015346 -0.013526 -0.011903 -0.010456
 -0.009166 -0.008016 -0.006990 -0.006076 -0.005261 -0.004534 -0.003886 -0.003308
 -0.002793 -0.002333 -0.001924 -0.001559 -0.001233 -0.000943 -0.000684 -0.000453
 -0.000247 -0.000064  0.000120  0.000311  0.000512  0.000723  0.000945  0.001178
  0.001423  0.001681  0.001953  0.002239  0.002541  0.002859  0.003194  0.003546
  0.003916  0.004305  0.004713  0.005141  0.005591  0.006063  0.006559  0.007080
  0.007627  0.008203  0.008808  0.009446  0.010118  0.010828  0.011584  0.012397
  0.013268  0.014196  0.015179  0.016214  0.017294  0.018403  0.019522  0.020646
  0.021769  0.022889  0.024001  0.025105  0.026209  0.027316  0.028427  0.029539
  0.030651  0.031760  0.032863  0.033951  0.035016  0.036057  0.037070  0.038055
  0.039009  0.039933  0.040829  0.041698  0.042541  0.043357  0.044147  0.044910
  0.045646  0.046356  0.047039  0.047696  0.048326  0.048930  0.049507  0.050057
  0.050608  0.051189  0.051804  0.052455  0.053142  0.053868  0.054636  0.055448
  0.056307  0.057214  0.058173  0.059187  0.060259  0.061392  0.062589
  1.000000  0.000000
  0.035487  0.030837  0.026690  0.022993  0.019696  0.016757  0.014137  0.011800
  0.009717  0.007859  0.006203  0.004727  0.003410  0.002236  0.001190  0.000257
 -0.000575 -0.001317 -0.001979 -0.002568 -0.003094 -0.003563 -0.003981 -0.004354
 -0.004686 -0.004982 -0.004133 -0.003834 -0.003667 -0.003578 -0.003530 -0.003512
 -0.003517 -0.003544 -0.003593 -0.003664 -0.003764 -0.003897 -0.004058 -0.004232
 -0.004411 -0.004594 -0.004777 -0.004962 -0.005145 -0.005327 -0.005507 -0.005679
 -0.005842 -0.005994 -0.006134 -0.006253 -0.006351 -0.006421 -0.006458 -0.006455
 -0.006399 -0.006278 -0.006084 -0.005802 -0.005420 -0.004940 -0.004358 -0.003676
 -0.002900 -0.002025 -0.001059  0.000000  0.001152  0.002407  0.003767  0.005223
  0.006789  0.008443  0.010197  0.012014  0.013899  0.015825  0.017790  0.019782
  0.021785  0.023801  0.025825  0.027850  0.029878  0.031899  0.033904  0.035895
  0.037864  0.039804  0.041713  0.043585  0.045415  0.047198  0.048523  0.048478
  0.050531  0.052702  0.054997  0.057423  0.059988  0.062699  0.065565  0.068595
  0.071798  0.075184  0.078763  0.082547  0.086548  0.090776  0.095247
  1.000000
  0.000000  0.000000  0.000000  0.000000  0.000000  0.000000  0.000000  0.000000
  0.000000  0.000000  0.000000  0.000000  0.000000  0.000000  0.000000  0.000000
  0.000000  0.000000  0.000000  0.000000  0.000000  0.000000  0.000000  0.000000
  0.000000  0.000000  0.001946  0.002793  0.003510  0.004156  0.004773  0.005373
  0.005964  0.006549  0.007128  0.007701  0.008261  0.008806  0.009335  0.009862
  0.010400  0.010945  0.011496  0.012052  0.012614  0.013182  0.013752  0.014321
  0.014894  0.015468  0.016033  0.016600  0.017164  0.017714  0.018262  0.018803
  0.019326  0.019826  0.020295  0.020712  0.021080  0.021379  0.021610  0.021768
  0.021841  0.021850  0.021791  0.021671  0.021471  0.021209  0.020887  0.020495
  0.020053  0.019533  0.018972  0.018347  0.017691  0.016991  0.016262  0.015512
  0.014731  0.013949  0.013142  0.012329  0.011512  0.010685  0.009858  0.009036
  0.008214  0.007403  0.006601  0.005812  0.005036  0.004275  0.003125  0.000001
  0.000000  0.000000  0.000000  0.000000  0.000000  0.000000  0.000000  0.000000
  0.000000  0.000000  0.000000  0.000000  0.000000  0.000000  0.000000
  1.000000  0.000000
  0.484643  0.484646  0.484650  0.484654  0.484658  0.484662  0.484665  0.484669
  0.484672  0.484676  0.484679  0.484681  0.484684  0.484686  0.484688  0.484690
  0.484692  0.484694  0.484695  0.484696  0.484698  0.484699  0.484700  0.484701
  0.484701  0.484702  0.484703  0.484704  0.484706  0.484707  0.484709  0.484710
  0.484712  0.484714  0.484716  0.484718  0.484720  0.484722  0.484725  0.484728
  0.484730  0.484733  0.484737  0.484740  0.484743  0.484747  0.484751  0.484755
  0.484760  0.484765  0.484770  0.484775  0.484781  0.484787  0.484794  0.484801
  0.484809  0.484817  0.484826  0.484836  0.484846  0.484856  0.484866  0.484877
  0.484888  0.484898  0.484908  0.484919  0.484929  0.484939  0.484950  0.484960
  0.484970  0.484980  0.484989  0.484999  0.485008  0.485016  0.485025  0.485033
  0.485040  0.485047  0.485054  0.485060  0.485066  0.485071  0.485076  0.485081
  0.485086  0.485090  0.485094  0.485098  0.485101  0.485104  0.485107  0.485110
  0.485112  0.485113  0.485115  0.485118  0.485120  0.485123  0.485126  0.485129
  0.485133  0.485137  0.485142  0.485148  0.485154  0.485161  0.485169
 ***************************************************************
 ************STARTING THE INPUT FOR EACH BLADE ROW**************
  BLADE ROW NUMBER =        2                                           
    NUMBER OF BLADES IN ROW 
        57
        JM        JLE       JTE 
       111        21        91
      KTIPSTART  KTIPEND 
         0         0
       BOUNDARY LAYER TRANSITION POINTS 
         0         0         0         0
  SET NEWGRID= 1 TO GENERATE A NEW GRID WITH DIFFERENT "J" POINTS AND SPACINGS.
         0
   RPMROW,    RPMHUB 
    3000.0    3000.0
       JROTHS    JROTHE    JROTTS    JROTTE 
         1         1         1         1
   PUPROW    PLEROW   PTEROW    PDROW 
 2315069.0 2315069.0 1507058.0 1507058.0
      NSECS_ROW   INSURF  
         3         0
  IF_CUSP_OUT   IFANGLES 
         1         0
         0         3         0
 ***************************************************************
  ROW NUMBER           2  SECTION NUMBER            1
           0           0           0  IF_DESIGN etc 
   1.00000   0.00000    0
  0.052389  0.053560  0.054609  0.055550  0.056394  0.057150  0.057828  0.058436
  0.058981  0.059470  0.059908  0.060301  0.060653  0.060969  0.061252  0.061506
  0.061733  0.061937  0.062120  0.062284  0.062431  0.062578  0.062732  0.062893
  0.063062  0.063239  0.063426  0.063622  0.063829  0.064047  0.064277  0.064519
  0.064773  0.065041  0.065324  0.065621  0.065932  0.066259  0.066602  0.066963
  0.067341  0.067738  0.068156  0.068595  0.069056  0.069541  0.070052  0.070590
  0.071159  0.071765  0.072417  0.073115  0.073858  0.074646  0.075475  0.076341
  0.077229  0.078126  0.079027  0.079927  0.080824  0.081716  0.082600  0.083485
  0.084372  0.085262  0.086153  0.087044  0.087933  0.088817  0.089688  0.090542
  0.091376  0.092188  0.092977  0.093742  0.094482  0.095200  0.095897  0.096572
  0.097226  0.097859  0.098470  0.099060  0.099629  0.100177  0.100703  0.101208
  0.101692  0.102154  0.102595  0.103036  0.103512  0.104026  0.104581  0.105180
  0.105827  0.106525  0.107279  0.108092  0.108971  0.109919  0.110943  0.112048
  0.113241  0.114529  0.115920  0.117421  0.119041  0.120790  0.122679
  1.000000  0.000000
 -0.029391 -0.027467 -0.025743 -0.024197 -0.022811 -0.021569 -0.020455 -0.019456
 -0.018561 -0.017758 -0.017038 -0.016393 -0.015814 -0.015295 -0.014830 -0.014413
 -0.014039 -0.013704 -0.013404 -0.013134 -0.012893 -0.011989 -0.011507 -0.011036
 -0.010569 -0.010100 -0.009626 -0.009144 -0.008655 -0.008157 -0.007652 -0.007135
 -0.006610 -0.006076 -0.005534 -0.004985 -0.004433 -0.003877 -0.003319 -0.002761
 -0.002200 -0.001648 -0.001103 -0.000560 -0.000038  0.000476  0.000960  0.001427
  0.001864  0.002260  0.002621  0.002922  0.003147  0.003289  0.003323  0.003241
  0.003030  0.002684  0.002203  0.001594  0.000861  0.000000 -0.000973 -0.002073
 -0.003298 -0.004649 -0.006124 -0.007722 -0.009444 -0.011269 -0.013195 -0.015186
 -0.017242 -0.019346 -0.021482 -0.023650 -0.025826 -0.028016 -0.030217 -0.032423
 -0.034622 -0.036810 -0.038982 -0.041132 -0.043255 -0.045343 -0.047391 -0.049396
 -0.051351 -0.053254 -0.055603 -0.057255 -0.059038 -0.060962 -0.063040 -0.065283
 -0.067704 -0.070319 -0.073141 -0.076187 -0.079476 -0.083026 -0.086859 -0.090997
 -0.095464 -0.100287 -0.105493 -0.111114 -0.117181 -0.123732 -0.130803
  1.000000
  0.000000  0.000000  0.000000  0.000000  0.000000  0.000000  0.000000  0.000000
  0.000000  0.000000  0.000000  0.000000  0.000000  0.000000  0.000000  0.000000
  0.000000  0.000000  0.000000  0.000000  0.000000  0.001627  0.002412  0.003066
  0.003641  0.004172  0.004675  0.005161  0.005635  0.006097  0.006543  0.006975
  0.007382  0.007762  0.008129  0.008495  0.008859  0.009220  0.009579  0.009936
  0.010293  0.010641  0.010984  0.011327  0.011656  0.011985  0.012295  0.012601
  0.012898  0.013175  0.013450  0.013700  0.013924  0.014125  0.014292  0.014419
  0.014509  0.014549  0.014543  0.014490  0.014407  0.014272  0.014114  0.013909
  0.013675  0.013404  0.013101  0.012766  0.012390  0.011998  0.011568  0.011134
  0.010676  0.010206  0.009734  0.009246  0.008758  0.008272  0.007782  0.007287
  0.006795  0.006309  0.005828  0.005351  0.004879  0.004417  0.003965  0.003522
  0.003093  0.002356  0.000001  0.000000  0.000000  0.000000  0.000000  0.000000
  0.000000  0.000000  0.000000  0.000000  0.000000  0.000000  0.000000  0.000000
  0.000000  0.000000  0.000000  0.000000  0.000000  0.000000  0.000000
  1.000000  0.000000
  0.481222  0.481218  0.481214  0.481210  0.481206  0.481202  0.481199  0.481195
  0.481192  0.481189  0.481187  0.481184  0.481182  0.481180  0.481178  0.481176
  0.481175  0.481173  0.481172  0.481171  0.481170  0.481169  0.481167  0.481166
  0.481165  0.481163  0.481161  0.481159  0.481157  0.481155  0.481153  0.481151
  0.481148  0.481145  0.481142  0.481139  0.481136  0.481132  0.481128  0.481124
  0.481120  0.481115  0.481110  0.481105  0.481099  0.481092  0.481086  0.481079
  0.481071  0.481062  0.481053  0.481043  0.481032  0.481020  0.481007  0.480993
  0.480979  0.480965  0.480950  0.480935  0.480920  0.480905  0.480890  0.480875
  0.480859  0.480844  0.480829  0.480814  0.480798  0.480783  0.480769  0.480754
  0.480740  0.480727  0.480714  0.480702  0.480690  0.480679  0.480668  0.480658
  0.480648  0.480639  0.480630  0.480622  0.480614  0.480606  0.480599  0.480593
  0.480586  0.480580  0.480575  0.480572  0.480569  0.480565  0.480562  0.480558
  0.480554  0.480550  0.480545  0.480541  0.480536  0.480531  0.480526  0.480521
  0.480516  0.480511  0.480506  0.480501  0.480496  0.480492  0.480488
 ***************************************************************
  ROW NUMBER           2  SECTION NUMBER            2
           0           0           0  IF_DESIGN etc 
   1.00000   0.00000    0
  0.052505  0.053670  0.054715  0.055652  0.056493  0.057246  0.057921  0.058527
  0.059069  0.059556  0.059992  0.060384  0.060734  0.061049  0.061331  0.061583
  0.061810  0.062013  0.062195  0.062359  0.062505  0.062651  0.062805  0.062965
  0.063133  0.063310  0.063496  0.063692  0.063898  0.064115  0.064343  0.064584
  0.064838  0.065105  0.065386  0.065682  0.065992  0.066318  0.066659  0.067018
  0.067395  0.067791  0.068207  0.068643  0.069103  0.069586  0.070095  0.070631
  0.071198  0.071801  0.072450  0.073145  0.073886  0.074671  0.075496  0.076358
  0.077243  0.078137  0.079033  0.079930  0.080824  0.081712  0.082593  0.083473
  0.084357  0.085244  0.086131  0.087019  0.087904  0.088785  0.089652  0.090503
  0.091333  0.092142  0.092928  0.093690  0.094427  0.095142  0.095836  0.096508
  0.097160  0.097790  0.098399  0.098987  0.099553  0.100099  0.100623  0.101126
  0.101607  0.102068  0.102507  0.102946  0.103420  0.103932  0.104485  0.105082
  0.105726  0.106421  0.107172  0.107982  0.108857  0.109801  0.110820  0.111921
  0.113109  0.114392  0.115777  0.117271  0.118885  0.120627  0.122508
  1.000000  0.000000
 -0.028739 -0.026851 -0.025158 -0.023640 -0.022279 -0.021059 -0.019965 -0.018985
 -0.018105 -0.017317 -0.016610 -0.015977 -0.015409 -0.014899 -0.014443 -0.014033
 -0.013666 -0.013337 -0.013042 -0.012778 -0.012541 -0.011649 -0.011170 -0.010703
 -0.010241 -0.009776 -0.009307 -0.008830 -0.008347 -0.007857 -0.007355 -0.006845
 -0.006326 -0.005798 -0.005263 -0.004722 -0.004178 -0.003630 -0.003080 -0.002531
 -0.001978 -0.001436 -0.000900 -0.000367  0.000145  0.000648  0.001125  0.001577
  0.002002  0.002390  0.002733  0.003023  0.003241  0.003373  0.003393  0.003302
  0.003068  0.002712  0.002222  0.001603  0.000860  0.000000 -0.000989 -0.002094
 -0.003325 -0.004681 -0.006160 -0.007761 -0.009486 -0.011313 -0.013240 -0.015231
 -0.017286 -0.019389 -0.021524 -0.023689 -0.025863 -0.028050 -0.030247 -0.032451
 -0.034645 -0.036829 -0.038996 -0.041141 -0.043260 -0.045342 -0.047386 -0.049385
 -0.051335 -0.053233 -0.055578 -0.057224 -0.059000 -0.060918 -0.062989 -0.065224
 -0.067636 -0.070241 -0.073053 -0.076089 -0.079366 -0.082904 -0.086724 -0.090847
 -0.095298 -0.100103 -0.105291 -0.110891 -0.116937 -0.123464 -0.130510
  1.000000
  0.000000  0.000000  0.000000  0.000000  0.000000  0.000000  0.000000  0.000000
  0.000000  0.000000  0.000000  0.000000  0.000000  0.000000  0.000000  0.000000
  0.000000  0.000000  0.000000  0.000000  0.000000  0.001611  0.002395  0.003049
  0.003628  0.004160  0.004666  0.005154  0.005629  0.006091  0.006543  0.006978
  0.007390  0.007774  0.008143  0.008509  0.008874  0.009236  0.009596  0.009953
  0.010312  0.010660  0.011003  0.011348  0.011676  0.012006  0.012319  0.012624
  0.012919  0.013201  0.013470  0.013722  0.013953  0.014156  0.014320  0.014455
  0.014531  0.014573  0.014568  0.014515  0.014431  0.014310  0.014138  0.013934
  0.013699  0.013428  0.013124  0.012790  0.012413  0.012021  0.011589  0.011154
  0.010695  0.010224  0.009751  0.009262  0.008774  0.008287  0.007796  0.007300
  0.006808  0.006321  0.005838  0.005360  0.004887  0.004425  0.003971  0.003528
  0.003098  0.002356  0.000001  0.000000  0.000000  0.000000  0.000000  0.000000
  0.000000  0.000000  0.000000  0.000000  0.000000  0.000000  0.000000  0.000000
  0.000000  0.000000  0.000000  0.000000  0.000000  0.000000  0.000000
  1.000000  0.000000
  0.483170  0.483170  0.483170  0.483170  0.483170  0.483170  0.483170  0.483170
  0.483170  0.483170  0.483170  0.483170  0.483170  0.483170  0.483170  0.483170
  0.483170  0.483170  0.483170  0.483170  0.483170  0.483170  0.483170  0.483170
  0.483170  0.483170  0.483170  0.483170  0.483170  0.483170  0.483170  0.483170
  0.483170  0.483170  0.483170  0.483170  0.483170  0.483170  0.483170  0.483170
  0.483170  0.483170  0.483170  0.483170  0.483170  0.483170  0.483170  0.483170
  0.483170  0.483170  0.483170  0.483170  0.483170  0.483170  0.483170  0.483170
  0.483170  0.483170  0.483170  0.483169  0.483170  0.483169  0.483169  0.483170
  0.483169  0.483169  0.483169  0.483169  0.483169  0.483169  0.483169  0.483169
  0.483169  0.483169  0.483169  0.483169  0.483169  0.483169  0.483169  0.483169
  0.483169  0.483169  0.483169  0.483169  0.483169  0.483169  0.483169  0.483169
  0.483169  0.483169  0.483169  0.483169  0.483169  0.483169  0.483169  0.483169
  0.483169  0.483169  0.483169  0.483169  0.483169  0.483169  0.483169  0.483170
  0.483170  0.483170  0.483170  0.483170  0.483170  0.483170  0.483170
 ***************************************************************
  ROW NUMBER           2  SECTION NUMBER            3
           0           0           0  IF_DESIGN etc 
   1.00000   0.00000    0
  0.052618  0.053780  0.054821  0.055754  0.056591  0.057341  0.058013  0.058617
  0.059157  0.059642  0.060076  0.060466  0.060815  0.061129  0.061409  0.061661
  0.061887  0.062089  0.062271  0.062433  0.062579  0.062725  0.062877  0.063037
  0.063205  0.063381  0.063566  0.063761  0.063966  0.064182  0.064410  0.064650
  0.064902  0.065169  0.065449  0.065743  0.066052  0.066376  0.066717  0.067074
  0.067449  0.067844  0.068258  0.068693  0.069150  0.069631  0.070138  0.070672
  0.071237  0.071838  0.072484  0.073176  0.073914  0.074696  0.075518  0.076376
  0.077258  0.078147  0.079041  0.079934  0.080823  0.081708  0.082585  0.083462
  0.084343  0.085225  0.086109  0.086993  0.087875  0.088752  0.089616  0.090463
  0.091290  0.092096  0.092878  0.093637  0.094371  0.095083  0.095774  0.096444
  0.097093  0.097720  0.098327  0.098912  0.099476  0.100020  0.100541  0.101042
  0.101522  0.101981  0.102418  0.102856  0.103328  0.103838  0.104388  0.104982
  0.105624  0.106316  0.107064  0.107871  0.108742  0.109683  0.110698  0.111795
  0.112978  0.114256  0.115635  0.117124  0.118731  0.120466  0.122340
  1.000000  0.000000
 -0.028092 -0.026238 -0.024575 -0.023085 -0.021749 -0.020551 -0.019477 -0.018514
 -0.017650 -0.016876 -0.016182 -0.015560 -0.015002 -0.014502 -0.014054 -0.013652
 -0.013292 -0.012968 -0.012679 -0.012419 -0.012186 -0.011305 -0.010831 -0.010367
 -0.009909 -0.009449 -0.008984 -0.008513 -0.008036 -0.007549 -0.007054 -0.006549
 -0.006037 -0.005516 -0.004988 -0.004454 -0.003917 -0.003377 -0.002836 -0.002295
 -0.001751 -0.001218 -0.000691 -0.000168  0.000334  0.000826  0.001294  0.001739
  0.002149  0.002526  0.002861  0.003135  0.003340  0.003454  0.003466  0.003360
  0.003123  0.002750  0.002256  0.001626  0.000869  0.000000 -0.000995 -0.002107
 -0.003343 -0.004704 -0.006188 -0.007791 -0.009521 -0.011350 -0.013275 -0.015269
 -0.017321 -0.019427 -0.021561 -0.023720 -0.025896 -0.028080 -0.030274 -0.032474
 -0.034665 -0.036845 -0.039008 -0.041149 -0.043263 -0.045341 -0.047380 -0.049375
 -0.051320 -0.053212 -0.055555 -0.057195 -0.058965 -0.060877 -0.062940 -0.065168
 -0.067573 -0.070169 -0.072971 -0.075997 -0.079263 -0.082789 -0.086596 -0.090705
 -0.095141 -0.099931 -0.105101 -0.110682 -0.116707 -0.123212 -0.130234
  1.000000
  0.000000  0.000000  0.000000  0.000000  0.000000  0.000000  0.000000  0.000000
  0.000000  0.000000  0.000000  0.000000  0.000000  0.000000  0.000000  0.000000
  0.000000  0.000000  0.000000  0.000000  0.000000  0.001595  0.002377  0.003032
  0.003616  0.004149  0.004657  0.005147  0.005623  0.006090  0.006545  0.006983
  0.007400  0.007788  0.008158  0.008525  0.008891  0.009254  0.009615  0.009972
  0.010332  0.010680  0.011025  0.011369  0.011699  0.012027  0.012342  0.012652
  0.012944  0.013226  0.013500  0.013749  0.013978  0.014178  0.014350  0.014480
  0.014564  0.014601  0.014603  0.014552  0.014459  0.014337  0.014166  0.013962
  0.013727  0.013455  0.013150  0.012816  0.012437  0.012044  0.011614  0.011176
  0.010719  0.010245  0.009770  0.009286  0.008791  0.008303  0.007811  0.007315
  0.006821  0.006333  0.005849  0.005370  0.004896  0.004433  0.003979  0.003535
  0.003103  0.002357  0.000001  0.000000  0.000000  0.000000  0.000000  0.000000
  0.000000  0.000000  0.000000  0.000000  0.000000  0.000000  0.000000  0.000000
  0.000000  0.000000  0.000000  0.000000  0.000000  0.000000  0.000000
  1.000000  0.000000
  0.485118  0.485122  0.485126  0.485130  0.485134  0.485138  0.485141  0.485145
  0.485148  0.485150  0.485153  0.485155  0.485158  0.485159  0.485161  0.485163
  0.485164  0.485166  0.485167  0.485168  0.485169  0.485170  0.485172  0.485173
  0.485175  0.485176  0.485178  0.485180  0.485182  0.485184  0.485186  0.485188
  0.485191  0.485193  0.485196  0.485199  0.485203  0.485206  0.485210  0.485214
  0.485219  0.485223  0.485228  0.485234  0.485240  0.485246  0.485252  0.485260
  0.485267  0.485276  0.485285  0.485295  0.485306  0.485318  0.485331  0.485344
  0.485358  0.485373  0.485388  0.485402  0.485418  0.485432  0.485448  0.485463
  0.485478  0.485493  0.485508  0.485524  0.485539  0.485554  0.485569  0.485583
  0.485597  0.485610  0.485623  0.485636  0.485647  0.485659  0.485669  0.485680
  0.485690  0.485699  0.485708  0.485716  0.485724  0.485732  0.485739  0.485746
  0.485752  0.485758  0.485763  0.485766  0.485769  0.485773  0.485777  0.485780
  0.485785  0.485789  0.485793  0.485798  0.485802  0.485807  0.485812  0.485817
  0.485823  0.485828  0.485833  0.485838  0.485843  0.485847  0.485852
  STARTING INLET BOUNDARY CONDITION DATA .
  NUMBER OF POINTS FOR INLET BOUNDARY CONDITIONS 
        37
  SPACING OF INLET BOUNDARY CONDITION POINTS 
  1.000000  1.250000  1.562500  1.953125  2.441406  3.051758  3.814697  4.768372
  5.960464  7.450581  9.313226 11.641532 14.551915 18.189894 20.000000 20.000000
 20.000000 20.000000 20.000000 20.000000 20.000000 20.000000 18.189894 14.551915
 11.641532  9.313226  7.450581  5.960464  4.768372  3.814697  3.051758  2.441406
  1.953125  1.562500  1.250000  1.000000
   INLET STAGNATION PRESSURES 
 3786000.0 3786000.0 3786000.0 3786000.0 3786000.0 3785999.8 3786000.0 3786000.2
 3785999.8 3786000.0 3786000.2 3786000.0 3786000.2 3786000.0 3786000.0 3786000.0
 3786000.0 3786000.0 3786000.0 3786000.0 3786000.0 3786000.0 3786000.0 3786000.0
 3786000.0 3786000.0 3786000.0 3786000.0 3786000.0 3786000.0 3786000.0 3786000.0
 3786000.0 3786000.0 3786000.0 3786000.0 3786000.0
   INLET STAGNATION TEMPERATURES 
  332.8109  332.8109  332.8109  332.8109  332.8109  332.8109  332.8109  332.8109
  332.8109  332.8109  332.8109  332.8109  332.8109  332.8109  332.8109  332.8109
  332.8109  332.8109  332.8109  332.8109  332.8109  332.8109  332.8109  332.8109
  332.8109  332.8109  332.8109  332.8109  332.8109  332.8109  332.8109  332.8109
  332.8109  332.8109  332.8109  332.8109  332.8109
   INLET ABSOLUTE TANGENTIAL VELOCITY 
    0.0000    0.0000    0.0000    0.0000    0.0000    0.0000    0.0000    0.0000
    0.0000    0.0000    0.0000    0.0000    0.0000    0.0000    0.0000    0.0000
    0.0000    0.0000    0.0000    0.0000    0.0000    0.0000    0.0000    0.0000
    0.0000    0.0000    0.0000    0.0000    0.0000    0.0000    0.0000    0.0000
    0.0000    0.0000    0.0000    0.0000    0.0000
   INLET MERIDIONAL VELOCITY 
   75.8961   75.8961   75.8961   75.8961   75.8961   75.8961   75.8961   75.8961
   75.8961   75.8961   75.8961   75.8961   75.8961   75.8961   75.8961   75.8961
   75.8961   75.8961   75.8961   75.8961   75.8961   75.8961   75.8961   75.8961
   75.8961   75.8961   75.8961   75.8961   75.8961   75.8961   75.8961   75.8961
   75.8961   75.8961   75.8961   75.8961   75.8961
   INLET MERIDIONAL YAW ANGLE  
  -56.3100  -56.3100  -56.3100  -56.3100  -56.3100  -56.3100  -56.3100  -56.3100
  -56.3100  -56.3100  -56.3100  -56.3100  -56.3100  -56.3100  -56.3100  -56.3100
  -56.3100  -56.3100  -56.3100  -56.3100  -56.3100  -56.3100  -56.3100  -56.3100
  -56.3100  -56.3100  -56.3100  -56.3100  -56.3100  -56.3100  -56.3100  -56.3100
  -56.3100  -56.3100  -56.3100  -56.3100  -56.3100
   INLET PITCH ANGLE 
   -0.0154   -0.0153   -0.0151   -0.0150   -0.0148   -0.0146   -0.0143   -0.0140
   -0.0135   -0.0130   -0.0123   -0.0115   -0.0104   -0.0091   -0.0074   -0.0056
   -0.0037   -0.0019   -0.0001    0.0018    0.0036    0.0054    0.0073    0.0089
    0.0103    0.0113    0.0122    0.0129    0.0134    0.0139    0.0142    0.0145
    0.0147    0.0149    0.0150    0.0152    0.0152
   PDOWN_HUB   PDOWN_TIP 
 1507058.0 1507058.0
 MIXING LENGTH LIMITS ON ALL BLADE ROWS
  0.020000  0.030000  0.040000  0.050000  1.000000  0.500000
  0.020000  0.030000  0.040000  0.050000  1.000000  0.500000
  FACTOR TO INCREASE THE TURBULENT VISCOSITY OVER THE FIRST NMIXUP STEPS 
   2.00000 1000
