  BLADE PROFILES IN CARTESIAN COORDINATES (2D) BEFORE   PROJECTION, SCALING, MESHING AND STACKING 
  VARIABLES = "X", "YSS", "YPS" 
  BLADE           1  SECTION           1
    0.000000    0.003009    0.003009
    0.000062    0.008294    0.001052
    0.000249    0.012325   -0.002306
    0.000561    0.016561   -0.005474
    0.000997    0.020838   -0.008552
    0.001557    0.024845   -0.011466
    0.002241    0.028351   -0.014308
    0.003050    0.031652   -0.017158
    0.003982    0.034717   -0.020029
    0.005038    0.037554   -0.022906
    0.006218    0.040170   -0.025826
    0.007520    0.042554   -0.028785
    0.008945    0.044780   -0.031763
    0.010493    0.046954   -0.034766
    0.012162    0.049218   -0.037791
    0.013954    0.051604   -0.040810
    0.015866    0.054108   -0.043799
    0.017899    0.056730   -0.046714
    0.020052    0.059465   -0.049525
    0.022325    0.062306   -0.052191
    0.024716    0.065247   -0.054674
    0.027226    0.068309   -0.056981
    0.029854    0.071476   -0.059124
    0.032600    0.074746   -0.061156
    0.035461    0.078116   -0.063157
    0.038439    0.081586   -0.065161
    0.041531    0.085149   -0.067171
    0.044738    0.088791   -0.069180
    0.048058    0.092543   -0.071184
    0.051491    0.096389   -0.073187
    0.055036    0.100325   -0.075198
    0.058691    0.104350   -0.077155
    0.062456    0.108458   -0.079076
    0.066331    0.112641   -0.080965
    0.070314    0.116923   -0.082817
    0.074403    0.121290   -0.084628
    0.078599    0.125740   -0.086406
    0.082900    0.130253   -0.088154
    0.087305    0.134863   -0.089810
    0.091812    0.139552   -0.091383
    0.096421    0.144321   -0.092889
    0.101131    0.149163   -0.094321
    0.105941    0.154072   -0.095676
    0.110848    0.159068   -0.096960
    0.115853    0.164140   -0.098192
    0.120953    0.169285   -0.099262
    0.126148    0.174491   -0.100229
    0.131435    0.179781   -0.101092
    0.136815    0.185142   -0.101848
    0.142285    0.190576   -0.102504
    0.147845    0.196076   -0.103083
    0.153492    0.201641   -0.103461
    0.159225    0.207282   -0.103705
    0.165044    0.212992   -0.103817
    0.170946    0.218770   -0.103793
    0.176930    0.224612   -0.103642
    0.182994    0.230518   -0.103391
    0.189138    0.236495   -0.102903
    0.195358    0.242539   -0.102254
    0.201655    0.248647   -0.101446
    0.208026    0.254818   -0.100475
    0.214470    0.261052   -0.099357
    0.220986    0.267352   -0.098111
    0.227570    0.273715   -0.096614
    0.234223    0.280141   -0.094920
    0.240941    0.286629   -0.093043
    0.247725    0.293178   -0.090980
    0.254571    0.299788   -0.088728
    0.261478    0.306459   -0.086306
    0.268445    0.313191   -0.083733
    0.275470    0.319981   -0.080894
    0.282550    0.326831   -0.077826
    0.289685    0.333738   -0.074554
    0.296872    0.340704   -0.071076
    0.304110    0.347726   -0.067388
    0.311396    0.354805   -0.063490
    0.318730    0.361939   -0.059377
    0.326109    0.369129   -0.055049
    0.333531    0.376373   -0.050523
    0.340994    0.383671   -0.045837
    0.348497    0.391022   -0.040853
    0.356038    0.398425   -0.035642
    0.363615    0.405880   -0.030200
    0.371226    0.413386   -0.024536
    0.378869    0.420942   -0.018649
    0.386542    0.428546   -0.012539
    0.394243    0.436199   -0.006206
    0.401971    0.443898    0.000351
    0.409723    0.451644    0.007130
    0.417498    0.459435    0.014133
    0.425293    0.467270    0.021357
    0.433107    0.475147    0.028802
    0.440937    0.483068    0.036467
    0.448783    0.491028    0.044351
    0.456641    0.499028    0.052453
    0.464509    0.507067    0.060769
    0.472387    0.515142    0.069299
    0.480272    0.523252    0.078041
    0.488161    0.531397    0.086992
    0.496053    0.539574    0.096149
    0.503947    0.547782    0.105510
    0.511839    0.556020    0.115072
    0.519729    0.564286    0.124831
    0.527613    0.572578    0.134785
    0.535491    0.580895    0.144936
    0.543360    0.589230    0.155279
    0.551217    0.597579    0.165807
    0.559063    0.605959    0.176537
    0.566893    0.614357    0.187494
    0.574707    0.622771    0.198547
    0.582502    0.631201    0.209767
    0.590277    0.639643    0.221149
    0.598029    0.648095    0.232687
    0.605757    0.656554    0.244378
    0.613458    0.665019    0.256215
    0.621131    0.673487    0.268193
    0.628774    0.681957    0.280316
    0.636385    0.690421    0.292576
    0.643962    0.698874    0.304985
    0.651503    0.707334    0.317553
    0.659006    0.715785    0.330167
    0.666469    0.724231    0.342888
    0.673891    0.732664    0.355709
    0.681270    0.741082    0.368623
    0.688604    0.749483    0.381625
    0.695890    0.757864    0.394718
    0.703128    0.766215    0.407889
    0.710315    0.774538    0.421153
    0.717450    0.782844    0.434504
    0.724530    0.791119    0.447853
    0.731555    0.799361    0.461249
    0.738522    0.807572    0.474683
    0.745429    0.815745    0.488148
    0.752275    0.823876    0.501646
    0.759059    0.831964    0.515166
    0.765777    0.840006    0.528695
    0.772430    0.847992    0.542255
    0.779015    0.855924    0.555814
    0.785530    0.863811    0.569323
    0.791974    0.871640    0.582810
    0.798345    0.879409    0.596268
    0.804642    0.887118    0.609699
    0.810863    0.894762    0.623087
    0.817006    0.902337    0.636424
    0.823070    0.909841    0.649726
    0.829054    0.917264    0.662961
    0.834956    0.924612    0.676092
    0.840775    0.931885    0.689139
    0.846508    0.939077    0.702096
    0.852155    0.946183    0.714961
    0.857715    0.953201    0.727721
    0.863185    0.960128    0.740367
    0.868565    0.966965    0.752891
    0.873852    0.973705    0.765308
    0.879047    0.980346    0.777582
    0.884147    0.986886    0.789693
    0.889152    0.993316    0.801652
    0.894059    0.999642    0.813455
    0.898869    1.005862    0.825095
    0.903579    1.011971    0.836562
    0.908188    1.017965    0.847847
    0.912695    1.023842    0.858945
    0.917100    1.029600    0.869848
    0.921401    1.035236    0.880549
    0.925597    1.040748    0.891062
    0.929686    1.046133    0.901345
    0.933669    1.051390    0.911401
    0.937544    1.056516    0.921232
    0.941309    1.061508    0.930830
    0.944965    1.066365    0.940188
    0.948509    1.071085    0.949300
    0.951942    1.075665    0.958160
    0.955262    1.080103    0.966763
    0.958469    1.084397    0.975103
    0.961561    1.088546    0.983176
    0.964539    1.092551    0.990974
    0.967400    1.096317    0.998494
    0.970146    1.099419    1.005731
    0.972774    1.101822    1.012681
    0.975284    1.103737    1.019338
    0.977675    1.105274    1.025699
    0.979948    1.106498    1.031758
    0.982101    1.107443    1.037513
    0.984134    1.108136    1.042956
    0.986046    1.108588    1.048091
    0.987838    1.108812    1.052910
    0.989507    1.108813    1.057411
    0.991055    1.108596    1.061590
    0.992480    1.108238    1.065444
    0.993782    1.107601    1.068972
    0.994962    1.106688    1.072170
    0.996018    1.105657    1.075038
    0.996950    1.104447    1.077572
    0.997759    1.103076    1.079813
    0.998443    1.101512    1.081840
    0.999003    1.099776    1.083912
    0.999439    1.097904    1.085814
    0.999751    1.095906    1.088117
    0.999938    1.093707    1.090545
    1.000000    1.091836    1.091836
  BLADE PROFILES IN CARTESIAN COORDINATES (3D) 
  VARIABLES = "X", "YSS", "YPS" "R" 
  BLADE           1  SECTION           1
  -16.721636  -20.913816  -20.913816  280.902863
  -14.739713  -20.564686  -20.564686  280.852753
  -12.972969  -20.252836  -20.252836  280.799438
  -11.398093  -19.974327  -19.974327  280.744720
   -9.994267  -19.725632  -19.725632  280.689880
   -8.742926  -19.503586  -19.503586  280.635986
   -7.627499  -19.305361  -19.305361  280.583740
   -6.633219  -19.128428  -19.128428  280.533783
   -5.746922  -18.970512  -18.970512  280.486481
   -4.956869  -18.829582  -18.829582  280.441986
   -4.252597  -18.703833  -18.703833  280.400635
   -3.624789  -18.591625  -18.591625  280.362091
   -3.065129  -18.491518  -18.491518  280.326660
   -2.566216  -18.402212  -18.402212  280.294098
   -2.121451  -18.322542  -18.322542  280.264252
   -1.724951  -18.251474  -18.251474  280.237030
   -1.371472  -18.188089  -18.188089  280.212250
   -1.056348  -18.131544  -18.131544  280.189728
   -0.775408  -18.081120  -18.081120  280.169403
   -0.524944  -18.036144  -18.036144  280.150940
   -0.301650  -17.996033  -17.996033  280.134308
   -0.102575  -17.960262  -17.960262  280.119324
    0.074909  -17.928364  -17.928364  280.105865
    0.233147  -17.899918  -17.899918  280.093658
    0.374221  -17.874548  -17.874548  280.082794
    0.500000  -17.851925  -17.851925  280.072998
    0.624845  -16.955252  -18.776381  280.055573
    0.755366  -16.651882  -19.107506  280.037262
    0.892086  -16.449932  -19.378654  280.017944
    1.035528  -16.256495  -19.616938  279.997467
    1.186218  -16.060165  -19.824642  279.975800
    1.344672  -15.860272  -19.999681  279.952911
    1.511416  -15.654337  -20.144821  279.928619
    1.686967  -15.442200  -20.272259  279.902832
    1.871851  -15.223161  -20.395857  279.875519
    2.066583  -14.997361  -20.517836  279.846497
    2.271688  -14.762643  -20.638374  279.815552
    2.487684  -14.519177  -20.757124  279.782745
    2.715089  -14.267023  -20.871309  279.747894
    2.954424  -14.004791  -20.981905  279.710876
    3.206085  -13.732282  -21.088945  279.671509
    3.470136  -13.450100  -21.190969  279.629944
    3.747178  -13.156596  -21.284525  279.585907
    4.037903  -12.851990  -21.370815  279.539093
    4.343067  -12.535012  -21.449949  279.489502
    4.663506  -12.204859  -21.518438  279.436951
    5.000129  -11.860931  -21.574121  279.381134
    5.353746  -11.501808  -21.617691  279.321930
    5.725023  -11.127501  -21.647081  279.259094
    6.115201  -10.735976  -21.656799  279.192322
    6.525649  -10.326172  -21.648027  279.121490
    6.957920   -9.896476  -21.617998  279.046021
    7.413695   -9.444748  -21.559507  278.965637
    7.894816   -8.969277  -21.474031  278.880035
    8.407108   -8.463745  -21.352802  278.787994
    8.957933   -7.920696  -21.187588  278.688080
    9.547898   -7.339018  -20.976503  278.580017
   10.176536   -6.718534  -20.707508  278.463898
   10.842335   -6.059986  -20.374796  278.339935
   11.542707   -5.364975  -19.974533  278.208618
   12.274046   -4.636034  -19.505608  278.070557
   13.024516   -3.883886  -18.962376  277.928284
   13.782132   -3.119645  -18.355509  277.784088
   14.542848   -2.346716  -17.687969  277.639069
   15.303340   -1.567840  -16.962831  277.493988
   16.061083   -0.785087  -16.183384  277.349701
   16.814262    0.000000  -15.352831  277.206604
   17.561890    0.786608  -14.473937  277.065155
   18.308983    1.580353  -13.541913  276.924530
   19.058981    2.384879  -12.552035  276.784546
   19.811262    3.200337  -11.501690  276.645264
   20.564896    4.026483  -10.399910  276.507324
   21.318533    4.861742   -9.245116  276.370972
   22.070467    5.704246   -8.039981  276.236877
   22.818596    6.551526   -6.785488  276.105530
   23.556263    7.397220   -5.501986  275.978363
   24.279322    8.235373   -4.195455  275.855988
   24.985838    9.063025   -2.869682  275.738861
   25.674191    9.878781   -1.538171  275.627319
   26.343147   10.680223   -0.202834  275.521515
   26.991884   11.464937    1.132710  275.421326
   27.619947   12.232826    2.458468  275.326843
   28.229597   12.985826    3.779444  275.237549
   28.821428   13.723411    5.094807  275.153473
   29.395437   14.445770    6.397711  275.074371
   29.951609   15.152074    7.688052  274.999908
   30.489912   15.841846    8.963783  274.930176
   31.010345   16.514032   10.219511  274.865082
   31.512886   17.168753   11.454529  274.804199
   31.997509   17.805140   12.666666  274.747620
   32.464203   18.422665   13.852343  274.695068
   32.912941   19.020803   15.009994  274.646393
   33.343716   19.599268   16.137342  274.601410
   33.756489   19.988400   17.232414  274.559998
   34.151260   20.111851   18.293192  274.521912
   34.527988   19.523340   19.522972  274.487030
   34.905731   20.295528   20.295345  274.461334
   35.305073   21.111942   21.111942  274.434387
   35.727242   21.974915   21.974915  274.405945
   36.173527   22.887074   22.887074  274.376068
   36.645321   23.851227   23.851227  274.344543
   37.144062   24.870331   24.870331  274.311218
   37.671303   25.947504   25.947504  274.276062
   38.228657   27.086037   27.086037  274.238800
   38.817833   28.289415   28.289415  274.199249
   39.440594   29.561243   29.561243  274.156769
   40.098911   30.905468   30.905468  274.111450
   40.794769   32.326160   32.326160  274.063202
   41.530331   33.827667   33.827667  274.011597
   42.307858   35.414543   35.414543  273.956451
   43.129711   37.091595   37.091595  273.897400
  BLADE PROFILES IN CARTESIAN COORDINATES (2D) BEFORE   PROJECTION, SCALING, MESHING AND STACKING 
  VARIABLES = "X", "YSS", "YPS" 
  BLADE           1  SECTION           2
    0.000000    0.003610    0.003610
    0.000062    0.006864    0.000336
    0.000249    0.010517   -0.002756
    0.000561    0.014421   -0.005833
    0.000997    0.018531   -0.008655
    0.001557    0.022445   -0.011319
    0.002241    0.025958   -0.014067
    0.003050    0.029261   -0.016799
    0.003982    0.032362   -0.019546
    0.005038    0.035243   -0.022330
    0.006218    0.037898   -0.025138
    0.007520    0.040335   -0.027997
    0.008945    0.042591   -0.030887
    0.010493    0.044746   -0.033780
    0.012162    0.046923   -0.036685
    0.013954    0.049200   -0.039552
    0.015866    0.051590   -0.042375
    0.017899    0.054091   -0.045116
    0.020052    0.056699   -0.047735
    0.022325    0.059414   -0.050205
    0.024716    0.062231   -0.052507
    0.027226    0.065150   -0.054641
    0.029854    0.068167   -0.056637
    0.032600    0.071280   -0.058564
    0.035461    0.074483   -0.060497
    0.038439    0.077768   -0.062462
    0.041531    0.081159   -0.064407
    0.044738    0.084641   -0.066352
    0.048058    0.088210   -0.068288
    0.051491    0.091867   -0.070215
    0.055036    0.095606   -0.072128
    0.058691    0.099411   -0.074023
    0.062456    0.103315   -0.075895
    0.066331    0.107300   -0.077738
    0.070314    0.111365   -0.079558
    0.074403    0.115508   -0.081367
    0.078599    0.119723   -0.083091
    0.082900    0.124003   -0.084759
    0.087305    0.128371   -0.086373
    0.091812    0.132813   -0.087930
    0.096421    0.137328   -0.089425
    0.101131    0.141898   -0.090863
    0.105941    0.146552   -0.092260
    0.110848    0.151277   -0.093529
    0.115853    0.156070   -0.094704
    0.120953    0.160930   -0.095793
    0.126148    0.165845   -0.096790
    0.131435    0.170837   -0.097691
    0.136815    0.175895   -0.098500
    0.142285    0.181018   -0.099246
    0.147845    0.186202   -0.099807
    0.153492    0.191442   -0.100252
    0.159225    0.196752   -0.100578
    0.165044    0.202125   -0.100782
    0.170946    0.207559   -0.100871
    0.176930    0.213051   -0.100871
    0.182994    0.218597   -0.100658
    0.189138    0.224209   -0.100297
    0.195358    0.229880   -0.099792
    0.201655    0.235609   -0.099139
    0.208026    0.241395   -0.098354
    0.214470    0.247232   -0.097449
    0.220986    0.253131   -0.096325
    0.227570    0.259086   -0.095012
    0.234223    0.265095   -0.093533
    0.240941    0.271159   -0.091884
    0.247725    0.277277   -0.090062
    0.254571    0.283448   -0.088087
    0.261478    0.289671   -0.085968
    0.268445    0.295948   -0.083609
    0.275470    0.302276   -0.081043
    0.282550    0.308656   -0.078284
    0.289685    0.315085   -0.075334
    0.296872    0.321565   -0.072193
    0.304110    0.328094   -0.068856
    0.311396    0.334672   -0.065322
    0.318730    0.341298   -0.061613
    0.326109    0.347971   -0.057746
    0.333531    0.354691   -0.053611
    0.340994    0.361458   -0.049271
    0.348497    0.368273   -0.044709
    0.356038    0.375129   -0.039942
    0.363615    0.382030   -0.034969
    0.371226    0.388973   -0.029789
    0.378869    0.395958   -0.024401
    0.386542    0.402985   -0.018806
    0.394243    0.410052   -0.013002
    0.401971    0.417158   -0.006989
    0.409723    0.424304   -0.000769
    0.417498    0.431487    0.005659
    0.425293    0.438706    0.012295
    0.433107    0.445962    0.019137
    0.440937    0.453252    0.026184
    0.448783    0.460575    0.033435
    0.456641    0.467932    0.040889
    0.464509    0.475319    0.048545
    0.472387    0.482736    0.056400
    0.480272    0.490183    0.064452
    0.488161    0.497656    0.072700
    0.496053    0.505154    0.081142
    0.503947    0.512669    0.089773
    0.511839    0.520218    0.098593
    0.519729    0.527788    0.107597
    0.527613    0.535379    0.116784
    0.535491    0.542989    0.126149
    0.543360    0.550618    0.135689
    0.551217    0.558264    0.145402
    0.559063    0.565924    0.155282
    0.566893    0.573597    0.165326
    0.574707    0.581281    0.175530
    0.582502    0.588975    0.185889
    0.590277    0.596676    0.196402
    0.598029    0.604384    0.207072
    0.605757    0.612095    0.217884
    0.613458    0.619803    0.228833
    0.621131    0.627508    0.239943
    0.628774    0.635219    0.251209
    0.636385    0.642928    0.262539
    0.643962    0.650630    0.273987
    0.651503    0.658328    0.285545
    0.659006    0.666016    0.297209
    0.666469    0.673692    0.308973
    0.673891    0.681355    0.320832
    0.681270    0.689001    0.332791
    0.688604    0.696629    0.344833
    0.695890    0.704231    0.356974
    0.703128    0.711807    0.369212
    0.710315    0.719367    0.381460
    0.717450    0.726899    0.393765
    0.724530    0.734402    0.406120
    0.731555    0.741876    0.418519
    0.738522    0.749316    0.430955
    0.745429    0.756720    0.443433
    0.752275    0.764084    0.455934
    0.759059    0.771407    0.468474
    0.765777    0.778681    0.481042
    0.772430    0.785906    0.493569
    0.779015    0.793091    0.506092
    0.785530    0.800225    0.518602
    0.791974    0.807305    0.531094
    0.798345    0.814330    0.543566
    0.804642    0.821298    0.556009
    0.810863    0.828206    0.568411
    0.817006    0.835050    0.580788
    0.823070    0.841828    0.593116
    0.829054    0.848533    0.605351
    0.834956    0.855167    0.617516
    0.840775    0.861734    0.629606
    0.846508    0.868224    0.641613
    0.852155    0.874637    0.653536
    0.857715    0.880970    0.665360
    0.863185    0.887219    0.677078
    0.868565    0.893385    0.688684
    0.873852    0.899464    0.700194
    0.879047    0.905452    0.711567
    0.884147    0.911348    0.722792
    0.889152    0.917149    0.733877
    0.894059    0.922848    0.744817
    0.898869    0.928450    0.755607
    0.903579    0.933954    0.766235
    0.908188    0.939354    0.776696
    0.912695    0.944647    0.786983
    0.917100    0.949833    0.797090
    0.921401    0.954908    0.807010
    0.925597    0.959872    0.816756
    0.929686    0.964720    0.826288
    0.933669    0.969452    0.835611
    0.937544    0.974066    0.844725
    0.941309    0.978559    0.853623
    0.944965    0.982930    0.862299
    0.948509    0.987177    0.870747
    0.951942    0.991297    0.878961
    0.955262    0.995290    0.886938
    0.958469    0.999153    0.894670
    0.961561    1.002885    0.902154
    0.964539    1.006487    0.909385
    0.967400    1.009858    0.916358
    0.970146    1.012578    0.923068
    0.972774    1.014652    0.929512
    0.975284    1.016273    0.935685
    0.977675    1.017547    0.941583
    0.979948    1.018535    0.947202
    0.982101    1.019266    0.952538
    0.984134    1.019768    0.957585
    0.986046    1.020049    0.962346
    0.987838    1.020122    0.966815
    0.989507    1.019993    0.970989
    0.991055    1.019665    0.974863
    0.992480    1.019204    0.978437
    0.993782    1.018509    0.981709
    0.994962    1.017539    0.984675
    0.996018    1.016473    0.987334
    0.996950    1.015245    0.989684
    0.997759    1.013873    0.991760
    0.998443    1.012351    0.993645
    0.999003    1.010654    0.995567
    0.999439    1.008836    0.997355
    0.999751    1.006903    0.999520
    0.999938    1.004758    1.001817
    1.000000    1.003094    1.003094
  BLADE PROFILES IN CARTESIAN COORDINATES (3D) 
  VARIABLES = "X", "YSS", "YPS" "R" 
  BLADE           1  SECTION           2
  -17.962328  -20.074474  -20.074474  298.790405
  -15.922548  -19.739885  -19.739885  298.787415
  -14.103870  -19.441545  -19.441545  298.784424
  -12.482334  -19.175541  -19.175541  298.781616
  -11.036566  -18.938364  -18.938364  298.779053
   -9.747512  -18.726892  -18.726892  298.776642
   -8.598188  -18.538345  -18.538345  298.774506
   -7.573450  -18.370239  -18.370239  298.772552
   -6.659789  -18.220352  -18.220352  298.770844
   -5.845165  -18.086714  -18.086714  298.769348
   -5.118843  -17.967564  -17.967564  298.767944
   -4.471251  -17.861328  -17.861328  298.766693
   -3.893858  -17.766611  -17.766611  298.765656
   -3.379051  -17.682161  -17.682161  298.764740
   -2.920047  -17.606867  -17.606867  298.763916
   -2.510799  -17.539732  -17.539732  298.763184
   -2.145911  -17.479876  -17.479876  298.762482
   -1.820575  -17.426508  -17.426508  298.761932
   -1.530506  -17.378927  -17.378927  298.761414
   -1.271878  -17.336504  -17.336504  298.760986
   -1.041287  -17.298677  -17.298677  298.760620
   -0.835688  -17.264954  -17.264954  298.760193
   -0.652378  -17.234886  -17.234886  298.759918
   -0.488935  -17.208075  -17.208075  298.759674
   -0.343213  -17.184170  -17.184170  298.759369
   -0.213283  -17.162861  -17.162861  298.759155
   -0.083352  -16.282091  -18.056971  298.759033
    0.052498  -15.965603  -18.386799  298.759125
    0.194815  -15.760142  -18.657469  298.759155
    0.344147  -15.571257  -18.891474  298.759338
    0.501037  -15.379688  -19.092838  298.759460
    0.666034  -15.184090  -19.261103  298.759583
    0.839685  -14.983418  -19.401009  298.759735
    1.022529  -14.777068  -19.527641  298.759888
    1.215116  -14.564662  -19.653284  298.760010
    1.417990  -14.344349  -19.776325  298.760223
    1.631700  -14.116223  -19.897400  298.760406
    1.856789  -13.880441  -20.016380  298.760712
    2.093807  -13.635334  -20.132755  298.760925
    2.343292  -13.380784  -20.246851  298.761261
    2.605672  -13.116827  -20.356546  298.761505
    2.881005  -12.843428  -20.459906  298.761871
    3.169945  -12.559314  -20.557438  298.762146
    3.473201  -12.264991  -20.649578  298.762604
    3.791572  -11.958459  -20.732597  298.763031
    4.125942  -11.639657  -20.805193  298.763458
    4.477264  -11.307849  -20.867397  298.763947
    4.846384  -10.961632  -20.919712  298.764465
    5.234014  -10.601132  -20.954330  298.765076
    5.641444  -10.224344  -20.973148  298.765656
    6.070135   -9.830307  -20.976391  298.766388
    6.521694   -9.417617  -20.954601  298.767151
    6.997898   -8.984108  -20.908876  298.767914
    7.500678   -8.528349  -20.838511  298.768829
    8.036125   -8.044199  -20.731073  298.769836
    8.611955   -7.524671  -20.584061  298.770844
    9.228806   -6.968872  -20.394171  298.771973
    9.886200   -6.376612  -20.146694  298.773315
   10.582551   -5.748748  -19.839931  298.774719
   11.315178   -5.086882  -19.471397  298.776093
   12.080286   -4.393353  -19.030813  298.777679
   12.865469   -3.678636  -18.521629  298.779327
   13.658174   -2.953295  -17.951374  298.780884
   14.454130   -2.220474  -17.322411  298.782532
   15.249864   -1.482761  -16.637629  298.784241
   16.042683   -0.742145  -15.900152  298.785767
   16.830679    0.000000  -15.112995  298.787415
   17.612751    0.742564  -14.278830  298.789001
   18.394192    1.491541  -13.393097  298.790558
   19.178524    2.250543  -12.452021  298.792053
   19.965101    3.019356  -11.456236  298.793457
   20.752884    3.797255  -10.407028  298.794861
   21.540478    4.582982   -9.305511  298.796173
   22.326052    5.374905   -8.152740  298.797455
   23.107380    6.171701   -6.959223  298.798676
   23.877523    6.965849   -5.733761  298.799774
   24.632137    7.752160   -4.483321  298.800720
   25.369175    8.528739   -3.218961  298.801575
   26.086948    9.293531   -1.946282  298.802429
   26.784233   10.044305   -0.668186  298.803070
   27.460114   10.779152    0.607567  298.803680
   28.114147   11.497827    1.875727  298.804199
   28.748728   12.202153    3.140020  298.804596
   29.364477   12.891747    4.397694  298.804871
   29.961407   13.566757    5.644483  298.805054
   30.539486   14.226419    6.879190  298.805206
   31.098747   14.870339    8.100037  298.805298
   31.639177   15.497601    9.301843  298.805237
   32.160770   16.108202   10.483835  298.805176
   32.663536   16.701454   11.643959  298.804993
   33.147480   17.276878   12.778793  298.804779
   33.612591   17.833975   13.886786  298.804535
   34.058861   18.372465   14.965767  298.804260
   34.486317   18.722221   16.013847  298.803894
   34.894924   18.814011   17.029022  298.803497
   35.284706   18.212185   18.211836  298.803101
   35.674503   18.943333   18.943157  298.802094
   36.086548   19.716423   19.716423  298.800812
   36.522125   20.533680   20.533680  298.799622
   36.982578   21.397604   21.397604  298.798431
   37.469341   22.310881   22.310881  298.797455
   37.983894   23.276333   23.276333  298.796539
   38.527824   24.296932   24.296932  298.795776
   39.102829   25.375847   25.375847  298.795288
   39.710686   26.516407   26.516407  298.795013
   40.353249   27.722157   27.722157  298.795380
   41.032513   28.996801   28.996801  298.796112
   41.750561   30.344297   30.344297  298.797272
   42.509628   31.768795   31.768795  298.799011
   43.312035   33.274712   33.274712  298.801270
   44.160282   34.866661   34.866661  298.804016
  BLADE PROFILES IN CARTESIAN COORDINATES (2D) BEFORE   PROJECTION, SCALING, MESHING AND STACKING 
  VARIABLES = "X", "YSS", "YPS" 
  BLADE           1  SECTION           3
    0.000000    0.004064    0.004064
    0.000062    0.005969   -0.000236
    0.000249    0.009471   -0.003163
    0.000561    0.013171   -0.006095
    0.000997    0.017035   -0.008743
    0.001557    0.020789   -0.011273
    0.002241    0.024185   -0.013888
    0.003050    0.027429   -0.016516
    0.003982    0.030501   -0.019163
    0.005038    0.033391   -0.021846
    0.006218    0.036076   -0.024575
    0.007520    0.038553   -0.027330
    0.008945    0.040849   -0.030113
    0.010493    0.042990   -0.032931
    0.012162    0.045093   -0.035751
    0.013954    0.047278   -0.038536
    0.015866    0.049571   -0.041254
    0.017899    0.051967   -0.043871
    0.020052    0.054453   -0.046337
    0.022325    0.057055   -0.048645
    0.024716    0.059756   -0.050784
    0.027226    0.062553   -0.052768
    0.029854    0.065444   -0.054648
    0.032600    0.068427   -0.056508
    0.035461    0.071500   -0.058377
    0.038439    0.074662   -0.060259
    0.041531    0.077910   -0.062147
    0.044738    0.081241   -0.064039
    0.048058    0.084638   -0.065928
    0.051491    0.088134   -0.067811
    0.055036    0.091710   -0.069689
    0.058691    0.095365   -0.071577
    0.062456    0.099097   -0.073408
    0.066331    0.102905   -0.075209
    0.070314    0.106784   -0.076979
    0.074403    0.110723   -0.078714
    0.078599    0.114748   -0.080409
    0.082900    0.118845   -0.082061
    0.087305    0.123011   -0.083673
    0.091812    0.127245   -0.085259
    0.096421    0.131531   -0.086746
    0.101131    0.135897   -0.088159
    0.105941    0.140329   -0.089503
    0.110848    0.144826   -0.090776
    0.115853    0.149385   -0.091973
    0.120953    0.153993   -0.093101
    0.126148    0.158675   -0.094173
    0.131435    0.163417   -0.095107
    0.136815    0.168220   -0.095932
    0.142285    0.173082   -0.096658
    0.147845    0.177989   -0.097280
    0.153492    0.182965   -0.097796
    0.159225    0.187998   -0.098213
    0.165044    0.193086   -0.098552
    0.170946    0.198230   -0.098705
    0.176930    0.203418   -0.098725
    0.182994    0.208669   -0.098618
    0.189138    0.213974   -0.098379
    0.195358    0.219331   -0.098004
    0.201655    0.224739   -0.097502
    0.208026    0.230197   -0.096905
    0.214470    0.235702   -0.096080
    0.220986    0.241261   -0.095102
    0.227570    0.246870   -0.093970
    0.234223    0.252528   -0.092682
    0.240941    0.258234   -0.091234
    0.247725    0.263986   -0.089639
    0.254571    0.269783   -0.087925
    0.261478    0.275630   -0.085968
    0.268445    0.281522   -0.083828
    0.275470    0.287459   -0.081514
    0.282550    0.293440   -0.079024
    0.289685    0.299466   -0.076355
    0.296872    0.305534   -0.073506
    0.304110    0.311646   -0.070493
    0.311396    0.317799   -0.067339
    0.318730    0.323994   -0.063936
    0.326109    0.330230   -0.060332
    0.333531    0.336506   -0.056531
    0.340994    0.342821   -0.052539
    0.348497    0.349174   -0.048356
    0.356038    0.355565   -0.043980
    0.363615    0.361994   -0.039410
    0.371226    0.368458   -0.034645
    0.378869    0.374959   -0.029685
    0.386542    0.381494   -0.024530
    0.394243    0.388063   -0.019179
    0.401971    0.394665   -0.013652
    0.409723    0.401300   -0.007979
    0.417498    0.407965   -0.002042
    0.425293    0.414662    0.004091
    0.433107    0.421388    0.010417
    0.440937    0.428142    0.016937
    0.448783    0.434924    0.023649
    0.456641    0.441732    0.030551
    0.464509    0.448566    0.037644
    0.472387    0.455424    0.044926
    0.480272    0.462305    0.052392
    0.488161    0.469209    0.060042
    0.496053    0.476133    0.067872
    0.503947    0.483077    0.075883
    0.511839    0.490039    0.084072
    0.519729    0.497019    0.092435
    0.527613    0.504014    0.100969
    0.535491    0.511024    0.109672
    0.543360    0.518047    0.118540
    0.551217    0.525082    0.127570
    0.559063    0.532127    0.136759
    0.566893    0.539180    0.146124
    0.574707    0.546241    0.155680
    0.582502    0.553307    0.165321
    0.590277    0.560375    0.175104
    0.598029    0.567439    0.185025
    0.605757    0.574513    0.195081
    0.613458    0.581586    0.205266
    0.621131    0.588656    0.215577
    0.628774    0.595724    0.226007
    0.636385    0.602786    0.236553
    0.643962    0.609841    0.247209
    0.651503    0.616886    0.257972
    0.659006    0.623919    0.268844
    0.666469    0.630939    0.279810
    0.673891    0.637944    0.290866
    0.681270    0.644928    0.302032
    0.688604    0.651890    0.313293
    0.695890    0.658838    0.324581
    0.703128    0.665763    0.335934
    0.710315    0.672662    0.347347
    0.717450    0.679536    0.358814
    0.724530    0.686383    0.370329
    0.731555    0.693198    0.381894
    0.738522    0.699980    0.393497
    0.745429    0.706728    0.405130
    0.752275    0.713437    0.416809
    0.759059    0.720102    0.428516
    0.765777    0.726725    0.440194
    0.772430    0.733310    0.451876
    0.779015    0.739848    0.463553
    0.785530    0.746339    0.475221
    0.791974    0.752780    0.486878
    0.798345    0.759170    0.498515
    0.804642    0.765506    0.510121
    0.810863    0.771785    0.521690
    0.817006    0.778005    0.533241
    0.823070    0.784164    0.544737
    0.829054    0.790255    0.556152
    0.834956    0.796281    0.567503
    0.840775    0.802243    0.578783
    0.846508    0.808136    0.589991
    0.852155    0.813957    0.601117
    0.857715    0.819704    0.612151
    0.863185    0.825374    0.623087
    0.868565    0.830968    0.633918
    0.873852    0.836481    0.644661
    0.879047    0.841911    0.655274
    0.884147    0.847257    0.665751
    0.889152    0.852516    0.676097
    0.894059    0.857682    0.686311
    0.898869    0.862760    0.696382
    0.903579    0.867746    0.706303
    0.908188    0.872639    0.716068
    0.912695    0.877434    0.725671
    0.917100    0.882131    0.735106
    0.921401    0.886728    0.744367
    0.925597    0.891222    0.753466
    0.929686    0.895612    0.762365
    0.933669    0.899895    0.771068
    0.937544    0.904072    0.779578
    0.941309    0.908139    0.787886
    0.944965    0.912094    0.795986
    0.948509    0.915937    0.803874
    0.951942    0.919665    0.811544
    0.955262    0.923277    0.818991
    0.958469    0.926772    0.826212
    0.961561    0.930148    0.833200
    0.964539    0.933406    0.839952
    0.967400    0.936442    0.846462
    0.970146    0.938845    0.852729
    0.972774    0.940640    0.858746
    0.975284    0.942006    0.864510
    0.977675    0.943053    0.870017
    0.979948    0.943840    0.875264
    0.982101    0.944391    0.880248
    0.984134    0.944725    0.884960
    0.986046    0.944858    0.889406
    0.987838    0.944799    0.893580
    0.989507    0.944553    0.897478
    0.991055    0.944126    0.901096
    0.992480    0.943575    0.904434
    0.993782    0.942816    0.907489
    0.994962    0.941802    0.910259
    0.996018    0.940701    0.912742
    0.996950    0.939453    0.914936
    0.997759    0.938076    0.916874
    0.998443    0.936580    0.918639
    0.999003    0.934910    0.920439
    0.999439    0.933134    0.922130
    0.999751    0.931253    0.924184
    0.999938    0.929164    0.926374
    1.000000    0.927630    0.927630
  BLADE PROFILES IN CARTESIAN COORDINATES (3D) 
  VARIABLES = "X", "YSS", "YPS" "R" 
  BLADE           1  SECTION           3
  -19.593122  -19.857367  -19.857367  316.630890
  -17.443623  -19.527668  -19.527668  316.674988
  -15.527388  -19.234232  -19.234232  316.723541
  -13.819155  -18.973028  -18.973028  316.774628
  -12.296375  -18.740482  -18.740482  316.826508
  -10.938932  -18.533424  -18.533424  316.878082
   -9.728871  -18.349033  -18.349033  316.928436
   -8.650194  -18.184811  -18.184811  316.976929
   -7.688625  -18.038532  -18.038532  317.023163
   -6.831446  -17.908220  -17.908220  317.066559
   -6.067313  -17.792131  -17.792131  317.107300
   -5.386121  -17.688700  -17.688700  317.145172
   -4.778859  -17.596529  -17.596529  317.180176
   -4.237496  -17.514404  -17.514404  317.212372
   -3.754879  -17.441216  -17.441216  317.241913
   -3.324623  -17.375990  -17.375990  317.268890
   -2.941049  -17.317862  -17.317862  317.293457
   -2.599088  -17.266048  -17.266048  317.315796
   -2.294219  -17.219866  -17.219866  317.335968
   -2.022418  -17.178705  -17.178705  317.354279
   -1.780095  -17.142014  -17.142014  317.370880
   -1.564055  -17.109304  -17.109304  317.385742
   -1.371447  -17.080153  -17.080153  317.399200
   -1.199721  -17.054157  -17.054157  317.411255
   -1.046620  -17.030991  -17.030991  317.422150
   -0.910120  -17.010332  -17.010332  317.431885
   -0.774461  -16.117235  -17.904762  317.441650
   -0.632631  -15.781965  -18.241386  317.457001
   -0.484065  -15.566930  -18.518705  317.475677
   -0.328191  -15.376870  -18.758289  317.495544
   -0.164448  -15.185027  -18.960567  317.516571
    0.007738  -14.988512  -19.126780  317.538910
    0.188932  -14.787036  -19.265760  317.562561
    0.379700  -14.579747  -19.395729  317.587708
    0.580607  -14.365929  -19.524355  317.614410
    0.792219  -14.145326  -19.651773  317.642792
    1.015102  -13.917245  -19.777727  317.673126
    1.249824  -13.680529  -19.903152  317.705231
    1.496945  -13.435055  -20.024643  317.739441
    1.757032  -13.180827  -20.142759  317.775787
    2.030517  -12.917126  -20.257109  317.814453
    2.317463  -12.643592  -20.367098  317.855530
    2.618532  -12.360497  -20.472532  317.899078
    2.934472  -12.066498  -20.569071  317.945312
    3.266106  -11.760941  -20.657986  317.994324
    3.614341  -11.443908  -20.739101  318.046509
    3.980167  -11.113358  -20.810061  318.101898
    4.364462  -10.769148  -20.866953  318.160828
    4.767952  -10.411071  -20.910360  318.223419
    5.191980  -10.037086  -20.940699  318.289948
    5.638042   -9.646655  -20.949558  318.360809
    6.107828   -9.237601  -20.937740  318.436218
    6.603161   -8.808575  -20.903643  318.516785
    7.126029   -8.358066  -20.842239  318.602753
    7.682778   -7.879919  -20.746590  318.695251
    8.281408   -7.367424  -20.613394  318.795868
    8.922573   -6.819808  -20.435392  318.904755
    9.605767   -6.236923  -20.202419  319.022125
   10.329342   -5.619748  -19.912271  319.147644
   11.090489   -4.969892  -19.559742  319.280640
   11.885280   -4.289963  -19.134933  319.420746
   12.700865   -3.590092  -18.643881  319.565399
   13.524188   -2.880632  -18.091957  319.712128
   14.350867   -2.164695  -17.485104  319.859985
   15.177304   -1.444774  -16.818840  320.007996
   16.000723   -0.722773  -16.100054  320.155579
   16.819181    0.000000  -15.331473  320.301849
   17.631544    0.722870  -14.515974  320.446686
   18.443348    1.451063  -13.648870  320.590729
   19.258259    2.188252  -12.726543  320.734436
   20.075651    2.934243  -11.748328  320.877441
   20.894482    3.688294  -10.716385  321.019104
   21.713263    4.449310   -9.635226  321.159271
   22.530163    5.216383   -8.506040  321.297241
   23.342909    5.987186   -7.332591  321.432434
   24.144257    6.754681   -6.126016  321.563507
   24.929705    7.514198   -4.895811  321.689545
   25.697117    8.263995   -3.652303  321.810272
   26.444784    9.001778   -2.398668  321.925323
   27.171368    9.725348   -1.138874  322.034515
   27.875942   10.433576    0.116494  322.137817
   28.558022   11.125657    1.366274  322.235443
   29.220083   11.803469    2.612224  322.327454
   29.862761   12.466763    3.851554  322.414368
   30.486057   13.115663    5.080647  322.496155
   31.089937   13.749505    6.297780  322.572998
   31.674416   14.367878    7.501358  322.644958
   32.239460   14.969972    8.686323  322.712311
   32.785042   15.555787    9.851744  322.775116
   33.311150   16.124695   10.995687  322.833527
   33.817783   16.676235   12.114689  322.887787
   34.304901   17.209974   13.207252  322.938049
   34.772476   17.725639   14.271221  322.984436
   35.220520   18.048277   15.304704  323.027130
   35.648994   18.112469   16.305704  323.066467
   36.057873   17.478168   17.477819  323.102478
   36.467770   18.191372   18.191198  323.131958
   36.901077   18.945555   18.945555  323.158508
   37.359127   19.742891   19.742891  323.186798
   37.843315   20.585854   20.585854  323.216827
   38.355156   21.477066   21.477066  323.248993
   38.896194   22.419306   22.419306  323.283356
   39.468102   23.415510   23.415510  323.320221
   40.072643   24.468782   24.468782  323.359802
   40.711605   25.582449   25.582449  323.402710
   41.386963   26.759998   26.759998  323.449768
   42.100811   28.005095   28.005095  323.500732
   42.855316   29.321642   29.321642  323.555969
   43.652771   30.713770   30.713770  323.616089
   44.495628   32.185871   32.185871  323.681427
   45.385189   33.743481   33.743481  323.758636
  BLADE PROFILES IN CARTESIAN COORDINATES (2D) BEFORE   PROJECTION, SCALING, MESHING AND STACKING 
  VARIABLES = "X", "YSS", "YPS" 
  BLADE           2  SECTION           1
    0.000000    0.000691    0.000691
    0.000062    0.004060   -0.002824
    0.000249    0.008282   -0.005902
    0.000561    0.013077   -0.008891
    0.000997    0.017524   -0.011415
    0.001557    0.021200   -0.013773
    0.002241    0.024592   -0.016216
    0.003050    0.027838   -0.018647
    0.003982    0.030969   -0.021126
    0.005038    0.033916   -0.023654
    0.006218    0.036690   -0.026273
    0.007520    0.039232   -0.028951
    0.008945    0.041619   -0.031762
    0.010493    0.043900   -0.034661
    0.012162    0.046093   -0.037579
    0.013954    0.048247   -0.040432
    0.015866    0.050443   -0.043211
    0.017899    0.052696   -0.045850
    0.020052    0.054987   -0.048286
    0.022325    0.057323   -0.050468
    0.024716    0.059699   -0.052425
    0.027226    0.062109   -0.054265
    0.029854    0.064549   -0.056100
    0.032600    0.067026   -0.057980
    0.035461    0.069541   -0.059882
    0.038439    0.072040   -0.061806
    0.041531    0.074544   -0.063750
    0.044738    0.077045   -0.065707
    0.048058    0.079546   -0.067677
    0.051491    0.082043   -0.069654
    0.055036    0.084531   -0.071668
    0.058691    0.087021   -0.073698
    0.062456    0.089510   -0.075746
    0.066331    0.091945   -0.077809
    0.070314    0.094342   -0.079881
    0.074403    0.096701   -0.081961
    0.078599    0.099023   -0.084073
    0.082900    0.101305   -0.086203
    0.087305    0.103542   -0.088350
    0.091812    0.105739   -0.090508
    0.096421    0.107918   -0.092677
    0.101131    0.109978   -0.094877
    0.105941    0.111971   -0.097097
    0.110848    0.113897   -0.099336
    0.115853    0.115754   -0.101584
    0.120953    0.117549   -0.103865
    0.126148    0.119299   -0.106169
    0.131435    0.120903   -0.108495
    0.136815    0.122412   -0.110837
    0.142285    0.123830   -0.113213
    0.147845    0.125155   -0.115615
    0.153492    0.126394   -0.118044
    0.159225    0.127571   -0.120496
    0.165044    0.128562   -0.122983
    0.170946    0.129442   -0.125500
    0.176930    0.130211   -0.128048
    0.182994    0.130863   -0.130629
    0.189138    0.131405   -0.133244
    0.195358    0.131860   -0.135895
    0.201655    0.132115   -0.138582
    0.208026    0.132238   -0.141309
    0.214470    0.132228   -0.144074
    0.220986    0.132100   -0.146877
    0.227570    0.131874   -0.149723
    0.234223    0.131425   -0.152618
    0.240941    0.130822   -0.155550
    0.247725    0.130074   -0.158526
    0.254571    0.129177   -0.161549
    0.261478    0.128142   -0.164631
    0.268445    0.127002   -0.167752
    0.275470    0.125613   -0.170921
    0.282550    0.124062   -0.174140
    0.289685    0.122351   -0.177411
    0.296872    0.120477   -0.180752
    0.304110    0.118457   -0.184133
    0.311396    0.116314   -0.187567
    0.318730    0.113929   -0.191058
    0.326109    0.111357   -0.194604
    0.333531    0.108616   -0.198207
    0.340994    0.105703   -0.201868
    0.348497    0.102617   -0.205593
    0.356038    0.099357   -0.209394
    0.363615    0.095935   -0.213238
    0.371226    0.092394   -0.217142
    0.378869    0.088592   -0.221108
    0.386542    0.084607   -0.225135
    0.394243    0.080445   -0.229225
    0.401971    0.076108   -0.233377
    0.409723    0.071594   -0.237592
    0.417498    0.066904   -0.241870
    0.425293    0.062038   -0.246212
    0.433107    0.056997   -0.250617
    0.440937    0.051781   -0.255085
    0.448783    0.046390   -0.259617
    0.456641    0.040834   -0.264213
    0.464509    0.035173   -0.268871
    0.472387    0.029266   -0.273592
    0.480272    0.023183   -0.278376
    0.488161    0.016933   -0.283221
    0.496053    0.010519   -0.288128
    0.503947    0.003942   -0.293096
    0.511839   -0.002796   -0.298124
    0.519729   -0.009692   -0.303212
    0.527613   -0.016744   -0.308358
    0.535491   -0.023950   -0.313562
    0.543360   -0.031306   -0.318822
    0.551217   -0.038810   -0.324138
    0.559063   -0.046458   -0.329508
    0.566893   -0.054248   -0.334931
    0.574707   -0.062177   -0.340406
    0.582502   -0.070240   -0.345931
    0.590277   -0.078434   -0.351506
    0.598029   -0.086756   -0.357127
    0.605757   -0.095202   -0.362794
    0.613458   -0.103767   -0.368501
    0.621131   -0.112450   -0.374227
    0.628774   -0.121252   -0.380020
    0.636385   -0.130225   -0.385857
    0.643962   -0.139232   -0.391731
    0.651503   -0.148337   -0.397640
    0.659006   -0.157536   -0.403580
    0.666469   -0.166824   -0.409552
    0.673891   -0.176196   -0.415551
    0.681270   -0.185647   -0.421576
    0.688604   -0.195172   -0.427624
    0.695890   -0.204765   -0.433693
    0.703128   -0.214423   -0.439781
    0.710315   -0.224138   -0.445880
    0.717450   -0.233907   -0.451972
    0.724530   -0.243724   -0.458101
    0.731555   -0.253582   -0.464243
    0.738522   -0.263479   -0.470390
    0.745429   -0.273418   -0.476540
    0.752275   -0.283428   -0.482690
    0.759059   -0.293406   -0.488837
    0.765777   -0.303397   -0.494977
    0.772430   -0.313396   -0.501109
    0.779015   -0.323397   -0.507229
    0.785530   -0.333394   -0.513334
    0.791974   -0.343381   -0.519419
    0.798345   -0.353353   -0.525465
    0.804642   -0.363304   -0.531512
    0.810863   -0.373227   -0.537533
    0.817006   -0.383116   -0.543525
    0.823070   -0.392976   -0.549483
    0.829054   -0.402826   -0.555405
    0.834956   -0.412584   -0.561288
    0.840775   -0.422284   -0.567129
    0.846508   -0.431920   -0.572924
    0.852155   -0.441488   -0.578670
    0.857715   -0.450980   -0.584364
    0.863185   -0.460390   -0.590002
    0.868565   -0.469714   -0.595568
    0.873852   -0.478945   -0.601091
    0.879047   -0.488077   -0.606551
    0.884147   -0.497104   -0.611943
    0.889152   -0.506028   -0.617265
    0.894059   -0.514860   -0.622513
    0.898869   -0.523542   -0.627685
    0.903579   -0.532098   -0.632778
    0.908188   -0.540521   -0.637787
    0.912695   -0.548806   -0.642712
    0.917100   -0.556948   -0.647549
    0.921401   -0.564941   -0.652294
    0.925597   -0.572781   -0.656944
    0.929686   -0.580462   -0.661490
    0.933669   -0.587979   -0.665946
    0.937544   -0.595329   -0.670301
    0.941309   -0.602505   -0.674551
    0.944965   -0.609503   -0.678694
    0.948509   -0.616319   -0.682727
    0.951942   -0.622949   -0.686648
    0.955262   -0.629389   -0.690454
    0.958469   -0.635642   -0.694144
    0.961561   -0.641684   -0.697714
    0.964539   -0.647522   -0.701162
    0.967400   -0.653152   -0.704487
    0.970146   -0.658571   -0.707686
    0.972774   -0.663775   -0.710757
    0.975284   -0.668761   -0.713699
    0.977675   -0.673526   -0.716509
    0.979948   -0.678065   -0.719174
    0.982101   -0.682377   -0.721565
    0.984134   -0.686458   -0.723560
    0.986046   -0.690305   -0.725239
    0.987838   -0.693915   -0.726662
    0.989507   -0.697286   -0.727861
    0.991055   -0.700419   -0.728857
    0.992480   -0.703308   -0.729659
    0.993782   -0.705954   -0.730276
    0.994962   -0.708352   -0.730710
    0.996018   -0.710565   -0.730959
    0.996950   -0.712700   -0.731021
    0.997759   -0.714830   -0.730911
    0.998443   -0.716933   -0.730590
    0.999003   -0.718976   -0.730047
    0.999439   -0.720950   -0.729320
    0.999751   -0.722801   -0.728380
    0.999938   -0.724506   -0.727188
    1.000000   -0.726143   -0.726143
  BLADE PROFILES IN CARTESIAN COORDINATES (3D) 
  VARIABLES = "X", "YSS", "YPS" "R" 
  BLADE           2  SECTION           1
   30.093073   -4.026201   -4.026201  274.981384
   31.620749   -3.768629   -3.768629  274.791473
   32.992287   -3.538074   -3.538074  274.637970
   34.223625   -3.331661   -3.331661  274.515106
   35.330631   -3.147000   -3.147000  274.432648
   36.323952   -2.981568   -2.981568  274.365967
   37.214565   -2.833287   -2.833287  274.306549
   38.013073   -2.700371   -2.700371  274.253204
   38.728973   -2.581224   -2.581224  274.205261
   39.370766   -2.474414   -2.474414  274.161530
   39.946140   -2.378664   -2.378664  274.122009
   40.461967   -2.292828   -2.292828  274.086304
   40.924419   -2.215879   -2.215879  274.054108
   41.339027   -2.146897   -2.146897  274.025024
   41.710724   -2.085055   -2.085055  273.998810
   42.043968   -2.029614   -2.029614  273.975220
   42.342731   -1.979912   -1.979912  273.953918
   42.610573   -1.935354   -1.935354  273.934784
   42.850704   -1.895407   -1.895407  273.917511
   43.065994   -1.859594   -1.859594  273.901978
   43.258999   -1.827487   -1.827487  273.888000
   43.451660   -0.481999   -3.139122  273.871063
   43.653061    0.005507   -3.592885  273.852966
   43.864002    0.326603   -3.992507  273.833801
   44.085323    0.591667   -4.338518  273.813232
   44.317787    0.845512   -4.622688  273.791351
   44.562214    1.093424   -4.839931  273.767853
   44.819405    1.337645   -5.025177  273.742706
   45.090168    1.581058   -5.209771  273.715637
   45.375275    1.820348   -5.394338  273.686646
   45.675549    2.056078   -5.579157  273.655548
   45.991791    2.289308   -5.764237  273.622009
   46.324768    2.520618   -5.952824  273.586029
   46.675304    2.750135   -6.144044  273.547363
   47.044189    2.972959   -6.337565  273.505737
   47.432011    3.190454   -6.535015  273.460938
   47.838879    3.402010   -6.736836  273.412994
   48.265713    3.609107   -6.942160  273.361572
   48.713531    3.804770   -7.153378  273.306335
   49.183548    3.990211   -7.370364  273.247101
   49.676998    4.166523   -7.594072  273.183411
   50.195278    4.330060   -7.825878  273.115021
   50.739632    4.476155   -8.066031  273.041412
   51.311066    4.606691   -8.316189  272.962463
   51.911476    4.719393   -8.577114  272.877472
   52.542961    4.806386   -8.850801  272.786011
   53.207851    4.869900   -9.138847  272.687531
   53.908756    4.905117   -9.443312  272.581268
   54.648479    4.904621   -9.766552  272.466583
   55.435944    4.869626  -10.113855  272.341644
   56.282417    4.782552  -10.491574  272.204163
   57.188786    4.645569  -10.903025  272.053650
   58.154285    4.441020  -11.349117  271.889648
   59.176540    4.165696  -11.833340  271.712280
   60.251575    3.813150  -12.355102  271.521515
   61.373798    3.371179  -12.915611  271.318390
   62.524967    2.849677  -13.510293  271.106140
   63.686768    2.246497  -14.129214  270.888458
   64.852882    1.567068  -14.771617  270.666412
   66.018333    0.816691  -15.435838  270.441742
   67.179199    0.000000  -16.120403  270.215393
   68.332741   -0.878560  -16.824116  269.988525
   69.477409   -1.821239  -17.546198  269.761627
   70.620972   -2.828802  -18.291822  269.533691
   71.768623   -3.905468  -19.064978  269.304108
   72.919502   -5.050413  -19.865768  269.073090
   74.072121   -6.261996  -20.693752  268.841736
   75.224419   -7.537585  -21.547701  268.610748
   76.373863   -8.877302  -22.424999  268.380920
   77.517174  -10.269865  -23.326437  268.153198
   78.644241  -11.702432  -24.241438  267.930084
   79.748749  -13.164054  -25.163813  267.713043
   80.827728  -14.646626  -26.087975  267.502838
   81.878746  -16.142611  -27.014408  267.300201
   82.899986  -17.648684  -27.937225  267.105560
   83.890152  -19.151239  -28.853424  266.919159
   84.848587  -20.647917  -29.759285  266.741180
   85.778786  -22.140085  -30.659472  266.571075
   86.681671  -23.628769  -31.551556  266.408386
   87.557220  -25.104631  -32.433842  266.253204
   88.405441  -26.567024  -33.304268  266.105560
   89.226303  -28.012615  -34.162678  265.965149
   90.019836  -29.440428  -35.007320  265.832001
   90.785980  -30.843578  -35.836327  265.705872
   91.524750  -32.220993  -36.648197  265.586670
   92.236092  -33.569935  -37.441639  265.474304
   92.920006  -34.887897  -38.215984  265.368408
   93.576500  -36.172749  -38.969383  265.268951
   94.205482  -37.420727  -39.700623  265.175720
   94.807007  -38.630089  -40.280964  265.088470
   95.380974  -40.195610  -40.196106  265.006989
   95.959572  -41.132221  -41.132473  264.961273
   96.584267  -42.143044  -42.143044  264.912994
   97.258789  -43.234261  -43.234261  264.862000
   97.987068  -44.412273  -44.412273  264.808380
   98.773422  -45.683994  -45.683994  264.752075
   99.622513  -47.056911  -47.056911  264.693085
  100.539314  -48.539059  -48.539059  264.631561
  101.529251  -50.139191  -50.139191  264.567566
  102.598152  -51.866688  -51.866688  264.501221
  103.752350  -53.731766  -53.731766  264.432861
  104.998634  -55.745403  -55.745403  264.362671
  106.344376  -57.919529  -57.919529  264.291107
  107.797501  -60.266994  -60.266994  264.218628
  109.366577  -62.801727  -62.801727  264.145813
  111.060860  -65.538795  -65.538795  264.073364
  112.890320  -68.494522  -68.494522  264.002167
  114.865707  -71.686516  -71.686516  263.933167
  116.998642  -75.133949  -75.133949  263.867523
  119.301636  -78.857529  -78.857529  263.806458
  121.788132  -82.879700  -82.879700  263.751556
  BLADE PROFILES IN CARTESIAN COORDINATES (2D) BEFORE   PROJECTION, SCALING, MESHING AND STACKING 
  VARIABLES = "X", "YSS", "YPS" 
  BLADE           2  SECTION           2
    0.000000   -0.002994   -0.002994
    0.000062    0.002316   -0.006875
    0.000249    0.006251   -0.012275
    0.000561    0.009711   -0.018607
    0.000997    0.012808   -0.023624
    0.001557    0.015680   -0.027724
    0.002241    0.018497   -0.031469
    0.003050    0.021310   -0.034961
    0.003982    0.024113   -0.038234
    0.005038    0.026954   -0.041207
    0.006218    0.029892   -0.043908
    0.007520    0.032872   -0.046393
    0.008945    0.035912   -0.048744
    0.010493    0.038969   -0.051079
    0.012162    0.042099   -0.053490
    0.013954    0.045252   -0.055994
    0.015866    0.048366   -0.058585
    0.017899    0.051394   -0.061259
    0.020052    0.054289   -0.063994
    0.022325    0.057012   -0.066803
    0.024716    0.059528   -0.069706
    0.027226    0.061819   -0.072681
    0.029854    0.063896   -0.075722
    0.032600    0.065817   -0.078830
    0.035461    0.067696   -0.082000
    0.038439    0.069552   -0.085232
    0.041531    0.071382   -0.088517
    0.044738    0.073181   -0.091854
    0.048058    0.074945   -0.095231
    0.051491    0.076668   -0.098687
    0.055036    0.078347   -0.102198
    0.058691    0.079993   -0.105761
    0.062456    0.081605   -0.109376
    0.066331    0.083123   -0.113038
    0.070314    0.084579   -0.116742
    0.074403    0.085957   -0.120482
    0.078599    0.087259   -0.124291
    0.082900    0.088486   -0.128149
    0.087305    0.089632   -0.132053
    0.091812    0.090694   -0.136004
    0.096421    0.091667   -0.139994
    0.101131    0.092560   -0.144019
    0.105941    0.093391   -0.148108
    0.110848    0.094069   -0.152242
    0.115853    0.094628   -0.156423
    0.120953    0.095079   -0.160650
    0.126148    0.095416   -0.164916
    0.131435    0.095637   -0.169221
    0.136815    0.095737   -0.173584
    0.142285    0.095728   -0.177995
    0.147845    0.095627   -0.182452
    0.153492    0.095340   -0.186956
    0.159225    0.094901   -0.191505
    0.165044    0.094325   -0.196094
    0.170946    0.093606   -0.200740
    0.176930    0.092742   -0.205435
    0.182994    0.091729   -0.210179
    0.189138    0.090565   -0.214972
    0.195358    0.089257   -0.219814
    0.201655    0.087843   -0.224706
    0.208026    0.086193   -0.229648
    0.214470    0.084374   -0.234640
    0.220986    0.082390   -0.239686
    0.227570    0.080237   -0.244784
    0.234223    0.077914   -0.249935
    0.240941    0.075417   -0.255138
    0.247725    0.072745   -0.260395
    0.254571    0.069895   -0.265706
    0.261478    0.066878   -0.271071
    0.268445    0.063733   -0.276491
    0.275470    0.060339   -0.281965
    0.282550    0.056748   -0.287496
    0.289685    0.052969   -0.293082
    0.296872    0.049004   -0.298725
    0.304110    0.044850   -0.304424
    0.311396    0.040507   -0.310181
    0.318730    0.035973   -0.315994
    0.326109    0.031248   -0.321865
    0.333531    0.026330   -0.327794
    0.340994    0.021221   -0.333780
    0.348497    0.015918   -0.339823
    0.356038    0.010423   -0.345925
    0.363615    0.004735   -0.352084
    0.371226   -0.001147   -0.358301
    0.378869   -0.007221   -0.364576
    0.386542   -0.013487   -0.370908
    0.394243   -0.019945   -0.377297
    0.401971   -0.026593   -0.383744
    0.409723   -0.033432   -0.390248
    0.417498   -0.040459   -0.396808
    0.425293   -0.047674   -0.403424
    0.433107   -0.055075   -0.410096
    0.440937   -0.062660   -0.416823
    0.448783   -0.070428   -0.423604
    0.456641   -0.078378   -0.430438
    0.464509   -0.086506   -0.437326
    0.472387   -0.094811   -0.444265
    0.480272   -0.103290   -0.451256
    0.488161   -0.111941   -0.458296
    0.496053   -0.120762   -0.465386
    0.503947   -0.129749   -0.472523
    0.511839   -0.138899   -0.479708
    0.519729   -0.148210   -0.486934
    0.527613   -0.157678   -0.494187
    0.535491   -0.167300   -0.501504
    0.543360   -0.177072   -0.508867
    0.551217   -0.186993   -0.516270
    0.559063   -0.197071   -0.523712
    0.566893   -0.207355   -0.531191
    0.574707   -0.217699   -0.538705
    0.582502   -0.228176   -0.546252
    0.590277   -0.238778   -0.553832
    0.598029   -0.249503   -0.561441
    0.605757   -0.260346   -0.569078
    0.613458   -0.271302   -0.576737
    0.621131   -0.282366   -0.584401
    0.628774   -0.293533   -0.592111
    0.636385   -0.304799   -0.599845
    0.643962   -0.316158   -0.607595
    0.651503   -0.327623   -0.615361
    0.659006   -0.339228   -0.623140
    0.666469   -0.350846   -0.630928
    0.673891   -0.362535   -0.638724
    0.681270   -0.374291   -0.646526
    0.688604   -0.386108   -0.654329
    0.695890   -0.397980   -0.662131
    0.703128   -0.409901   -0.669910
    0.710315   -0.421865   -0.677712
    0.717450   -0.433867   -0.685505
    0.724530   -0.445912   -0.693288
    0.731555   -0.458037   -0.701058
    0.738522   -0.470123   -0.708810
    0.745429   -0.482222   -0.716543
    0.752275   -0.494328   -0.724253
    0.759059   -0.506434   -0.731938
    0.765777   -0.518534   -0.739593
    0.772430   -0.530622   -0.747198
    0.779015   -0.542691   -0.754794
    0.785530   -0.554736   -0.762352
    0.791974   -0.566760   -0.769869
    0.798345   -0.578787   -0.777343
    0.804642   -0.590724   -0.784770
    0.810863   -0.602609   -0.792146
    0.817006   -0.614437   -0.799469
    0.823070   -0.626201   -0.806736
    0.829054   -0.637894   -0.813940
    0.834956   -0.649510   -0.821069
    0.840775   -0.661043   -0.828150
    0.846508   -0.672486   -0.835163
    0.852155   -0.683840   -0.842104
    0.857715   -0.695124   -0.848969
    0.863185   -0.706263   -0.855756
    0.868565   -0.717287   -0.862460
    0.873852   -0.728188   -0.869080
    0.879047   -0.738962   -0.875612
    0.884147   -0.749602   -0.882052
    0.889152   -0.760101   -0.888396
    0.894059   -0.770454   -0.894635
    0.898869   -0.780655   -0.900784
    0.903579   -0.790697   -0.906832
    0.908188   -0.800578   -0.912773
    0.912695   -0.810293   -0.918606
    0.917100   -0.819849   -0.924326
    0.921401   -0.829202   -0.929931
    0.925597   -0.838369   -0.935418
    0.929686   -0.847344   -0.940785
    0.933669   -0.856121   -0.946029
    0.937544   -0.864696   -0.951147
    0.941309   -0.873063   -0.956136
    0.944965   -0.881217   -0.960994
    0.948509   -0.889154   -0.965719
    0.951942   -0.896868   -0.970308
    0.955262   -0.904355   -0.974759
    0.958469   -0.911612   -0.979068
    0.961561   -0.918632   -0.983235
    0.964539   -0.925413   -0.987257
    0.967400   -0.931950   -0.991132
    0.970146   -0.938238   -0.994857
    0.972774   -0.944275   -0.998431
    0.975284   -0.950056   -1.001852
    0.977675   -0.955578   -1.005118
    0.979948   -0.960837   -1.008173
    0.982101   -0.965830   -1.010822
    0.984134   -0.970555   -1.013052
    0.986046   -0.975008   -1.014950
    0.987838   -0.979187   -1.016572
    0.989507   -0.983088   -1.017946
    0.991055   -0.986711   -1.019090
    0.992480   -0.990052   -1.020018
    0.993782   -0.993109   -1.020731
    0.994962   -0.995880   -1.021233
    0.996018   -0.998406   -1.021522
    0.996950   -1.000745   -1.021595
    0.997759   -1.003124   -1.021513
    0.998443   -1.005507   -1.021151
    0.999003   -1.007820   -1.020469
    0.999439   -1.010031   -1.019632
    0.999751   -1.012108   -1.018564
    0.999938   -1.014992   -1.017268
    1.000000   -1.016569   -1.016569
  BLADE PROFILES IN CARTESIAN COORDINATES (3D) 
  VARIABLES = "X", "YSS", "YPS" "R" 
  BLADE           2  SECTION           2
   31.700760    5.679365    5.679365  298.805298
   33.159397    5.440238    5.440238  298.804810
   34.467159    5.225836    5.225836  298.803894
   35.639641    5.033602    5.033602  298.802185
   36.690819    4.861226    4.861226  298.799194
   37.633274    4.706692    4.706692  298.797119
   38.478237    4.568153    4.568153  298.795807
   39.235790    4.443954    4.443954  298.795197
   39.914986    4.332609    4.332609  298.795074
   40.523914    4.232789    4.232789  298.795532
   41.069859    4.143299    4.143299  298.796143
   41.559319    4.063069    4.063069  298.796936
   41.998158    3.991140    3.991140  298.797791
   42.391602    3.926653    3.926653  298.798645
   42.744343    3.868839    3.868839  298.799591
   43.060596    3.817005    3.817005  298.800476
   43.344131    3.770534    3.770534  298.801331
   43.598343    3.728871    3.728871  298.802185
   43.826252    3.691518    3.691518  298.802948
   44.030586    3.658029    3.658029  298.803650
   44.213787    3.628004    3.628004  298.804108
   44.396988    5.150331    2.128729  298.804382
   44.588531    5.631489    1.670626  298.804626
   44.789207    6.035548    1.360102  298.804871
   44.999760    6.397862    1.068424  298.805145
   45.220974    6.711632    0.782345  298.805450
   45.453625    6.971997    0.497597  298.805725
   45.698467    7.180813    0.210769  298.806000
   45.956276    7.357346   -0.078803  298.806274
   46.227821    7.524986   -0.372320  298.806549
   46.513874    7.685633   -0.669851  298.806763
   46.815205    7.839002   -0.973765  298.807068
   47.132576    7.985427   -1.285463  298.807220
   47.466763    8.124779   -1.604892  298.807526
   47.818542    8.252716   -1.931711  298.807770
   48.188503    8.369422   -2.267805  298.807892
   48.576717    8.474476   -2.613630  298.808197
   48.984123    8.566739   -2.969071  298.808167
   49.411697    8.646985   -3.334428  298.808441
   49.860619    8.710029   -3.712759  298.808411
   50.332069    8.753551   -4.103971  298.808472
   50.827438    8.777738   -4.508414  298.808533
   51.347897    8.781176   -4.929104  298.808411
   51.894444    8.761983   -5.366121  298.808350
   52.468914    8.711652   -5.820573  298.808167
   53.073376    8.631188   -6.295618  298.807922
   53.710064    8.516882   -6.792926  298.807495
   54.381504    8.368137   -7.314953  298.807098
   55.090439    8.170620   -7.864321  298.806549
   55.845402    7.922337   -8.448908  298.805878
   56.657326    7.612765   -9.077929  298.805084
   57.527081    7.236209   -9.753447  298.803925
   58.453983    6.778981  -10.476659  298.802704
   59.435852    6.234116  -11.247930  298.801422
   60.468845    5.597418  -12.066675  298.799835
   61.547649    4.864391  -12.931157  298.798035
   62.654747    4.041117  -13.829839  298.796051
   63.772461    3.138277  -14.750306  298.793854
   64.894768    2.160483  -15.689283  298.791656
   66.016739    1.112725  -16.643812  298.789398
   67.134613    0.000000  -17.611544  298.786987
   68.245689   -1.173072  -18.590778  298.784454
   69.348412   -2.402629  -19.580559  298.781982
   70.450241   -3.695361  -20.587246  298.779419
   71.556129   -5.056646  -21.617533  298.776733
   72.665192   -6.490661  -22.671581  298.774078
   73.775986   -7.985834  -23.747919  298.771332
   74.886490   -9.543384  -24.844994  298.768738
   75.994148  -11.158751  -25.960159  298.766052
   77.095818  -12.829801  -27.092812  298.763397
   78.181709  -14.534363  -28.230942  298.760834
   79.245712  -16.260029  -29.366623  298.758301
   80.284912  -17.998980  -30.497551  298.755981
   81.296982  -19.747313  -31.619455  298.753601
   82.280136  -21.490034  -32.728374  298.751556
   83.233139  -23.223692  -33.820606  298.749481
   84.155327  -24.945841  -34.896332  298.747559
   85.050072  -26.653528  -35.956390  298.745789
   85.918282  -28.346832  -36.999866  298.744171
   86.759933  -30.022566  -38.027149  298.742645
   87.575043  -31.679821  -39.036339  298.741211
   88.363594  -33.310955  -40.025841  298.739929
   89.125595  -34.914925  -40.993793  298.738739
   89.861046  -36.489208  -41.940720  298.737671
   90.569946  -38.031677  -42.864372  298.736725
   91.252281  -39.537479  -43.763649  298.735901
   91.908081  -41.005154  -44.637409  298.735138
   92.537331  -42.432354  -45.484623  298.734436
   93.140022  -43.816727  -46.304287  298.733826
   93.716194  -45.155853  -46.938267  298.733398
   94.265778  -46.888397  -46.888760  298.733215
   94.815376  -47.920029  -47.920212  298.734344
   95.408684  -49.033550  -49.033550  298.735596
   96.049217  -50.235653  -50.235653  298.737000
   96.740677  -51.533394  -51.533394  298.738525
   97.487152  -52.934391  -52.934391  298.740143
   98.293007  -54.446850  -54.446850  298.741943
   99.162987  -56.079628  -56.079628  298.743927
  100.102150  -57.842319  -57.842319  298.746063
  101.116058  -59.745262  -59.745262  298.748444
  102.210602  -61.799599  -61.799599  298.750946
  103.392220  -64.017387  -64.017387  298.753723
  104.667831  -66.411636  -66.411636  298.756653
  106.044930  -68.996368  -68.996368  298.759888
  107.531593  -71.786751  -71.786751  298.763336
  109.136505  -74.799149  -74.799149  298.766998
  110.869087  -78.051193  -78.051193  298.770813
  112.739502  -81.561966  -81.561966  298.774963
  114.758705  -85.352036  -85.352036  298.779175
  116.938553  -89.443573  -89.443573  298.783447
  119.291794  -93.860573  -93.860573  298.787750
  BLADE PROFILES IN CARTESIAN COORDINATES (2D) BEFORE   PROJECTION, SCALING, MESHING AND STACKING 
  VARIABLES = "X", "YSS", "YPS" 
  BLADE           2  SECTION           3
    0.000000   -0.029664   -0.029664
    0.000062   -0.025164   -0.031208
    0.000249   -0.021658   -0.034228
    0.000561   -0.017995   -0.036122
    0.000997   -0.014121   -0.038117
    0.001557   -0.010103   -0.040121
    0.002241   -0.005972   -0.042084
    0.003050   -0.001764   -0.044240
    0.003982    0.002494   -0.046541
    0.005038    0.006770   -0.049012
    0.006218    0.011005   -0.051653
    0.007520    0.015175   -0.054464
    0.008945    0.019251   -0.057432
    0.010493    0.023207   -0.060549
    0.012162    0.027071   -0.063808
    0.013954    0.030771   -0.067203
    0.015866    0.034349   -0.070727
    0.017899    0.037848   -0.074377
    0.020052    0.041258   -0.078147
    0.022325    0.044626   -0.082034
    0.024716    0.047902   -0.086034
    0.027226    0.051098   -0.090143
    0.029854    0.054263   -0.094359
    0.032600    0.057349   -0.098678
    0.035461    0.060302   -0.103098
    0.038439    0.063147   -0.107615
    0.041531    0.065845   -0.112225
    0.044738    0.068307   -0.116920
    0.048058    0.070527   -0.121678
    0.051491    0.072461   -0.126557
    0.055036    0.074041   -0.131524
    0.058691    0.075253   -0.136575
    0.062456    0.076165   -0.141709
    0.066331    0.076921   -0.146924
    0.070314    0.077567   -0.152220
    0.074403    0.078068   -0.157593
    0.078599    0.078514   -0.163040
    0.082900    0.078849   -0.168532
    0.087305    0.079069   -0.174129
    0.091812    0.079171   -0.179799
    0.096421    0.079149   -0.185541
    0.101131    0.078999   -0.191355
    0.105941    0.078718   -0.197239
    0.110848    0.078301   -0.203193
    0.115853    0.077745   -0.209215
    0.120953    0.077045   -0.215306
    0.126148    0.076199   -0.221463
    0.131435    0.075202   -0.227683
    0.136815    0.074050   -0.233952
    0.142285    0.072740   -0.240306
    0.147845    0.071269   -0.246726
    0.153492    0.069634   -0.253210
    0.159225    0.067830   -0.259759
    0.165044    0.065856   -0.266371
    0.170946    0.063707   -0.273047
    0.176930    0.061382   -0.279786
    0.182994    0.058876   -0.286588
    0.189138    0.056187   -0.293453
    0.195358    0.053314   -0.300380
    0.201655    0.050252   -0.307368
    0.208026    0.047000   -0.314419
    0.214470    0.043555   -0.321531
    0.220986    0.039915   -0.328705
    0.227570    0.036079   -0.335940
    0.234223    0.032043   -0.343235
    0.240941    0.027807   -0.350592
    0.247725    0.023368   -0.358009
    0.254571    0.018726   -0.365486
    0.261478    0.013878   -0.373024
    0.268445    0.008823   -0.380621
    0.275470    0.003561   -0.388279
    0.282550   -0.001910   -0.395995
    0.289685   -0.007591   -0.403771
    0.296872   -0.013482   -0.411605
    0.304110   -0.019584   -0.419498
    0.311396   -0.025897   -0.427450
    0.318730   -0.032422   -0.435459
    0.326109   -0.039158   -0.443525
    0.333531   -0.046106   -0.451648
    0.340994   -0.053264   -0.459828
    0.348497   -0.060634   -0.468064
    0.356038   -0.068215   -0.476355
    0.363615   -0.076005   -0.484701
    0.371226   -0.084004   -0.493101
    0.378869   -0.092211   -0.501555
    0.386542   -0.100625   -0.510061
    0.394243   -0.109244   -0.518619
    0.401971   -0.118073   -0.527229
    0.409723   -0.127195   -0.535888
    0.417498   -0.136433   -0.544596
    0.425293   -0.145869   -0.553342
    0.433107   -0.155502   -0.562148
    0.440937   -0.165330   -0.571001
    0.448783   -0.175350   -0.579900
    0.456641   -0.185560   -0.588843
    0.464509   -0.195956   -0.597829
    0.472387   -0.206537   -0.606856
    0.480272   -0.217299   -0.615925
    0.488161   -0.228238   -0.625031
    0.496053   -0.239365   -0.634176
    0.503947   -0.250745   -0.643356
    0.511839   -0.262212   -0.652569
    0.519729   -0.273843   -0.661800
    0.527613   -0.285633   -0.671081
    0.535491   -0.297580   -0.680393
    0.543360   -0.309678   -0.689733
    0.551217   -0.321924   -0.699099
    0.559063   -0.334313   -0.708488
    0.566893   -0.346842   -0.717899
    0.574707   -0.359599   -0.727330
    0.582502   -0.372403   -0.736780
    0.590277   -0.385332   -0.746241
    0.598029   -0.398379   -0.755702
    0.605757   -0.411540   -0.765194
    0.613458   -0.424810   -0.774698
    0.621131   -0.438183   -0.784208
    0.628774   -0.451654   -0.793723
    0.636385   -0.465224   -0.803239
    0.643962   -0.478957   -0.812755
    0.651503   -0.492699   -0.822267
    0.659006   -0.506516   -0.831774
    0.666469   -0.520400   -0.841269
    0.673891   -0.534347   -0.850738
    0.681270   -0.548350   -0.860216
    0.688604   -0.562403   -0.869678
    0.695890   -0.576499   -0.879120
    0.703128   -0.590650   -0.888540
    0.710315   -0.604884   -0.897935
    0.717450   -0.619082   -0.907302
    0.724530   -0.633297   -0.916637
    0.731555   -0.647523   -0.925936
    0.738522   -0.661752   -0.935183
    0.745429   -0.675979   -0.944410
    0.752275   -0.690195   -0.953597
    0.759059   -0.704400   -0.962736
    0.765777   -0.718640   -0.971827
    0.772430   -0.732794   -0.980864
    0.779015   -0.746909   -0.989846
    0.785530   -0.760981   -0.998768
    0.791974   -0.775000   -1.007629
    0.798345   -0.788960   -1.016422
    0.804642   -0.802854   -1.025133
    0.810863   -0.816675   -1.033792
    0.817006   -0.830422   -1.042376
    0.823070   -0.844127   -1.050881
    0.829054   -0.857693   -1.059305
    0.834956   -0.871158   -1.067643
    0.840775   -0.884515   -1.075894
    0.846508   -0.897756   -1.084053
    0.852155   -0.910875   -1.092118
    0.857715   -0.923866   -1.100084
    0.863185   -0.936720   -1.107938
    0.868565   -0.949432   -1.115703
    0.873852   -0.962002   -1.123361
    0.879047   -0.974443   -1.130908
    0.884147   -0.986690   -1.138342
    0.889152   -0.998768   -1.145660
    0.894059   -1.010669   -1.152857
    0.898869   -1.022388   -1.159932
    0.903579   -1.033918   -1.166881
    0.908188   -1.045254   -1.173701
    0.912695   -1.056387   -1.180388
    0.917100   -1.067314   -1.186935
    0.921401   -1.078028   -1.193352
    0.925597   -1.088525   -1.199629
    0.929686   -1.098800   -1.205765
    0.933669   -1.108856   -1.211754
    0.937544   -1.118660   -1.217595
    0.941309   -1.128221   -1.223285
    0.944965   -1.137535   -1.228822
    0.948509   -1.146597   -1.234203
    0.951942   -1.155402   -1.239425
    0.955262   -1.163944   -1.244486
    0.958469   -1.172219   -1.249384
    0.961561   -1.180223   -1.254117
    0.964539   -1.187950   -1.258683
    0.967400   -1.195396   -1.263079
    0.970146   -1.202557   -1.267303
    0.972774   -1.209430   -1.271353
    0.975284   -1.216009   -1.275229
    0.977675   -1.222293   -1.278927
    0.979948   -1.228276   -1.282318
    0.982101   -1.233956   -1.285166
    0.984134   -1.239329   -1.287595
    0.986046   -1.244391   -1.289680
    0.987838   -1.249141   -1.291470
    0.989507   -1.253575   -1.292992
    0.991055   -1.257692   -1.294263
    0.992480   -1.261487   -1.295290
    0.993782   -1.264959   -1.296078
    0.994962   -1.268106   -1.296621
    0.996018   -1.270947   -1.296923
    0.996950   -1.273556   -1.296978
    0.997759   -1.276206   -1.296796
    0.998443   -1.278820   -1.296347
    0.999003   -1.281374   -1.295613
    0.999439   -1.283836   -1.294633
    0.999751   -1.286177   -1.293387
    0.999938   -1.288425   -1.291868
    1.000000   -1.289927   -1.289927
  BLADE PROFILES IN CARTESIAN COORDINATES (3D) 
  VARIABLES = "X", "YSS", "YPS" "R" 
  BLADE           2  SECTION           3
   32.936275   13.497858   13.497858  322.792114
   34.348305   12.838500   12.838500  322.942413
   35.615707   12.246553   12.246553  323.063507
   36.754074   11.714910   11.714910  323.149475
   37.776424   11.237530   11.237530  323.212708
   38.692986   10.809486   10.809486  323.270386
   39.514671   10.425694   10.425694  323.323181
   40.251297   10.081581   10.081581  323.371704
   40.911636    9.773059    9.773059  323.416504
   41.503578    9.496456    9.496456  323.457947
   42.034229    9.248457    9.248457  323.495911
   42.509953    9.026105    9.026105  323.530487
   42.936420    8.826746    8.826746  323.562012
   43.318741    8.648005    8.648005  323.590729
   43.661495    8.487749    8.487749  323.616730
   43.968758    8.344066    8.344066  323.640350
   44.244228    8.215242    8.215242  323.661682
   44.491184    8.099742    8.099742  323.681061
   44.712589    7.996187    7.996187  323.698547
   44.911072    7.903342    7.903342  323.714355
   45.089012    7.820100    7.820100  323.730255
   45.266609    9.093699    6.808823  323.747223
   45.452263    9.776590    6.388413  323.765167
   45.646717   10.289466    5.992661  323.784271
   45.850712   10.703623    5.607492  323.804657
   46.064987   11.060860    5.225886  323.826477
   46.290291   11.383893    4.843596  323.849762
   46.527344   11.680553    4.457705  323.874786
   46.776901   11.955446    4.066055  323.901520
   47.039692   12.205132    3.666974  323.930176
   47.316448   12.421219    3.260263  323.961121
   47.607891   12.595223    2.843655  323.994202
   47.914768   12.715792    2.414859  324.029785
   48.237820   12.791989    1.973940  324.067932
   48.577763   12.847896    1.519999  324.109070
   48.935154   12.888446    1.052891  324.153076
   49.310081   12.913629    0.573192  324.200378
   49.703381   12.920552    0.077587  324.250977
   50.116043   12.907592   -0.433830  324.305298
   50.549118   12.872910   -0.962303  324.363556
   51.003754   12.814419   -1.509208  324.426056
   51.481270   12.729784   -2.075640  324.493195
   51.982800   12.616404   -2.662641  324.565338
   52.509232   12.471483   -3.272856  324.642731
   53.062347   12.291742   -3.907507  324.725952
   53.644047   12.073389   -4.568967  324.815399
   54.256527   11.812108   -5.259857  324.911774
   54.902145   11.502937   -5.983128  325.015625
   55.583469   11.140218   -6.742021  325.127747
   56.308735   10.714160   -7.546151  325.249725
   57.088287   10.211477   -8.407620  325.384003
   57.923008    9.623262   -9.328130  325.530853
   58.812099    8.941257  -10.308086  325.690796
   59.753433    8.158390  -11.346601  325.863983
   60.743279    7.269262  -12.441494  326.049866
   61.776520    6.270711  -13.589164  326.247925
   62.836365    5.173217  -14.773179  326.454681
   63.905880    3.992011  -15.976529  326.667145
   64.979393    2.727775  -17.194359  326.883636
   66.052185    1.396603  -18.422131  327.102753
   67.120720    0.000000  -19.658245  327.323547
   68.182465   -1.456402  -20.899822  327.545105
   69.236008   -2.972517  -22.145779  327.766541
   70.288498   -4.551120  -23.404322  327.989166
   71.344711   -6.199602  -24.684340  328.213684
   72.403839   -7.918308  -25.984205  328.439545
   73.464546   -9.708215  -27.302837  328.666016
   74.524963  -11.558034  -28.638428  328.892456
   75.582657  -13.466092  -29.989878  329.117828
   76.634712  -15.430992  -31.352520  329.341309
   77.671806  -17.423967  -32.713184  329.560638
   78.688133  -19.434216  -34.066422  329.774323
   79.680946  -21.456497  -35.405876  329.981476
   80.648048  -23.474031  -36.726578  330.181427
   81.587685  -25.482956  -38.027794  330.373810
   82.498772  -27.477825  -39.304913  330.558319
   83.380646  -29.448114  -40.555698  330.734833
   84.236542  -31.399176  -41.783257  330.903839
   85.067284  -33.332180  -42.988941  331.065674
   85.872894  -35.238338  -44.170677  331.220337
   86.653374  -37.116539  -45.326736  331.367920
   87.408676  -38.965939  -46.457764  331.508453
   88.138824  -40.779278  -47.561550  331.642029
   88.843788  -42.555447  -48.637005  331.768799
   89.523544  -44.291809  -49.682926  331.888916
   90.178116  -45.986465  -50.699131  332.002441
   90.807434  -47.634678  -51.684013  332.109589
   91.411507  -49.235016  -52.636665  332.210571
   91.990311  -50.785168  -53.556293  332.305450
   92.543800  -52.282860  -54.247589  332.394440
   93.071999  -54.132095  -54.132687  332.469299
   93.605316  -55.277626  -55.277920  332.514618
   94.181168  -56.513962  -56.513962  332.562592
   94.802917  -57.848663  -57.848663  332.613129
   95.474266  -59.289551  -59.289551  332.666473
   96.199196  -60.845039  -60.845039  332.722473
   96.981934  -62.524239  -62.524239  332.781250
   97.827148  -64.336967  -64.336967  332.842682
   98.739799  -66.293839  -66.293839  332.906677
   99.725327  -68.406281  -68.406281  332.973083
  100.789505  -70.686615  -70.686615  333.041718
  101.938652  -73.148140  -73.148140  333.112457
  103.179535  -75.805191  -75.805191  333.184723
  104.519539  -78.673241  -78.673241  333.258392
  105.966492  -81.768944  -81.768944  333.332703
  107.529022  -85.110260  -85.110260  333.407196
  109.216286  -88.716537  -88.716537  333.481110
  111.038269  -92.608650  -92.608650  333.553528
  113.005653  -96.809052  -96.809052  333.623627
  115.130028 -101.341904 -101.341904  333.690125
  117.423859 -106.233276 -106.233276  333.751953
