    3D DATASET FOR MULTALL, GENERATED BY STAGEN  
   37    0   37    010000    0    0    3    2    1    2   37   10   10 1000
    0    2    1    3    0    1    0  100    5    0    1    0
    3    3    3    9    9    9    1    3    1
  BLADE ROW NUMBER =        1                                           
  111   26   96   52    0    0    1    1    1    1    0    0    0    0    0    0
       0.0 3392446.5 3392446.5 2191391.5 2191391.5   0.00000       0.0
  1.000000
 -0.016722 -0.014740 -0.012973 -0.011398 -0.009994 -0.008743 -0.007627 -0.006633
 -0.005747 -0.004957 -0.004253 -0.003625 -0.003065 -0.002566 -0.002121 -0.001725
 -0.001371 -0.001056 -0.000775 -0.000525 -0.000302 -0.000103  0.000075  0.000233
  0.000374  0.000500  0.000625  0.000755  0.000892  0.001036  0.001186  0.001345
  0.001511  0.001687  0.001872  0.002067  0.002272  0.002488  0.002715  0.002954
  0.003206  0.003470  0.003747  0.004038  0.004343  0.004664  0.005000  0.005354
  0.005725  0.006115  0.006526  0.006958  0.007414  0.007895  0.008407  0.008958
  0.009548  0.010177  0.010842  0.011543  0.012274  0.013025  0.013782  0.014543
  0.015303  0.016061  0.016814  0.017562  0.018309  0.019059  0.019811  0.020565
  0.021319  0.022070  0.022819  0.023556  0.024279  0.024986  0.025674  0.026343
  0.026992  0.027620  0.028230  0.028821  0.029395  0.029952  0.030490  0.031010
  0.031513  0.031998  0.032464  0.032913  0.033344  0.033756  0.034151  0.034528
  0.034906  0.035305  0.035727  0.036174  0.036645  0.037144  0.037671  0.038229
  0.038818  0.039441  0.040099  0.040795  0.041530  0.042308  0.043130
  1.000000
 -0.020914 -0.020565 -0.020253 -0.019974 -0.019726 -0.019504 -0.019305 -0.019128
 -0.018971 -0.018830 -0.018704 -0.018592 -0.018492 -0.018402 -0.018323 -0.018251
 -0.018188 -0.018132 -0.018081 -0.018036 -0.017996 -0.017960 -0.017928 -0.017900
 -0.017875 -0.017852 -0.016955 -0.016652 -0.016450 -0.016256 -0.016060 -0.015860
 -0.015654 -0.015442 -0.015223 -0.014997 -0.014763 -0.014519 -0.014267 -0.014005
 -0.013732 -0.013450 -0.013157 -0.012852 -0.012535 -0.012205 -0.011861 -0.011502
 -0.011128 -0.010736 -0.010326 -0.009896 -0.009445 -0.008969 -0.008464 -0.007921
 -0.007339 -0.006719 -0.006060 -0.005365 -0.004636 -0.003884 -0.003120 -0.002347
 -0.001568 -0.000785  0.000000  0.000787  0.001580  0.002385  0.003200  0.004026
  0.004862  0.005704  0.006552  0.007397  0.008235  0.009063  0.009879  0.010680
  0.011465  0.012233  0.012986  0.013723  0.014446  0.015152  0.015842  0.016514
  0.017169  0.017805  0.018423  0.019021  0.019599  0.019988  0.020112  0.019523
  0.020296  0.021112  0.021975  0.022887  0.023851  0.024870  0.025948  0.027086
  0.028289  0.029561  0.030905  0.032326  0.033828  0.035415  0.037092
  1.000000
  0.000000  0.000000  0.000000  0.000000  0.000000  0.000000  0.000000  0.000000
  0.000000  0.000000  0.000000  0.000000  0.000000  0.000000  0.000000  0.000000
  0.000000  0.000000  0.000000  0.000000  0.000000  0.000000  0.000000  0.000000
  0.000000  0.000000  0.001821  0.002456  0.002929  0.003360  0.003764  0.004139
  0.004490  0.004830  0.005173  0.005520  0.005876  0.006238  0.006604  0.006977
  0.007357  0.007741  0.008128  0.008519  0.008915  0.009314  0.009713  0.010116
  0.010520  0.010921  0.011322  0.011722  0.012115  0.012505  0.012889  0.013267
  0.013637  0.013989  0.014315  0.014610  0.014870  0.015078  0.015236  0.015341
  0.015395  0.015398  0.015353  0.015261  0.015122  0.014937  0.014702  0.014426
  0.014107  0.013744  0.013337  0.012899  0.012431  0.011933  0.011417  0.010883
  0.010332  0.009774  0.009206  0.008629  0.008048  0.007464  0.006878  0.006295
  0.005714  0.005138  0.004570  0.004011  0.003462  0.002756  0.001819  0.000000
  0.000000  0.000000  0.000000  0.000000  0.000000  0.000000  0.000000  0.000000
  0.000000  0.000000  0.000000  0.000000  0.000000  0.000000  0.000000
  1.000000
  0.280903  0.280853  0.280799  0.280745  0.280690  0.280636  0.280584  0.280534
  0.280486  0.280442  0.280401  0.280362  0.280327  0.280294  0.280264  0.280237
  0.280212  0.280190  0.280169  0.280151  0.280134  0.280119  0.280106  0.280094
  0.280083  0.280073  0.280056  0.280037  0.280018  0.279997  0.279976  0.279953
  0.279929  0.279903  0.279876  0.279846  0.279816  0.279783  0.279748  0.279711
  0.279672  0.279630  0.279586  0.279539  0.279490  0.279437  0.279381  0.279322
  0.279259  0.279192  0.279121  0.279046  0.278966  0.278880  0.278788  0.278688
  0.278580  0.278464  0.278340  0.278209  0.278071  0.277928  0.277784  0.277639
  0.277494  0.277350  0.277207  0.277065  0.276925  0.276785  0.276645  0.276507
  0.276371  0.276237  0.276106  0.275978  0.275856  0.275739  0.275627  0.275522
  0.275421  0.275327  0.275238  0.275153  0.275074  0.275000  0.274930  0.274865
  0.274804  0.274748  0.274695  0.274646  0.274601  0.274560  0.274522  0.274487
  0.274461  0.274434  0.274406  0.274376  0.274345  0.274311  0.274276  0.274239
  0.274199  0.274157  0.274111  0.274063  0.274012  0.273956  0.273897
  1.000000
 -0.017962 -0.015923 -0.014104 -0.012482 -0.011037 -0.009748 -0.008598 -0.007573
 -0.006660 -0.005845 -0.005119 -0.004471 -0.003894 -0.003379 -0.002920 -0.002511
 -0.002146 -0.001821 -0.001531 -0.001272 -0.001041 -0.000836 -0.000652 -0.000489
 -0.000343 -0.000213 -0.000083  0.000052  0.000195  0.000344  0.000501  0.000666
  0.000840  0.001023  0.001215  0.001418  0.001632  0.001857  0.002094  0.002343
  0.002606  0.002881  0.003170  0.003473  0.003792  0.004126  0.004477  0.004846
  0.005234  0.005641  0.006070  0.006522  0.006998  0.007501  0.008036  0.008612
  0.009229  0.009886  0.010583  0.011315  0.012080  0.012865  0.013658  0.014454
  0.015250  0.016043  0.016831  0.017613  0.018394  0.019179  0.019965  0.020753
  0.021540  0.022326  0.023107  0.023878  0.024632  0.025369  0.026087  0.026784
  0.027460  0.028114  0.028749  0.029364  0.029961  0.030539  0.031099  0.031639
  0.032161  0.032664  0.033147  0.033613  0.034059  0.034486  0.034895  0.035285
  0.035675  0.036087  0.036522  0.036983  0.037469  0.037984  0.038528  0.039103
  0.039711  0.040353  0.041033  0.041751  0.042510  0.043312  0.044160
  1.000000
 -0.020074 -0.019740 -0.019442 -0.019176 -0.018938 -0.018727 -0.018538 -0.018370
 -0.018220 -0.018087 -0.017968 -0.017861 -0.017767 -0.017682 -0.017607 -0.017540
 -0.017480 -0.017427 -0.017379 -0.017337 -0.017299 -0.017265 -0.017235 -0.017208
 -0.017184 -0.017163 -0.016282 -0.015966 -0.015760 -0.015571 -0.015380 -0.015184
 -0.014983 -0.014777 -0.014565 -0.014344 -0.014116 -0.013880 -0.013635 -0.013381
 -0.013117 -0.012843 -0.012559 -0.012265 -0.011958 -0.011640 -0.011308 -0.010962
 -0.010601 -0.010224 -0.009830 -0.009418 -0.008984 -0.008528 -0.008044 -0.007525
 -0.006969 -0.006377 -0.005749 -0.005087 -0.004393 -0.003679 -0.002953 -0.002220
 -0.001483 -0.000742  0.000000  0.000743  0.001492  0.002251  0.003019  0.003797
  0.004583  0.005375  0.006172  0.006966  0.007752  0.008529  0.009294  0.010044
  0.010779  0.011498  0.012202  0.012892  0.013567  0.014226  0.014870  0.015498
  0.016108  0.016701  0.017277  0.017834  0.018372  0.018722  0.018814  0.018212
  0.018943  0.019716  0.020534  0.021398  0.022311  0.023276  0.024297  0.025376
  0.026516  0.027722  0.028997  0.030344  0.031769  0.033275  0.034867
  1.000000
  0.000000  0.000000  0.000000  0.000000  0.000000  0.000000  0.000000  0.000000
  0.000000  0.000000  0.000000  0.000000  0.000000  0.000000  0.000000  0.000000
  0.000000  0.000000  0.000000  0.000000  0.000000  0.000000  0.000000  0.000000
  0.000000  0.000000  0.001775  0.002421  0.002897  0.003320  0.003713  0.004077
  0.004418  0.004751  0.005089  0.005432  0.005781  0.006136  0.006497  0.006866
  0.007240  0.007616  0.007998  0.008385  0.008774  0.009166  0.009560  0.009958
  0.010353  0.010749  0.011146  0.011537  0.011925  0.012310  0.012687  0.013059
  0.013425  0.013770  0.014091  0.014385  0.014637  0.014843  0.014998  0.015102
  0.015155  0.015158  0.015113  0.015021  0.014885  0.014703  0.014476  0.014204
  0.013888  0.013528  0.013131  0.012700  0.012235  0.011748  0.011240  0.010712
  0.010172  0.009622  0.009062  0.008494  0.007922  0.007347  0.006770  0.006196
  0.005624  0.005057  0.004498  0.003947  0.003407  0.002708  0.001785  0.000000
  0.000000  0.000000  0.000000  0.000000  0.000000  0.000000  0.000000  0.000000
  0.000000  0.000000  0.000000  0.000000  0.000000  0.000000  0.000000
  1.000000
  0.298790  0.298787  0.298784  0.298782  0.298779  0.298777  0.298775  0.298773
  0.298771  0.298769  0.298768  0.298767  0.298766  0.298765  0.298764  0.298763
  0.298762  0.298762  0.298761  0.298761  0.298761  0.298760  0.298760  0.298760
  0.298759  0.298759  0.298759  0.298759  0.298759  0.298759  0.298759  0.298760
  0.298760  0.298760  0.298760  0.298760  0.298760  0.298761  0.298761  0.298761
  0.298762  0.298762  0.298762  0.298763  0.298763  0.298763  0.298764  0.298764
  0.298765  0.298766  0.298766  0.298767  0.298768  0.298769  0.298770  0.298771
  0.298772  0.298773  0.298775  0.298776  0.298778  0.298779  0.298781  0.298783
  0.298784  0.298786  0.298787  0.298789  0.298791  0.298792  0.298793  0.298795
  0.298796  0.298797  0.298799  0.298800  0.298801  0.298802  0.298802  0.298803
  0.298804  0.298804  0.298805  0.298805  0.298805  0.298805  0.298805  0.298805
  0.298805  0.298805  0.298805  0.298805  0.298804  0.298804  0.298804  0.298803
  0.298802  0.298801  0.298800  0.298798  0.298797  0.298797  0.298796  0.298795
  0.298795  0.298795  0.298796  0.298797  0.298799  0.298801  0.298804
  1.000000
 -0.019593 -0.017444 -0.015527 -0.013819 -0.012296 -0.010939 -0.009729 -0.008650
 -0.007689 -0.006831 -0.006067 -0.005386 -0.004779 -0.004237 -0.003755 -0.003325
 -0.002941 -0.002599 -0.002294 -0.002022 -0.001780 -0.001564 -0.001371 -0.001200
 -0.001047 -0.000910 -0.000774 -0.000633 -0.000484 -0.000328 -0.000164  0.000008
  0.000189  0.000380  0.000581  0.000792  0.001015  0.001250  0.001497  0.001757
  0.002031  0.002317  0.002619  0.002934  0.003266  0.003614  0.003980  0.004364
  0.004768  0.005192  0.005638  0.006108  0.006603  0.007126  0.007683  0.008281
  0.008923  0.009606  0.010329  0.011090  0.011885  0.012701  0.013524  0.014351
  0.015177  0.016001  0.016819  0.017632  0.018443  0.019258  0.020076  0.020894
  0.021713  0.022530  0.023343  0.024144  0.024930  0.025697  0.026445  0.027171
  0.027876  0.028558  0.029220  0.029863  0.030486  0.031090  0.031674  0.032239
  0.032785  0.033311  0.033818  0.034305  0.034772  0.035221  0.035649  0.036058
  0.036468  0.036901  0.037359  0.037843  0.038355  0.038896  0.039468  0.040073
  0.040712  0.041387  0.042101  0.042855  0.043653  0.044496  0.045385
  1.000000
 -0.019857 -0.019528 -0.019234 -0.018973 -0.018740 -0.018533 -0.018349 -0.018185
 -0.018039 -0.017908 -0.017792 -0.017689 -0.017597 -0.017514 -0.017441 -0.017376
 -0.017318 -0.017266 -0.017220 -0.017179 -0.017142 -0.017109 -0.017080 -0.017054
 -0.017031 -0.017010 -0.016117 -0.015782 -0.015567 -0.015377 -0.015185 -0.014989
 -0.014787 -0.014580 -0.014366 -0.014145 -0.013917 -0.013681 -0.013435 -0.013181
 -0.012917 -0.012644 -0.012360 -0.012066 -0.011761 -0.011444 -0.011113 -0.010769
 -0.010411 -0.010037 -0.009647 -0.009238 -0.008809 -0.008358 -0.007880 -0.007367
 -0.006820 -0.006237 -0.005620 -0.004970 -0.004290 -0.003590 -0.002881 -0.002165
 -0.001445 -0.000723  0.000000  0.000723  0.001451  0.002188  0.002934  0.003688
  0.004449  0.005216  0.005987  0.006755  0.007514  0.008264  0.009002  0.009725
  0.010434  0.011126  0.011803  0.012467  0.013116  0.013750  0.014368  0.014970
  0.015556  0.016125  0.016676  0.017210  0.017726  0.018048  0.018112  0.017478
  0.018191  0.018946  0.019743  0.020586  0.021477  0.022419  0.023416  0.024469
  0.025582  0.026760  0.028005  0.029322  0.030714  0.032186  0.033743
  1.000000
  0.000000  0.000000  0.000000  0.000000  0.000000  0.000000  0.000000  0.000000
  0.000000  0.000000  0.000000  0.000000  0.000000  0.000000  0.000000  0.000000
  0.000000  0.000000  0.000000  0.000000  0.000000  0.000000  0.000000  0.000000
  0.000000  0.000000  0.001788  0.002459  0.002952  0.003381  0.003776  0.004138
  0.004479  0.004816  0.005158  0.005506  0.005860  0.006223  0.006590  0.006962
  0.007340  0.007724  0.008112  0.008503  0.008897  0.009295  0.009697  0.010098
  0.010499  0.010904  0.011303  0.011700  0.012095  0.012484  0.012867  0.013246
  0.013616  0.013965  0.014293  0.014590  0.014845  0.015054  0.015211  0.015320
  0.015374  0.015377  0.015331  0.015239  0.015100  0.014915  0.014683  0.014405
  0.014085  0.013722  0.013320  0.012881  0.012410  0.011916  0.011400  0.010864
  0.010317  0.009759  0.009191  0.008615  0.008035  0.007452  0.006867  0.006284
  0.005704  0.005129  0.004562  0.004003  0.003454  0.002744  0.001807  0.000000
  0.000000  0.000000  0.000000  0.000000  0.000000  0.000000  0.000000  0.000000
  0.000000  0.000000  0.000000  0.000000  0.000000  0.000000  0.000000
  1.000000
  0.316631  0.316675  0.316724  0.316775  0.316826  0.316878  0.316928  0.316977
  0.317023  0.317067  0.317107  0.317145  0.317180  0.317212  0.317242  0.317269
  0.317293  0.317316  0.317336  0.317354  0.317371  0.317386  0.317399  0.317411
  0.317422  0.317432  0.317442  0.317457  0.317476  0.317496  0.317517  0.317539
  0.317563  0.317588  0.317614  0.317643  0.317673  0.317705  0.317739  0.317776
  0.317814  0.317856  0.317899  0.317945  0.317994  0.318047  0.318102  0.318161
  0.318223  0.318290  0.318361  0.318436  0.318517  0.318603  0.318695  0.318796
  0.318905  0.319022  0.319148  0.319281  0.319421  0.319565  0.319712  0.319860
  0.320008  0.320156  0.320302  0.320447  0.320591  0.320734  0.320877  0.321019
  0.321159  0.321297  0.321432  0.321564  0.321690  0.321810  0.321925  0.322035
  0.322138  0.322235  0.322327  0.322414  0.322496  0.322573  0.322645  0.322712
  0.322775  0.322834  0.322888  0.322938  0.322984  0.323027  0.323066  0.323102
  0.323132  0.323159  0.323187  0.323217  0.323249  0.323283  0.323320  0.323360
  0.323403  0.323450  0.323501  0.323556  0.323616  0.323681  0.323759
  BLADE ROW NUMBER =        2                                           
  111   21   91   37    0    0    1    1    1    1    0    0    0    0    0    0
    9000.0 2191391.5 2191391.5 1351715.9 1351715.9   0.00000    9000.0
  1.000000
  0.030093  0.031621  0.032992  0.034224  0.035331  0.036324  0.037215  0.038013
  0.038729  0.039371  0.039946  0.040462  0.040924  0.041339  0.041711  0.042044
  0.042343  0.042611  0.042851  0.043066  0.043259  0.043452  0.043653  0.043864
  0.044085  0.044318  0.044562  0.044819  0.045090  0.045375  0.045676  0.045992
  0.046325  0.046675  0.047044  0.047432  0.047839  0.048266  0.048714  0.049184
  0.049677  0.050195  0.050740  0.051311  0.051911  0.052543  0.053208  0.053909
  0.054648  0.055436  0.056282  0.057189  0.058154  0.059177  0.060252  0.061374
  0.062525  0.063687  0.064853  0.066018  0.067179  0.068333  0.069477  0.070621
  0.071769  0.072920  0.074072  0.075224  0.076374  0.077517  0.078644  0.079749
  0.080828  0.081879  0.082900  0.083890  0.084849  0.085779  0.086682  0.087557
  0.088405  0.089226  0.090020  0.090786  0.091525  0.092236  0.092920  0.093576
  0.094205  0.094807  0.095381  0.095960  0.096584  0.097259  0.097987  0.098773
  0.099623  0.100539  0.101529  0.102598  0.103752  0.104999  0.106344  0.107798
  0.109367  0.111061  0.112890  0.114866  0.116999  0.119302  0.121788
  1.000000
 -0.004026 -0.003769 -0.003538 -0.003332 -0.003147 -0.002982 -0.002833 -0.002700
 -0.002581 -0.002474 -0.002379 -0.002293 -0.002216 -0.002147 -0.002085 -0.002030
 -0.001980 -0.001935 -0.001895 -0.001860 -0.001827 -0.000482  0.000006  0.000327
  0.000592  0.000846  0.001093  0.001338  0.001581  0.001820  0.002056  0.002289
  0.002521  0.002750  0.002973  0.003190  0.003402  0.003609  0.003805  0.003990
  0.004167  0.004330  0.004476  0.004607  0.004719  0.004806  0.004870  0.004905
  0.004905  0.004870  0.004783  0.004646  0.004441  0.004166  0.003813  0.003371
  0.002850  0.002246  0.001567  0.000817  0.000000 -0.000879 -0.001821 -0.002829
 -0.003905 -0.005050 -0.006262 -0.007538 -0.008877 -0.010270 -0.011702 -0.013164
 -0.014647 -0.016143 -0.017649 -0.019151 -0.020648 -0.022140 -0.023629 -0.025105
 -0.026567 -0.028013 -0.029440 -0.030844 -0.032221 -0.033570 -0.034888 -0.036173
 -0.037421 -0.038630 -0.040196 -0.041132 -0.042143 -0.043234 -0.044412 -0.045684
 -0.047057 -0.048539 -0.050139 -0.051867 -0.053732 -0.055745 -0.057920 -0.060267
 -0.062802 -0.065539 -0.068495 -0.071687 -0.075134 -0.078858 -0.082880
  1.000000
  0.000000  0.000000  0.000000  0.000000  0.000000  0.000000  0.000000  0.000000
  0.000000  0.000000  0.000000  0.000000  0.000000  0.000000  0.000000  0.000000
  0.000000  0.000000  0.000000  0.000000  0.000000  0.002657  0.003598  0.004319
  0.004930  0.005468  0.005933  0.006363  0.006791  0.007215  0.007635  0.008054
  0.008473  0.008894  0.009311  0.009725  0.010139  0.010551  0.010958  0.011361
  0.011761  0.012156  0.012542  0.012923  0.013297  0.013657  0.014009  0.014348
  0.014671  0.014983  0.015274  0.015549  0.015790  0.015999  0.016168  0.016287
  0.016360  0.016376  0.016339  0.016253  0.016120  0.015946  0.015725  0.015463
  0.015160  0.014815  0.014432  0.014010  0.013548  0.013057  0.012539  0.012000
  0.011441  0.010872  0.010289  0.009702  0.009111  0.008519  0.007923  0.007329
  0.006737  0.006150  0.005567  0.004993  0.004427  0.003872  0.003328  0.002797
  0.002280  0.001651  0.000000  0.000000  0.000000  0.000000  0.000000  0.000000
  0.000000  0.000000  0.000000  0.000000  0.000000  0.000000  0.000000  0.000000
  0.000000  0.000000  0.000000  0.000000  0.000000  0.000000  0.000000
  1.000000
  0.274981  0.274791  0.274638  0.274515  0.274433  0.274366  0.274307  0.274253
  0.274205  0.274162  0.274122  0.274086  0.274054  0.274025  0.273999  0.273975
  0.273954  0.273935  0.273917  0.273902  0.273888  0.273871  0.273853  0.273834
  0.273813  0.273791  0.273768  0.273743  0.273716  0.273687  0.273656  0.273622
  0.273586  0.273547  0.273506  0.273461  0.273413  0.273362  0.273306  0.273247
  0.273183  0.273115  0.273041  0.272962  0.272877  0.272786  0.272688  0.272581
  0.272467  0.272342  0.272204  0.272054  0.271890  0.271712  0.271522  0.271318
  0.271106  0.270888  0.270666  0.270442  0.270215  0.269989  0.269762  0.269534
  0.269304  0.269073  0.268842  0.268611  0.268381  0.268153  0.267930  0.267713
  0.267503  0.267300  0.267106  0.266919  0.266741  0.266571  0.266408  0.266253
  0.266106  0.265965  0.265832  0.265706  0.265587  0.265474  0.265368  0.265269
  0.265176  0.265088  0.265007  0.264961  0.264913  0.264862  0.264808  0.264752
  0.264693  0.264632  0.264568  0.264501  0.264433  0.264363  0.264291  0.264219
  0.264146  0.264073  0.264002  0.263933  0.263868  0.263806  0.263752
  1.000000
  0.031701  0.033159  0.034467  0.035640  0.036691  0.037633  0.038478  0.039236
  0.039915  0.040524  0.041070  0.041559  0.041998  0.042392  0.042744  0.043061
  0.043344  0.043598  0.043826  0.044031  0.044214  0.044397  0.044589  0.044789
  0.045000  0.045221  0.045454  0.045698  0.045956  0.046228  0.046514  0.046815
  0.047133  0.047467  0.047819  0.048189  0.048577  0.048984  0.049412  0.049861
  0.050332  0.050827  0.051348  0.051894  0.052469  0.053073  0.053710  0.054382
  0.055090  0.055845  0.056657  0.057527  0.058454  0.059436  0.060469  0.061548
  0.062655  0.063772  0.064895  0.066017  0.067135  0.068246  0.069348  0.070450
  0.071556  0.072665  0.073776  0.074886  0.075994  0.077096  0.078182  0.079246
  0.080285  0.081297  0.082280  0.083233  0.084155  0.085050  0.085918  0.086760
  0.087575  0.088364  0.089126  0.089861  0.090570  0.091252  0.091908  0.092537
  0.093140  0.093716  0.094266  0.094815  0.095409  0.096049  0.096741  0.097487
  0.098293  0.099163  0.100102  0.101116  0.102211  0.103392  0.104668  0.106045
  0.107532  0.109137  0.110869  0.112740  0.114759  0.116939  0.119292
  1.000000
  0.005679  0.005440  0.005226  0.005034  0.004861  0.004707  0.004568  0.004444
  0.004333  0.004233  0.004143  0.004063  0.003991  0.003927  0.003869  0.003817
  0.003771  0.003729  0.003692  0.003658  0.003628  0.005150  0.005631  0.006036
  0.006398  0.006712  0.006972  0.007181  0.007357  0.007525  0.007686  0.007839
  0.007985  0.008125  0.008253  0.008369  0.008474  0.008567  0.008647  0.008710
  0.008754  0.008778  0.008781  0.008762  0.008712  0.008631  0.008517  0.008368
  0.008171  0.007922  0.007613  0.007236  0.006779  0.006234  0.005597  0.004864
  0.004041  0.003138  0.002160  0.001113  0.000000 -0.001173 -0.002403 -0.003695
 -0.005057 -0.006491 -0.007986 -0.009543 -0.011159 -0.012830 -0.014534 -0.016260
 -0.017999 -0.019747 -0.021490 -0.023224 -0.024946 -0.026654 -0.028347 -0.030023
 -0.031680 -0.033311 -0.034915 -0.036489 -0.038032 -0.039537 -0.041005 -0.042432
 -0.043817 -0.045156 -0.046888 -0.047920 -0.049034 -0.050236 -0.051533 -0.052934
 -0.054447 -0.056080 -0.057842 -0.059745 -0.061800 -0.064017 -0.066412 -0.068996
 -0.071787 -0.074799 -0.078051 -0.081562 -0.085352 -0.089444 -0.093861
  1.000000
  0.000000  0.000000  0.000000  0.000000  0.000000  0.000000  0.000000  0.000000
  0.000000  0.000000  0.000000  0.000000  0.000000  0.000000  0.000000  0.000000
  0.000000  0.000000  0.000000  0.000000  0.000000  0.003022  0.003961  0.004675
  0.005329  0.005929  0.006474  0.006970  0.007436  0.007897  0.008355  0.008813
  0.009271  0.009730  0.010184  0.010637  0.011088  0.011536  0.011981  0.012423
  0.012858  0.013286  0.013710  0.014128  0.014532  0.014927  0.015310  0.015683
  0.016035  0.016371  0.016691  0.016990  0.017256  0.017482  0.017664  0.017796
  0.017871  0.017889  0.017850  0.017757  0.017612  0.017418  0.017178  0.016892
  0.016561  0.016181  0.015762  0.015302  0.014801  0.014263  0.013697  0.013107
  0.012499  0.011872  0.011238  0.010597  0.009950  0.009303  0.008653  0.008005
  0.007357  0.006715  0.006079  0.005452  0.004833  0.004226  0.003632  0.003052
  0.002488  0.001782  0.000000  0.000000  0.000000  0.000000  0.000000  0.000000
  0.000000  0.000000  0.000000  0.000000  0.000000  0.000000  0.000000  0.000000
  0.000000  0.000000  0.000000  0.000000  0.000000  0.000000  0.000000
  1.000000
  0.298805  0.298805  0.298804  0.298802  0.298799  0.298797  0.298796  0.298795
  0.298795  0.298796  0.298796  0.298797  0.298798  0.298799  0.298800  0.298800
  0.298801  0.298802  0.298803  0.298804  0.298804  0.298804  0.298805  0.298805
  0.298805  0.298805  0.298806  0.298806  0.298806  0.298807  0.298807  0.298807
  0.298807  0.298808  0.298808  0.298808  0.298808  0.298808  0.298808  0.298808
  0.298808  0.298809  0.298808  0.298808  0.298808  0.298808  0.298808  0.298807
  0.298807  0.298806  0.298805  0.298804  0.298803  0.298801  0.298800  0.298798
  0.298796  0.298794  0.298792  0.298789  0.298787  0.298784  0.298782  0.298779
  0.298777  0.298774  0.298771  0.298769  0.298766  0.298763  0.298761  0.298758
  0.298756  0.298754  0.298752  0.298749  0.298748  0.298746  0.298744  0.298743
  0.298741  0.298740  0.298739  0.298738  0.298737  0.298736  0.298735  0.298734
  0.298734  0.298733  0.298733  0.298734  0.298736  0.298737  0.298739  0.298740
  0.298742  0.298744  0.298746  0.298748  0.298751  0.298754  0.298757  0.298760
  0.298763  0.298767  0.298771  0.298775  0.298779  0.298783  0.298788
  1.000000
  0.032936  0.034348  0.035616  0.036754  0.037776  0.038693  0.039515  0.040251
  0.040912  0.041504  0.042034  0.042510  0.042936  0.043319  0.043661  0.043969
  0.044244  0.044491  0.044713  0.044911  0.045089  0.045267  0.045452  0.045647
  0.045851  0.046065  0.046290  0.046527  0.046777  0.047040  0.047316  0.047608
  0.047915  0.048238  0.048578  0.048935  0.049310  0.049703  0.050116  0.050549
  0.051004  0.051481  0.051983  0.052509  0.053062  0.053644  0.054257  0.054902
  0.055583  0.056309  0.057088  0.057923  0.058812  0.059753  0.060743  0.061777
  0.062836  0.063906  0.064979  0.066052  0.067121  0.068182  0.069236  0.070288
  0.071345  0.072404  0.073465  0.074525  0.075583  0.076635  0.077672  0.078688
  0.079681  0.080648  0.081588  0.082499  0.083381  0.084237  0.085067  0.085873
  0.086653  0.087409  0.088139  0.088844  0.089524  0.090178  0.090807  0.091412
  0.091990  0.092544  0.093072  0.093605  0.094181  0.094803  0.095474  0.096199
  0.096982  0.097827  0.098740  0.099725  0.100790  0.101939  0.103180  0.104520
  0.105966  0.107529  0.109216  0.111038  0.113006  0.115130  0.117424
  1.000000
  0.013498  0.012838  0.012247  0.011715  0.011238  0.010809  0.010426  0.010082
  0.009773  0.009496  0.009248  0.009026  0.008827  0.008648  0.008488  0.008344
  0.008215  0.008100  0.007996  0.007903  0.007820  0.009094  0.009777  0.010289
  0.010704  0.011061  0.011384  0.011681  0.011955  0.012205  0.012421  0.012595
  0.012716  0.012792  0.012848  0.012888  0.012914  0.012921  0.012908  0.012873
  0.012814  0.012730  0.012616  0.012471  0.012292  0.012073  0.011812  0.011503
  0.011140  0.010714  0.010211  0.009623  0.008941  0.008158  0.007269  0.006271
  0.005173  0.003992  0.002728  0.001397  0.000000 -0.001456 -0.002973 -0.004551
 -0.006200 -0.007918 -0.009708 -0.011558 -0.013466 -0.015431 -0.017424 -0.019434
 -0.021456 -0.023474 -0.025483 -0.027478 -0.029448 -0.031399 -0.033332 -0.035238
 -0.037117 -0.038966 -0.040779 -0.042555 -0.044292 -0.045986 -0.047635 -0.049235
 -0.050785 -0.052283 -0.054132 -0.055278 -0.056514 -0.057849 -0.059290 -0.060845
 -0.062524 -0.064337 -0.066294 -0.068406 -0.070687 -0.073148 -0.075805 -0.078673
 -0.081769 -0.085110 -0.088717 -0.092609 -0.096809 -0.101342 -0.106233
  1.000000
  0.000000  0.000000  0.000000  0.000000  0.000000  0.000000  0.000000  0.000000
  0.000000  0.000000  0.000000  0.000000  0.000000  0.000000  0.000000  0.000000
  0.000000  0.000000  0.000000  0.000000  0.000000  0.002285  0.003388  0.004297
  0.005096  0.005835  0.006540  0.007223  0.007889  0.008538  0.009161  0.009752
  0.010301  0.010818  0.011328  0.011836  0.012340  0.012843  0.013341  0.013835
  0.014324  0.014805  0.015279  0.015744  0.016199  0.016642  0.017072  0.017486
  0.017882  0.018260  0.018619  0.018951  0.019249  0.019505  0.019711  0.019860
  0.019946  0.019969  0.019922  0.019819  0.019658  0.019443  0.019173  0.018853
  0.018485  0.018066  0.017595  0.017080  0.016524  0.015922  0.015289  0.014632
  0.013949  0.013253  0.012545  0.011827  0.011108  0.010384  0.009657  0.008932
  0.008210  0.007492  0.006782  0.006082  0.005391  0.004713  0.004049  0.003402
  0.002771  0.001965  0.000001  0.000000  0.000000  0.000000  0.000000  0.000000
  0.000000  0.000000  0.000000  0.000000  0.000000  0.000000  0.000000  0.000000
  0.000000  0.000000  0.000000  0.000000  0.000000  0.000000  0.000000
  1.000000
  0.322792  0.322942  0.323063  0.323149  0.323213  0.323270  0.323323  0.323372
  0.323417  0.323458  0.323496  0.323530  0.323562  0.323591  0.323617  0.323640
  0.323662  0.323681  0.323699  0.323714  0.323730  0.323747  0.323765  0.323784
  0.323805  0.323826  0.323850  0.323875  0.323902  0.323930  0.323961  0.323994
  0.324030  0.324068  0.324109  0.324153  0.324200  0.324251  0.324305  0.324364
  0.324426  0.324493  0.324565  0.324643  0.324726  0.324815  0.324912  0.325016
  0.325128  0.325250  0.325384  0.325531  0.325691  0.325864  0.326050  0.326248
  0.326455  0.326667  0.326884  0.327103  0.327324  0.327545  0.327767  0.327989
  0.328214  0.328440  0.328666  0.328892  0.329118  0.329341  0.329561  0.329774
  0.329981  0.330181  0.330374  0.330558  0.330735  0.330904  0.331066  0.331220
  0.331368  0.331508  0.331642  0.331769  0.331889  0.332002  0.332110  0.332211
  0.332305  0.332394  0.332469  0.332515  0.332563  0.332613  0.332666  0.332722
  0.332781  0.332843  0.332907  0.332973  0.333042  0.333112  0.333185  0.333258
  0.333333  0.333407  0.333481  0.333554  0.333624  0.333690  0.333752
    -10.00   1.00000   0.40000   0.00500   0.00500   2.00000
 10.000000  0.000000  0.400000  0.200000  0.100000  0.000000  0.000150  0.500000
 3392446.5 3392446.5 1351715.9 1351715.9
 3786000.0 3786000.0 3786000.0 3786000.0 3786000.0 3785999.8 3786000.0 3786000.2
 3785999.8 3786000.0 3786000.2 3786000.0 3786000.2 3786000.0 3786000.0 3786000.0
 3786000.0 3786000.0 3786000.0 3786000.0 3786000.0 3786000.0 3786000.0 3786000.0
 3786000.0 3786000.0 3786000.0 3786000.0 3786000.0 3786000.0 3786000.0 3786000.0
 3786000.0 3786000.0 3786000.0 3786000.0 3786000.0
     332.8     332.8     332.8     332.8     332.8     332.8     332.8     332.8
     332.8     332.8     332.8     332.8     332.8     332.8     332.8     332.8
     332.8     332.8     332.8     332.8     332.8     332.8     332.8     332.8
     332.8     332.8     332.8     332.8     332.8     332.8     332.8     332.8
     332.8     332.8     332.8     332.8     332.8
  0.000000  0.000000  0.000000  0.000000  0.000000  0.000000  0.000000  0.000000
  0.000000  0.000000  0.000000  0.000000  0.000000  0.000000  0.000000  0.000000
  0.000000  0.000000  0.000000  0.000000  0.000000  0.000000  0.000000  0.000000
  0.000000  0.000000  0.000000  0.000000  0.000000  0.000000  0.000000  0.000000
  0.000000  0.000000  0.000000  0.000000  0.000000
140.802811140.802811140.802811140.802826140.802811140.802811140.802811140.802811
140.802811140.802811140.802811140.802811140.802811140.802811140.802811140.802811
140.802826140.802811140.802811140.802811140.802811140.802811140.802811140.802811
140.802811140.802811140.802811140.802811140.802811140.802811140.802811140.802811
140.802811140.802811140.802811140.802811140.802811
 11.309941 11.309942 11.309941 11.309941 11.309941 11.309941 11.309941 11.309941
 11.309941 11.309941 11.309942 11.309941 11.309941 11.309941 11.309941 11.309941
 11.309942 11.309941 11.309941 11.309941 11.309941 11.309941 11.309941 11.309940
 11.309941 11.309941 11.309942 11.309941 11.309941 11.309941 11.309941 11.309941
 11.309941 11.309941 11.309941 11.309941 11.309941
 -0.299280 -0.297524 -0.295329 -0.292586 -0.289157 -0.284870 -0.279512 -0.272815
 -0.264443 -0.253978 -0.240896 -0.224545 -0.204105 -0.178556 -0.146619 -0.111504
 -0.076389 -0.041274 -0.006159  0.028955  0.064070  0.099185  0.134300  0.166237
  0.191786  0.212226  0.228577  0.241659  0.252124  0.260496  0.267193  0.272552
  0.276838  0.280267  0.283011  0.285205  0.286961
  1.000000  1.250000  1.562500  1.953125  2.441406  3.051758  3.814697  4.768372
  5.960464  7.450581  9.313226 11.641532 14.551915 18.189894 20.000000 20.000000
 20.000000 20.000000 20.000000 20.000000 20.000000 20.000000 18.189894 14.551915
 11.641532  9.313226  7.450581  5.960464  4.768372  3.814697  3.051758  2.441406
  1.953125  1.562500  1.250000  1.000000
  1.000000  1.250000  1.562500  1.953125  2.441406  3.051758  3.814697  4.768372
  5.960464  7.450581  9.313226 11.641532 14.551915 18.189894 20.000000 20.000000
 20.000000 20.000000 20.000000 20.000000 20.000000 20.000000 18.189894 14.551915
 11.641532  9.313226  7.450581  5.960464  4.768372  3.814697  3.051758  2.441406
  1.953125  1.562500  1.250000  1.000000
1000010000100001000010000
 0 0 0 0 0 0 0 0 0 0 0 0 0 0 0 0 0 0 0 0
 0 0 0 0 0 0 0 0 0 0 0 0 0 0 0 0 0 0 0 0 0 0 0 0 0 0 0 0 0 0 0 0 0 0 0 0 0
       0.0     0.500     0.000     0.800    3000.0     1.000     0.000
  0.025000  0.800000  1.000000  0.800000
  0.020000  0.030000  0.040000  0.050000  1.000000  0.500000
  0.020000  0.030000  0.040000  0.050000  1.000000  0.500000
   2.00000 1000
   1   1
  7.500000 25.000000
