  BLADE PROFILES IN CARTESIAN COORDINATES (2D) BEFORE   PROJECTION, SCALING, MESHING AND STACKING 
  VARIABLES = "X", "YSS", "YPS" 
  BLADE           1  SECTION           1
    0.000000   -0.003978   -0.003978
    0.000062   -0.001683   -0.006813
    0.000249    0.000721   -0.009696
    0.000561    0.002996   -0.012681
    0.000997    0.005221   -0.015697
    0.001557    0.007305   -0.018481
    0.002241    0.009275   -0.020978
    0.003050    0.011256   -0.023354
    0.003982    0.013217   -0.025619
    0.005038    0.015177   -0.027790
    0.006218    0.017139   -0.029803
    0.007520    0.019118   -0.031709
    0.008945    0.021108   -0.033547
    0.010493    0.023118   -0.035363
    0.012162    0.025130   -0.037215
    0.013954    0.027129   -0.039155
    0.015866    0.029115   -0.041195
    0.017899    0.031041   -0.043309
    0.020052    0.032872   -0.045506
    0.022325    0.034576   -0.047782
    0.024716    0.036124   -0.050131
    0.027226    0.037508   -0.052552
    0.029854    0.038775   -0.055040
    0.032600    0.039997   -0.057592
    0.035461    0.041232   -0.060203
    0.038439    0.042491   -0.062869
    0.041531    0.043771   -0.065587
    0.044738    0.045072   -0.068351
    0.048058    0.046394   -0.071159
    0.051491    0.047734   -0.074005
    0.055036    0.049092   -0.076886
    0.058691    0.050467   -0.079797
    0.062456    0.051851   -0.082741
    0.066331    0.053261   -0.085726
    0.070314    0.054689   -0.088703
    0.074403    0.056132   -0.091695
    0.078599    0.057590   -0.094690
    0.082900    0.059064   -0.097689
    0.087305    0.060553   -0.100688
    0.091812    0.062056   -0.103683
    0.096421    0.063574   -0.106670
    0.101131    0.065106   -0.109644
    0.105941    0.066649   -0.112601
    0.110848    0.068200   -0.115537
    0.115853    0.069772   -0.118448
    0.120953    0.071358   -0.121337
    0.126148    0.072958   -0.124223
    0.131435    0.074572   -0.127028
    0.136815    0.076199   -0.129786
    0.142285    0.077840   -0.132498
    0.147845    0.079487   -0.135159
    0.153492    0.081156   -0.137766
    0.159225    0.082838   -0.140315
    0.165044    0.084534   -0.142815
    0.170946    0.086246   -0.145277
    0.176930    0.087971   -0.147628
    0.182994    0.089707   -0.149890
    0.189138    0.091462   -0.152076
    0.195358    0.093232   -0.154181
    0.201655    0.095018   -0.156202
    0.208026    0.096820   -0.158152
    0.214470    0.098635   -0.160038
    0.220986    0.100469   -0.161785
    0.227570    0.102320   -0.163415
    0.234223    0.104188   -0.164944
    0.240941    0.106073   -0.166369
    0.247725    0.107975   -0.167689
    0.254571    0.109896   -0.168912
    0.261478    0.111835   -0.170062
    0.268445    0.113792   -0.171027
    0.275470    0.115769   -0.171866
    0.282550    0.117765   -0.172586
    0.289685    0.119780   -0.173183
    0.296872    0.121815   -0.173672
    0.304110    0.123873   -0.174071
    0.311396    0.125949   -0.174273
    0.318730    0.128045   -0.174330
    0.326109    0.130162   -0.174254
    0.333531    0.132301   -0.174043
    0.340994    0.134466   -0.173716
    0.348497    0.136648   -0.173284
    0.356038    0.138851   -0.172650
    0.363615    0.141078   -0.171855
    0.371226    0.143333   -0.170919
    0.378869    0.145604   -0.169839
    0.386542    0.147898   -0.168639
    0.394243    0.150214   -0.167321
    0.401971    0.152555   -0.165808
    0.409723    0.154926   -0.164120
    0.417498    0.157312   -0.162284
    0.425293    0.159721   -0.160301
    0.433107    0.162153   -0.158171
    0.440937    0.164609   -0.155915
    0.448783    0.167090   -0.153542
    0.456641    0.169600   -0.150969
    0.464509    0.172125   -0.148227
    0.472387    0.174673   -0.145335
    0.480272    0.177243   -0.142297
    0.488161    0.179835   -0.139113
    0.496053    0.182451   -0.135786
    0.503947    0.185091   -0.132334
    0.511839    0.187760   -0.128772
    0.519729    0.190441   -0.125015
    0.527613    0.193143   -0.121111
    0.535491    0.195866   -0.117057
    0.543360    0.198609   -0.112867
    0.551217    0.201372   -0.108541
    0.559063    0.204154   -0.104082
    0.566893    0.206954   -0.099493
    0.574707    0.209774   -0.094774
    0.582502    0.212612   -0.089928
    0.590277    0.215468   -0.084977
    0.598029    0.218340   -0.079932
    0.605757    0.221228   -0.074720
    0.613458    0.224134   -0.069390
    0.621131    0.227060   -0.063947
    0.628774    0.229992   -0.058393
    0.636385    0.232936   -0.052728
    0.643962    0.235892   -0.046956
    0.651503    0.238859   -0.041084
    0.659006    0.241836   -0.035116
    0.666469    0.244823   -0.029054
    0.673891    0.247819   -0.022903
    0.681270    0.250822   -0.016666
    0.688604    0.253831   -0.010347
    0.695890    0.256845   -0.003950
    0.703128    0.259864    0.002521
    0.710315    0.262887    0.009061
    0.717450    0.265911    0.015667
    0.724530    0.268937    0.022334
    0.731555    0.271958    0.029058
    0.738522    0.274974    0.035834
    0.745429    0.277996    0.042658
    0.752275    0.281013    0.049525
    0.759059    0.284026    0.056430
    0.765777    0.287032    0.063370
    0.772430    0.290031    0.070338
    0.779015    0.293021    0.077331
    0.785530    0.296000    0.084346
    0.791974    0.298968    0.091376
    0.798345    0.301924    0.098416
    0.804642    0.304865    0.105461
    0.810863    0.307791    0.112506
    0.817006    0.310701    0.119546
    0.823070    0.313591    0.126575
    0.829054    0.316462    0.133590
    0.834956    0.319312    0.140600
    0.840775    0.322139    0.147590
    0.846508    0.324942    0.154529
    0.852155    0.327720    0.161432
    0.857715    0.330471    0.168296
    0.863185    0.333190    0.175114
    0.868565    0.335879    0.181883
    0.873852    0.338541    0.188597
    0.879047    0.341171    0.195252
    0.884147    0.343767    0.201842
    0.889152    0.346328    0.208365
    0.894059    0.348852    0.214815
    0.898869    0.351338    0.221186
    0.903579    0.353785    0.227473
    0.908188    0.356192    0.233672
    0.912695    0.358557    0.239779
    0.917100    0.360878    0.245788
    0.921401    0.363155    0.251696
    0.925597    0.365386    0.257497
    0.929686    0.367569    0.263188
    0.933669    0.369705    0.268776
    0.937544    0.371791    0.274238
    0.941309    0.373826    0.279572
    0.944965    0.375809    0.284780
    0.948509    0.377739    0.289856
    0.951942    0.379615    0.294799
    0.955262    0.381436    0.299604
    0.958469    0.383200    0.304268
    0.961561    0.384906    0.308786
    0.964539    0.386554    0.313155
    0.967400    0.388145    0.317372
    0.970146    0.389627    0.321434
    0.972774    0.390702    0.325338
    0.975284    0.391293    0.329081
    0.977675    0.391560    0.332658
    0.979948    0.391589    0.336066
    0.982101    0.391432    0.339308
    0.984134    0.391117    0.342379
    0.986046    0.390665    0.345275
    0.987838    0.390087    0.347995
    0.989507    0.389390    0.350537
    0.991055    0.388581    0.352897
    0.992480    0.387662    0.355076
    0.993782    0.386692    0.357071
    0.994962    0.385575    0.358880
    0.996018    0.384289    0.360502
    0.996950    0.382975    0.361937
    0.997759    0.381579    0.363265
    0.998443    0.380116    0.364458
    0.999003    0.378610    0.365903
    0.999439    0.376999    0.367389
    0.999751    0.375330    0.368824
    0.999938    0.373588    0.370434
    1.000000    0.372826    0.372826
  BLADE PROFILES IN CARTESIAN COORDINATES (3D) 
  VARIABLES = "X", "YSS", "YPS" "R" 
  BLADE           1  SECTION           1
  -24.967157   -1.968858   -1.968858  594.296875
  -22.096121   -2.794686   -2.794686  594.295837
  -19.536301   -3.530996   -3.530996  594.294556
  -17.253948   -4.187488   -4.187488  594.293335
  -15.219000   -4.772818   -4.772818  594.292114
  -13.404634   -5.294698   -5.294698  594.290833
  -11.786935   -5.760005   -5.760005  594.289673
  -10.344595   -6.174875   -6.174875  594.288513
   -9.058593   -6.544771   -6.544771  594.287537
   -7.911995   -6.874571   -6.874571  594.286377
   -6.889678   -7.168621   -7.168621  594.285522
   -5.978182   -7.430796   -7.430796  594.284607
   -5.165489   -7.664551   -7.664551  594.283752
   -4.440887   -7.872968   -7.872968  594.283081
   -3.794829   -8.058794   -8.058794  594.282410
   -3.218803   -8.224475   -8.224475  594.281677
   -2.705216   -8.372196   -8.372196  594.281189
   -2.247300   -8.503905   -8.503905  594.280640
   -1.839019   -8.621337   -8.621337  594.280212
   -1.474995   -8.726040   -8.726040  594.279724
   -1.150434   -8.819393   -8.819393  594.279419
   -0.861050   -8.902628   -8.902628  594.279053
   -0.603036   -8.976839   -8.976839  594.278687
   -0.372989   -9.043006   -9.043006  594.278442
   -0.167878   -9.102002   -9.102002  594.278198
    0.015000   -9.154601   -9.154601  594.277954
    0.197878   -8.225920  -10.097289  594.277710
    0.389089   -7.901168  -10.436047  594.277222
    0.589405   -7.637581  -10.676940  594.276794
    0.799592   -7.407398  -10.903686  594.276306
    1.020420   -7.208733  -11.131268  594.275696
    1.252658   -7.047464  -11.361386  594.275208
    1.497068   -6.921012  -11.595002  594.274719
    1.754422   -6.807675  -11.832631  594.274109
    2.025492   -6.693556  -12.074521  594.273438
    2.311043   -6.577621  -12.320774  594.272766
    2.611843   -6.459609  -12.571359  594.272034
    2.928659   -6.339401  -12.826117  594.271240
    3.262267   -6.217031  -13.085993  594.270447
    3.613422   -6.091228  -13.348697  594.269653
    3.982723   -5.962459  -13.613618  594.268616
    4.370269   -5.830706  -13.880126  594.267700
    4.776951   -5.695697  -14.147850  594.266785
    5.203784   -5.557201  -14.416171  594.265686
    5.651904   -5.415318  -14.684355  594.264648
    6.122528   -5.268648  -14.952440  594.263306
    6.617021   -5.117311  -15.218917  594.262024
    7.136567   -4.960943  -15.480012  594.260559
    7.682158   -4.799520  -15.736318  594.259094
    8.255627   -4.631753  -15.987061  594.257568
    8.859011   -4.457285  -16.231392  594.255920
    9.494592   -4.275561  -16.462353  594.254150
   10.164857   -4.085214  -16.681435  594.252258
   10.872524   -3.885622  -16.888830  594.250305
   11.626169   -3.673772  -17.074570  594.248047
   12.436662   -3.446409  -17.240368  594.245667
   13.304878   -3.202704  -17.382858  594.243042
   14.230177   -2.942056  -17.485601  594.240540
   15.210308   -2.664264  -17.551012  594.237488
   16.241495   -2.369560  -17.561312  594.234436
   17.318382   -2.057892  -17.518728  594.231201
   18.423557   -1.733521  -17.411419  594.227905
   19.539301   -1.400640  -17.244366  594.224304
   20.659622   -1.059809  -17.013744  594.220947
   21.779619   -0.712734  -16.721178  594.217468
   22.895523   -0.358916  -16.374580  594.213928
   24.004627    0.000000  -15.965983  594.210815
   25.105438    0.364500  -15.504922  594.207214
   26.205309    0.737757  -14.990607  594.203979
   27.309261    1.120836  -14.413456  594.200684
   28.416372    1.514398  -13.778675  594.197327
   29.525206    1.918520  -13.088148  594.193970
   30.633762    2.332842  -12.343124  594.190735
   31.739450    2.756857  -11.542176  594.187561
   32.839211    3.188715  -10.690276  594.184570
   33.923187    3.625008   -9.797647  594.181519
   34.985321    4.062973   -8.872222  594.178528
   36.022682    4.500957   -7.920004  594.175781
   37.032978    4.936761   -6.946885  594.173096
   38.014408    5.370253   -5.958492  594.170532
   38.965736    5.799502   -4.960010  594.168335
   39.886276    6.223521   -3.955664  594.166138
   40.779484    6.643256   -2.945796  594.164001
   41.646156    7.058370   -1.932216  594.161743
   42.486336    7.468231   -0.917756  594.159973
   43.300007    7.871908    0.092474  594.158264
   44.087166    8.269378    1.097008  594.156494
   44.847836    8.659842    2.093478  594.155029
   45.582005    9.042631    3.078906  594.153503
   46.289654    9.417164    4.050643  594.152222
   46.970791    9.782879    5.007061  594.150818
   47.625446   10.139181    5.944128  594.149780
   48.253586   10.485665    6.860713  594.148743
   48.855225   10.709362    7.754361  594.147705
   49.430363   10.612485    8.623041  594.146851
   49.978985    9.773912    9.773359  594.146057
   50.527622   10.353277   10.353001  594.145447
   51.107594   10.966021   10.966021  594.145020
   51.720688   11.613757   11.613757  594.144470
   52.368790   12.298486   12.298486  594.143738
   53.053909   13.022319   13.022319  594.142944
   53.778152   13.787491   13.787491  594.142212
   54.543751   14.596360   14.596360  594.141235
   55.353085   15.451419   15.451419  594.140259
   56.208645   16.355310   16.355310  594.138977
   57.113060   17.310818   17.310818  594.137634
   58.069138   18.320894   18.320894  594.135925
   59.079811   19.388651   19.388651  594.134094
   60.148209   20.517376   20.517376  594.132019
   61.277626   21.710556   21.710556  594.129639
   62.471546   22.971867   22.971867  594.127014
  BLADE PROFILES IN CARTESIAN COORDINATES (2D) BEFORE   PROJECTION, SCALING, MESHING AND STACKING 
  VARIABLES = "X", "YSS", "YPS" 
  BLADE           1  SECTION           2
    0.000000   -0.003982   -0.003982
    0.000062   -0.001669   -0.006807
    0.000249    0.000725   -0.009688
    0.000561    0.003000   -0.012671
    0.000997    0.005225   -0.015687
    0.001557    0.007309   -0.018471
    0.002241    0.009278   -0.020968
    0.003050    0.011258   -0.023345
    0.003982    0.013219   -0.025611
    0.005038    0.015179   -0.027783
    0.006218    0.017141   -0.029794
    0.007520    0.019120   -0.031701
    0.008945    0.021109   -0.033540
    0.010493    0.023120   -0.035355
    0.012162    0.025132   -0.037214
    0.013954    0.027131   -0.039160
    0.015866    0.029117   -0.041186
    0.017899    0.031042   -0.043299
    0.020052    0.032873   -0.045496
    0.022325    0.034576   -0.047771
    0.024716    0.036123   -0.050119
    0.027226    0.037507   -0.052539
    0.029854    0.038774   -0.055027
    0.032600    0.039996   -0.057578
    0.035461    0.041232   -0.060188
    0.038439    0.042490   -0.062854
    0.041531    0.043771   -0.065571
    0.044738    0.045072   -0.068335
    0.048058    0.046394   -0.071141
    0.051491    0.047735   -0.073987
    0.055036    0.049093   -0.076867
    0.058691    0.050468   -0.079777
    0.062456    0.051851   -0.082720
    0.066331    0.053263   -0.085704
    0.070314    0.054690   -0.088681
    0.074403    0.056133   -0.091671
    0.078599    0.057592   -0.094666
    0.082900    0.059066   -0.097664
    0.087305    0.060555   -0.100663
    0.091812    0.062059   -0.103657
    0.096421    0.063576   -0.106643
    0.101131    0.065108   -0.109616
    0.105941    0.066651   -0.112573
    0.110848    0.068202   -0.115508
    0.115853    0.069774   -0.118418
    0.120953    0.071361   -0.121306
    0.126148    0.072960   -0.124192
    0.131435    0.074574   -0.126997
    0.136815    0.076201   -0.129754
    0.142285    0.077842   -0.132465
    0.147845    0.079489   -0.135126
    0.153492    0.081157   -0.137733
    0.159225    0.082839   -0.140282
    0.165044    0.084536   -0.142781
    0.170946    0.086246   -0.145243
    0.176930    0.087971   -0.147593
    0.182994    0.089707   -0.149856
    0.189138    0.091461   -0.152041
    0.195358    0.093231   -0.154146
    0.201655    0.095017   -0.156167
    0.208026    0.096818   -0.158117
    0.214470    0.098632   -0.160003
    0.220986    0.100466   -0.161751
    0.227570    0.102316   -0.163381
    0.234223    0.104183   -0.164910
    0.240941    0.106067   -0.166336
    0.247725    0.107968   -0.167656
    0.254571    0.109888   -0.168880
    0.261478    0.111826   -0.170030
    0.268445    0.113782   -0.170996
    0.275470    0.115758   -0.171836
    0.282550    0.117753   -0.172556
    0.289685    0.119766   -0.173155
    0.296872    0.121800   -0.173645
    0.304110    0.123856   -0.174044
    0.311396    0.125931   -0.174248
    0.318730    0.128026   -0.174306
    0.326109    0.130141   -0.174231
    0.333531    0.132278   -0.174023
    0.340994    0.134441   -0.173697
    0.348497    0.136621   -0.173266
    0.356038    0.138823   -0.172634
    0.363615    0.141047   -0.171841
    0.371226    0.143300   -0.170906
    0.378869    0.145570   -0.169829
    0.386542    0.147861   -0.168608
    0.394243    0.150175   -0.167254
    0.401971    0.152514   -0.165803
    0.409723    0.154882   -0.164119
    0.417498    0.157266   -0.162285
    0.425293    0.159672   -0.160305
    0.433107    0.162101   -0.158177
    0.440937    0.164554   -0.155924
    0.448783    0.167033   -0.153553
    0.456641    0.169540   -0.150983
    0.464509    0.172062   -0.148245
    0.472387    0.174607   -0.145356
    0.480272    0.177174   -0.142321
    0.488161    0.179763   -0.139141
    0.496053    0.182375   -0.135816
    0.503947    0.185012   -0.132369
    0.511839    0.187677   -0.128809
    0.519729    0.190355   -0.125056
    0.527613    0.193054   -0.121156
    0.535491    0.195773   -0.117106
    0.543360    0.198512   -0.112920
    0.551217    0.201271   -0.108598
    0.559063    0.204049   -0.104143
    0.566893    0.206846   -0.099558
    0.574707    0.209662   -0.094843
    0.582502    0.212496   -0.090001
    0.590277    0.215347   -0.085035
    0.598029    0.218215   -0.079962
    0.605757    0.221099   -0.074806
    0.613458    0.224001   -0.069481
    0.621131    0.226923   -0.064042
    0.628774    0.229850   -0.058493
    0.636385    0.232790   -0.052833
    0.643962    0.235741   -0.047067
    0.651503    0.238704   -0.041200
    0.659006    0.241677   -0.035236
    0.666469    0.244659   -0.029179
    0.673891    0.247650   -0.023033
    0.681270    0.250648   -0.016801
    0.688604    0.253653   -0.010487
    0.695890    0.256663   -0.004095
    0.703128    0.259677    0.002370
    0.710315    0.262695    0.008905
    0.717450    0.265715    0.015506
    0.724530    0.268735    0.022168
    0.731555    0.271752    0.028886
    0.738522    0.274763    0.035657
    0.745429    0.277780    0.042475
    0.752275    0.280793    0.049337
    0.759059    0.283800    0.056237
    0.765777    0.286802    0.063171
    0.772430    0.289795    0.070134
    0.779015    0.292780    0.077121
    0.785530    0.295755    0.084131
    0.791974    0.298718    0.091156
    0.798345    0.301669    0.098190
    0.804642    0.304606    0.105230
    0.810863    0.307527    0.112269
    0.817006    0.310431    0.119303
    0.823070    0.313317    0.126328
    0.829054    0.316183    0.133337
    0.834956    0.319028    0.140342
    0.840775    0.321851    0.147327
    0.846508    0.324649    0.154260
    0.852155    0.327422    0.161158
    0.857715    0.330168    0.168016
    0.863185    0.332883    0.174830
    0.868565    0.335567    0.181593
    0.873852    0.338225    0.188303
    0.879047    0.340850    0.194952
    0.884147    0.343442    0.201537
    0.889152    0.345999    0.208055
    0.894059    0.348518    0.214500
    0.898869    0.351001    0.220866
    0.903579    0.353444    0.227149
    0.908188    0.355846    0.233344
    0.912695    0.358206    0.239446
    0.917100    0.360524    0.245450
    0.921401    0.362797    0.251353
    0.925597    0.365024    0.257151
    0.929686    0.367204    0.262837
    0.933669    0.369336    0.268421
    0.937544    0.371418    0.273879
    0.941309    0.373450    0.279209
    0.944965    0.375430    0.284413
    0.948509    0.377356    0.289486
    0.951942    0.379229    0.294425
    0.955262    0.381046    0.299226
    0.958469    0.382807    0.303886
    0.961561    0.384511    0.308401
    0.964539    0.386156    0.312767
    0.967400    0.387744    0.316981
    0.970146    0.389223    0.321040
    0.972774    0.390297    0.324941
    0.975284    0.390886    0.328681
    0.977675    0.391150    0.332255
    0.979948    0.391177    0.335661
    0.982101    0.391018    0.338901
    0.984134    0.390702    0.341969
    0.986046    0.390248    0.344864
    0.987838    0.389668    0.347582
    0.989507    0.388970    0.350121
    0.991055    0.388159    0.352479
    0.992480    0.387240    0.354657
    0.993782    0.386268    0.356650
    0.994962    0.385151    0.358458
    0.996018    0.383864    0.360079
    0.996950    0.382549    0.361513
    0.997759    0.381153    0.362840
    0.998443    0.379689    0.364032
    0.999003    0.378182    0.365477
    0.999439    0.376571    0.366964
    0.999751    0.374902    0.368397
    0.999938    0.373159    0.370006
    1.000000    0.372397    0.372397
  BLADE PROFILES IN CARTESIAN COORDINATES (3D) 
  VARIABLES = "X", "YSS", "YPS" "R" 
  BLADE           1  SECTION           2
  -25.002363   -1.971232   -1.971232  594.740906
  -22.129272   -2.797049   -2.797049  594.740967
  -19.567614   -3.533350   -3.533350  594.740906
  -17.283630   -4.189839   -4.189839  594.740906
  -15.247219   -4.775166   -4.775166  594.741028
  -13.431550   -5.297046   -5.297046  594.740967
  -11.812695   -5.762356   -5.762356  594.741028
  -10.369317   -6.177228   -6.177228  594.740906
   -9.082396   -6.547129   -6.547129  594.741028
   -7.934970   -6.876935   -6.876935  594.740967
   -6.911922   -7.170990   -7.170990  594.740967
   -5.999770   -7.433172   -7.433172  594.740967
   -5.186494   -7.666934   -7.666934  594.740967
   -4.461370   -7.875355   -7.875355  594.741028
   -3.814850   -8.061187   -8.061187  594.741028
   -3.238414   -8.226872   -8.226872  594.740967
   -2.724457   -8.374599   -8.374599  594.740967
   -2.266210   -8.506314   -8.506314  594.740967
   -1.857638   -8.623748   -8.623748  594.740967
   -1.493353   -8.728455   -8.728455  594.740967
   -1.168556   -8.821813   -8.821813  594.740967
   -0.878967   -8.905050   -8.905050  594.740967
   -0.620764   -8.979264   -8.979264  594.741028
   -0.390552   -9.045435   -9.045435  594.740967
   -0.185296   -9.104433   -9.104433  594.740906
   -0.002287   -9.157035   -9.157035  594.741028
    0.180721   -8.227863  -10.100269  594.740906
    0.372071   -7.902905  -10.439295  594.740906
    0.572532   -7.639135  -10.680576  594.741028
    0.782870   -7.408801  -10.907279  594.740906
    1.003858   -7.210040  -11.134908  594.741028
    1.236260   -7.048716  -11.365125  594.740906
    1.480848   -6.922210  -11.598849  594.741028
    1.738388   -6.808784  -11.836588  594.740967
    2.009653   -6.694570  -12.078590  594.740906
    2.295409   -6.578539  -12.324958  594.741028
    2.596427   -6.460436  -12.575662  594.740906
    2.913472   -6.340134  -12.830541  594.740906
    3.247318   -6.217666  -13.090541  594.740967
    3.598728   -6.091767  -13.353374  594.740967
    3.968297   -5.962899  -13.618417  594.740906
    4.356119   -5.831050  -13.885058  594.740967
    4.763093   -5.695946  -14.152923  594.740906
    5.190236   -5.557355  -14.421381  594.740906
    5.638675   -5.415376  -14.689705  594.740967
    6.109640   -5.268614  -14.957938  594.740967
    6.604491   -5.117184  -15.224562  594.740906
    7.124409   -4.960730  -15.485811  594.740906
    7.670397   -4.799218  -15.742270  594.740906
    8.244274   -4.631374  -15.993177  594.740967
    8.848099   -4.456828  -16.237673  594.740967
    9.484135   -4.275030  -16.468798  594.740906
   10.154881   -4.084616  -16.688049  594.740967
   10.863060   -3.884966  -16.895622  594.740967
   11.617247   -3.673065  -17.081541  594.741089
   12.428329   -3.445660  -17.247522  594.740906
   13.297174   -3.201923  -17.390211  594.740906
   14.223136   -2.941260  -17.493143  594.740967
   15.203979   -2.663473  -17.558748  594.740967
   16.235899   -2.368784  -17.569263  594.740967
   17.313578   -2.057163  -17.526865  594.740845
   18.419538   -1.732860  -17.419765  594.740906
   19.536085   -1.400064  -17.250450  594.740906
   20.657223   -1.059351  -17.022469  594.740906
   21.778021   -0.712409  -16.730059  594.740967
   22.894733   -0.358744  -16.383595  594.741150
   24.004642    0.000000  -15.975172  594.740967
   25.106239    0.364302  -15.514247  594.740906
   26.206903    0.737353  -15.000055  594.740845
   27.311661    1.120202  -14.423037  594.740906
   28.419577    1.513515  -13.788361  594.740967
   29.529200    1.917359  -13.096822  594.741028
   30.638531    2.331389  -12.353035  594.741028
   31.745047    2.755101  -11.552165  594.741028
   32.845585    3.186635  -10.700351  594.740967
   33.930340    3.622590   -9.807794  594.740845
   34.993244    4.060207   -8.882437  594.740906
   36.031353    4.497835   -7.930278  594.740906
   37.042389    4.933278   -6.957212  594.740906
   38.024506    5.366400   -5.968863  594.740845
   38.976532    5.795284   -4.970425  594.740967
   39.897755    6.218938   -3.966100  594.740967
   40.791580    6.638302   -2.956267  594.740967
   41.658890    7.053044   -1.942708  594.740845
   42.499660    7.462531   -0.928281  594.740967
   43.313919    7.865844    0.081926  594.740845
   44.101650    8.262948    1.086447  594.740967
   44.862862    8.653048    2.082906  594.740967
   45.597546    9.035479    3.068325  594.740967
   46.305706    9.409656    4.040048  594.740967
   46.987350    9.775022    4.996456  594.740906
   47.642471   10.130989    5.933515  594.740967
   48.271069   10.477137    6.850093  594.740906
   48.873138   10.700496    7.743746  594.740967
   49.448685   10.603069    8.612429  594.740906
   49.997707    9.763431    9.762877  594.740967
   50.546734   10.342633   10.342357  594.740967
   51.127106   10.955204   10.955204  594.740967
   51.740643   11.602765   11.602765  594.740906
   52.389210   12.287306   12.287306  594.740967
   53.074821   13.010942   13.010942  594.740906
   53.799583   13.775904   13.775904  594.740967
   54.565742   14.584559   14.584559  594.740967
   55.375656   15.439399   15.439399  594.741028
   56.231827   16.343056   16.343056  594.740967
   57.136898   17.298328   17.298328  594.740906
   58.093651   18.308149   18.308149  594.740967
   59.105049   19.375648   19.375648  594.740906
   60.174225   20.504114   20.504114  594.740906
   61.304447   21.697027   21.697027  594.740967
   62.499226   22.958075   22.958075  594.740967
  BLADE PROFILES IN CARTESIAN COORDINATES (2D) BEFORE   PROJECTION, SCALING, MESHING AND STACKING 
  VARIABLES = "X", "YSS", "YPS" 
  BLADE           1  SECTION           3
    0.000000   -0.003986   -0.003986
    0.000062   -0.001656   -0.006800
    0.000249    0.000728   -0.009679
    0.000561    0.003003   -0.012662
    0.000997    0.005229   -0.015677
    0.001557    0.007313   -0.018462
    0.002241    0.009280   -0.020959
    0.003050    0.011260   -0.023337
    0.003982    0.013221   -0.025603
    0.005038    0.015181   -0.027775
    0.006218    0.017142   -0.029786
    0.007520    0.019122   -0.031693
    0.008945    0.021111   -0.033532
    0.010493    0.023122   -0.035348
    0.012162    0.025134   -0.037206
    0.013954    0.027132   -0.039152
    0.015866    0.029118   -0.041177
    0.017899    0.031043   -0.043290
    0.020052    0.032873   -0.045486
    0.022325    0.034577   -0.047760
    0.024716    0.036123   -0.050107
    0.027226    0.037506   -0.052527
    0.029854    0.038773   -0.055014
    0.032600    0.039995   -0.057564
    0.035461    0.041231   -0.060174
    0.038439    0.042490   -0.062838
    0.041531    0.043771   -0.065555
    0.044738    0.045073   -0.068318
    0.048058    0.046394   -0.071124
    0.051491    0.047735   -0.073968
    0.055036    0.049094   -0.076848
    0.058691    0.050468   -0.079757
    0.062456    0.051853   -0.082699
    0.066331    0.053264   -0.085682
    0.070314    0.054691   -0.088658
    0.074403    0.056135   -0.091648
    0.078599    0.057594   -0.094642
    0.082900    0.059068   -0.097639
    0.087305    0.060557   -0.100637
    0.091812    0.062061   -0.103630
    0.096421    0.063579   -0.106616
    0.101131    0.065110   -0.109588
    0.105941    0.066654   -0.112544
    0.110848    0.068205   -0.115479
    0.115853    0.069777   -0.118389
    0.120953    0.071363   -0.121276
    0.126148    0.072963   -0.124161
    0.131435    0.074576   -0.126965
    0.136815    0.076204   -0.129722
    0.142285    0.077844   -0.132432
    0.147845    0.079491   -0.135093
    0.153492    0.081159   -0.137699
    0.159225    0.082841   -0.140248
    0.165044    0.084537   -0.142747
    0.170946    0.086247   -0.145208
    0.176930    0.087972   -0.147559
    0.182994    0.089707   -0.149821
    0.189138    0.091461   -0.152006
    0.195358    0.093231   -0.154111
    0.201655    0.095016   -0.156132
    0.208026    0.096816   -0.158082
    0.214470    0.098630   -0.159968
    0.220986    0.100463   -0.161716
    0.227570    0.102312   -0.163346
    0.234223    0.104178   -0.164876
    0.240941    0.106061   -0.166302
    0.247725    0.107962   -0.167623
    0.254571    0.109881   -0.168848
    0.261478    0.111817   -0.169998
    0.268445    0.113772   -0.170965
    0.275470    0.115748   -0.171806
    0.282550    0.117741   -0.172527
    0.289685    0.119753   -0.173126
    0.296872    0.121785   -0.173618
    0.304110    0.123838   -0.174017
    0.311396    0.125914   -0.174223
    0.318730    0.128007   -0.174282
    0.326109    0.130120   -0.174209
    0.333531    0.132256   -0.174001
    0.340994    0.134417   -0.173677
    0.348497    0.136596   -0.173247
    0.356038    0.138795   -0.172618
    0.363615    0.141018   -0.171827
    0.371226    0.143268   -0.170894
    0.378869    0.145536   -0.169818
    0.386542    0.147825   -0.168599
    0.394243    0.150137   -0.167248
    0.401971    0.152473   -0.165799
    0.409723    0.154839   -0.164117
    0.417498    0.157220   -0.162286
    0.425293    0.159624   -0.160308
    0.433107    0.162051   -0.158183
    0.440937    0.164500   -0.155932
    0.448783    0.166976   -0.153564
    0.456641    0.169480   -0.150997
    0.464509    0.172000   -0.148262
    0.472387    0.174541   -0.145376
    0.480272    0.177105   -0.142344
    0.488161    0.179691   -0.139168
    0.496053    0.182300   -0.135846
    0.503947    0.184934   -0.132402
    0.511839    0.187596   -0.128846
    0.519729    0.190270   -0.125096
    0.527613    0.192965   -0.121201
    0.535491    0.195681   -0.117155
    0.543360    0.198416   -0.112972
    0.551217    0.201171   -0.108654
    0.559063    0.203946   -0.104204
    0.566893    0.206739   -0.099622
    0.574707    0.209550   -0.094911
    0.582502    0.212381   -0.090074
    0.590277    0.215228   -0.085112
    0.598029    0.218092   -0.080044
    0.605757    0.220971   -0.074892
    0.613458    0.223869   -0.069571
    0.621131    0.226787   -0.064137
    0.628774    0.229710   -0.058592
    0.636385    0.232645   -0.052938
    0.643962    0.235592   -0.047176
    0.651503    0.238550   -0.041314
    0.659006    0.241519   -0.035356
    0.666469    0.244497   -0.029304
    0.673891    0.247483   -0.023163
    0.681270    0.250476   -0.016936
    0.688604    0.253476   -0.010627
    0.695890    0.256482   -0.004240
    0.703128    0.259491    0.002220
    0.710315    0.262504    0.008750
    0.717450    0.265519    0.015345
    0.724530    0.268535    0.022002
    0.731555    0.271547    0.028715
    0.738522    0.274553    0.035480
    0.745429    0.277565    0.042293
    0.752275    0.280573    0.049149
    0.759059    0.283576    0.056044
    0.765777    0.286572    0.062973
    0.772430    0.289561    0.069930
    0.779015    0.292541    0.076912
    0.785530    0.295511    0.083917
    0.791974    0.298469    0.090936
    0.798345    0.301415    0.097965
    0.804642    0.304347    0.104999
    0.810863    0.307264    0.112033
    0.817006    0.310163    0.119062
    0.823070    0.313044    0.126081
    0.829054    0.315905    0.133085
    0.834956    0.318746    0.140084
    0.840775    0.321563    0.147064
    0.846508    0.324357    0.153992
    0.852155    0.327125    0.160885
    0.857715    0.329867    0.167738
    0.863185    0.332577    0.174546
    0.868565    0.335257    0.181304
    0.873852    0.337910    0.188008
    0.879047    0.340531    0.194653
    0.884147    0.343118    0.201233
    0.889152    0.345670    0.207746
    0.894059    0.348186    0.214186
    0.898869    0.350664    0.220548
    0.903579    0.353103    0.226826
    0.908188    0.355501    0.233016
    0.912695    0.357858    0.239113
    0.917100    0.360171    0.245113
    0.921401    0.362440    0.251012
    0.925597    0.364663    0.256805
    0.929686    0.366840    0.262487
    0.933669    0.368968    0.268067
    0.937544    0.371046    0.273521
    0.941309    0.373075    0.278847
    0.944965    0.375051    0.284047
    0.948509    0.376974    0.289116
    0.951942    0.378844    0.294051
    0.955262    0.380658    0.298849
    0.958469    0.382416    0.303506
    0.961561    0.384117    0.308017
    0.964539    0.385759    0.312380
    0.967400    0.387344    0.316591
    0.970146    0.388821    0.320647
    0.972774    0.389893    0.324545
    0.975284    0.390479    0.328282
    0.977675    0.390742    0.331853
    0.979948    0.390767    0.335256
    0.982101    0.390606    0.338494
    0.984134    0.390288    0.341561
    0.986046    0.389833    0.344453
    0.987838    0.389251    0.347169
    0.989507    0.388552    0.349706
    0.991055    0.387740    0.352063
    0.992480    0.386819    0.354239
    0.993782    0.385846    0.356231
    0.994962    0.384728    0.358037
    0.996018    0.383440    0.359657
    0.996950    0.382124    0.361090
    0.997759    0.380728    0.362416
    0.998443    0.379264    0.363608
    0.999003    0.377757    0.365052
    0.999439    0.376145    0.366538
    0.999751    0.374475    0.367972
    0.999938    0.372732    0.369578
    1.000000    0.371969    0.371969
  BLADE PROFILES IN CARTESIAN COORDINATES (3D) 
  VARIABLES = "X", "YSS", "YPS" "R" 
  BLADE           1  SECTION           3
  -25.037737   -1.973705   -1.973705  595.183899
  -22.162565   -2.799509   -2.799509  595.185181
  -19.599056   -3.535803   -3.535803  595.186523
  -17.313416   -4.192287   -4.192287  595.187805
  -15.275535   -4.777612   -4.777612  595.189087
  -13.458553   -5.299493   -5.299493  595.190552
  -11.838523   -5.764805   -5.764805  595.191650
  -10.394101   -6.179680   -6.179680  595.192810
   -9.106251   -6.549586   -6.549586  595.194031
   -7.957997   -6.879398   -6.879398  595.195068
   -6.934211   -7.173460   -7.173460  595.196106
   -6.021399   -7.435647   -7.435647  595.197083
   -5.207531   -7.669414   -7.669414  595.197876
   -4.481885   -7.877841   -7.877841  595.198669
   -3.834901   -8.063679   -8.063679  595.199341
   -3.258043   -8.229371   -8.229371  595.200012
   -2.743715   -8.377103   -8.377103  595.200623
   -2.285140   -8.508821   -8.508821  595.201172
   -1.876271   -8.626265   -8.626265  595.201721
   -1.511725   -8.730974   -8.730974  595.202148
   -1.186690   -8.824334   -8.824334  595.202393
   -0.896893   -8.907576   -8.907576  595.202820
   -0.638507   -8.981794   -8.981794  595.203247
   -0.408128   -9.047966   -9.047966  595.203491
   -0.202723   -9.106968   -9.106968  595.203796
   -0.019580   -9.159573   -9.159573  595.203979
    0.163562   -8.229907  -10.103362  595.204407
    0.355049   -7.904733  -10.442653  595.204712
    0.555652   -7.640781  -10.684117  595.205139
    0.766141   -7.410294  -10.910930  595.205627
    0.987289   -7.211434  -11.138664  595.206116
    1.219857   -7.050055  -11.368984  595.206604
    1.464624   -6.923492  -11.602818  595.207275
    1.722350   -6.809976  -11.840666  595.207947
    1.993810   -6.695666  -12.082782  595.208496
    2.279776   -6.579540  -12.329267  595.209106
    2.581003   -6.461342  -12.580088  595.209961
    2.898281   -6.340946  -12.835091  595.210693
    3.232365   -6.218377  -13.095213  595.211426
    3.584027   -6.092379  -13.358178  595.212402
    3.953865   -5.963412  -13.623345  595.213257
    4.341962   -5.831463  -13.890121  595.214233
    4.749233   -5.696260  -14.158124  595.215393
    5.176684   -5.557574  -14.426722  595.216309
    5.625445   -5.415500  -14.695193  595.217590
    6.096750   -5.268642  -14.963571  595.218689
    6.591955   -5.117118  -15.230342  595.220154
    7.112250   -4.960574  -15.491747  595.221436
    7.658632   -4.798978  -15.748366  595.222900
    8.232920   -4.631044  -15.999429  595.224487
    8.837174   -4.456418  -16.244087  595.226257
    9.473666   -4.274548  -16.475384  595.228027
   10.144900   -4.084064  -16.694803  595.229919
   10.853592   -3.884353  -16.902554  595.231873
   11.608327   -3.672397  -17.088655  595.234009
   12.419982   -3.444947  -17.254818  595.236328
   13.289450   -3.201177  -17.397703  595.238953
   14.216083   -2.940496  -17.500834  595.241638
   15.197629   -2.662827  -17.566624  595.244507
   16.230303   -2.368038  -17.577354  595.247742
   17.308737   -2.056455  -17.535143  595.251099
   18.415491   -1.732219  -17.428257  595.254272
   19.532846   -1.399506  -17.259115  595.257751
   20.654797   -1.058901  -17.031324  595.261169
   21.776409   -0.712085  -16.739063  595.264587
   22.893923   -0.358576  -16.392744  595.268188
   24.004637    0.000000  -15.984483  595.271423
   25.107010    0.364105  -15.523695  595.274902
   26.208477    0.736952  -15.009630  595.278137
   27.314024    1.119576  -14.432734  595.281555
   28.422722    1.512641  -13.798155  595.284790
   29.533150    1.916214  -13.106713  595.287903
   30.643316    2.329953  -12.363010  595.291138
   31.750605    2.753360  -11.562253  595.294556
   32.851940    3.184574  -10.710519  595.297485
   33.937477    3.620191   -9.818030  595.300537
   35.001129    4.057464   -8.892734  595.303528
   36.040001    4.494738   -7.940627  595.306152
   37.051754    4.929822   -6.967607  595.309082
   38.034588    5.362584   -5.979299  595.311401
   38.987270    5.791098   -4.980894  595.313782
   39.909184    6.214390   -3.976589  595.316040
   40.803658    6.633384   -2.966785  595.318237
   41.671574    7.047755   -1.953242  595.320251
   42.512947    7.456876   -0.938834  595.322083
   43.327801    7.859825    0.071361  595.323730
   44.116100    8.256561    1.075864  595.325439
   44.877850    8.646301    2.072316  595.326965
   45.613079    9.028377    3.057729  595.328430
   46.321735    9.402205    4.029444  595.329895
   47.003887    9.767224    4.985852  595.331055
   47.659473   10.122856    5.922915  595.332214
   48.288517   10.468672    6.839493  595.333252
   48.891029   10.691698    7.733138  595.334290
   49.466984   10.593726    8.601828  595.335205
   50.016418    9.753040    9.752486  595.335999
   50.565838   10.332081   10.331804  595.336426
   51.146641   10.944487   10.944487  595.336975
   51.760605   11.591870   11.591870  595.337646
   52.409649   12.276229   12.276229  595.338196
   53.095749   12.999674   12.999674  595.338928
   53.821041   13.764438   13.764438  595.339783
   54.587746   14.572878   14.572878  595.340698
   55.398239   15.427497   15.427497  595.341797
   56.255035   16.330929   16.330929  595.342957
   57.160759   17.285959   17.285959  595.344421
   58.118217   18.295547   18.295547  595.345886
   59.130356   19.362799   19.362799  595.347900
   60.200275   20.491005   20.491005  595.349915
   61.331310   21.683664   21.683664  595.352295
   62.526955   22.944454   22.944454  595.354980
  BLADE PROFILES IN CARTESIAN COORDINATES (2D) BEFORE   PROJECTION, SCALING, MESHING AND STACKING 
  VARIABLES = "X", "YSS", "YPS" 
  BLADE           2  SECTION           1
    0.000000    0.003890    0.003890
    0.000062    0.008874    0.001287
    0.000249    0.013274   -0.001900
    0.000561    0.017392   -0.004790
    0.000997    0.020136   -0.007425
    0.001557    0.022710   -0.009908
    0.002241    0.025184   -0.012117
    0.003050    0.027558   -0.014211
    0.003982    0.029833   -0.016268
    0.005038    0.032000   -0.018289
    0.006218    0.034018   -0.020333
    0.007520    0.035942   -0.022367
    0.008945    0.037833   -0.024451
    0.010493    0.039747   -0.026557
    0.012162    0.041727   -0.028658
    0.013954    0.043786   -0.030791
    0.015866    0.045910   -0.032929
    0.017899    0.048100   -0.035016
    0.020052    0.050353   -0.036983
    0.022325    0.052665   -0.038835
    0.024716    0.055048   -0.040498
    0.027226    0.057480   -0.041950
    0.029854    0.059939   -0.043220
    0.032600    0.062440   -0.044391
    0.035461    0.064976   -0.045537
    0.038439    0.067546   -0.046680
    0.041531    0.070144   -0.047836
    0.044738    0.072760   -0.048989
    0.048058    0.075396   -0.050140
    0.051491    0.078048   -0.051286
    0.055036    0.080712   -0.052428
    0.058691    0.083385   -0.053564
    0.062456    0.086063   -0.054696
    0.066331    0.088742   -0.055817
    0.070314    0.091431   -0.056928
    0.074403    0.094126   -0.058047
    0.078599    0.096785   -0.059161
    0.082900    0.099430   -0.060271
    0.087305    0.102055   -0.061378
    0.091812    0.104651   -0.062480
    0.096421    0.107221   -0.063577
    0.101131    0.109762   -0.064671
    0.105941    0.112270   -0.065758
    0.110848    0.114741   -0.066839
    0.115853    0.117190   -0.067928
    0.120953    0.119607   -0.069016
    0.126148    0.121950   -0.070104
    0.131435    0.124243   -0.071193
    0.136815    0.126473   -0.072281
    0.142285    0.128641   -0.073370
    0.147845    0.130749   -0.074459
    0.153492    0.132793   -0.075558
    0.159225    0.134771   -0.076662
    0.165044    0.136695   -0.077771
    0.170946    0.138565   -0.078887
    0.176930    0.140325   -0.080010
    0.182994    0.141996   -0.081140
    0.189138    0.143578   -0.082283
    0.195358    0.145074   -0.083436
    0.201655    0.146484   -0.084601
    0.208026    0.147803   -0.085780
    0.214470    0.149043   -0.086972
    0.220986    0.150216   -0.088181
    0.227570    0.151246   -0.089405
    0.234223    0.152159   -0.090646
    0.240941    0.152969   -0.091906
    0.247725    0.153674   -0.093187
    0.254571    0.154272   -0.094490
    0.261478    0.154777   -0.095813
    0.268445    0.155198   -0.097157
    0.275470    0.155460   -0.098526
    0.282550    0.155587   -0.099922
    0.289685    0.155598   -0.101348
    0.296872    0.155489   -0.102795
    0.304110    0.155261   -0.104270
    0.311396    0.154928   -0.105773
    0.318730    0.154500   -0.107310
    0.326109    0.153902   -0.108884
    0.333531    0.153156   -0.110481
    0.340994    0.152284   -0.112110
    0.348497    0.151283   -0.113772
    0.356038    0.150154   -0.115470
    0.363615    0.148917   -0.117207
    0.371226    0.147571   -0.118986
    0.378869    0.146051   -0.120790
    0.386542    0.144390   -0.122632
    0.394243    0.142586   -0.124510
    0.401971    0.140650   -0.126428
    0.409723    0.138582   -0.128390
    0.417498    0.136381   -0.130400
    0.425293    0.134070   -0.132437
    0.433107    0.131648   -0.134513
    0.440937    0.129050   -0.136629
    0.448783    0.126321   -0.138786
    0.456641    0.123446   -0.140983
    0.464509    0.120438   -0.143225
    0.472387    0.117301   -0.145512
    0.480272    0.114035   -0.147850
    0.488161    0.110641   -0.150215
    0.496053    0.107120   -0.152621
    0.503947    0.103495   -0.155069
    0.511839    0.099765   -0.157557
    0.519729    0.095870   -0.160086
    0.527613    0.091853   -0.162656
    0.535491    0.087716   -0.165266
    0.543360    0.083457   -0.167916
    0.551217    0.079075   -0.170606
    0.559063    0.074580   -0.173337
    0.566893    0.069972   -0.176107
    0.574707    0.065255   -0.178915
    0.582502    0.060429   -0.181760
    0.590277    0.055498   -0.184642
    0.598029    0.050465   -0.187559
    0.605757    0.045331   -0.190512
    0.613458    0.040099   -0.193507
    0.621131    0.034773   -0.196542
    0.628774    0.029354   -0.199596
    0.636385    0.023846   -0.202680
    0.643962    0.018253   -0.205795
    0.651503    0.012576   -0.208940
    0.659006    0.006820   -0.212112
    0.666469    0.000988   -0.215311
    0.673891   -0.004898   -0.218536
    0.681270   -0.010840   -0.221785
    0.688604   -0.016881   -0.225057
    0.695890   -0.022985   -0.228351
    0.703128   -0.029147   -0.231657
    0.710315   -0.035363   -0.234976
    0.717450   -0.041631   -0.238325
    0.724530   -0.047945   -0.241690
    0.731555   -0.054321   -0.245068
    0.738522   -0.060744   -0.248459
    0.745429   -0.067175   -0.251860
    0.752275   -0.073637   -0.255270
    0.759059   -0.080126   -0.258686
    0.765777   -0.086637   -0.262108
    0.772430   -0.093166   -0.265533
    0.779015   -0.099710   -0.268960
    0.785530   -0.106263   -0.272387
    0.791974   -0.112822   -0.275811
    0.798345   -0.119383   -0.279230
    0.804642   -0.125940   -0.282644
    0.810863   -0.132490   -0.286050
    0.817006   -0.139028   -0.289445
    0.823070   -0.145550   -0.292830
    0.829054   -0.152052   -0.296200
    0.834956   -0.158529   -0.299554
    0.840775   -0.164976   -0.302891
    0.846508   -0.171390   -0.306207
    0.852155   -0.177768   -0.309500
    0.857715   -0.184104   -0.312770
    0.863185   -0.190393   -0.316013
    0.868565   -0.196631   -0.319229
    0.873852   -0.202814   -0.322413
    0.879047   -0.208938   -0.325566
    0.884147   -0.214998   -0.328684
    0.889152   -0.220989   -0.331766
    0.894059   -0.226909   -0.334809
    0.898869   -0.232753   -0.337812
    0.903579   -0.238516   -0.340773
    0.908188   -0.244195   -0.343690
    0.912695   -0.249786   -0.346560
    0.917100   -0.255284   -0.349382
    0.921401   -0.260687   -0.352154
    0.925597   -0.265990   -0.354875
    0.929686   -0.271189   -0.357541
    0.933669   -0.276281   -0.360152
    0.937544   -0.281263   -0.362706
    0.941309   -0.286130   -0.365201
    0.944965   -0.290879   -0.367635
    0.948509   -0.295507   -0.370008
    0.951942   -0.300011   -0.372316
    0.955262   -0.304387   -0.374558
    0.958469   -0.308633   -0.376733
    0.961561   -0.312745   -0.378839
    0.964539   -0.316720   -0.380874
    0.967400   -0.320555   -0.382839
    0.970146   -0.324248   -0.384733
    0.972774   -0.327797   -0.386452
    0.975284   -0.331198   -0.387580
    0.977675   -0.334448   -0.388208
    0.979948   -0.337547   -0.388517
    0.982101   -0.340491   -0.388581
    0.984134   -0.343275   -0.388446
    0.986046   -0.345903   -0.388139
    0.987838   -0.348372   -0.387682
    0.989507   -0.350676   -0.387087
    0.991055   -0.352817   -0.386366
    0.992480   -0.354793   -0.385529
    0.993782   -0.356601   -0.384610
    0.994962   -0.358242   -0.383558
    0.996018   -0.359712   -0.382396
    0.996950   -0.361033   -0.381174
    0.997759   -0.362267   -0.379844
    0.998443   -0.363588   -0.378439
    0.999003   -0.364898   -0.376968
    0.999439   -0.366381   -0.375441
    0.999751   -0.367974   -0.373860
    0.999938   -0.369696   -0.372175
    1.000000   -0.370796   -0.370796
  BLADE PROFILES IN CARTESIAN COORDINATES (3D) 
  VARIABLES = "X", "YSS", "YPS" "R" 
  BLADE           2  SECTION           1
   52.466114   -7.197290   -7.197290  594.143738
   53.633308   -6.859629   -6.859629  594.142456
   54.679775   -6.556896   -6.556896  594.141113
   55.617989   -6.285479   -6.285479  594.139832
   56.459148   -6.042136   -6.042136  594.138550
   57.213299   -5.823966   -5.823966  594.137451
   57.889420   -5.628363   -5.628363  594.136292
   58.495613   -5.452995   -5.452995  594.135193
   59.039112   -5.295766   -5.295766  594.134277
   59.526363   -5.154803   -5.154803  594.133179
   59.963234   -5.028420   -5.028420  594.132507
   60.354904   -4.915112   -4.915112  594.131592
   60.706059   -4.813525   -4.813525  594.130920
   61.020893   -4.722446   -4.722446  594.130188
   61.303154   -4.640789   -4.640789  594.129639
   61.556217   -4.567578   -4.567578  594.129150
   61.783104   -4.501941   -4.501941  594.128540
   61.986526   -4.443094   -4.443094  594.128113
   62.168896   -4.390333   -4.390333  594.127686
   62.332397   -4.343030   -4.343030  594.127319
   62.479000   -4.300622   -4.300622  594.127014
   62.625603   -3.404161   -5.193944  594.126526
   62.778862   -3.131717   -5.463249  594.126160
   62.939442   -2.929467   -5.684309  594.125610
   63.107937   -2.737759   -5.881219  594.125183
   63.284950   -2.549753   -6.053103  594.124695
   63.471100   -2.362514   -6.192784  594.124084
   63.667030   -2.175832   -6.296967  594.123535
   63.873322   -1.989753   -6.383032  594.122864
   64.090622   -1.803166   -6.466138  594.122192
   64.319504   -1.616252   -6.548555  594.121399
   64.560646   -1.428734   -6.629828  594.120544
   64.814606   -1.240551   -6.710110  594.119751
   65.082016   -1.051914   -6.789618  594.118835
   65.363510   -0.861987   -6.868270  594.117859
   65.659538   -0.672738   -6.947385  594.116943
   65.970192   -0.485124   -7.026291  594.115723
   66.296204   -0.299594   -7.105228  594.114502
   66.638344   -0.116051   -7.184302  594.113220
   66.997551    0.065157   -7.263648  594.111938
   67.374809    0.244701   -7.344432  594.110229
   67.771202    0.418584   -7.426470  594.108826
   68.187637    0.586744   -7.509933  594.107178
   68.625000    0.748641   -7.595301  594.105347
   69.084694    0.903973   -7.683393  594.103394
   69.568367    1.051734   -7.774491  594.101196
   70.077850    1.186983   -7.869335  594.099121
   70.615135    1.310192   -7.968842  594.096558
   71.182404    1.421020   -8.073833  594.093994
   71.786522    1.515195   -8.186215  594.091125
   72.436195    1.588809   -8.308434  594.088135
   73.132179    1.641122   -8.441689  594.084839
   73.873901    1.662650   -8.587085  594.081238
   74.659561    1.648949   -8.745747  594.077026
   75.486145    1.599361   -8.918898  594.072815
   76.349396    1.501795   -9.106779  594.068176
   77.235283    1.361339   -9.308817  594.063599
   78.129669    1.174537   -9.522205  594.058594
   79.027718    0.942178   -9.747472  594.053650
   79.925499    0.670624   -9.983861  594.048767
   80.819992    0.355113  -10.230822  594.043701
   81.709068    0.000000  -10.489560  594.038635
   82.591446   -0.391331  -10.758048  594.033569
   83.473114   -0.820071  -11.039145  594.028564
   84.358025   -1.291548  -11.334607  594.023438
   85.245483   -1.803957  -11.644920  594.018311
   86.134331   -2.355752  -11.969926  594.013184
   87.022926   -2.945791  -12.309620  594.008118
   87.909248   -3.572310  -12.663593  594.002991
   88.790802   -4.232856  -13.029935  593.997925
   89.659737   -4.918569  -13.405828  593.992981
   90.511131   -5.626478  -13.788470  593.988159
   91.342697   -6.351254  -14.175689  593.983521
   92.152519   -7.090221  -14.566959  593.979065
   92.939240   -7.835358  -14.959946  593.974731
   93.701797   -8.585128  -15.353134  593.970520
   94.439720   -9.336238  -15.745210  593.966675
   95.155701  -10.088955  -16.136621  593.962830
   95.850426  -10.841806  -16.526949  593.959290
   96.523911  -11.592710  -16.915237  593.955750
   97.176140  -12.339846  -17.300613  593.952515
   97.807129  -13.081019  -17.682243  593.949402
   98.416885  -13.814360  -18.059294  593.946472
   99.005379  -14.538058  -18.430960  593.943665
   99.572632  -15.250407  -18.796457  593.941040
  100.118645  -15.949756  -19.155003  593.938416
  100.643394  -16.634520  -19.505930  593.936096
  101.146912  -17.303188  -19.848404  593.933899
  101.629189  -17.954304  -20.115259  593.931824
  102.090210  -18.586323  -20.079317  593.929749
  102.529999  -19.418941  -19.419279  593.927979
  102.969788  -19.882954  -19.883120  593.926941
  103.444542  -20.383696  -20.383696  593.925903
  103.957085  -20.924271  -20.924271  593.924683
  104.510399  -21.507854  -21.507854  593.923523
  105.107735  -22.137859  -22.137859  593.922241
  105.752579  -22.817986  -22.817986  593.920898
  106.448723  -23.552214  -23.552214  593.919495
  107.200241  -24.344851  -24.344851  593.918091
  108.011559  -25.200546  -25.200546  593.916565
  108.887421  -26.124311  -26.124311  593.914978
  109.832947  -27.121569  -27.121569  593.913452
  110.853676  -28.198153  -28.198153  593.911804
  111.955643  -29.360392  -29.360392  593.910034
  113.145264  -30.615086  -30.615086  593.908447
  114.429489  -31.969599  -31.969599  593.906738
  115.815918  -33.431866  -33.431866  593.905029
  117.312607  -35.010460  -35.010460  593.903503
  118.928383  -36.714653  -36.714653  593.901855
  120.672684  -38.554417  -38.554417  593.900330
  122.555779  -40.540554  -40.540554  593.898987
  BLADE PROFILES IN CARTESIAN COORDINATES (2D) BEFORE   PROJECTION, SCALING, MESHING AND STACKING 
  VARIABLES = "X", "YSS", "YPS" 
  BLADE           2  SECTION           2
    0.000000    0.003929    0.003929
    0.000062    0.008711    0.001184
    0.000249    0.013114   -0.001948
    0.000561    0.017332   -0.004842
    0.000997    0.020044   -0.007477
    0.001557    0.022643   -0.009949
    0.002241    0.025133   -0.012157
    0.003050    0.027520   -0.014257
    0.003982    0.029812   -0.016312
    0.005038    0.032014   -0.018329
    0.006218    0.034001   -0.020375
    0.007520    0.035925   -0.022413
    0.008945    0.037820   -0.024503
    0.010493    0.039732   -0.026616
    0.012162    0.041711   -0.028721
    0.013954    0.043768   -0.030860
    0.015866    0.045887   -0.033004
    0.017899    0.048075   -0.035094
    0.020052    0.050325   -0.037063
    0.022325    0.052653   -0.038914
    0.024716    0.055030   -0.040572
    0.027226    0.057442   -0.042025
    0.029854    0.059897   -0.043297
    0.032600    0.062394   -0.044474
    0.035461    0.064927   -0.045624
    0.038439    0.067492   -0.046775
    0.041531    0.070084   -0.047937
    0.044738    0.072695   -0.049097
    0.048058    0.075326   -0.050254
    0.051491    0.077973   -0.051409
    0.055036    0.080632   -0.052556
    0.058691    0.083300   -0.053700
    0.062456    0.085972   -0.054839
    0.066331    0.088660   -0.055968
    0.070314    0.091354   -0.057087
    0.074403    0.094017   -0.058214
    0.078599    0.096670   -0.059337
    0.082900    0.099308   -0.060455
    0.087305    0.101924   -0.061570
    0.091812    0.104513   -0.062681
    0.096421    0.107076   -0.063787
    0.101131    0.109610   -0.064889
    0.105941    0.112111   -0.065985
    0.110848    0.114575   -0.067076
    0.115853    0.117015   -0.068174
    0.120953    0.119426   -0.069272
    0.126148    0.121761   -0.070369
    0.131435    0.124046   -0.071468
    0.136815    0.126265   -0.072566
    0.142285    0.128425   -0.073664
    0.147845    0.130525   -0.074764
    0.153492    0.132561   -0.075873
    0.159225    0.134530   -0.076987
    0.165044    0.136444   -0.078107
    0.170946    0.138307   -0.079233
    0.176930    0.140059   -0.080366
    0.182994    0.141718   -0.081506
    0.189138    0.143290   -0.082660
    0.195358    0.144778   -0.083824
    0.201655    0.146178   -0.085000
    0.208026    0.147508   -0.086189
    0.214470    0.148761   -0.087392
    0.220986    0.149883   -0.088611
    0.227570    0.150900   -0.089846
    0.234223    0.151803   -0.091098
    0.240941    0.152604   -0.092369
    0.247725    0.153299   -0.093661
    0.254571    0.153888   -0.094976
    0.261478    0.154381   -0.096309
    0.268445    0.154794   -0.097665
    0.275470    0.155043   -0.099044
    0.282550    0.155160   -0.100452
    0.289685    0.155160   -0.101889
    0.296872    0.155042   -0.103347
    0.304110    0.154804   -0.104833
    0.311396    0.154459   -0.106347
    0.318730    0.154022   -0.107896
    0.326109    0.153411   -0.109480
    0.333531    0.152655   -0.111088
    0.340994    0.151772   -0.112728
    0.348497    0.150762   -0.114401
    0.356038    0.149623   -0.116110
    0.363615    0.148374   -0.117858
    0.371226    0.147019   -0.119647
    0.378869    0.145489   -0.121463
    0.386542    0.143814   -0.123315
    0.394243    0.142000   -0.125204
    0.401971    0.140054   -0.127133
    0.409723    0.137976   -0.129106
    0.417498    0.135765   -0.131126
    0.425293    0.133443   -0.133173
    0.433107    0.131011   -0.135260
    0.440937    0.128403   -0.137386
    0.448783    0.125663   -0.139553
    0.456641    0.122775   -0.141761
    0.464509    0.119758   -0.144013
    0.472387    0.116611   -0.146310
    0.480272    0.113335   -0.148658
    0.488161    0.109931   -0.151033
    0.496053    0.106400   -0.153449
    0.503947    0.102764   -0.155906
    0.511839    0.099025   -0.158404
    0.519729    0.095120   -0.160942
    0.527613    0.091093   -0.163521
    0.535491    0.086946   -0.166141
    0.543360    0.082675   -0.168800
    0.551217    0.078284   -0.171500
    0.559063    0.073779   -0.174240
    0.566893    0.069162   -0.177019
    0.574707    0.064434   -0.179835
    0.582502    0.059600   -0.182689
    0.590277    0.054660   -0.185579
    0.598029    0.049617   -0.188506
    0.605757    0.044473   -0.191467
    0.613458    0.039233   -0.194470
    0.621131    0.033897   -0.197514
    0.628774    0.028470   -0.200575
    0.636385    0.022953   -0.203667
    0.643962    0.017351   -0.206790
    0.651503    0.011665   -0.209942
    0.659006    0.005901   -0.213122
    0.666469    0.000079   -0.216329
    0.673891   -0.005802   -0.219561
    0.681270   -0.011785   -0.222817
    0.688604   -0.017835   -0.226097
    0.695890   -0.023946   -0.229397
    0.703128   -0.030116   -0.232710
    0.710315   -0.036341   -0.236036
    0.717450   -0.042616   -0.239392
    0.724530   -0.048938   -0.242763
    0.731555   -0.055303   -0.246148
    0.738522   -0.061726   -0.249545
    0.745429   -0.068191   -0.252952
    0.752275   -0.074660   -0.256368
    0.759059   -0.081156   -0.259790
    0.765777   -0.087674   -0.263218
    0.772430   -0.094210   -0.266649
    0.779015   -0.100761   -0.270081
    0.785530   -0.107321   -0.273513
    0.791974   -0.113887   -0.276942
    0.798345   -0.120454   -0.280367
    0.804642   -0.127018   -0.283786
    0.810863   -0.133574   -0.287197
    0.817006   -0.140118   -0.290597
    0.823070   -0.146646   -0.293986
    0.829054   -0.153154   -0.297361
    0.834956   -0.159637   -0.300720
    0.840775   -0.166090   -0.304060
    0.846508   -0.172509   -0.307381
    0.852155   -0.178892   -0.310679
    0.857715   -0.185234   -0.313953
    0.863185   -0.191528   -0.317200
    0.868565   -0.197772   -0.320419
    0.873852   -0.203960   -0.323608
    0.879047   -0.210088   -0.326764
    0.884147   -0.216153   -0.329885
    0.889152   -0.222149   -0.332971
    0.894059   -0.228073   -0.336017
    0.898869   -0.233921   -0.339024
    0.903579   -0.239689   -0.341988
    0.908188   -0.245372   -0.344907
    0.912695   -0.250967   -0.347781
    0.917100   -0.256470   -0.350606
    0.921401   -0.261876   -0.353381
    0.925597   -0.267183   -0.356104
    0.929686   -0.272386   -0.358773
    0.933669   -0.277482   -0.361387
    0.937544   -0.282467   -0.363943
    0.941309   -0.287337   -0.366440
    0.944965   -0.292090   -0.368877
    0.948509   -0.296721   -0.371251
    0.951942   -0.301228   -0.373561
    0.955262   -0.305607   -0.375805
    0.958469   -0.309855   -0.377982
    0.961561   -0.313970   -0.380090
    0.964539   -0.317948   -0.382127
    0.967400   -0.321786   -0.384094
    0.970146   -0.325481   -0.385989
    0.972774   -0.329032   -0.387709
    0.975284   -0.332434   -0.388835
    0.977675   -0.335687   -0.389463
    0.979948   -0.338787   -0.389772
    0.982101   -0.341733   -0.389838
    0.984134   -0.344520   -0.389703
    0.986046   -0.347149   -0.389396
    0.987838   -0.349619   -0.388939
    0.989507   -0.351925   -0.388344
    0.991055   -0.354067   -0.387623
    0.992480   -0.356044   -0.386786
    0.993782   -0.357853   -0.385868
    0.994962   -0.359495   -0.384815
    0.996018   -0.360967   -0.383652
    0.996950   -0.362289   -0.382430
    0.997759   -0.363523   -0.381101
    0.998443   -0.364844   -0.379696
    0.999003   -0.366154   -0.378225
    0.999439   -0.367639   -0.376697
    0.999751   -0.369231   -0.375116
    0.999938   -0.370953   -0.373425
    1.000000   -0.372057   -0.372057
  BLADE PROFILES IN CARTESIAN COORDINATES (3D) 
  VARIABLES = "X", "YSS", "YPS" "R" 
  BLADE           2  SECTION           2
   52.502575   -7.143143   -7.143143  594.740967
   53.668282   -6.808084   -6.808084  594.741028
   54.713406   -6.507686   -6.507686  594.741028
   55.650394   -6.238360   -6.238360  594.741028
   56.490479   -5.996896   -5.996896  594.740906
   57.243668   -5.780409   -5.780409  594.740906
   57.918919   -5.586316   -5.586316  594.741028
   58.524334   -5.412302   -5.412302  594.740967
   59.067120   -5.256287   -5.256287  594.740967
   59.553768   -5.116413   -5.116413  594.740967
   59.990063   -4.991005   -4.991005  594.741028
   60.381233   -4.878572   -4.878572  594.740967
   60.731941   -4.777768   -4.777768  594.740906
   61.046364   -4.687393   -4.687393  594.741028
   61.328266   -4.606366   -4.606366  594.740906
   61.581005   -4.533720   -4.533720  594.740967
   61.807590   -4.468590   -4.468590  594.740967
   62.010757   -4.410196   -4.410196  594.740967
   62.192894   -4.357844   -4.357844  594.741028
   62.356197   -4.310906   -4.310906  594.740967
   62.502602   -4.268825   -4.268825  594.740906
   62.649010   -3.372984   -5.161168  594.740906
   62.802078   -3.100468   -5.430182  594.740967
   62.962463   -2.898428   -5.651566  594.740967
   63.130730   -2.707248   -5.848732  594.740967
   63.307526   -2.519698   -6.020624  594.741089
   63.493446   -2.332286   -6.159883  594.741028
   63.689106   -2.146814   -6.264050  594.740967
   63.895149   -1.961260   -6.350393  594.741089
   64.112152   -1.775253   -6.433884  594.740906
   64.340752   -1.588972   -6.516674  594.740967
   64.581573   -1.402050   -6.598337  594.740967
   64.835197   -1.214486   -6.678998  594.740906
   65.102280   -1.026090   -6.758932  594.740967
   65.383415   -0.836593   -6.838064  594.741028
   65.679070   -0.648661   -6.917661  594.740967
   65.989326   -0.461853   -6.997073  594.741028
   66.314903   -0.277053   -7.076515  594.740967
   66.656616   -0.094256   -7.156126  594.740967
   67.015373    0.086164   -7.236059  594.740906
   67.392136    0.264940   -7.317441  594.741028
   67.788010    0.438001   -7.400101  594.740967
   68.203957    0.605222   -7.484188  594.740906
   68.640747    0.766270   -7.570240  594.740906
   69.099838    0.920680   -7.659031  594.740967
   69.582909    1.067605   -7.750844  594.740967
   70.091728    1.201806   -7.846446  594.740967
   70.628349    1.324231   -7.946732  594.741028
   71.194878    1.434985   -8.052542  594.741028
   71.798225    1.527014   -8.165757  594.741028
   72.447083    1.599635   -8.288877  594.741028
   73.142181    1.650902   -8.423050  594.740967
   73.882942    1.671239   -8.569423  594.740845
   74.667595    1.656489   -8.729064  594.741028
   75.493134    1.605720   -8.903235  594.740906
   76.355309    1.507099   -9.092122  594.740906
   77.240044    1.365626   -9.295179  594.741028
   78.133293    1.177757   -9.509526  594.741028
   79.030205    0.944539   -9.735750  594.740906
   79.926857    0.672170   -9.973012  594.741028
   80.820236    0.355787  -10.220836  594.740906
   81.708138    0.000000  -10.480367  594.741028
   82.589409   -0.391981  -10.749604  594.740967
   83.469948   -0.821250  -11.031409  594.741028
   84.353745   -1.293312  -11.327547  594.740967
   85.240089   -1.806153  -11.638502  594.741028
   86.127792   -2.358331  -11.964096  594.741028
   87.015266   -2.948691  -12.304349  594.741028
   87.900467   -3.575470  -12.658817  594.740906
   88.780884   -4.236266  -13.025621  594.740967
   89.648705   -4.921596  -13.401929  594.740967
   90.499008   -5.630075  -13.784940  594.740906
   91.329521   -6.354930  -14.172488  594.740967
   92.138329   -7.093098  -14.564038  594.740906
   92.924034   -7.838899  -14.957263  594.740967
   93.685638   -8.588562  -15.350654  594.740967
   94.422630   -9.339530  -15.742896  594.740845
   95.137703  -10.092063  -16.134438  594.740906
   95.831520  -10.844700  -16.524858  594.740906
   96.504150  -11.595360  -16.913219  594.740906
   97.155548  -12.342228  -17.298645  594.741028
   97.785751  -13.083116  -17.680296  594.740967
   98.394699  -13.816150  -18.057346  594.740906
   98.982468  -14.539529  -18.428997  594.741028
   99.548996  -15.251544  -18.794456  594.740967
  100.094299  -15.950543  -19.152946  594.740967
  100.618416  -16.634960  -19.503813  594.740967
  101.121277  -17.303267  -19.846205  594.741028
  101.602936  -17.954014  -20.112860  594.740967
  102.063370  -18.585678  -20.077084  594.740967
  102.502602  -19.417751  -19.418087  594.740967
  102.941803  -19.881500  -19.881668  594.740967
  103.415977  -20.381960  -20.381960  594.740906
  103.927841  -20.922234  -20.922234  594.741028
  104.480461  -21.505487  -21.505487  594.740967
  105.077011  -22.135141  -22.135141  594.740967
  105.721031  -22.814877  -22.814877  594.740967
  106.416298  -23.548697  -23.548697  594.740967
  107.166862  -24.340893  -24.340893  594.740967
  107.977127  -25.196104  -25.196104  594.740967
  108.851837  -26.119347  -26.119347  594.741028
  109.796158  -27.116041  -27.116041  594.741028
  110.815598  -28.192024  -28.192024  594.740967
  111.916145  -29.353600  -29.353600  594.740967
  113.104233  -30.607580  -30.607580  594.740967
  114.386803  -31.961315  -31.961315  594.741028
  115.771439  -33.422745  -33.422745  594.740967
  117.266205  -35.000431  -35.000431  594.740967
  118.879906  -36.703636  -36.703636  594.740906
  120.621994  -38.542324  -38.542324  594.741028
  122.502617  -40.527275  -40.527275  594.740967
  BLADE PROFILES IN CARTESIAN COORDINATES (2D) BEFORE   PROJECTION, SCALING, MESHING AND STACKING 
  VARIABLES = "X", "YSS", "YPS" 
  BLADE           2  SECTION           3
    0.000000    0.003968    0.003968
    0.000062    0.008564    0.001108
    0.000249    0.012963   -0.001999
    0.000561    0.017178   -0.004897
    0.000997    0.019955   -0.007530
    0.001557    0.022576   -0.009973
    0.002241    0.025084   -0.012195
    0.003050    0.027483   -0.014303
    0.003982    0.029784   -0.016349
    0.005038    0.031980   -0.018370
    0.006218    0.033978   -0.020417
    0.007520    0.035909   -0.022460
    0.008945    0.037806   -0.024554
    0.010493    0.039717   -0.026671
    0.012162    0.041695   -0.028784
    0.013954    0.043748   -0.030930
    0.015866    0.045864   -0.033079
    0.017899    0.048049   -0.035173
    0.020052    0.050297   -0.037144
    0.022325    0.052621   -0.038989
    0.024716    0.054996   -0.040646
    0.027226    0.057404   -0.042099
    0.029854    0.059856   -0.043374
    0.032600    0.062348   -0.044546
    0.035461    0.064877   -0.045701
    0.038439    0.067438   -0.046870
    0.041531    0.070024   -0.048039
    0.044738    0.072630   -0.049205
    0.048058    0.075256   -0.050370
    0.051491    0.077898   -0.051530
    0.055036    0.080552   -0.052685
    0.058691    0.083214   -0.053836
    0.062456    0.085880   -0.054983
    0.066331    0.088563   -0.056119
    0.070314    0.091251   -0.057246
    0.074403    0.093908   -0.058382
    0.078599    0.096554   -0.059513
    0.082900    0.099186   -0.060640
    0.087305    0.101794   -0.061763
    0.091812    0.104376   -0.062882
    0.096421    0.106932   -0.063996
    0.101131    0.109459   -0.065104
    0.105941    0.111952   -0.066204
    0.110848    0.114409   -0.067313
    0.115853    0.116841   -0.068421
    0.120953    0.119245   -0.069528
    0.126148    0.121573   -0.070635
    0.131435    0.123848   -0.071743
    0.136815    0.126058   -0.072851
    0.142285    0.128210   -0.073959
    0.147845    0.130301   -0.075068
    0.153492    0.132329   -0.076188
    0.159225    0.134290   -0.077312
    0.165044    0.136194   -0.078442
    0.170946    0.138050   -0.079578
    0.176930    0.139793   -0.080721
    0.182994    0.141439   -0.081873
    0.189138    0.143003   -0.083037
    0.195358    0.144482   -0.084212
    0.201655    0.145873   -0.085398
    0.208026    0.147192   -0.086598
    0.214470    0.148437   -0.087812
    0.220986    0.149550   -0.089042
    0.227570    0.150554   -0.090288
    0.234223    0.151448   -0.091551
    0.240941    0.152239   -0.092833
    0.247725    0.152925   -0.094139
    0.254571    0.153524   -0.095461
    0.261478    0.154032   -0.096806
    0.268445    0.154391   -0.098172
    0.275470    0.154625   -0.099563
    0.282550    0.154733   -0.100982
    0.289685    0.154723   -0.102430
    0.296872    0.154595   -0.103899
    0.304110    0.154347   -0.105396
    0.311396    0.153991   -0.106921
    0.318730    0.153546   -0.108481
    0.326109    0.152920   -0.110077
    0.333531    0.152154   -0.111695
    0.340994    0.151262   -0.113346
    0.348497    0.150241   -0.115030
    0.356038    0.149092   -0.116752
    0.363615    0.147831   -0.118519
    0.371226    0.146468   -0.120309
    0.378869    0.144928   -0.122135
    0.386542    0.143239   -0.123998
    0.394243    0.141414   -0.125898
    0.401971    0.139458   -0.127838
    0.409723    0.137370   -0.129822
    0.417498    0.135149   -0.131852
    0.425293    0.132815   -0.133910
    0.433107    0.130374   -0.136006
    0.440937    0.127756   -0.138143
    0.448783    0.125003   -0.140320
    0.456641    0.122105   -0.142539
    0.464509    0.119078   -0.144801
    0.472387    0.115920   -0.147108
    0.480272    0.112634   -0.149466
    0.488161    0.109220   -0.151851
    0.496053    0.105680   -0.154277
    0.503947    0.102033   -0.156743
    0.511839    0.098284   -0.159251
    0.519729    0.094370   -0.161799
    0.527613    0.090333   -0.164387
    0.535491    0.086176   -0.167016
    0.543360    0.081893   -0.169684
    0.551217    0.077493   -0.172394
    0.559063    0.072978   -0.175143
    0.566893    0.068351   -0.177931
    0.574707    0.063615   -0.180756
    0.582502    0.058770   -0.183618
    0.590277    0.053821   -0.186517
    0.598029    0.048769   -0.189452
    0.605757    0.043616   -0.192429
    0.613458    0.038366   -0.195448
    0.621131    0.033022   -0.198485
    0.628774    0.027585   -0.201554
    0.636385    0.022060   -0.204655
    0.643962    0.016449   -0.207785
    0.651503    0.010755   -0.210945
    0.659006    0.004981   -0.214133
    0.666469   -0.000849   -0.217347
    0.673891   -0.006738   -0.220586
    0.681270   -0.012730   -0.223850
    0.688604   -0.018788   -0.227136
    0.695890   -0.024907   -0.230444
    0.703128   -0.031085   -0.233763
    0.710315   -0.037318   -0.237096
    0.717450   -0.043601   -0.240458
    0.724530   -0.049931   -0.243836
    0.731555   -0.056304   -0.247227
    0.738522   -0.062734   -0.250630
    0.745429   -0.069206   -0.254044
    0.752275   -0.075683   -0.257466
    0.759059   -0.082186   -0.260894
    0.765777   -0.088711   -0.264328
    0.772430   -0.095254   -0.267764
    0.779015   -0.101812   -0.271202
    0.785530   -0.108379   -0.274639
    0.791974   -0.114951   -0.278074
    0.798345   -0.121525   -0.281504
    0.804642   -0.128095   -0.284928
    0.810863   -0.134657   -0.288344
    0.817006   -0.141208   -0.291749
    0.823070   -0.147742   -0.295143
    0.829054   -0.154256   -0.298522
    0.834956   -0.160744   -0.301886
    0.840775   -0.167203   -0.305231
    0.846508   -0.173629   -0.308555
    0.852155   -0.180017   -0.311858
    0.857715   -0.186363   -0.315135
    0.863185   -0.192663   -0.318387
    0.868565   -0.198912   -0.321610
    0.873852   -0.205105   -0.324802
    0.879047   -0.211238   -0.327962
    0.884147   -0.217308   -0.331087
    0.889152   -0.223309   -0.334176
    0.894059   -0.229238   -0.337226
    0.898869   -0.235090   -0.340236
    0.903579   -0.240862   -0.343203
    0.908188   -0.246550   -0.346125
    0.912695   -0.252149   -0.349002
    0.917100   -0.257655   -0.351830
    0.921401   -0.263066   -0.354607
    0.925597   -0.268376   -0.357333
    0.929686   -0.273583   -0.360005
    0.933669   -0.278682   -0.362621
    0.937544   -0.283671   -0.365180
    0.941309   -0.288545   -0.367679
    0.944965   -0.293300   -0.370118
    0.948509   -0.297935   -0.372495
    0.951942   -0.302445   -0.374807
    0.955262   -0.306827   -0.377053
    0.958469   -0.311078   -0.379232
    0.961561   -0.315195   -0.381341
    0.964539   -0.319175   -0.383381
    0.967400   -0.323016   -0.385349
    0.970146   -0.326714   -0.387246
    0.972774   -0.330266   -0.388967
    0.975284   -0.333671   -0.390091
    0.977675   -0.336926   -0.390719
    0.979948   -0.340028   -0.391028
    0.982101   -0.342976   -0.391094
    0.984134   -0.345765   -0.390959
    0.986046   -0.348396   -0.390653
    0.987838   -0.350867   -0.390196
    0.989507   -0.353174   -0.389601
    0.991055   -0.355318   -0.388880
    0.992480   -0.357296   -0.388043
    0.993782   -0.359106   -0.387126
    0.994962   -0.360749   -0.386073
    0.996018   -0.362221   -0.384910
    0.996950   -0.363543   -0.383688
    0.997759   -0.364779   -0.382359
    0.998443   -0.366100   -0.380954
    0.999003   -0.367409   -0.379483
    0.999439   -0.368896   -0.377954
    0.999751   -0.370488   -0.376373
    0.999938   -0.372210   -0.374680
    1.000000   -0.373317   -0.373317
  BLADE PROFILES IN CARTESIAN COORDINATES (3D) 
  VARIABLES = "X", "YSS", "YPS" "R" 
  BLADE           2  SECTION           3
   52.538097   -7.089401   -7.089401  595.338379
   53.702351   -6.756922   -6.756922  595.339722
   54.746166   -6.458836   -6.458836  595.340942
   55.682022   -6.191587   -6.191587  595.342102
   56.521057   -5.951983   -5.951983  595.343323
   57.273300   -5.737166   -5.737166  595.344604
   57.947735   -5.544570   -5.544570  595.345642
   58.552402   -5.371897   -5.371897  595.346741
   59.094509   -5.217086   -5.217086  595.347839
   59.580547   -5.078289   -5.078289  595.348694
   60.016308   -4.953851   -4.953851  595.349548
   60.406982   -4.842284   -4.842284  595.350342
   60.757259   -4.742259   -4.742259  595.351135
   61.071293   -4.652581   -4.652581  595.351746
   61.352844   -4.572178   -4.572178  595.352356
   61.605274   -4.500094   -4.500094  595.353027
   61.831581   -4.435465   -4.435465  595.353394
   62.034485   -4.377522   -4.377522  595.353821
   62.216404   -4.325574   -4.325574  595.354248
   62.379509   -4.278998   -4.278998  595.354675
   62.525726   -4.237241   -4.237241  595.355042
   62.671944   -3.342153   -5.128545  595.355408
   62.824844   -3.069442   -5.397472  595.355896
   62.985012   -2.867601   -5.619104  595.356384
   63.153072   -2.676948   -5.816627  595.356750
   63.329636   -2.489860   -5.988524  595.357300
   63.515327   -2.302931   -6.127381  595.357910
   63.710758   -2.117962   -6.231529  595.358459
   63.916534   -1.932932   -6.317654  595.359192
   64.133278   -1.747517   -6.402056  595.359619
   64.361595   -1.561835   -6.485194  595.360535
   64.602112   -1.375501   -6.567232  595.361328
   64.855438   -1.188545   -6.648292  595.362183
   65.122169   -1.000806   -6.728650  595.363037
   65.402946   -0.811933   -6.808266  595.363953
   65.698235   -0.624673   -6.888346  595.365234
   66.008110   -0.438660   -6.968267  595.366150
   66.333290   -0.254579   -7.048220  595.367432
   66.674583   -0.072518   -7.128101  595.368713
   67.032883    0.107126   -7.208910  595.370056
   67.409187    0.285149   -7.290871  595.371521
   67.804565    0.457330   -7.374140  595.372986
   68.219994    0.623682   -7.458870  595.374634
   68.656227    0.783894   -7.545611  595.376465
   69.114777    0.937393   -7.635103  595.378540
   69.597221    1.083489   -7.727633  595.380554
   70.105415    1.216650   -7.823994  595.382751
   70.641350    1.338143   -7.925064  595.385132
   71.207184    1.447985   -8.031686  595.387756
   71.809784    1.538877   -8.145749  595.390503
   72.457817    1.610588   -8.269863  595.393494
   73.152031    1.661421   -8.404867  595.396851
   73.891876    1.679889   -8.552225  595.400696
   74.675545    1.664089   -8.712846  595.404602
   75.500076    1.612139   -8.888043  595.408752
   76.361137    1.512464   -9.077935  595.413391
   77.244789    1.369966   -9.282167  595.418091
   78.136909    1.181028   -9.497335  595.422852
   79.032722    0.946936   -9.724526  595.427734
   79.928223    0.673746   -9.962671  595.432739
   80.820450    0.356481  -10.211370  595.437805
   81.707314    0.000000  -10.471700  595.442688
   82.587433   -0.392647  -10.741697  595.447815
   83.466896   -0.822465  -11.024219  595.452759
   84.349586   -1.295130  -11.321048  595.457825
   85.234818   -1.808426  -11.632655  595.463013
   86.121399   -2.361009  -11.958854  595.468018
   87.007774   -2.951718  -12.300248  595.473145
   87.891846   -3.578788  -12.654656  595.478088
   88.771179   -4.239817  -13.021941  595.483154
   89.637909   -4.925327  -13.398681  595.488098
   90.487152   -5.633926  -13.782071  595.492920
   91.316605   -6.358844  -14.169967  595.497559
   92.124428   -7.097020  -14.561815  595.502136
   92.909142   -7.842796  -14.955299  595.506348
   93.669800   -8.592387  -15.348906  595.510498
   94.405861   -9.343243  -15.741329  595.514282
   95.120018  -10.095632  -16.133020  595.518127
   95.812988  -10.848090  -16.523554  595.521667
   96.484787  -11.598545  -16.912006  595.525146
   97.135376  -12.345188  -17.297499  595.528503
   97.764763  -13.085822  -17.679188  595.531494
   98.372971  -13.818583  -18.056259  595.534546
   98.959984  -14.541674  -18.427908  595.537354
   99.525810  -15.253387  -18.793344  595.539978
  100.070435  -15.952081  -19.151804  595.542542
  100.593887  -16.636173  -19.502621  595.544861
  101.096138  -17.304155  -19.844959  595.547058
  101.577179  -17.954571  -20.111422  595.549194
  102.037041  -18.585897  -20.075802  595.551147
  102.475723  -19.417490  -19.417826  595.552979
  102.914391  -19.881004  -19.881172  595.554016
  103.387978  -20.381207  -20.381207  595.555115
  103.899216  -20.921204  -20.921204  595.556396
  104.451126  -21.504154  -21.504154  595.557556
  105.046951  -22.133486  -22.133486  595.558960
  105.690163  -22.812878  -22.812878  595.560242
  106.384567  -23.546322  -23.546322  595.561707
  107.134193  -24.338104  -24.338104  595.563171
  107.943466  -25.192883  -25.192883  595.564697
  108.817093  -26.115650  -26.115650  595.566284
  109.760246  -27.111830  -27.111830  595.567932
  110.778419  -28.187252  -28.187252  595.569580
  111.877594  -29.348228  -29.348228  595.571350
  113.064209  -30.601564  -30.601564  595.573120
  114.345215  -31.954597  -31.954597  595.574890
  115.728127  -33.415264  -33.415264  595.576660
  117.221054  -34.992123  -34.992123  595.578247
  118.832748  -36.694416  -36.694416  595.579834
  120.572655  -38.532120  -38.532120  595.581543
  122.450974  -40.516010  -40.516010  595.582947
