 DATA SET FOR "multall" . GENERATED BY "stagen" .                       
    CP   and   GAMMA 
  -10.0000    1.0000
287.0491            1.4492              
       ITIMST 
         3
     CFL,    DAMP,    MACHLIM,    F_PDOWN 
  0.400000 10.000000  2.000000  0.000000
  IF_RESTART 
         0
  NSTEPS_MAX, CONLIM 
     10000  0.000150
   SFX,      SFT,      FAC_4TH,     NCHANGE 
  0.005000  0.005000  0.800000      1000
       NUMBER OF BLADE ROWS 
         2
        IM        KM 
        37        37
  FP(I),I=1,IMM1 
  1.000000  1.250000  1.562500  1.953125  2.441406  3.051758  3.814697  4.768372
  5.960464  7.450581  9.313226 11.641532 14.551915 18.189894 20.000000 20.000000
 20.000000 20.000000 20.000000 20.000000 20.000000 20.000000 18.189894 14.551915
 11.641532  9.313226  7.450581  5.960464  4.768372  3.814697  3.051758  2.441406
  1.953125  1.562500  1.250000  1.000000
  FR(K),K=1,KMM1 
  1.000000  1.250000  1.562500  1.953125  2.441406  3.051758  3.814697  4.768372
  5.960464  7.450581  9.313226 11.641532 14.551915 18.189894 20.000000 20.000000
 20.000000 20.000000 20.000000 20.000000 20.000000 20.000000 18.189894 14.551915
 11.641532  9.313226  7.450581  5.960464  4.768372  3.814697  3.051758  2.441406
  1.953125  1.562500  1.250000  1.000000
        IR        JR        KR        IRBB      JRBB      KRBB 
         3         3         3         9         9         9
   FBLK1,     FBLK2,     FBLK3  
  0.400000  0.200000  0.100000
       IFMIX 
         1
   RFMIX,    FEXTRAP,   FSMTHB,    FANGLE 
  0.025000  0.800000  1.000000  0.800000
      IFCOOL    IFBLEED    IF_ROUGH 
         0         0         0
       NSECS_IN 
         3
       IN_PRESS  IN_VTAN   IN_VR    IN_FLOW  IF_REPEAT  RFIN 
         0         0         1         0         0   0.50000
  IPOUT  SFEXIT  NSFEXIT 
    1  0.000000    0
  PLATE_LOSS  THROTTLE_EXIT 
  0.000000  0.000000
        ILOS      NLOS      IBOUND 
       100         5         0
   REYNO,     RF_VIS,   FTRANS, TURBVIS_LIM, PRANDTL, YPLUSWALL
       0.0     0.500     0.000  3000.000       1.0     0.000
   YPLAM      YPTURB 
  5.000000 25.000000
      ISHIFT    NEXTRAP_LE  NEXTRAP_TE 
         2        10        10
  (NSTG(N),N=1,NROWS) 
         1         1
  5  TIME STEPS FOR PRINTOUT 
 10010 10010 10010 10010 10010
  MARKER FOR VARIABLES TO BE SENT TO THE OUTPUT FILE.
 0 0 0 0 0 0 0 0 0 0 0 0 0 0 0 0 0 0 0 0
  STREAM SURFACES ON WHICH RESULTS ARE TO BE SENT TO   THE OUTPUT FILE 
 0 0 0 0 0 0 0 0 0 0 0 0 0 0 0 0 0 0 0 0 0 0 0 0 0 0 0 0 0 0 0 0 0 0 0 0 0
 ***************************************************************
 ************STARTING THE INPUT FOR EACH BLADE ROW**************
  BLADE ROW NUMBER =        1                                           
    NUMBER OF BLADES IN ROW 
        87
        JM        JLE       JTE 
       111        26        96
      KTIPSTART  KTIPEND 
         0         0
       BOUNDARY LAYER TRANSITION POINTS 
         0         0         0         0
  SET NEWGRID= 1 TO GENERATE A NEW GRID WITH DIFFERENT "J" POINTS AND SPACINGS.
         0
   RPMROW,    RPMHUB 
       0.0       0.0
       JROTHS    JROTHE    JROTTS    JROTTE 
         1         1         1         1
   PUPROW    PLEROW   PTEROW    PDROW 
 2678662.2 2678662.2 1760343.8 1760343.8
      NSECS_ROW   INSURF  
         3         0
  IF_CUSP_OUT   IFANGLES 
         1         0
         0         3         0
 ***************************************************************
  ROW NUMBER           1  SECTION NUMBER            1
           0           0           0  IF_DESIGN etc 
   1.00000   0.00000    0
 -0.024967 -0.022096 -0.019536 -0.017254 -0.015219 -0.013405 -0.011787 -0.010345
 -0.009059 -0.007912 -0.006890 -0.005978 -0.005165 -0.004441 -0.003795 -0.003219
 -0.002705 -0.002247 -0.001839 -0.001475 -0.001150 -0.000861 -0.000603 -0.000373
 -0.000168  0.000015  0.000198  0.000389  0.000589  0.000800  0.001020  0.001253
  0.001497  0.001754  0.002025  0.002311  0.002612  0.002929  0.003262  0.003613
  0.003983  0.004370  0.004777  0.005204  0.005652  0.006123  0.006617  0.007137
  0.007682  0.008256  0.008859  0.009495  0.010165  0.010873  0.011626  0.012437
  0.013305  0.014230  0.015210  0.016241  0.017318  0.018424  0.019539  0.020660
  0.021780  0.022896  0.024005  0.025105  0.026205  0.027309  0.028416  0.029525
  0.030634  0.031739  0.032839  0.033923  0.034985  0.036023  0.037033  0.038014
  0.038966  0.039886  0.040779  0.041646  0.042486  0.043300  0.044087  0.044848
  0.045582  0.046290  0.046971  0.047625  0.048254  0.048855  0.049430  0.049979
  0.050528  0.051108  0.051721  0.052369  0.053054  0.053778  0.054544  0.055353
  0.056209  0.057113  0.058069  0.059080  0.060148  0.061278  0.062472
  1.000000  0.000000
 -0.001969 -0.002795 -0.003531 -0.004187 -0.004773 -0.005295 -0.005760 -0.006175
 -0.006545 -0.006875 -0.007169 -0.007431 -0.007665 -0.007873 -0.008059 -0.008224
 -0.008372 -0.008504 -0.008621 -0.008726 -0.008819 -0.008903 -0.008977 -0.009043
 -0.009102 -0.009155 -0.008226 -0.007901 -0.007638 -0.007407 -0.007209 -0.007047
 -0.006921 -0.006808 -0.006694 -0.006578 -0.006460 -0.006339 -0.006217 -0.006091
 -0.005962 -0.005831 -0.005696 -0.005557 -0.005415 -0.005269 -0.005117 -0.004961
 -0.004800 -0.004632 -0.004457 -0.004276 -0.004085 -0.003886 -0.003674 -0.003446
 -0.003203 -0.002942 -0.002664 -0.002370 -0.002058 -0.001734 -0.001401 -0.001060
 -0.000713 -0.000359  0.000000  0.000365  0.000738  0.001121  0.001514  0.001919
  0.002333  0.002757  0.003189  0.003625  0.004063  0.004501  0.004937  0.005370
  0.005800  0.006224  0.006643  0.007058  0.007468  0.007872  0.008269  0.008660
  0.009043  0.009417  0.009783  0.010139  0.010486  0.010709  0.010612  0.009774
  0.010353  0.010966  0.011614  0.012298  0.013022  0.013787  0.014596  0.015451
  0.016355  0.017311  0.018321  0.019389  0.020517  0.021711  0.022972
  1.000000
  0.000000  0.000000  0.000000  0.000000  0.000000  0.000000  0.000000  0.000000
  0.000000  0.000000  0.000000  0.000000  0.000000  0.000000  0.000000  0.000000
  0.000000  0.000000  0.000000  0.000000  0.000000  0.000000  0.000000  0.000000
  0.000000  0.000000  0.001871  0.002535  0.003039  0.003496  0.003923  0.004314
  0.004674  0.005025  0.005381  0.005743  0.006112  0.006487  0.006869  0.007257
  0.007651  0.008049  0.008452  0.008859  0.009269  0.009684  0.010102  0.010519
  0.010937  0.011355  0.011774  0.012187  0.012596  0.013003  0.013401  0.013794
  0.014180  0.014544  0.014887  0.015192  0.015461  0.015678  0.015844  0.015954
  0.016008  0.016016  0.015966  0.015869  0.015728  0.015534  0.015293  0.015007
  0.014676  0.014299  0.013879  0.013423  0.012935  0.012421  0.011884  0.011329
  0.010760  0.010179  0.009589  0.008991  0.008386  0.007779  0.007172  0.006566
  0.005964  0.005367  0.004776  0.004195  0.003625  0.002955  0.001989  0.000001
  0.000000  0.000000  0.000000  0.000000  0.000000  0.000000  0.000000  0.000000
  0.000000  0.000000  0.000000  0.000000  0.000000  0.000000  0.000000
  1.000000  0.000000
  0.594297  0.594296  0.594295  0.594293  0.594292  0.594291  0.594290  0.594289
  0.594288  0.594286  0.594286  0.594285  0.594284  0.594283  0.594282  0.594282
  0.594281  0.594281  0.594280  0.594280  0.594279  0.594279  0.594279  0.594278
  0.594278  0.594278  0.594278  0.594277  0.594277  0.594276  0.594276  0.594275
  0.594275  0.594274  0.594273  0.594273  0.594272  0.594271  0.594270  0.594270
  0.594269  0.594268  0.594267  0.594266  0.594265  0.594263  0.594262  0.594261
  0.594259  0.594258  0.594256  0.594254  0.594252  0.594250  0.594248  0.594246
  0.594243  0.594241  0.594238  0.594234  0.594231  0.594228  0.594224  0.594221
  0.594217  0.594214  0.594211  0.594207  0.594204  0.594201  0.594197  0.594194
  0.594191  0.594188  0.594185  0.594182  0.594178  0.594176  0.594173  0.594171
  0.594168  0.594166  0.594164  0.594162  0.594160  0.594158  0.594157  0.594155
  0.594154  0.594152  0.594151  0.594150  0.594149  0.594148  0.594147  0.594146
  0.594145  0.594145  0.594144  0.594144  0.594143  0.594142  0.594141  0.594140
  0.594139  0.594138  0.594136  0.594134  0.594132  0.594130  0.594127
 ***************************************************************
  ROW NUMBER           1  SECTION NUMBER            2
           0           0           0  IF_DESIGN etc 
   1.00000   0.00000    0
 -0.025002 -0.022129 -0.019568 -0.017284 -0.015247 -0.013432 -0.011813 -0.010369
 -0.009082 -0.007935 -0.006912 -0.006000 -0.005186 -0.004461 -0.003815 -0.003238
 -0.002724 -0.002266 -0.001858 -0.001493 -0.001169 -0.000879 -0.000621 -0.000391
 -0.000185 -0.000002  0.000181  0.000372  0.000573  0.000783  0.001004  0.001236
  0.001481  0.001738  0.002010  0.002295  0.002596  0.002913  0.003247  0.003599
  0.003968  0.004356  0.004763  0.005190  0.005639  0.006110  0.006604  0.007124
  0.007670  0.008244  0.008848  0.009484  0.010155  0.010863  0.011617  0.012428
  0.013297  0.014223  0.015204  0.016236  0.017314  0.018420  0.019536  0.020657
  0.021778  0.022895  0.024005  0.025106  0.026207  0.027312  0.028420  0.029529
  0.030639  0.031745  0.032846  0.033930  0.034993  0.036031  0.037042  0.038025
  0.038977  0.039898  0.040792  0.041659  0.042500  0.043314  0.044102  0.044863
  0.045598  0.046306  0.046987  0.047642  0.048271  0.048873  0.049449  0.049998
  0.050547  0.051127  0.051741  0.052389  0.053075  0.053800  0.054566  0.055376
  0.056232  0.057137  0.058094  0.059105  0.060174  0.061304  0.062499
  1.000000  0.000000
 -0.001971 -0.002797 -0.003533 -0.004190 -0.004775 -0.005297 -0.005762 -0.006177
 -0.006547 -0.006877 -0.007171 -0.007433 -0.007667 -0.007875 -0.008061 -0.008227
 -0.008375 -0.008506 -0.008624 -0.008728 -0.008822 -0.008905 -0.008979 -0.009045
 -0.009104 -0.009157 -0.008228 -0.007903 -0.007639 -0.007409 -0.007210 -0.007049
 -0.006922 -0.006809 -0.006695 -0.006579 -0.006460 -0.006340 -0.006218 -0.006092
 -0.005963 -0.005831 -0.005696 -0.005557 -0.005415 -0.005269 -0.005117 -0.004961
 -0.004799 -0.004631 -0.004457 -0.004275 -0.004085 -0.003885 -0.003673 -0.003446
 -0.003202 -0.002941 -0.002663 -0.002369 -0.002057 -0.001733 -0.001400 -0.001059
 -0.000712 -0.000359  0.000000  0.000364  0.000737  0.001120  0.001514  0.001917
  0.002331  0.002755  0.003187  0.003623  0.004060  0.004498  0.004933  0.005366
  0.005795  0.006219  0.006638  0.007053  0.007463  0.007866  0.008263  0.008653
  0.009035  0.009410  0.009775  0.010131  0.010477  0.010700  0.010603  0.009763
  0.010343  0.010955  0.011603  0.012287  0.013011  0.013776  0.014585  0.015439
  0.016343  0.017298  0.018308  0.019376  0.020504  0.021697  0.022958
  1.000000
  0.000000  0.000000  0.000000  0.000000  0.000000  0.000000  0.000000  0.000000
  0.000000  0.000000  0.000000  0.000000  0.000000  0.000000  0.000000  0.000000
  0.000000  0.000000  0.000000  0.000000  0.000000  0.000000  0.000000  0.000000
  0.000000  0.000000  0.001872  0.002536  0.003041  0.003498  0.003925  0.004316
  0.004677  0.005028  0.005384  0.005746  0.006115  0.006490  0.006873  0.007262
  0.007656  0.008054  0.008457  0.008864  0.009274  0.009689  0.010107  0.010525
  0.010943  0.011362  0.011781  0.012194  0.012603  0.013011  0.013408  0.013802
  0.014188  0.014552  0.014895  0.015200  0.015470  0.015687  0.015850  0.015963
  0.016018  0.016025  0.015975  0.015879  0.015737  0.015543  0.015302  0.015014
  0.014684  0.014307  0.013887  0.013430  0.012943  0.012428  0.011890  0.011335
  0.010766  0.010185  0.009595  0.008996  0.008391  0.007784  0.007177  0.006570
  0.005967  0.005370  0.004779  0.004197  0.003627  0.002957  0.001991  0.000001
  0.000000  0.000000  0.000000  0.000000  0.000000  0.000000  0.000000  0.000000
  0.000000  0.000000  0.000000  0.000000  0.000000  0.000000  0.000000
  1.000000  0.000000
  0.594741  0.594741  0.594741  0.594741  0.594741  0.594741  0.594741  0.594741
  0.594741  0.594741  0.594741  0.594741  0.594741  0.594741  0.594741  0.594741
  0.594741  0.594741  0.594741  0.594741  0.594741  0.594741  0.594741  0.594741
  0.594741  0.594741  0.594741  0.594741  0.594741  0.594741  0.594741  0.594741
  0.594741  0.594741  0.594741  0.594741  0.594741  0.594741  0.594741  0.594741
  0.594741  0.594741  0.594741  0.594741  0.594741  0.594741  0.594741  0.594741
  0.594741  0.594741  0.594741  0.594741  0.594741  0.594741  0.594741  0.594741
  0.594741  0.594741  0.594741  0.594741  0.594741  0.594741  0.594741  0.594741
  0.594741  0.594741  0.594741  0.594741  0.594741  0.594741  0.594741  0.594741
  0.594741  0.594741  0.594741  0.594741  0.594741  0.594741  0.594741  0.594741
  0.594741  0.594741  0.594741  0.594741  0.594741  0.594741  0.594741  0.594741
  0.594741  0.594741  0.594741  0.594741  0.594741  0.594741  0.594741  0.594741
  0.594741  0.594741  0.594741  0.594741  0.594741  0.594741  0.594741  0.594741
  0.594741  0.594741  0.594741  0.594741  0.594741  0.594741  0.594741
 ***************************************************************
  ROW NUMBER           1  SECTION NUMBER            3
           0           0           0  IF_DESIGN etc 
   1.00000   0.00000    0
 -0.025038 -0.022163 -0.019599 -0.017313 -0.015276 -0.013459 -0.011839 -0.010394
 -0.009106 -0.007958 -0.006934 -0.006021 -0.005208 -0.004482 -0.003835 -0.003258
 -0.002744 -0.002285 -0.001876 -0.001512 -0.001187 -0.000897 -0.000639 -0.000408
 -0.000203 -0.000020  0.000164  0.000355  0.000556  0.000766  0.000987  0.001220
  0.001465  0.001722  0.001994  0.002280  0.002581  0.002898  0.003232  0.003584
  0.003954  0.004342  0.004749  0.005177  0.005625  0.006097  0.006592  0.007112
  0.007659  0.008233  0.008837  0.009474  0.010145  0.010854  0.011608  0.012420
  0.013289  0.014216  0.015198  0.016230  0.017309  0.018415  0.019533  0.020655
  0.021776  0.022894  0.024005  0.025107  0.026208  0.027314  0.028423  0.029533
  0.030643  0.031751  0.032852  0.033937  0.035001  0.036040  0.037052  0.038035
  0.038987  0.039909  0.040804  0.041672  0.042513  0.043328  0.044116  0.044878
  0.045613  0.046322  0.047004  0.047659  0.048289  0.048891  0.049467  0.050016
  0.050566  0.051147  0.051761  0.052410  0.053096  0.053821  0.054588  0.055398
  0.056255  0.057161  0.058118  0.059130  0.060200  0.061331  0.062527
  1.000000  0.000000
 -0.001974 -0.002800 -0.003536 -0.004192 -0.004778 -0.005299 -0.005765 -0.006180
 -0.006550 -0.006879 -0.007173 -0.007436 -0.007669 -0.007878 -0.008064 -0.008229
 -0.008377 -0.008509 -0.008626 -0.008731 -0.008824 -0.008908 -0.008982 -0.009048
 -0.009107 -0.009160 -0.008230 -0.007905 -0.007641 -0.007410 -0.007211 -0.007050
 -0.006923 -0.006810 -0.006696 -0.006580 -0.006461 -0.006341 -0.006218 -0.006092
 -0.005963 -0.005831 -0.005696 -0.005558 -0.005415 -0.005269 -0.005117 -0.004961
 -0.004799 -0.004631 -0.004456 -0.004275 -0.004084 -0.003884 -0.003672 -0.003445
 -0.003201 -0.002940 -0.002663 -0.002368 -0.002056 -0.001732 -0.001400 -0.001059
 -0.000712 -0.000359  0.000000  0.000364  0.000737  0.001120  0.001513  0.001916
  0.002330  0.002753  0.003185  0.003620  0.004057  0.004495  0.004930  0.005363
  0.005791  0.006214  0.006633  0.007048  0.007457  0.007860  0.008257  0.008646
  0.009028  0.009402  0.009767  0.010123  0.010469  0.010692  0.010594  0.009753
  0.010332  0.010944  0.011592  0.012276  0.013000  0.013764  0.014573  0.015427
  0.016331  0.017286  0.018296  0.019363  0.020491  0.021684  0.022944
  1.000000
  0.000000  0.000000  0.000000  0.000000  0.000000  0.000000  0.000000  0.000000
  0.000000  0.000000  0.000000  0.000000  0.000000  0.000000  0.000000  0.000000
  0.000000  0.000000  0.000000  0.000000  0.000000  0.000000  0.000000  0.000000
  0.000000  0.000000  0.001873  0.002538  0.003043  0.003501  0.003927  0.004319
  0.004679  0.005031  0.005387  0.005750  0.006119  0.006494  0.006877  0.007266
  0.007660  0.008059  0.008462  0.008869  0.009280  0.009695  0.010113  0.010531
  0.010949  0.011368  0.011788  0.012201  0.012611  0.013018  0.013416  0.013810
  0.014197  0.014560  0.014904  0.015209  0.015479  0.015696  0.015860  0.015972
  0.016027  0.016034  0.015984  0.015888  0.015747  0.015552  0.015311  0.015023
  0.014693  0.014316  0.013895  0.013438  0.012950  0.012435  0.011897  0.011342
  0.010772  0.010191  0.009600  0.009001  0.008396  0.007788  0.007181  0.006574
  0.005971  0.005373  0.004781  0.004200  0.003629  0.002959  0.001992  0.000001
  0.000000  0.000000  0.000000  0.000000  0.000000  0.000000  0.000000  0.000000
  0.000000  0.000000  0.000000  0.000000  0.000000  0.000000  0.000000
  1.000000  0.000000
  0.595184  0.595185  0.595187  0.595188  0.595189  0.595191  0.595192  0.595193
  0.595194  0.595195  0.595196  0.595197  0.595198  0.595199  0.595199  0.595200
  0.595201  0.595201  0.595202  0.595202  0.595202  0.595203  0.595203  0.595204
  0.595204  0.595204  0.595204  0.595205  0.595205  0.595206  0.595206  0.595207
  0.595207  0.595208  0.595209  0.595209  0.595210  0.595211  0.595211  0.595212
  0.595213  0.595214  0.595215  0.595216  0.595218  0.595219  0.595220  0.595221
  0.595223  0.595224  0.595226  0.595228  0.595230  0.595232  0.595234  0.595236
  0.595239  0.595242  0.595245  0.595248  0.595251  0.595254  0.595258  0.595261
  0.595265  0.595268  0.595271  0.595275  0.595278  0.595282  0.595285  0.595288
  0.595291  0.595295  0.595298  0.595301  0.595304  0.595306  0.595309  0.595311
  0.595314  0.595316  0.595318  0.595320  0.595322  0.595324  0.595325  0.595327
  0.595328  0.595330  0.595331  0.595332  0.595333  0.595334  0.595335  0.595336
  0.595336  0.595337  0.595338  0.595338  0.595339  0.595340  0.595341  0.595342
  0.595343  0.595344  0.595346  0.595348  0.595350  0.595352  0.595355
 ***************************************************************
 ************STARTING THE INPUT FOR EACH BLADE ROW**************
  BLADE ROW NUMBER =        2                                           
    NUMBER OF BLADES IN ROW 
       109
        JM        JLE       JTE 
       111        21        91
      KTIPSTART  KTIPEND 
         0         0
       BOUNDARY LAYER TRANSITION POINTS 
         0         0         0         0
  SET NEWGRID= 1 TO GENERATE A NEW GRID WITH DIFFERENT "J" POINTS AND SPACINGS.
         0
   RPMROW,    RPMHUB 
    3000.0    3000.0
       JROTHS    JROTHE    JROTTS    JROTTE 
         1         1         1         1
   PUPROW    PLEROW   PTEROW    PDROW 
 1760343.8 1760343.8 1107288.9 1107288.9
      NSECS_ROW   INSURF  
         3         0
  IF_CUSP_OUT   IFANGLES 
         1         0
         0         3         0
 ***************************************************************
  ROW NUMBER           2  SECTION NUMBER            1
           0           0           0  IF_DESIGN etc 
   1.00000   0.00000    0
  0.052466  0.053633  0.054680  0.055618  0.056459  0.057213  0.057889  0.058496
  0.059039  0.059526  0.059963  0.060355  0.060706  0.061021  0.061303  0.061556
  0.061783  0.061987  0.062169  0.062332  0.062479  0.062626  0.062779  0.062939
  0.063108  0.063285  0.063471  0.063667  0.063873  0.064091  0.064320  0.064561
  0.064815  0.065082  0.065364  0.065660  0.065970  0.066296  0.066638  0.066998
  0.067375  0.067771  0.068188  0.068625  0.069085  0.069568  0.070078  0.070615
  0.071182  0.071787  0.072436  0.073132  0.073874  0.074660  0.075486  0.076349
  0.077235  0.078130  0.079028  0.079925  0.080820  0.081709  0.082591  0.083473
  0.084358  0.085245  0.086134  0.087023  0.087909  0.088791  0.089660  0.090511
  0.091343  0.092153  0.092939  0.093702  0.094440  0.095156  0.095850  0.096524
  0.097176  0.097807  0.098417  0.099005  0.099573  0.100119  0.100643  0.101147
  0.101629  0.102090  0.102530  0.102970  0.103445  0.103957  0.104510  0.105108
  0.105753  0.106449  0.107200  0.108012  0.108887  0.109833  0.110854  0.111956
  0.113145  0.114429  0.115816  0.117313  0.118928  0.120673  0.122556
  1.000000  0.000000
 -0.007197 -0.006860 -0.006557 -0.006285 -0.006042 -0.005824 -0.005628 -0.005453
 -0.005296 -0.005155 -0.005028 -0.004915 -0.004814 -0.004722 -0.004641 -0.004568
 -0.004502 -0.004443 -0.004390 -0.004343 -0.004301 -0.003404 -0.003132 -0.002929
 -0.002738 -0.002550 -0.002363 -0.002176 -0.001990 -0.001803 -0.001616 -0.001429
 -0.001241 -0.001052 -0.000862 -0.000673 -0.000485 -0.000300 -0.000116  0.000065
  0.000245  0.000419  0.000587  0.000749  0.000904  0.001052  0.001187  0.001310
  0.001421  0.001515  0.001589  0.001641  0.001663  0.001649  0.001599  0.001502
  0.001361  0.001175  0.000942  0.000671  0.000355  0.000000 -0.000391 -0.000820
 -0.001292 -0.001804 -0.002356 -0.002946 -0.003572 -0.004233 -0.004919 -0.005626
 -0.006351 -0.007090 -0.007835 -0.008585 -0.009336 -0.010089 -0.010842 -0.011593
 -0.012340 -0.013081 -0.013814 -0.014538 -0.015250 -0.015950 -0.016635 -0.017303
 -0.017954 -0.018586 -0.019419 -0.019883 -0.020384 -0.020924 -0.021508 -0.022138
 -0.022818 -0.023552 -0.024345 -0.025201 -0.026124 -0.027122 -0.028198 -0.029360
 -0.030615 -0.031970 -0.033432 -0.035010 -0.036715 -0.038554 -0.040541
  1.000000
  0.000000  0.000000  0.000000  0.000000  0.000000  0.000000  0.000000  0.000000
  0.000000  0.000000  0.000000  0.000000  0.000000  0.000000  0.000000  0.000000
  0.000000  0.000000  0.000000  0.000000  0.000000  0.001790  0.002332  0.002755
  0.003143  0.003503  0.003830  0.004121  0.004393  0.004663  0.004932  0.005201
  0.005470  0.005738  0.006006  0.006275  0.006541  0.006806  0.007068  0.007329
  0.007589  0.007845  0.008097  0.008344  0.008587  0.008826  0.009056  0.009279
  0.009495  0.009701  0.009897  0.010083  0.010250  0.010395  0.010518  0.010609
  0.010670  0.010697  0.010690  0.010654  0.010586  0.010490  0.010367  0.010219
  0.010043  0.009841  0.009614  0.009364  0.009091  0.008797  0.008487  0.008162
  0.007824  0.007477  0.007125  0.006768  0.006409  0.006048  0.005685  0.005323
  0.004961  0.004601  0.004245  0.003893  0.003546  0.003205  0.002871  0.002545
  0.002161  0.001493  0.000000  0.000000  0.000000  0.000000  0.000000  0.000000
  0.000000  0.000000  0.000000  0.000000  0.000000  0.000000  0.000000  0.000000
  0.000000  0.000000  0.000000  0.000000  0.000000  0.000000  0.000000
  1.000000  0.000000
  0.594144  0.594142  0.594141  0.594140  0.594139  0.594137  0.594136  0.594135
  0.594134  0.594133  0.594132  0.594132  0.594131  0.594130  0.594130  0.594129
  0.594129  0.594128  0.594128  0.594127  0.594127  0.594127  0.594126  0.594126
  0.594125  0.594125  0.594124  0.594124  0.594123  0.594122  0.594121  0.594121
  0.594120  0.594119  0.594118  0.594117  0.594116  0.594114  0.594113  0.594112
  0.594110  0.594109  0.594107  0.594105  0.594103  0.594101  0.594099  0.594097
  0.594094  0.594091  0.594088  0.594085  0.594081  0.594077  0.594073  0.594068
  0.594064  0.594059  0.594054  0.594049  0.594044  0.594039  0.594034  0.594029
  0.594023  0.594018  0.594013  0.594008  0.594003  0.593998  0.593993  0.593988
  0.593984  0.593979  0.593975  0.593971  0.593967  0.593963  0.593959  0.593956
  0.593953  0.593949  0.593946  0.593944  0.593941  0.593938  0.593936  0.593934
  0.593932  0.593930  0.593928  0.593927  0.593926  0.593925  0.593924  0.593922
  0.593921  0.593920  0.593918  0.593917  0.593915  0.593913  0.593912  0.593910
  0.593908  0.593907  0.593905  0.593903  0.593902  0.593900  0.593899
 ***************************************************************
  ROW NUMBER           2  SECTION NUMBER            2
           0           0           0  IF_DESIGN etc 
   1.00000   0.00000    0
  0.052503  0.053668  0.054713  0.055650  0.056490  0.057244  0.057919  0.058524
  0.059067  0.059554  0.059990  0.060381  0.060732  0.061046  0.061328  0.061581
  0.061808  0.062011  0.062193  0.062356  0.062503  0.062649  0.062802  0.062962
  0.063131  0.063308  0.063493  0.063689  0.063895  0.064112  0.064341  0.064582
  0.064835  0.065102  0.065383  0.065679  0.065989  0.066315  0.066657  0.067015
  0.067392  0.067788  0.068204  0.068641  0.069100  0.069583  0.070092  0.070628
  0.071195  0.071798  0.072447  0.073142  0.073883  0.074668  0.075493  0.076355
  0.077240  0.078133  0.079030  0.079927  0.080820  0.081708  0.082589  0.083470
  0.084354  0.085240  0.086128  0.087015  0.087900  0.088781  0.089649  0.090499
  0.091330  0.092138  0.092924  0.093686  0.094423  0.095138  0.095832  0.096504
  0.097156  0.097786  0.098395  0.098982  0.099549  0.100094  0.100618  0.101121
  0.101603  0.102063  0.102503  0.102942  0.103416  0.103928  0.104480  0.105077
  0.105721  0.106416  0.107167  0.107977  0.108852  0.109796  0.110816  0.111916
  0.113104  0.114387  0.115771  0.117266  0.118880  0.120622  0.122503
  1.000000  0.000000
 -0.007143 -0.006808 -0.006508 -0.006238 -0.005997 -0.005780 -0.005586 -0.005412
 -0.005256 -0.005116 -0.004991 -0.004879 -0.004778 -0.004687 -0.004606 -0.004534
 -0.004469 -0.004410 -0.004358 -0.004311 -0.004269 -0.003373 -0.003100 -0.002898
 -0.002707 -0.002520 -0.002332 -0.002147 -0.001961 -0.001775 -0.001589 -0.001402
 -0.001214 -0.001026 -0.000837 -0.000649 -0.000462 -0.000277 -0.000094  0.000086
  0.000265  0.000438  0.000605  0.000766  0.000921  0.001068  0.001202  0.001324
  0.001435  0.001527  0.001600  0.001651  0.001671  0.001656  0.001606  0.001507
  0.001366  0.001178  0.000945  0.000672  0.000356  0.000000 -0.000392 -0.000821
 -0.001293 -0.001806 -0.002358 -0.002949 -0.003575 -0.004236 -0.004922 -0.005630
 -0.006355 -0.007093 -0.007839 -0.008589 -0.009340 -0.010092 -0.010845 -0.011595
 -0.012342 -0.013083 -0.013816 -0.014540 -0.015252 -0.015951 -0.016635 -0.017303
 -0.017954 -0.018586 -0.019418 -0.019881 -0.020382 -0.020922 -0.021505 -0.022135
 -0.022815 -0.023549 -0.024341 -0.025196 -0.026119 -0.027116 -0.028192 -0.029354
 -0.030608 -0.031961 -0.033423 -0.035000 -0.036704 -0.038542 -0.040527
  1.000000
  0.000000  0.000000  0.000000  0.000000  0.000000  0.000000  0.000000  0.000000
  0.000000  0.000000  0.000000  0.000000  0.000000  0.000000  0.000000  0.000000
  0.000000  0.000000  0.000000  0.000000  0.000000  0.001788  0.002330  0.002753
  0.003141  0.003501  0.003828  0.004117  0.004389  0.004659  0.004928  0.005196
  0.005465  0.005733  0.006001  0.006269  0.006535  0.006799  0.007062  0.007322
  0.007582  0.007838  0.008089  0.008337  0.008580  0.008818  0.009048  0.009271
  0.009488  0.009693  0.009889  0.010074  0.010241  0.010386  0.010509  0.010599
  0.010661  0.010687  0.010680  0.010645  0.010577  0.010480  0.010358  0.010210
  0.010034  0.009832  0.009606  0.009356  0.009083  0.008789  0.008480  0.008155
  0.007818  0.007471  0.007118  0.006762  0.006403  0.006042  0.005680  0.005318
  0.004956  0.004597  0.004241  0.003889  0.003543  0.003202  0.002869  0.002543
  0.002159  0.001491  0.000000  0.000000  0.000000  0.000000  0.000000  0.000000
  0.000000  0.000000  0.000000  0.000000  0.000000  0.000000  0.000000  0.000000
  0.000000  0.000000  0.000000  0.000000  0.000000  0.000000  0.000000
  1.000000  0.000000
  0.594741  0.594741  0.594741  0.594741  0.594741  0.594741  0.594741  0.594741
  0.594741  0.594741  0.594741  0.594741  0.594741  0.594741  0.594741  0.594741
  0.594741  0.594741  0.594741  0.594741  0.594741  0.594741  0.594741  0.594741
  0.594741  0.594741  0.594741  0.594741  0.594741  0.594741  0.594741  0.594741
  0.594741  0.594741  0.594741  0.594741  0.594741  0.594741  0.594741  0.594741
  0.594741  0.594741  0.594741  0.594741  0.594741  0.594741  0.594741  0.594741
  0.594741  0.594741  0.594741  0.594741  0.594741  0.594741  0.594741  0.594741
  0.594741  0.594741  0.594741  0.594741  0.594741  0.594741  0.594741  0.594741
  0.594741  0.594741  0.594741  0.594741  0.594741  0.594741  0.594741  0.594741
  0.594741  0.594741  0.594741  0.594741  0.594741  0.594741  0.594741  0.594741
  0.594741  0.594741  0.594741  0.594741  0.594741  0.594741  0.594741  0.594741
  0.594741  0.594741  0.594741  0.594741  0.594741  0.594741  0.594741  0.594741
  0.594741  0.594741  0.594741  0.594741  0.594741  0.594741  0.594741  0.594741
  0.594741  0.594741  0.594741  0.594741  0.594741  0.594741  0.594741
 ***************************************************************
  ROW NUMBER           2  SECTION NUMBER            3
           0           0           0  IF_DESIGN etc 
   1.00000   0.00000    0
  0.052538  0.053702  0.054746  0.055682  0.056521  0.057273  0.057948  0.058552
  0.059095  0.059581  0.060016  0.060407  0.060757  0.061071  0.061353  0.061605
  0.061832  0.062034  0.062216  0.062380  0.062526  0.062672  0.062825  0.062985
  0.063153  0.063330  0.063515  0.063711  0.063917  0.064133  0.064362  0.064602
  0.064855  0.065122  0.065403  0.065698  0.066008  0.066333  0.066675  0.067033
  0.067409  0.067805  0.068220  0.068656  0.069115  0.069597  0.070105  0.070641
  0.071207  0.071810  0.072458  0.073152  0.073892  0.074676  0.075500  0.076361
  0.077245  0.078137  0.079033  0.079928  0.080820  0.081707  0.082587  0.083467
  0.084350  0.085235  0.086121  0.087008  0.087892  0.088771  0.089638  0.090487
  0.091317  0.092124  0.092909  0.093670  0.094406  0.095120  0.095813  0.096485
  0.097135  0.097765  0.098373  0.098960  0.099526  0.100070  0.100594  0.101096
  0.101577  0.102037  0.102476  0.102914  0.103388  0.103899  0.104451  0.105047
  0.105690  0.106385  0.107134  0.107943  0.108817  0.109760  0.110778  0.111878
  0.113064  0.114345  0.115728  0.117221  0.118833  0.120573  0.122451
  1.000000  0.000000
 -0.007089 -0.006757 -0.006459 -0.006192 -0.005952 -0.005737 -0.005545 -0.005372
 -0.005217 -0.005078 -0.004954 -0.004842 -0.004742 -0.004653 -0.004572 -0.004500
 -0.004435 -0.004378 -0.004326 -0.004279 -0.004237 -0.003342 -0.003069 -0.002868
 -0.002677 -0.002490 -0.002303 -0.002118 -0.001933 -0.001748 -0.001562 -0.001376
 -0.001189 -0.001001 -0.000812 -0.000625 -0.000439 -0.000255 -0.000073  0.000107
  0.000285  0.000457  0.000624  0.000784  0.000937  0.001083  0.001217  0.001338
  0.001448  0.001539  0.001611  0.001661  0.001680  0.001664  0.001612  0.001512
  0.001370  0.001181  0.000947  0.000674  0.000356  0.000000 -0.000393 -0.000822
 -0.001295 -0.001808 -0.002361 -0.002952 -0.003579 -0.004240 -0.004925 -0.005634
 -0.006359 -0.007097 -0.007843 -0.008592 -0.009343 -0.010096 -0.010848 -0.011599
 -0.012345 -0.013086 -0.013819 -0.014542 -0.015253 -0.015952 -0.016636 -0.017304
 -0.017955 -0.018586 -0.019417 -0.019881 -0.020381 -0.020921 -0.021504 -0.022133
 -0.022813 -0.023546 -0.024338 -0.025193 -0.026116 -0.027112 -0.028187 -0.029348
 -0.030602 -0.031955 -0.033415 -0.034992 -0.036694 -0.038532 -0.040516
  1.000000
  0.000000  0.000000  0.000000  0.000000  0.000000  0.000000  0.000000  0.000000
  0.000000  0.000000  0.000000  0.000000  0.000000  0.000000  0.000000  0.000000
  0.000000  0.000000  0.000000  0.000000  0.000000  0.001786  0.002328  0.002752
  0.003140  0.003499  0.003824  0.004114  0.004385  0.004655  0.004923  0.005192
  0.005460  0.005728  0.005996  0.006264  0.006530  0.006794  0.007056  0.007316
  0.007576  0.007831  0.008083  0.008330  0.008572  0.008811  0.009041  0.009263
  0.009480  0.009685  0.009880  0.010066  0.010232  0.010377  0.010500  0.010590
  0.010652  0.010678  0.010671  0.010636  0.010568  0.010472  0.010349  0.010202
  0.010026  0.009824  0.009598  0.009349  0.009076  0.008782  0.008473  0.008148
  0.007811  0.007465  0.007113  0.006757  0.006398  0.006037  0.005675  0.005313
  0.004952  0.004593  0.004238  0.003886  0.003540  0.003200  0.002866  0.002541
  0.002157  0.001490  0.000000  0.000000  0.000000  0.000000  0.000000  0.000000
  0.000000  0.000000  0.000000  0.000000  0.000000  0.000000  0.000000  0.000000
  0.000000  0.000000  0.000000  0.000000  0.000000  0.000000  0.000000
  1.000000  0.000000
  0.595338  0.595340  0.595341  0.595342  0.595343  0.595345  0.595346  0.595347
  0.595348  0.595349  0.595350  0.595350  0.595351  0.595352  0.595352  0.595353
  0.595353  0.595354  0.595354  0.595355  0.595355  0.595355  0.595356  0.595356
  0.595357  0.595357  0.595358  0.595358  0.595359  0.595360  0.595361  0.595361
  0.595362  0.595363  0.595364  0.595365  0.595366  0.595367  0.595369  0.595370
  0.595372  0.595373  0.595375  0.595376  0.595379  0.595381  0.595383  0.595385
  0.595388  0.595390  0.595393  0.595397  0.595401  0.595405  0.595409  0.595413
  0.595418  0.595423  0.595428  0.595433  0.595438  0.595443  0.595448  0.595453
  0.595458  0.595463  0.595468  0.595473  0.595478  0.595483  0.595488  0.595493
  0.595498  0.595502  0.595506  0.595510  0.595514  0.595518  0.595522  0.595525
  0.595528  0.595532  0.595535  0.595537  0.595540  0.595543  0.595545  0.595547
  0.595549  0.595551  0.595553  0.595554  0.595555  0.595556  0.595558  0.595559
  0.595560  0.595562  0.595563  0.595565  0.595566  0.595568  0.595570  0.595571
  0.595573  0.595575  0.595577  0.595578  0.595580  0.595582  0.595583
  STARTING INLET BOUNDARY CONDITION DATA .
  NUMBER OF POINTS FOR INLET BOUNDARY CONDITIONS 
        37
  SPACING OF INLET BOUNDARY CONDITION POINTS 
  1.000000  1.250000  1.562500  1.953125  2.441406  3.051758  3.814697  4.768372
  5.960464  7.450581  9.313226 11.641532 14.551915 18.189894 20.000000 20.000000
 20.000000 20.000000 20.000000 20.000000 20.000000 20.000000 18.189894 14.551915
 11.641532  9.313226  7.450581  5.960464  4.768372  3.814697  3.051758  2.441406
  1.953125  1.562500  1.250000  1.000000
   INLET STAGNATION PRESSURES 
 3786000.0 3786000.0 3786000.0 3786000.0 3786000.0 3785999.8 3786000.0 3786000.2
 3785999.8 3786000.0 3786000.2 3786000.0 3786000.2 3786000.0 3786000.0 3786000.0
 3786000.0 3786000.0 3786000.0 3786000.0 3786000.0 3786000.0 3786000.0 3786000.0
 3786000.0 3786000.0 3786000.0 3786000.0 3786000.0 3786000.0 3786000.0 3786000.0
 3786000.0 3786000.0 3786000.0 3786000.0 3786000.0
   INLET STAGNATION TEMPERATURES 
  332.8109  332.8109  332.8109  332.8109  332.8109  332.8109  332.8109  332.8109
  332.8109  332.8109  332.8109  332.8109  332.8109  332.8109  332.8109  332.8109
  332.8109  332.8109  332.8109  332.8109  332.8109  332.8109  332.8109  332.8109
  332.8109  332.8109  332.8109  332.8109  332.8109  332.8109  332.8109  332.8109
  332.8109  332.8109  332.8109  332.8109  332.8109
   INLET ABSOLUTE TANGENTIAL VELOCITY 
    0.0000    0.0000    0.0000    0.0000    0.0000    0.0000    0.0000    0.0000
    0.0000    0.0000    0.0000    0.0000    0.0000    0.0000    0.0000    0.0000
    0.0000    0.0000    0.0000    0.0000    0.0000    0.0000    0.0000    0.0000
    0.0000    0.0000    0.0000    0.0000    0.0000    0.0000    0.0000    0.0000
    0.0000    0.0000    0.0000    0.0000    0.0000
   INLET MERIDIONAL VELOCITY 
  242.8961  242.8961  242.8961  242.8962  242.8961  242.8961  242.8961  242.8961
  242.8961  242.8961  242.8961  242.8961  242.8961  242.8962  242.8961  242.8961
  242.8962  242.8961  242.8961  242.8961  242.8961  242.8961  242.8961  242.8961
  242.8961  242.8961  242.8961  242.8961  242.8961  242.8961  242.8961  242.8961
  242.8961  242.8961  242.8961  242.8961  242.8961
   INLET MERIDIONAL YAW ANGLE  
  -14.0363  -14.0363  -14.0363  -14.0363  -14.0363  -14.0363  -14.0363  -14.0363
  -14.0363  -14.0363  -14.0363  -14.0363  -14.0363  -14.0363  -14.0363  -14.0363
  -14.0363  -14.0363  -14.0363  -14.0363  -14.0363  -14.0363  -14.0363  -14.0363
  -14.0363  -14.0363  -14.0363  -14.0363  -14.0363  -14.0363  -14.0363  -14.0363
  -14.0363  -14.0363  -14.0363  -14.0363  -14.0363
   INLET PITCH ANGLE 
   -0.0051   -0.0050   -0.0050   -0.0049   -0.0049   -0.0048   -0.0047   -0.0046
   -0.0045   -0.0043   -0.0040   -0.0038   -0.0034   -0.0030   -0.0024   -0.0018
   -0.0012   -0.0006    0.0000    0.0006    0.0012    0.0018    0.0024    0.0030
    0.0034    0.0038    0.0040    0.0043    0.0045    0.0046    0.0047    0.0048
    0.0049    0.0049    0.0050    0.0050    0.0051
   PDOWN_HUB   PDOWN_TIP 
 1107288.9 1107288.9
 MIXING LENGTH LIMITS ON ALL BLADE ROWS
  0.020000  0.030000  0.040000  0.050000  1.000000  0.500000
  0.020000  0.030000  0.040000  0.050000  1.000000  0.500000
  FACTOR TO INCREASE THE TURBULENT VISCOSITY OVER THE FIRST NMIXUP STEPS 
   2.00000 1000
