  BLADE PROFILES IN CARTESIAN COORDINATES (2D) BEFORE   PROJECTION, SCALING, MESHING AND STACKING 
  VARIABLES = "X", "YSS", "YPS" 
  BLADE           1  SECTION           1
    0.000000   -0.019503   -0.019503
    0.000062   -0.016098   -0.021713
    0.000249   -0.012786   -0.025089
    0.000561   -0.009412   -0.028085
    0.000997   -0.006020   -0.030833
    0.001557   -0.002634   -0.032911
    0.002241    0.000728   -0.035016
    0.003050    0.004046   -0.037125
    0.003982    0.007309   -0.039073
    0.005038    0.010510   -0.041097
    0.006218    0.013644   -0.043219
    0.007520    0.016780   -0.045459
    0.008945    0.019788   -0.047846
    0.010493    0.022701   -0.050385
    0.012162    0.025641   -0.053070
    0.013954    0.028564   -0.055900
    0.015866    0.031487   -0.058879
    0.017899    0.034413   -0.061952
    0.020052    0.037347   -0.065138
    0.022325    0.040290   -0.068435
    0.024716    0.043237   -0.071836
    0.027226    0.046179   -0.075335
    0.029854    0.049098   -0.078925
    0.032600    0.051976   -0.082605
    0.035461    0.054761   -0.086391
    0.038439    0.057422   -0.090200
    0.041531    0.059906   -0.094070
    0.044738    0.062125   -0.097996
    0.048058    0.064118   -0.101971
    0.051491    0.066047   -0.106000
    0.055036    0.068005   -0.110091
    0.058691    0.069998   -0.114160
    0.062456    0.072045   -0.118236
    0.066331    0.074137   -0.122325
    0.070314    0.076268   -0.126421
    0.074403    0.078453   -0.130525
    0.078599    0.080685   -0.134644
    0.082900    0.082964   -0.138686
    0.087305    0.085296   -0.142701
    0.091812    0.087680   -0.146703
    0.096421    0.090117   -0.150696
    0.101131    0.092608   -0.154559
    0.105941    0.095158   -0.158372
    0.110848    0.097763   -0.162145
    0.115853    0.100431   -0.165858
    0.120953    0.103161   -0.169435
    0.126148    0.105949   -0.172951
    0.131435    0.108806   -0.176410
    0.136815    0.111732   -0.179662
    0.142285    0.114726   -0.182850
    0.147845    0.117790   -0.185973
    0.153492    0.120927   -0.188839
    0.159225    0.124139   -0.191631
    0.165044    0.127426   -0.194340
    0.170946    0.130793   -0.196761
    0.176930    0.134240   -0.199093
    0.182994    0.137770   -0.201309
    0.189138    0.141386   -0.203230
    0.195358    0.145090   -0.205041
    0.201655    0.148884   -0.206692
    0.208026    0.152746   -0.208062
    0.214470    0.156726   -0.209294
    0.220986    0.160803   -0.210314
    0.227570    0.164949   -0.211126
    0.234223    0.169226   -0.211784
    0.240941    0.173571   -0.212044
    0.247725    0.178054   -0.212156
    0.254571    0.182608   -0.212130
    0.261478    0.187271   -0.211664
    0.268445    0.192072   -0.211053
    0.275470    0.196950   -0.210273
    0.282550    0.201935   -0.209059
    0.289685    0.207038   -0.207676
    0.296872    0.212289   -0.206116
    0.304110    0.217620   -0.204101
    0.311396    0.223065   -0.201907
    0.318730    0.228627   -0.199526
    0.326109    0.234306   -0.196685
    0.333531    0.240103   -0.193585
    0.340994    0.246021   -0.190264
    0.348497    0.252060   -0.186718
    0.356038    0.258220   -0.182739
    0.363615    0.264503   -0.178487
    0.371226    0.270909   -0.173989
    0.378869    0.277439   -0.169274
    0.386542    0.284092   -0.164104
    0.394243    0.290869   -0.158648
    0.401971    0.297770   -0.152907
    0.409723    0.304795   -0.146902
    0.417498    0.311942   -0.140695
    0.425293    0.319213   -0.134021
    0.433107    0.326606   -0.127051
    0.440937    0.334121   -0.119786
    0.448783    0.341757   -0.112226
    0.456641    0.349499   -0.104370
    0.464509    0.357332   -0.096217
    0.472387    0.365323   -0.087767
    0.480272    0.373438   -0.079022
    0.488161    0.381676   -0.070007
    0.496053    0.390028   -0.060795
    0.503947    0.398493   -0.051174
    0.511839    0.407068   -0.041266
    0.519729    0.415752   -0.031074
    0.527613    0.424528   -0.020602
    0.535491    0.433382   -0.009826
    0.543360    0.442380    0.001307
    0.551217    0.451494    0.012594
    0.559063    0.460710    0.024142
    0.566893    0.470020    0.035947
    0.574707    0.479424    0.048005
    0.582502    0.488917    0.060308
    0.590277    0.498483    0.072852
    0.598029    0.508105    0.085631
    0.605757    0.517854    0.098637
    0.613458    0.527697    0.111870
    0.621131    0.537615    0.125357
    0.628774    0.547604    0.139147
    0.636385    0.557661    0.153024
    0.643962    0.567764    0.167095
    0.651503    0.577907    0.181353
    0.659006    0.588144    0.195790
    0.666469    0.598446    0.210398
    0.673891    0.608803    0.225185
    0.681270    0.619205    0.240165
    0.688604    0.629646    0.255357
    0.695890    0.640123    0.270593
    0.703128    0.650619    0.285958
    0.710315    0.661117    0.301444
    0.717450    0.671675    0.317042
    0.724530    0.682268    0.332761
    0.731555    0.692873    0.348608
    0.738522    0.703488    0.364589
    0.745429    0.714105    0.380564
    0.752275    0.724721    0.396604
    0.759059    0.735319    0.412698
    0.765777    0.745883    0.428839
    0.772430    0.756466    0.445034
    0.779015    0.767038    0.461283
    0.785530    0.777586    0.477587
    0.791974    0.788101    0.493826
    0.798345    0.798579    0.510061
    0.804642    0.809014    0.526280
    0.810863    0.819389    0.542474
    0.817006    0.829699    0.558646
    0.823070    0.839976    0.574775
    0.829054    0.850189    0.590875
    0.834956    0.860342    0.606925
    0.840775    0.870421    0.622848
    0.846508    0.880419    0.638683
    0.852155    0.890333    0.654420
    0.857715    0.900156    0.670049
    0.863185    0.909869    0.685570
    0.868565    0.919478    0.700961
    0.873852    0.928998    0.716234
    0.879047    0.938406    0.731370
    0.884147    0.947697    0.746308
    0.889152    0.956865    0.761075
    0.894059    0.965909    0.775662
    0.898869    0.974821    0.790058
    0.903579    0.983596    0.804257
    0.908188    0.992227    0.818252
    0.912695    1.000710    0.832027
    0.917100    1.009040    0.845573
    0.921401    1.017213    0.858881
    0.925597    1.025223    0.871941
    0.929686    1.033056    0.884765
    0.933669    1.040721    0.897315
    0.937544    1.048217    0.909578
    0.941309    1.055531    0.921557
    0.944965    1.062661    0.933246
    0.948509    1.069600    0.944636
    0.951942    1.076346    0.955721
    0.955262    1.082894    0.966492
    0.958469    1.089248    0.976941
    0.961561    1.095389    0.987059
    0.964539    1.101319    0.996840
    0.967400    1.107037    1.006277
    0.970146    1.112538    1.015363
    0.972774    1.117716    1.024092
    0.975284    1.122118    1.032458
    0.977675    1.125735    1.040455
    0.979948    1.128762    1.048076
    0.982101    1.131316    1.055317
    0.984134    1.133463    1.062171
    0.986046    1.135236    1.068632
    0.987838    1.136665    1.074702
    0.989507    1.137760    1.080372
    0.991055    1.138533    1.085639
    0.992480    1.138990    1.090497
    0.993782    1.139135    1.094947
    0.994962    1.139018    1.098982
    0.996018    1.138564    1.102599
    0.996950    1.137727    1.105796
    0.997759    1.136664    1.108749
    0.998443    1.135318    1.111595
    0.999003    1.133704    1.114303
    0.999439    1.131839    1.117251
    0.999751    1.129747    1.120148
    0.999938    1.127506    1.123094
    1.000000    1.124826    1.124826
  BLADE PROFILES IN CARTESIAN COORDINATES (3D) 
  VARIABLES = "X", "YSS", "YPS" "R" 
  BLADE           1  SECTION           1
  -12.681933   -4.784321   -4.784321  212.265274
  -11.178532   -5.488589   -5.488589  212.227539
   -9.838353   -6.116236   -6.116236  212.187485
   -8.643712   -6.675585   -6.675585  212.146408
   -7.578817   -7.174064   -7.174064  212.105225
   -6.629587   -7.618298   -7.618298  212.064743
   -5.783454   -8.014194   -8.014194  212.025528
   -5.029216   -8.367016   -8.367016  211.988022
   -4.356888   -8.681456   -8.681456  211.952499
   -3.757566   -8.961699   -8.961699  211.919113
   -3.223315   -9.211472   -9.211472  211.888000
   -2.747065   -9.434087   -9.434087  211.859116
   -2.322514   -9.632507   -9.632507  211.832489
   -1.944042   -9.809366   -9.809366  211.807999
   -1.606644   -9.967010   -9.967010  211.785583
   -1.305859  -10.107532  -10.107532  211.765182
   -1.037711  -10.232787  -10.232787  211.746552
   -0.798655  -10.344445  -10.344445  211.729675
   -0.585534  -10.443978  -10.443978  211.714355
   -0.395533  -10.532710  -10.532710  211.700531
   -0.226139  -10.611809  -10.611809  211.688049
   -0.075120  -10.682323  -10.682323  211.676788
    0.059522  -10.745188  -10.745188  211.666641
    0.179562  -10.801229  -10.801229  211.657547
    0.286583  -10.851192  -10.851192  211.649338
    0.382000  -10.895735  -10.895735  211.641998
    0.476721  -10.264998  -11.433614  211.628906
    0.575751   -9.990561  -11.615182  211.615143
    0.679483   -9.786169  -11.787195  211.600601
    0.788317   -9.608840  -11.959732  211.585236
    0.902649   -9.446051  -12.132001  211.569031
    1.022873   -9.291972  -12.305758  211.551773
    1.149387   -9.145010  -12.481594  211.533569
    1.282584   -9.006613  -12.660645  211.514206
    1.422860   -8.881343  -12.840815  211.493652
    1.570611   -8.776447  -13.022976  211.471802
    1.726232   -8.685662  -13.207794  211.448608
    1.890115   -8.593663  -13.394695  211.423965
    2.062658   -8.497876  -13.581358  211.397781
    2.244252   -8.398300  -13.769156  211.369995
    2.435201   -8.294183  -13.958272  211.340424
    2.635547   -8.185520  -14.144307  211.309158
    2.845753   -8.071668  -14.330522  211.276031
    3.066342   -7.952071  -14.511885  211.240875
    3.297886   -7.826085  -14.690906  211.203674
    3.541024   -7.692862  -14.864448  211.164154
    3.796443   -7.551780  -15.033695  211.122192
    4.064755   -7.401720  -15.192955  211.077759
    4.346467   -7.241997  -15.343732  211.030518
    4.642521   -7.071416  -15.485105  210.980392
    4.953961   -6.888579  -15.609757  210.927155
    5.281955   -6.691850  -15.720058  210.870438
    5.627793   -6.479506  -15.812999  210.810089
    5.992861   -6.249617  -15.882496  210.745819
    6.381575   -5.997882  -15.929326  210.676605
    6.799540   -5.718542  -15.941225  210.601578
    7.247199   -5.409571  -15.916031  210.520401
    7.724207   -5.068542  -15.846096  210.433151
    8.229403   -4.692195  -15.723625  210.339981
    8.760845   -4.281158  -15.541820  210.241333
    9.315787   -3.833645  -15.292768  210.137619
    9.885248   -3.354321  -14.973895  210.030701
   10.460131   -2.849237  -14.592536  209.922455
   11.037355   -2.320259  -14.147262  209.813461
   11.614418   -1.769245  -13.638473  209.704498
   12.189404   -1.198451  -13.069571  209.596085
   12.760911   -0.609040  -12.444687  209.488541
   13.328202    0.000000  -11.769587  209.382324
   13.895105    0.630826  -11.032737  209.276749
   14.464189    1.285627  -10.231022  209.171555
   15.035029    1.967994   -9.372992  209.066910
   15.606876    2.674400   -8.455480  208.963318
   16.178724    3.404109   -7.480539  208.860886
   16.749277    4.157720   -6.445769  208.760147
   17.316935    4.929409   -5.363997  208.661514
   17.876656    5.716062   -4.241826  208.565918
   18.425297    6.509603   -3.086205  208.474014
   18.961359    7.305573   -1.910234  208.386063
   19.483646    8.103917   -0.712983  208.302353
   19.991220    8.898775    0.491568  208.222794
   20.483448    9.688271    1.703285  208.147568
   20.959972   10.471331    2.916160  208.076645
   21.422527   11.246991    4.128541  208.009644
   21.871557   12.016555    5.342295  207.946457
   22.307074   12.778314    6.550047  207.886978
   22.729038   13.529645    7.750520  207.831161
   23.137449   14.270438    8.942524  207.778748
   23.532299   14.999221   10.119390  207.729813
   23.913563   15.714620   11.280724  207.684158
   24.281237   16.415195   12.423571  207.641663
   24.635303   17.099508   13.545811  207.602188
   24.975746   17.767153   14.643552  207.565643
   25.302551   18.416824   15.715388  207.531891
   25.615707   18.998045   16.758863  207.500778
   25.915195   19.308470   17.771658  207.472183
   26.200993   18.975664   18.975264  207.445999
   26.487549   19.763575   19.763374  207.426743
   26.790495   20.596622   20.596622  207.406509
   27.110739   21.477171   21.477171  207.385208
   27.449291   22.407911   22.407911  207.362762
   27.807192   23.391718   23.391718  207.339111
   28.185541   24.431583   24.431583  207.314148
   28.585497   25.530701   25.530701  207.287750
   29.008305   26.692434   26.692434  207.259781
   29.455248   27.920330   27.920330  207.230103
   29.927675   29.218090   29.218090  207.198212
   30.427067   30.589701   30.589701  207.164185
   30.954948   32.039360   32.039360  207.127884
   31.512945   33.571468   33.571468  207.089172
   32.102768   35.190685   35.190685  207.047699
   32.726215   36.901920   36.901920  207.003311
  BLADE PROFILES IN CARTESIAN COORDINATES (2D) BEFORE   PROJECTION, SCALING, MESHING AND STACKING 
  VARIABLES = "X", "YSS", "YPS" 
  BLADE           1  SECTION           2
    0.000000   -0.016195   -0.016195
    0.000062   -0.013880   -0.019976
    0.000249   -0.010305   -0.023105
    0.000561   -0.006893   -0.026132
    0.000997   -0.003528   -0.028676
    0.001557   -0.000220   -0.031046
    0.002241    0.003025   -0.033224
    0.003050    0.006190   -0.035251
    0.003982    0.009269   -0.037291
    0.005038    0.012259   -0.039316
    0.006218    0.015208   -0.041305
    0.007520    0.018054   -0.043431
    0.008945    0.020838   -0.045706
    0.010493    0.023610   -0.048136
    0.012162    0.026361   -0.050682
    0.013954    0.029105   -0.053351
    0.015866    0.031862   -0.056145
    0.017899    0.034619   -0.059057
    0.020052    0.037392   -0.062082
    0.022325    0.040160   -0.065221
    0.024716    0.042926   -0.068476
    0.027226    0.045667   -0.071801
    0.029854    0.048342   -0.075203
    0.032600    0.050937   -0.078683
    0.035461    0.053385   -0.082237
    0.038439    0.055621   -0.085857
    0.041531    0.057629   -0.089538
    0.044738    0.059468   -0.093284
    0.048058    0.061260   -0.097099
    0.051491    0.063081   -0.100919
    0.055036    0.064936   -0.104759
    0.058691    0.066840   -0.108625
    0.062456    0.068785   -0.112511
    0.066331    0.070769   -0.116426
    0.070314    0.072791   -0.120371
    0.074403    0.074863   -0.124270
    0.078599    0.076978   -0.128141
    0.082900    0.079133   -0.131999
    0.087305    0.081340   -0.135856
    0.091812    0.083592   -0.139714
    0.096421    0.085892   -0.143469
    0.101131    0.088243   -0.147166
    0.105941    0.090646   -0.150820
    0.110848    0.093100   -0.154433
    0.115853    0.095610   -0.157999
    0.120953    0.098172   -0.161432
    0.126148    0.100795   -0.164812
    0.131435    0.103471   -0.168152
    0.136815    0.106214   -0.171286
    0.142285    0.109018   -0.174328
    0.147845    0.111878   -0.177295
    0.153492    0.114810   -0.180167
    0.159225    0.117811   -0.182843
    0.165044    0.120880   -0.185424
    0.170946    0.124020   -0.187910
    0.176930    0.127220   -0.190142
    0.182994    0.130503   -0.192276
    0.189138    0.133866   -0.194307
    0.195358    0.137308   -0.196042
    0.201655    0.140829   -0.197669
    0.208026    0.144413   -0.199184
    0.214470    0.148098   -0.200368
    0.220986    0.151872   -0.201435
    0.227570    0.155709   -0.202375
    0.234223    0.159659   -0.202959
    0.240941    0.163676   -0.203412
    0.247725    0.167808   -0.203728
    0.254571    0.172006   -0.203663
    0.261478    0.176332   -0.203455
    0.268445    0.180722   -0.203107
    0.275470    0.185213   -0.202343
    0.282550    0.189831   -0.201432
    0.289685    0.194520   -0.200358
    0.296872    0.199306   -0.198880
    0.304110    0.204203   -0.197172
    0.311396    0.209234   -0.195271
    0.318730    0.214337   -0.193152
    0.326109    0.219544   -0.190671
    0.333531    0.224857   -0.187984
    0.340994    0.230277   -0.185111
    0.348497    0.235805   -0.181811
    0.356038    0.241441   -0.178252
    0.363615    0.247188   -0.174484
    0.371226    0.253047   -0.170516
    0.378869    0.259016   -0.166131
    0.386542    0.265095   -0.161464
    0.394243    0.271284   -0.156536
    0.401971    0.277584   -0.151374
    0.409723    0.283994   -0.146010
    0.417498    0.290515   -0.140234
    0.425293    0.297145   -0.134166
    0.433107    0.303890   -0.127826
    0.440937    0.310744   -0.121212
    0.448783    0.317708   -0.114324
    0.456641    0.324780   -0.107193
    0.464509    0.331960   -0.099855
    0.472387    0.339247   -0.092139
    0.480272    0.346639   -0.084145
    0.488161    0.354135   -0.075863
    0.496053    0.361734   -0.067312
    0.503947    0.369434   -0.058495
    0.511839    0.377223   -0.049414
    0.519729    0.385081   -0.040072
    0.527613    0.393075   -0.030471
    0.535491    0.401176   -0.020614
    0.543360    0.409370   -0.010506
    0.551217    0.417656   -0.000150
    0.559063    0.426030    0.010450
    0.566893    0.434490    0.021289
    0.574707    0.443034    0.032365
    0.582502    0.451647    0.043681
    0.590277    0.460311    0.055223
    0.598029    0.469091    0.067013
    0.605757    0.477960    0.079085
    0.613458    0.486898    0.091266
    0.621131    0.495904    0.103649
    0.628774    0.504974    0.116227
    0.636385    0.514105    0.128993
    0.643962    0.523280    0.141941
    0.651503    0.532487    0.155064
    0.659006    0.541780    0.168364
    0.666469    0.551135    0.181857
    0.673891    0.560535    0.195578
    0.681270    0.569975    0.209347
    0.688604    0.579451    0.223255
    0.695890    0.588959    0.237292
    0.703128    0.598482    0.251451
    0.710315    0.608009    0.265723
    0.717450    0.617590    0.280115
    0.724530    0.627197    0.294634
    0.731555    0.636819    0.309295
    0.738522    0.646448    0.323956
    0.745429    0.656080    0.338687
    0.752275    0.665709    0.353480
    0.759059    0.675320    0.368325
    0.765777    0.684906    0.383221
    0.772430    0.694505    0.398163
    0.779015    0.704087    0.413158
    0.785530    0.713653    0.428198
    0.791974    0.723189    0.443183
    0.798345    0.732691    0.458165
    0.804642    0.742155    0.473135
    0.810863    0.751560    0.488082
    0.817006    0.760911    0.503010
    0.823070    0.770230    0.517898
    0.829054    0.779492    0.532761
    0.834956    0.788690    0.547580
    0.840775    0.797828    0.562281
    0.846508    0.806894    0.576902
    0.852155    0.815882    0.591434
    0.857715    0.824787    0.605865
    0.863185    0.833605    0.620197
    0.868565    0.842319    0.634412
    0.873852    0.850935    0.648497
    0.879047    0.859463    0.662467
    0.884147    0.867886    0.676295
    0.889152    0.876197    0.689935
    0.894059    0.884393    0.703409
    0.898869    0.892468    0.716708
    0.903579    0.900422    0.729823
    0.908188    0.908245    0.742751
    0.912695    0.915935    0.755477
    0.917100    0.923486    0.767992
    0.921401    0.930893    0.780287
    0.925597    0.938153    0.792354
    0.929686    0.945262    0.804184
    0.933669    0.952214    0.815788
    0.937544    0.959007    0.827130
    0.941309    0.965635    0.838200
    0.944965    0.972096    0.849001
    0.948509    0.978384    0.859526
    0.951942    0.984497    0.869769
    0.955262    0.990431    0.879723
    0.958469    0.996181    0.889379
    0.961561    1.001745    0.898729
    0.964539    1.007120    0.907769
    0.967400    1.012302    0.916491
    0.970146    1.017287    0.924888
    0.972774    1.021948    0.932956
    0.975284    1.025830    0.940688
    0.977675    1.028972    0.948079
    0.979948    1.031599    0.955123
    0.982101    1.033810    0.961816
    0.984134    1.035649    0.968150
    0.986046    1.037154    0.974122
    0.987838    1.038349    0.979733
    0.989507    1.039242    0.984974
    0.991055    1.039841    0.989843
    0.992480    1.040145    0.994333
    0.993782    1.040163    0.998446
    0.994962    1.039922    1.002176
    0.996018    1.039393    1.005519
    0.996950    1.038540    1.008474
    0.997759    1.037458    1.011200
    0.998443    1.036121    1.013800
    0.999003    1.034540    1.016319
    0.999439    1.032728    1.019060
    0.999751    1.030695    1.021744
    0.999938    1.028382    1.024480
    1.000000    1.026334    1.026334
  BLADE PROFILES IN CARTESIAN COORDINATES (3D) 
  VARIABLES = "X", "YSS", "YPS" "R" 
  BLADE           1  SECTION           2
  -13.622795   -3.815176   -3.815176  225.864273
  -12.075058   -4.497811   -4.497811  225.861984
  -10.695093   -5.106441   -5.106441  225.859695
   -9.464711   -5.649088   -5.649088  225.857529
   -8.367698   -6.132909   -6.132909  225.855499
   -7.389600   -6.564280   -6.564280  225.853714
   -6.517521   -6.948889   -6.948889  225.852005
   -5.739974   -7.291804   -7.291804  225.850555
   -5.046712   -7.597547   -7.597547  225.849167
   -4.428594   -7.870146   -7.870146  225.848007
   -3.877480   -8.113195   -8.113195  225.846924
   -3.386105   -8.329897   -8.329897  225.846024
   -2.947991   -8.523110   -8.523110  225.845184
   -2.557369   -8.695380   -8.695380  225.844452
   -2.209091   -8.848974   -8.848974  225.843781
   -1.898562   -8.985921   -8.985921  225.843246
   -1.621693   -9.108023   -9.108023  225.842728
   -1.374837   -9.216887   -9.216887  225.842285
   -1.154740   -9.313952   -9.313952  225.841888
   -0.958500   -9.400497   -9.400497  225.841537
   -0.783533   -9.477660   -9.477660  225.841202
   -0.627529   -9.546458   -9.546458  225.840958
   -0.488438   -9.607800   -9.607800  225.840683
   -0.364423   -9.662491   -9.662491  225.840469
   -0.253850   -9.711254   -9.711254  225.840286
   -0.155264   -9.754732   -9.754732  225.840134
   -0.056678   -9.110406  -10.319268  225.840027
    0.046403   -8.848530  -10.501353  225.840103
    0.154392   -8.651801  -10.670961  225.840179
    0.267700   -8.480924  -10.838896  225.840210
    0.386745   -8.323436  -11.007838  225.840302
    0.511941   -8.175116  -11.179376  225.840393
    0.643700   -8.035985  -11.351962  225.840515
    0.782438   -7.909344  -11.526551  225.840576
    0.928570   -7.802457  -11.703517  225.840698
    1.082506   -7.713306  -11.883515  225.840836
    1.244664   -7.627071  -12.065537  225.840942
    1.415456   -7.537930  -12.248244  225.841080
    1.595298   -7.445273  -12.432758  225.841278
    1.784602   -7.349083  -12.619509  225.841461
    1.983689   -7.248653  -12.804360  225.841660
    2.192608   -7.144000  -12.989136  225.841904
    2.411845   -7.034502  -13.173332  225.842178
    2.641949   -6.919644  -13.353004  225.842422
    2.883524   -6.798819  -13.531039  225.842697
    3.137234   -6.671354  -13.704067  225.843063
    3.403806   -6.536505  -13.873594  225.843338
    3.683887   -6.393249  -14.032263  225.843750
    3.978010   -6.241231  -14.185407  225.844177
    4.287158   -6.078814  -14.326219  225.844528
    4.612437   -5.905325  -14.455375  225.845108
    4.955074   -5.718694  -14.571546  225.845581
    5.316405   -5.517470  -14.667444  225.846115
    5.697897   -5.300010  -14.743044  225.846771
    6.104181   -5.062204  -14.796185  225.847488
    6.541106   -4.798727  -14.820853  225.848206
    7.009161   -4.507318  -14.808102  225.849030
    7.507971   -4.185601  -14.751561  225.849991
    8.036346   -3.832752  -14.643988  225.850891
    8.592249   -3.445565  -14.481681  225.851929
    9.172789   -3.025371  -14.257076  225.853073
    9.768569   -2.575587  -13.966277  225.854187
   10.370050   -2.101807  -13.610286  225.855392
   10.974013   -1.605923  -13.197874  225.856583
   11.577791   -1.089419  -12.720229  225.857819
   12.179358   -0.553621  -12.188422  225.859039
   12.777271    0.000000  -11.603487  225.860245
   13.370692    0.570471  -10.962987  225.861374
   13.963632    1.160083  -10.267411  225.862473
   14.558758    1.775659   -9.513492  225.863541
   15.155582    2.414941   -8.701520  225.864685
   15.753347    3.075874   -7.831592  225.865662
   16.350946    3.761168   -6.902587  225.866669
   16.947027    4.467497   -5.924318  225.867599
   17.539888    5.190949   -4.896851  225.868530
   18.124241    5.928567   -3.826587  225.869446
   18.696823    6.672636   -2.730640  225.870163
   19.256063    7.419076   -1.611105  225.870850
   19.800697    8.167732   -0.471759  225.871506
   20.329781    8.913196    0.675476  225.872086
   20.842627    9.653590    1.830024  225.872543
   21.338888   10.388081    2.985690  225.872910
   21.820400   11.115639    4.141306  225.873260
   22.287607   11.837375    5.298466  225.873581
   22.740536   12.551813    6.450116  225.873779
   23.179173   13.256925    7.594991  225.873978
   23.603529   13.951294    8.731598  225.874069
   24.013590   14.634658    9.854595  225.874100
   24.409369   15.305501   10.962466  225.874130
   24.790854   15.962439   12.052773  225.874084
   25.158054   16.604372   13.123639  225.873962
   25.510963   17.230207   14.171017  225.873825
   25.849588   17.838951   15.193789  225.873703
   26.173927   18.376766   16.189495  225.873505
   26.483973   18.652527   17.155910  225.873276
   26.779730   18.311375   18.311014  225.873016
   27.075491   19.057383   19.057201  225.872375
   27.388144   19.846186   19.846186  225.871597
   27.718653   20.680046   20.680046  225.870850
   28.068039   21.561535   21.561535  225.870132
   28.437372   22.493374   22.493374  225.869476
   28.827801   23.478445   23.478445  225.868912
   29.240534   24.519787   24.519787  225.868439
   29.676832   25.620613   25.620613  225.868149
   30.138054   26.784342   26.784342  225.867996
   30.625601   28.014566   28.014566  225.868240
   31.141010   29.315096   29.315096  225.868729
   31.685863   30.689934   30.689934  225.869537
   32.261818   32.143333   32.143333  225.870712
   32.870670   33.679798   33.679798  225.872223
   33.514297   35.304039   35.304039  225.874054
  BLADE PROFILES IN CARTESIAN COORDINATES (2D) BEFORE   PROJECTION, SCALING, MESHING AND STACKING 
  VARIABLES = "X", "YSS", "YPS" 
  BLADE           1  SECTION           3
    0.000000   -0.013080   -0.013080
    0.000062   -0.011364   -0.017822
    0.000249   -0.007985   -0.021131
    0.000561   -0.004670   -0.024281
    0.000997   -0.001418   -0.027154
    0.001557    0.001755   -0.029343
    0.002241    0.004835   -0.031548
    0.003050    0.007813   -0.033713
    0.003982    0.010698   -0.035753
    0.005038    0.013531   -0.037707
    0.006218    0.016248   -0.039708
    0.007520    0.018894   -0.041775
    0.008945    0.021538   -0.043938
    0.010493    0.024156   -0.046230
    0.012162    0.026765   -0.048655
    0.013954    0.029387   -0.051206
    0.015866    0.032010   -0.053884
    0.017899    0.034649   -0.056688
    0.020052    0.037282   -0.059580
    0.022325    0.039916   -0.062566
    0.024716    0.042524   -0.065645
    0.027226    0.045066   -0.068813
    0.029854    0.047531   -0.072064
    0.032600    0.049853   -0.075392
    0.035461    0.051972   -0.078791
    0.038439    0.053873   -0.082263
    0.041531    0.055613   -0.085816
    0.044738    0.057304   -0.089389
    0.048058    0.059022   -0.092997
    0.051491    0.060766   -0.096644
    0.055036    0.062558   -0.100323
    0.058691    0.064388   -0.104028
    0.062456    0.066257   -0.107766
    0.066331    0.068161   -0.111543
    0.070314    0.070101   -0.115282
    0.074403    0.072086   -0.119008
    0.078599    0.074112   -0.122728
    0.082900    0.076178   -0.126435
    0.087305    0.078284   -0.130136
    0.091812    0.080437   -0.133846
    0.096421    0.082633   -0.137448
    0.101131    0.084874   -0.141010
    0.105941    0.087163   -0.144551
    0.110848    0.089499   -0.148070
    0.115853    0.091884   -0.151459
    0.120953    0.094319   -0.154766
    0.126148    0.096808   -0.158033
    0.131435    0.099347   -0.161253
    0.136815    0.101944   -0.164309
    0.142285    0.104598   -0.167255
    0.147845    0.107303   -0.170138
    0.153492    0.110074   -0.172965
    0.159225    0.112897   -0.175559
    0.165044    0.115790   -0.178045
    0.170946    0.118748   -0.180440
    0.176930    0.121761   -0.182724
    0.182994    0.124848   -0.184792
    0.189138    0.128007   -0.186750
    0.195358    0.131236   -0.188610
    0.201655    0.134520   -0.190184
    0.208026    0.137895   -0.191652
    0.214470    0.141345   -0.193014
    0.220986    0.144852   -0.194060
    0.227570    0.148458   -0.194986
    0.234223    0.152122   -0.195778
    0.240941    0.155889   -0.196271
    0.247725    0.159716   -0.196556
    0.254571    0.163651   -0.196696
    0.261478    0.167644   -0.196666
    0.268445    0.171754   -0.196321
    0.275470    0.175924   -0.195813
    0.282550    0.180182   -0.195158
    0.289685    0.184560   -0.194119
    0.296872    0.189001   -0.192928
    0.304110    0.193530   -0.191562
    0.311396    0.198160   -0.189849
    0.318730    0.202911   -0.187881
    0.326109    0.207727   -0.185734
    0.333531    0.212638   -0.183418
    0.340994    0.217644   -0.180698
    0.348497    0.222746   -0.177743
    0.356038    0.227950   -0.174593
    0.363615    0.233259   -0.171262
    0.371226    0.238693   -0.167532
    0.378869    0.244194   -0.163546
    0.386542    0.249795   -0.159318
    0.394243    0.255495   -0.154867
    0.401971    0.261294   -0.150242
    0.409723    0.267194   -0.145200
    0.417498    0.273192   -0.139906
    0.425293    0.279290   -0.134359
    0.433107    0.285488   -0.128557
    0.440937    0.291784   -0.122525
    0.448783    0.298178   -0.116307
    0.456641    0.304669   -0.109721
    0.464509    0.311258   -0.102853
    0.472387    0.317932   -0.095731
    0.480272    0.324676   -0.088355
    0.488161    0.331549   -0.080726
    0.496053    0.338515   -0.072846
    0.503947    0.345574   -0.064714
    0.511839    0.352729   -0.056335
    0.519729    0.359973   -0.047709
    0.527613    0.367305   -0.038840
    0.535491    0.374723   -0.029731
    0.543360    0.382224   -0.020384
    0.551217    0.389807   -0.010805
    0.559063    0.397471   -0.000996
    0.566893    0.405199    0.009038
    0.574707    0.412982    0.019293
    0.582502    0.420873    0.029764
    0.590277    0.428837    0.040446
    0.598029    0.436880    0.051334
    0.605757    0.444988    0.062422
    0.613458    0.453160    0.073705
    0.621131    0.461392    0.085178
    0.628774    0.469683    0.096834
    0.636385    0.478014    0.108671
    0.643962    0.486381    0.120692
    0.651503    0.494827    0.132901
    0.659006    0.503323    0.145333
    0.666469    0.511871    0.157827
    0.673891    0.520458    0.170466
    0.681270    0.529081    0.183242
    0.688604    0.537736    0.196148
    0.695890    0.546420    0.209176
    0.703128    0.555118    0.222319
    0.710315    0.563818    0.235586
    0.717450    0.572567    0.248977
    0.724530    0.581337    0.262512
    0.731555    0.590122    0.276054
    0.738522    0.598912    0.289671
    0.745429    0.607705    0.303356
    0.752275    0.616496    0.317099
    0.759059    0.625267    0.330892
    0.765777    0.634018    0.344742
    0.772430    0.642779    0.358628
    0.779015    0.651521    0.372567
    0.785530    0.660249    0.386543
    0.791974    0.668951    0.400472
    0.798345    0.677622    0.414400
    0.804642    0.686257    0.428316
    0.810863    0.694852    0.442213
    0.817006    0.703390    0.456095
    0.823070    0.711873    0.469939
    0.829054    0.720322    0.483760
    0.834956    0.728714    0.497541
    0.840775    0.737045    0.511215
    0.846508    0.745314    0.524813
    0.852155    0.753513    0.538329
    0.857715    0.761636    0.551753
    0.863185    0.769679    0.565083
    0.868565    0.777638    0.578306
    0.873852    0.785498    0.591410
    0.879047    0.793264    0.604406
    0.884147    0.800945    0.617272
    0.889152    0.808525    0.629964
    0.894059    0.815999    0.642500
    0.898869    0.823364    0.654875
    0.903579    0.830614    0.667079
    0.908188    0.837746    0.679107
    0.912695    0.844758    0.690949
    0.917100    0.851643    0.702596
    0.921401    0.858398    0.714038
    0.925597    0.865018    0.725268
    0.929686    0.871499    0.736278
    0.933669    0.877838    0.747061
    0.937544    0.884032    0.757627
    0.941309    0.890075    0.767939
    0.944965    0.895965    0.777992
    0.948509    0.901699    0.787789
    0.951942    0.907272    0.797322
    0.955262    0.912681    0.806587
    0.958469    0.917924    0.815575
    0.961561    0.922998    0.824280
    0.964539    0.927898    0.832695
    0.967400    0.932622    0.840814
    0.970146    0.937166    0.848631
    0.972774    0.941384    0.856142
    0.975284    0.944765    0.863340
    0.977675    0.947523    0.870221
    0.979948    0.949821    0.876779
    0.982101    0.951736    0.883008
    0.984134    0.953312    0.888903
    0.986046    0.954583    0.894466
    0.987838    0.955564    0.899690
    0.989507    0.956271    0.904570
    0.991055    0.956708    0.909103
    0.992480    0.956884    0.913284
    0.993782    0.956806    0.917113
    0.994962    0.956460    0.920586
    0.996018    0.955863    0.923698
    0.996950    0.954990    0.926451
    0.997759    0.953889    0.928984
    0.998443    0.952556    0.931373
    0.999003    0.951000    0.933748
    0.999439    0.949234    0.936298
    0.999751    0.947262    0.938795
    0.999938    0.944984    0.941302
    1.000000    0.943338    0.943338
  BLADE PROFILES IN CARTESIAN COORDINATES (3D) 
  VARIABLES = "X", "YSS", "YPS" "R" 
  BLADE           1  SECTION           3
  -14.853813   -4.185651   -4.185651  239.427139
  -13.223224   -4.864783   -4.864783  239.460312
  -11.769580   -5.470531   -5.470531  239.496902
  -10.473724   -6.010836   -6.010836  239.535309
   -9.318549   -6.492774   -6.492774  239.574341
   -8.288792   -6.922650   -6.922650  239.613205
   -7.370840   -7.306088   -7.306088  239.651077
   -6.552549   -7.648096   -7.648096  239.687561
   -5.823095   -7.953146   -7.953146  239.722321
   -5.172831   -8.225227   -8.225227  239.755051
   -4.593149   -8.467897   -8.467897  239.785690
   -4.076386   -8.684330   -8.684330  239.814148
   -3.615706   -8.877357   -8.877357  239.840469
   -3.205018   -9.049508   -9.049508  239.864670
   -2.838894   -9.203036   -9.203036  239.886932
   -2.512494   -9.339952   -9.339952  239.907166
   -2.221503   -9.462053   -9.462053  239.925705
   -1.962081   -9.570937   -9.570937  239.942459
   -1.730799   -9.668037   -9.668037  239.957657
   -1.524604   -9.754625   -9.754625  239.971466
   -1.340772   -9.831837   -9.831837  239.983902
   -1.176878   -9.900686   -9.900686  239.995087
   -1.030756   -9.962082   -9.962082  240.005188
   -0.900481  -10.016828  -10.016828  240.014282
   -0.784333  -10.065643  -10.065643  240.022461
   -0.680780  -10.109170  -10.109170  240.029800
   -0.577852   -9.438807  -10.711206  240.037140
   -0.470242   -9.181828  -10.899870  240.049133
   -0.357522   -8.986122  -11.069770  240.063263
   -0.239256   -8.815150  -11.239538  240.078186
   -0.115017   -8.657579  -11.410815  240.093948
    0.015625   -8.510237  -11.582798  240.110733
    0.153104   -8.375317  -11.756914  240.128510
    0.297846   -8.257961  -11.933434  240.147400
    0.450282   -8.162500  -12.113246  240.167496
    0.610841   -8.077273  -12.294957  240.188843
    0.779953   -7.990812  -12.478154  240.211578
    0.958045   -7.901109  -12.663394  240.235779
    1.145548   -7.808201  -12.851467  240.261459
    1.342888   -7.711920  -13.039613  240.288834
    1.550395   -7.611472  -13.227389  240.317902
    1.768116   -7.507021  -13.415239  240.348785
    1.996554   -7.397843  -13.602616  240.381485
    2.236277   -7.283574  -13.786201  240.416260
    2.487904   -7.163528  -13.968933  240.453140
    2.752132   -7.037126  -14.144836  240.492325
    3.029711   -6.903584  -14.318479  240.534012
    3.321302   -6.762005  -14.482156  240.578278
    3.627456   -6.611906  -14.641211  240.625259
    3.949198   -6.452165  -14.785906  240.675262
    4.287662   -6.281457  -14.922201  240.728500
    4.644122   -6.098149  -15.042340  240.785248
    5.019970   -5.901299  -15.146066  240.845795
    5.416719   -5.688284  -15.231621  240.910294
    5.839171   -5.456076  -15.292399  240.979858
    6.293405   -5.199150  -15.322433  241.055496
    6.779913   -4.914992  -15.320904  241.137360
    7.298326   -4.602437  -15.278179  241.225494
    7.847363   -4.259089  -15.185099  241.319687
    8.424925   -3.883286  -15.032948  241.419724
    9.028017   -3.476025  -14.821354  241.525009
    9.646881   -3.039526  -14.547972  241.633636
   10.271626   -2.580634  -14.207772  241.743942
   10.898914   -2.100926  -13.810803  241.855042
   11.526022   -1.601598  -13.351583  241.966248
   12.150827   -1.084033  -12.840114  242.077026
   12.771886   -0.550720  -12.269568  242.187057
   13.388309    0.000000  -11.647907  242.295837
   14.004309    0.571199  -10.971445  242.404037
   14.622655    1.165277  -10.236973  242.511932
   15.242889    1.781574   -9.444759  242.619339
   15.864212    2.420063   -8.595773  242.725815
   16.485497    3.081594   -7.691768  242.831085
   17.105360    3.762804   -6.735339  242.934738
   17.722055    4.461338   -5.726312  243.036270
   18.330090    5.173096   -4.681240  243.134644
   18.926069    5.891075   -3.607631  243.229355
   19.508362    6.611367   -2.508307  243.319992
   20.075661    7.333748   -1.392708  243.406387
   20.626955    8.053049   -0.267387  243.488434
   21.161556    8.767457    0.865725  243.566010
   21.679071    9.476114    1.999866  243.639206
   22.181404   10.178684    3.134387  243.708359
   22.669027   10.874502    4.270623  243.773636
   23.141937   11.563614    5.401659  243.835022
   23.600115   12.244034    6.526159  243.892654
   24.043564   12.913679    7.642735  243.946747
   24.472269   13.572857    8.746077  243.997253
   24.886200   14.219743    9.834567  244.044449
   25.285358   14.853301   10.905978  244.088303
   25.669727   15.472314   11.958236  244.129013
   26.039291   16.075745   12.987600  244.166733
   26.394037   16.662670   13.992767  244.201569
   26.733953   17.173126   14.971358  244.233673
   27.059013   17.423273   15.921140  244.263107
   27.369211   17.063578   17.063221  244.290131
   27.680172   17.790878   17.790699  244.312012
   28.008884   18.559977   18.559977  244.332016
   28.356369   19.373079   19.373079  244.353210
   28.723694   20.232712   20.232712  244.375839
   29.111982   21.141546   21.141546  244.399994
   29.522429   22.102415   22.102415  244.425797
   29.956297   23.118303   23.118303  244.453506
   30.414900   24.192394   24.192394  244.483322
   30.899639   25.328062   25.328062  244.515579
   31.411987   26.528877   26.528877  244.550919
   31.953533   27.798561   27.798561  244.589264
   32.525917   29.141104   29.141104  244.630859
   33.130901   30.560722   30.560722  244.676025
   33.770325   32.061878   32.061878  244.725174
   34.445194   33.650181   33.650181  244.783325
  BLADE PROFILES IN CARTESIAN COORDINATES (2D) BEFORE   PROJECTION, SCALING, MESHING AND STACKING 
  VARIABLES = "X", "YSS", "YPS" 
  BLADE           2  SECTION           1
    0.000000    0.020764    0.020764
    0.000062    0.024707    0.019533
    0.000249    0.026531    0.016587
    0.000561    0.028464    0.013677
    0.000997    0.030317    0.010839
    0.001557    0.032090    0.007993
    0.002241    0.034036    0.005116
    0.003050    0.036022    0.002247
    0.003982    0.038176   -0.000588
    0.005038    0.040507   -0.003361
    0.006218    0.043024   -0.006045
    0.007520    0.045695   -0.008627
    0.008945    0.048537   -0.011089
    0.010493    0.051560   -0.013422
    0.012162    0.054735   -0.015643
    0.013954    0.058029   -0.017716
    0.015866    0.061456   -0.019668
    0.017899    0.065011   -0.021531
    0.020052    0.068686   -0.023303
    0.022325    0.072466   -0.025015
    0.024716    0.076353   -0.026641
    0.027226    0.080341   -0.028214
    0.029854    0.084421   -0.029708
    0.032600    0.088588   -0.031142
    0.035461    0.092834   -0.032481
    0.038439    0.097153   -0.033734
    0.041531    0.101538   -0.034848
    0.044738    0.105983   -0.035824
    0.048058    0.110480   -0.036597
    0.051491    0.115038   -0.037114
    0.055036    0.119661   -0.037354
    0.058691    0.124278   -0.037375
    0.062456    0.128920   -0.037283
    0.066331    0.133572   -0.037157
    0.070314    0.138232   -0.037004
    0.074403    0.142897   -0.036827
    0.078599    0.147560   -0.036640
    0.082900    0.152214   -0.036437
    0.087305    0.156853   -0.036222
    0.091812    0.161486   -0.035996
    0.096421    0.166131   -0.035764
    0.101131    0.170674   -0.035531
    0.105941    0.175162   -0.035296
    0.110848    0.179602   -0.035065
    0.115853    0.183989   -0.034839
    0.120953    0.188333   -0.034624
    0.126148    0.192657   -0.034432
    0.131435    0.196810   -0.034248
    0.136815    0.200878   -0.034083
    0.142285    0.204864   -0.033941
    0.147845    0.208777   -0.033846
    0.153492    0.212629   -0.033766
    0.159225    0.216279   -0.033719
    0.165044    0.219819   -0.033715
    0.170946    0.223269   -0.033770
    0.176930    0.226630   -0.033850
    0.182994    0.229759   -0.034008
    0.189138    0.232793   -0.034193
    0.195358    0.235734   -0.034464
    0.201655    0.238407   -0.034767
    0.208026    0.240921   -0.035166
    0.214470    0.243319   -0.035599
    0.220986    0.245585   -0.036143
    0.227570    0.247573   -0.036761
    0.234223    0.249433   -0.037425
    0.240941    0.251168   -0.038201
    0.247725    0.252568   -0.039072
    0.254571    0.253841   -0.040033
    0.261478    0.254996   -0.041090
    0.268445    0.255768   -0.042245
    0.275470    0.256414   -0.043503
    0.282550    0.256926   -0.044827
    0.289685    0.257053   -0.046294
    0.296872    0.257034   -0.047887
    0.304110    0.256861   -0.049597
    0.311396    0.256315   -0.051377
    0.318730    0.255547   -0.053326
    0.326109    0.254603   -0.055407
    0.333531    0.253445   -0.057560
    0.340994    0.251961   -0.059854
    0.348497    0.250282   -0.062322
    0.356038    0.248423   -0.064868
    0.363615    0.246165   -0.067622
    0.371226    0.243686   -0.070454
    0.378869    0.241000   -0.073421
    0.386542    0.238096   -0.076526
    0.394243    0.234846   -0.079784
    0.401971    0.231348   -0.083249
    0.409723    0.227629   -0.086798
    0.417498    0.223706   -0.090492
    0.425293    0.219418   -0.094333
    0.433107    0.214876   -0.098322
    0.440937    0.210124   -0.102461
    0.448783    0.205184   -0.106749
    0.456641    0.199870   -0.111187
    0.464509    0.194282   -0.115775
    0.472387    0.188448   -0.120514
    0.480272    0.182368   -0.125403
    0.488161    0.176041   -0.130441
    0.496053    0.169493   -0.135629
    0.503947    0.162768   -0.140964
    0.511839    0.155700   -0.146447
    0.519728    0.148373   -0.152076
    0.527613    0.140800   -0.157849
    0.535491    0.132991   -0.163766
    0.543360    0.124948   -0.169813
    0.551217    0.116675   -0.175947
    0.559063    0.108174   -0.182285
    0.566893    0.099448   -0.188773
    0.574707    0.090503   -0.195394
    0.582502    0.081341   -0.202147
    0.590277    0.071968   -0.209028
    0.598029    0.062388   -0.216037
    0.605757    0.052605   -0.223169
    0.613458    0.042626   -0.230422
    0.621131    0.032454   -0.237776
    0.628774    0.022097   -0.245204
    0.636385    0.011559   -0.252800
    0.643962    0.000836   -0.260520
    0.651503   -0.010072   -0.268346
    0.659006   -0.021223   -0.276272
    0.666469   -0.032434   -0.284294
    0.673891   -0.043794   -0.292409
    0.681270   -0.055298   -0.300611
    0.688604   -0.066937   -0.308898
    0.695890   -0.078704   -0.317253
    0.703128   -0.090593   -0.325640
    0.710315   -0.102596   -0.334158
    0.717450   -0.114707   -0.342753
    0.724530   -0.126916   -0.351410
    0.731555   -0.139231   -0.360123
    0.738521   -0.151648   -0.368886
    0.745429   -0.164196   -0.377697
    0.752275   -0.176737   -0.386548
    0.759059   -0.189338   -0.395434
    0.765777   -0.201990   -0.404341
    0.772430   -0.214684   -0.413237
    0.779014   -0.227414   -0.422201
    0.785530   -0.240171   -0.431191
    0.791974   -0.252945   -0.440189
    0.798345   -0.265738   -0.449190
    0.804642   -0.278547   -0.458187
    0.810863   -0.291396   -0.467176
    0.817006   -0.304166   -0.476150
    0.823070   -0.316911   -0.485104
    0.829054   -0.329621   -0.494032
    0.834956   -0.342289   -0.502919
    0.840775   -0.354906   -0.511743
    0.846508   -0.367463   -0.520560
    0.852155   -0.379951   -0.529327
    0.857715   -0.392362   -0.538045
    0.863185   -0.404692   -0.546701
    0.868565   -0.416931   -0.555290
    0.873852   -0.429076   -0.563806
    0.879047   -0.441137   -0.572242
    0.884147   -0.453036   -0.580593
    0.889152   -0.464807   -0.588854
    0.894059   -0.476440   -0.597018
    0.898869   -0.487928   -0.605079
    0.903579   -0.499262   -0.613032
    0.908188   -0.510435   -0.620872
    0.912695   -0.521437   -0.628585
    0.917100   -0.532262   -0.636165
    0.921401   -0.542901   -0.643632
    0.925597   -0.553347   -0.650964
    0.929686   -0.563595   -0.658156
    0.933669   -0.573634   -0.665202
    0.937544   -0.583459   -0.672097
    0.941309   -0.593060   -0.678836
    0.944964   -0.602431   -0.685413
    0.948509   -0.611565   -0.691825
    0.951942   -0.620456   -0.698067
    0.955262   -0.629096   -0.704133
    0.958469   -0.637481   -0.710020
    0.961561   -0.645603   -0.715723
    0.964539   -0.653457   -0.721238
    0.967400   -0.661036   -0.726560
    0.970145   -0.668335   -0.731691
    0.972773   -0.675349   -0.736620
    0.975284   -0.682073   -0.741340
    0.977675   -0.688501   -0.745844
    0.979948   -0.694629   -0.749894
    0.982101   -0.700452   -0.753271
    0.984134   -0.705966   -0.756122
    0.986046   -0.711166   -0.758537
    0.987837   -0.716050   -0.760578
    0.989507   -0.720612   -0.762278
    0.991055   -0.724846   -0.763657
    0.992480   -0.728759   -0.764734
    0.993782   -0.732341   -0.765517
    0.994962   -0.735588   -0.766011
    0.996018   -0.738535   -0.766221
    0.996950   -0.741223   -0.766230
    0.997759   -0.743982   -0.765892
    0.998443   -0.746674   -0.765186
    0.999003   -0.749280   -0.764297
    0.999439   -0.751773   -0.763142
    0.999751   -0.754107   -0.761720
    0.999938   -0.756357   -0.759966
    1.000000   -0.758714   -0.758714
  BLADE PROFILES IN CARTESIAN COORDINATES (3D) 
  VARIABLES = "X", "YSS", "YPS" "R" 
  BLADE           2  SECTION           1
   22.878860  -14.793005  -14.793005  207.811691
   24.033407  -13.821947  -13.821947  207.670105
   25.069942  -12.952713  -12.952713  207.555832
   26.000477  -12.174459  -12.174459  207.464279
   26.837072  -11.478194  -11.478194  207.403381
   27.587656  -10.854380  -10.854380  207.353622
   28.260639  -10.295231  -10.295231  207.309204
   28.864010   -9.794021   -9.794021  207.269348
   29.404972   -9.344734   -9.344734  207.233444
   29.889923   -8.941968   -8.941968  207.200775
   30.324694   -8.580906   -8.580906  207.171173
   30.714474   -8.257231   -8.257231  207.144470
   31.063917   -7.967066   -7.967066  207.120331
   31.377207   -7.706940   -7.706940  207.098602
   31.658075   -7.473743   -7.473743  207.078995
   31.909880   -7.264683   -7.264683  207.061325
   32.135635   -7.077263   -7.077263  207.045395
   32.338028   -6.909238   -6.909238  207.031006
   32.519478   -6.758603   -6.758603  207.018112
   32.682156   -6.623556   -6.623556  207.006454
   32.827999   -6.502485   -6.502485  206.995987
   32.973579   -5.775441   -7.257701  206.983292
   33.125774   -5.448115   -7.613223  206.969803
   33.285191   -5.134079   -7.861604  206.955414
   33.452423   -4.826574   -8.049758  206.940063
   33.628090   -4.521089   -8.203138  206.923645
   33.812798   -4.215653   -8.335320  206.906128
   34.007160   -3.908258   -8.451876  206.887238
   34.211765   -3.598088   -8.554862  206.867081
   34.427227   -3.284652   -8.642924  206.845306
   34.654137   -2.967748   -8.711798  206.822052
   34.893116   -2.646465   -8.752432  206.796982
   35.144760   -2.321182   -8.760800  206.770081
   35.409660   -1.994501   -8.753443  206.741119
   35.688423   -1.666026   -8.742323  206.709991
   35.981525   -1.335988   -8.728916  206.676529
   36.289001   -1.005686   -8.713773  206.640717
   36.611553   -0.673487   -8.697310  206.602234
   36.950005   -0.345502   -8.680324  206.560974
   37.305202   -0.021208   -8.663385  206.516617
   37.678131    0.301251   -8.647446  206.469009
   38.069839    0.617941   -8.633593  206.417801
   38.481228    0.925114   -8.622252  206.362854
   38.913109    1.226905   -8.615798  206.303787
   39.366859    1.512069   -8.614145  206.240372
   39.844124    1.787953   -8.620149  206.171982
   40.346664    2.043345   -8.635386  206.098389
   40.876411    2.279379   -8.661710  206.018967
   41.435482    2.491066   -8.701487  205.933212
   42.030647    2.673736   -8.758986  205.839844
   42.670433    2.824407   -8.838532  205.737152
   43.355476    2.934052   -8.945406  205.624634
   44.085262    2.990795   -9.082603  205.502182
   44.857925    2.983702   -9.259641  205.369476
   45.670494    2.898924   -9.478256  205.227081
   46.518730    2.736993   -9.742920  205.075287
   47.388878    2.488493  -10.056993  204.916779
   48.267036    2.156245  -10.413918  204.754074
   49.148487    1.737773  -10.820436  204.588226
   50.029430    1.235840  -11.269083  204.420364
   50.906918    0.659130  -11.761526  204.251282
   51.778885    0.000000  -12.296525  204.081711
   52.644138   -0.725471  -12.872770  203.912323
   53.508564   -1.530816  -13.493844  203.741974
   54.376072   -2.416901  -14.161514  203.570435
   55.246048   -3.381364  -14.877956  203.398056
   56.117294   -4.423257  -15.644693  203.225220
   56.988358   -5.540485  -16.458172  203.052658
   57.857197   -6.729710  -17.313457  202.880920
   58.721455   -7.991046  -18.215855  202.710861
   59.573399   -9.303652  -19.151249  202.544144
   60.408295  -10.657580  -20.110371  202.382080
   61.223896  -12.045320  -21.091715  202.225113
   62.018345  -13.461850  -22.089682  202.073746
   62.790291  -14.896596  -23.097687  201.928391
   63.538761  -16.340137  -24.109137  201.789139
   64.263206  -17.788515  -25.125795  201.656250
   64.966324  -19.245745  -26.144581  201.529114
   65.648766  -20.701712  -27.163591  201.407654
   66.310577  -22.155613  -28.179163  201.291748
   66.951706  -23.603802  -29.192303  201.181458
   67.572166  -25.044594  -30.198141  201.076614
   68.171951  -26.469236  -31.194187  200.977158
   68.751030  -27.876701  -32.177826  200.882980
   69.309402  -29.263487  -33.146622  200.793961
   69.847054  -30.626629  -34.099564  200.709976
   70.363983  -31.962511  -35.033661  200.630936
   70.860161  -33.268051  -35.946747  200.556671
   71.335564  -34.540367  -36.836864  200.487015
   71.790184  -35.776527  -37.475437  200.421844
   72.223991  -37.340645  -37.341148  200.360977
   72.661209  -38.368889  -38.369141  200.326843
   73.133270  -39.478611  -39.478611  200.290741
   73.642929  -40.676556  -40.676556  200.252655
   74.193268  -41.969761  -41.969761  200.212601
   74.787483  -43.365803  -43.365803  200.170471
   75.429077  -44.872852  -44.872852  200.126434
   76.121841  -46.499790  -46.499790  200.080444
   76.869873  -48.256157  -48.256157  200.032578
   77.677567  -50.152264  -50.152264  199.983002
   78.549713  -52.199291  -52.199291  199.931900
   79.491440  -54.409290  -54.409290  199.879486
   80.508308  -56.795315  -56.795315  199.825989
   81.606300  -59.371433  -59.371433  199.771790
   82.791916  -62.152931  -62.152931  199.717392
   84.072121  -65.156296  -65.156296  199.663208
   85.454468  -68.399391  -68.399391  199.609970
   86.947060  -71.901535  -71.901535  199.558365
   88.558701  -75.683701  -75.683701  199.509247
   90.298820  -79.768524  -79.768524  199.463608
   92.177597  -84.180626  -84.180626  199.422516
  BLADE PROFILES IN CARTESIAN COORDINATES (2D) BEFORE   PROJECTION, SCALING, MESHING AND STACKING 
  VARIABLES = "X", "YSS", "YPS" 
  BLADE           2  SECTION           2
    0.000000    0.022662    0.022662
    0.000062    0.027200    0.019875
    0.000249    0.028966    0.015580
    0.000561    0.031535    0.011455
    0.000997    0.033570    0.007347
    0.001557    0.035746    0.003257
    0.002241    0.037961   -0.000791
    0.003050    0.039965   -0.004772
    0.003982    0.042088   -0.008654
    0.005038    0.044279   -0.012408
    0.006218    0.046519   -0.016022
    0.007520    0.048910   -0.019496
    0.008945    0.051439   -0.022839
    0.010493    0.054094   -0.026027
    0.012162    0.056839   -0.029174
    0.013954    0.059725   -0.032274
    0.015866    0.062701   -0.035339
    0.017899    0.065750   -0.038369
    0.020052    0.068885   -0.041400
    0.022325    0.072092   -0.044414
    0.024716    0.075354   -0.047422
    0.027226    0.078679   -0.050390
    0.029854    0.082087   -0.053322
    0.032600    0.085546   -0.056173
    0.035461    0.089023   -0.058847
    0.038439    0.092538   -0.061328
    0.041531    0.096062   -0.063515
    0.044738    0.099606   -0.065392
    0.048058    0.103168   -0.067026
    0.051491    0.106760   -0.068606
    0.055036    0.110380   -0.070215
    0.058691    0.113952   -0.071828
    0.062456    0.117491   -0.073439
    0.066331    0.121016   -0.075080
    0.070314    0.124544   -0.076729
    0.074403    0.128071   -0.078383
    0.078599    0.131504   -0.080068
    0.082900    0.134875   -0.081764
    0.087305    0.138233   -0.083477
    0.091812    0.141555   -0.085219
    0.096421    0.144773   -0.086977
    0.101131    0.147885   -0.088769
    0.105941    0.150964   -0.090582
    0.110848    0.153987   -0.092431
    0.115853    0.156870   -0.094310
    0.120953    0.159624   -0.096225
    0.126148    0.162321   -0.098178
    0.131435    0.164956   -0.100170
    0.136815    0.167381   -0.102206
    0.142285    0.169684   -0.104290
    0.147845    0.171902   -0.106417
    0.153492    0.174026   -0.108597
    0.159225    0.175914   -0.110835
    0.165044    0.177706   -0.113129
    0.170946    0.179413   -0.115471
    0.176930    0.180823   -0.117885
    0.182994    0.182136   -0.120368
    0.189138    0.183335   -0.122905
    0.195358    0.184255   -0.125521
    0.201655    0.184995   -0.128219
    0.208026    0.185603   -0.130975
    0.214470    0.186056   -0.133824
    0.220986    0.186225   -0.136763
    0.227570    0.186245   -0.139760
    0.234223    0.186127   -0.142853
    0.240941    0.185661   -0.146051
    0.247725    0.185053   -0.149319
    0.254571    0.184291   -0.152716
    0.261478    0.183187   -0.156178
    0.268445    0.181860   -0.159739
    0.275470    0.180362   -0.163444
    0.282550    0.178700   -0.167218
    0.289685    0.176662   -0.171096
    0.296872    0.174409   -0.175082
    0.304110    0.171963   -0.179183
    0.311396    0.169336   -0.183410
    0.318730    0.166335   -0.187779
    0.326109    0.163101   -0.192231
    0.333531    0.159665   -0.196801
    0.340994    0.156051   -0.201492
    0.348497    0.152045   -0.206305
    0.356038    0.147788   -0.211243
    0.363615    0.143286   -0.216306
    0.371226    0.138571   -0.221495
    0.378869    0.133658   -0.226813
    0.386542    0.128390   -0.232259
    0.394243    0.122835   -0.237835
    0.401971    0.117027   -0.243541
    0.409723    0.110965   -0.249378
    0.417498    0.104646   -0.255346
    0.425293    0.098071   -0.261445
    0.433107    0.091238   -0.267675
    0.440937    0.084170   -0.274036
    0.448783    0.076923   -0.280515
    0.456641    0.069320   -0.287090
    0.464509    0.061461   -0.293842
    0.472387    0.053342   -0.300728
    0.480272    0.044971   -0.307751
    0.488161    0.036353   -0.314902
    0.496053    0.027490   -0.322181
    0.503947    0.018385   -0.329585
    0.511839    0.009040   -0.337115
    0.519729   -0.000542   -0.344767
    0.527613   -0.010358   -0.352540
    0.535491   -0.020411   -0.360422
    0.543360   -0.030691   -0.368379
    0.551217   -0.041211   -0.376512
    0.559063   -0.052033   -0.384770
    0.566893   -0.062968   -0.393140
    0.574707   -0.074111   -0.401618
    0.582502   -0.085459   -0.410203
    0.590277   -0.097006   -0.418891
    0.598029   -0.108746   -0.427663
    0.605757   -0.120674   -0.436504
    0.613458   -0.132785   -0.445487
    0.621131   -0.145072   -0.454573
    0.628774   -0.157529   -0.463754
    0.636385   -0.170165   -0.473021
    0.643962   -0.182983   -0.482369
    0.651503   -0.196019   -0.491795
    0.659006   -0.209111   -0.501294
    0.666469   -0.222342   -0.510849
    0.673891   -0.235703   -0.520439
    0.681270   -0.249188   -0.530138
    0.688604   -0.262789   -0.539908
    0.695890   -0.276500   -0.549734
    0.703128   -0.290325   -0.559609
    0.710315   -0.304267   -0.569528
    0.717450   -0.318351   -0.579487
    0.724530   -0.332438   -0.589481
    0.731555   -0.346593   -0.599491
    0.738522   -0.360811   -0.609500
    0.745429   -0.375082   -0.619571
    0.752275   -0.389399   -0.629664
    0.759059   -0.403754   -0.639773
    0.765777   -0.418150   -0.649887
    0.772430   -0.432584   -0.660001
    0.779015   -0.447075   -0.670108
    0.785530   -0.461505   -0.680205
    0.791974   -0.475928   -0.690285
    0.798345   -0.490337   -0.700331
    0.804642   -0.504722   -0.710329
    0.810863   -0.519075   -0.720329
    0.817006   -0.533387   -0.730289
    0.823070   -0.547654   -0.740214
    0.829054   -0.561868   -0.750089
    0.834956   -0.576028   -0.759908
    0.840775   -0.590142   -0.769667
    0.846508   -0.604123   -0.779358
    0.852155   -0.618009   -0.788977
    0.857715   -0.631791   -0.798518
    0.863185   -0.645461   -0.807974
    0.868565   -0.659010   -0.817332
    0.873852   -0.672430   -0.826582
    0.879047   -0.685711   -0.835755
    0.884147   -0.698849   -0.844822
    0.889152   -0.711834   -0.853778
    0.894059   -0.724654   -0.862616
    0.898869   -0.737302   -0.871334
    0.903579   -0.749783   -0.879924
    0.908188   -0.762084   -0.888381
    0.912695   -0.774163   -0.896699
    0.917100   -0.786037   -0.904872
    0.921401   -0.797697   -0.912896
    0.925597   -0.809137   -0.920766
    0.929686   -0.820349   -0.928476
    0.933669   -0.831324   -0.936021
    0.937544   -0.842057   -0.943398
    0.941309   -0.852539   -0.950600
    0.944965   -0.862764   -0.957624
    0.948509   -0.872725   -0.964465
    0.951942   -0.882415   -0.971118
    0.955262   -0.891828   -0.977579
    0.958469   -0.900957   -0.983843
    0.961561   -0.909795   -0.989907
    0.964539   -0.918337   -0.995767
    0.967400   -0.926577   -1.001419
    0.970146   -0.934508   -1.006860
    0.972774   -0.942127   -1.012085
    0.975284   -0.949426   -1.017090
    0.977675   -0.956403   -1.021771
    0.979948   -0.963050   -1.025732
    0.982101   -0.969365   -1.029003
    0.984134   -0.975343   -1.031772
    0.986046   -0.980979   -1.034121
    0.987838   -0.986266   -1.036089
    0.989507   -0.991209   -1.037711
    0.991055   -0.995800   -1.039001
    0.992480   -1.000036   -1.039977
    0.993782   -1.003911   -1.040645
    0.994962   -1.007425   -1.041013
    0.996018   -1.010576   -1.041101
    0.996950   -1.013490   -1.040878
    0.997759   -1.016316   -1.040362
    0.998443   -1.019066   -1.039571
    0.999003   -1.021769   -1.038492
    0.999439   -1.024491   -1.037144
    0.999751   -1.027093   -1.035533
    0.999938   -1.029594   -1.033653
    1.000000   -1.030777   -1.030777
  BLADE PROFILES IN CARTESIAN COORDINATES (3D) 
  VARIABLES = "X", "YSS", "YPS" "R" 
  BLADE           2  SECTION           2
   24.122025   -5.149087   -5.149087  225.874130
   25.224514   -4.662795   -4.662795  225.873917
   26.212959   -4.226800   -4.226800  225.873474
   27.099159   -3.835898   -3.835898  225.872330
   27.893682   -3.485416   -3.485416  225.870483
   28.606016   -3.171198   -3.171198  225.869217
   29.244669   -2.889490   -2.889490  225.868454
   29.817253   -2.636927   -2.636927  225.868073
   30.330608   -2.410495   -2.410495  225.868088
   30.790859   -2.207488   -2.207488  225.868378
   31.203501   -2.025483   -2.025483  225.868820
   31.573460   -1.862306   -1.862306  225.869385
   31.905140   -1.716009   -1.716009  225.869965
   32.202522   -1.584846   -1.584846  225.870590
   32.469135   -1.467252   -1.467252  225.871185
   32.708168   -1.361821   -1.361821  225.871735
   32.922478   -1.267297   -1.267297  225.872360
   33.114616   -1.182550   -1.182550  225.872910
   33.286880   -1.106570   -1.106570  225.873444
   33.441326   -1.038450   -1.038450  225.873886
   33.579792   -0.977376   -0.977376  225.874130
   33.718262   -0.141162   -1.985842  225.874298
   33.863045    0.141610   -2.440865  225.874451
   34.014717    0.402797   -2.763892  225.874603
   34.173859    0.656185   -3.033822  225.874832
   34.341061    0.903382   -3.276304  225.874985
   34.516903    1.147033   -3.502989  225.875107
   34.701958    1.389686   -3.715824  225.875320
   34.896820    1.631989   -3.910758  225.875488
   35.102070    1.872498   -4.076473  225.875671
   35.318272    2.111543   -4.203915  225.875809
   35.546036    2.351338   -4.310247  225.875977
   35.785912    2.590832   -4.417560  225.876083
   36.038506    2.826095   -4.525457  225.876236
   36.304394    3.061508   -4.635398  225.876373
   36.584011    3.292958   -4.747679  225.876450
   36.877441    3.519173   -4.862459  225.876587
   37.185371    3.741658   -4.980825  225.876617
   37.508553    3.954581   -5.103467  225.876678
   37.847851    4.162879   -5.231204  225.876678
   38.204197    4.357940   -5.365004  225.876648
   38.578613    4.546448   -5.505979  225.876556
   38.971989    4.716736   -5.655417  225.876495
   39.385101    4.876616   -5.814199  225.876358
   39.819317    5.015092   -5.984539  225.876190
   40.276165    5.134934   -6.167362  225.875946
   40.757401    5.233030   -6.365412  225.875687
   41.264900    5.297959   -6.581331  225.875320
   41.800735    5.336035   -6.817389  225.874817
   42.371361    5.337100   -7.078292  225.874222
   42.985039    5.290970   -7.371899  225.873550
   43.642429    5.191927   -7.701707  225.872818
   44.343025    5.033817   -8.072538  225.871826
   45.085148    4.798784   -8.485566  225.870850
   45.865929    4.486559   -8.947965  225.869644
   46.681316    4.090594   -9.458061  225.868195
   47.518108    3.601832  -10.013605  225.866653
   48.362919    3.036348  -10.608471  225.865189
   49.211182    2.385756  -11.241033  225.863556
   50.059216    1.660398  -11.909457  225.861694
   50.904133    0.867270  -12.609419  225.859924
   51.743904    0.000000  -13.344723  225.858109
   52.577393   -0.932871  -14.111805  225.856186
   53.410187   -1.935901  -14.915183  225.854355
   54.246056   -3.014337  -15.756417  225.852356
   55.084339   -4.171375  -16.642509  225.850479
   55.923912   -5.396453  -17.568707  225.848480
   56.763252   -6.691445  -18.531254  225.846497
   57.600456   -8.052980  -19.534748  225.844467
   58.433144   -9.481432  -20.572346  225.842606
   59.253899  -10.951515  -21.631195  225.840744
   60.058098  -12.456026  -22.710213  225.839005
   60.843571  -13.991597  -23.800354  225.837280
   61.608536  -15.540502  -24.894304  225.835571
   62.351635  -17.099499  -25.992992  225.834061
   63.071938  -18.666002  -27.089468  225.832596
   63.768967  -20.226068  -28.179335  225.831268
   64.445267  -21.784286  -29.263676  225.829987
   65.101463  -23.339302  -30.344183  225.828796
   65.737610  -24.887850  -31.416439  225.827728
   66.353706  -26.422279  -32.478024  225.826736
   66.949707  -27.941225  -33.526188  225.825851
   67.525673  -29.441732  -34.560844  225.824982
   68.081543  -30.921280  -35.579021  225.824219
   68.617348  -32.373554  -36.578381  225.823563
   69.133095  -33.797207  -37.557026  225.822937
   69.628769  -35.189392  -38.513096  225.822418
   70.104385  -36.547180  -39.444721  225.821991
   70.559906  -37.867706  -40.347229  225.821564
   70.995384  -39.148197  -40.945038  225.821259
   71.410789  -40.699593  -40.700134  225.821228
   71.826202  -41.748161  -41.748432  225.822113
   72.274643  -42.879852  -42.879852  225.823059
   72.758774  -44.101585  -44.101585  225.824127
   73.281403  -45.420513  -45.420513  225.825272
   73.845604  -46.844376  -46.844376  225.826523
   74.454720  -48.381523  -48.381523  225.827896
   75.112259  -50.040966  -50.040966  225.829391
   75.822121  -51.832436  -51.832436  225.831024
   76.588470  -53.766449  -53.766449  225.832794
   77.415756  -55.854305  -55.854305  225.834763
   78.308861  -58.108299  -58.108299  225.836838
   79.273026  -60.541626  -60.541626  225.839096
   80.313873  -63.168564  -63.168564  225.841537
   81.437531  -66.004494  -66.004494  225.844131
   82.650581  -69.066048  -69.066048  225.846924
   83.960121  -72.371178  -72.371178  225.849884
   85.373848  -75.939262  -75.939262  225.852936
   86.900047  -79.791206  -79.791206  225.856140
   88.547646  -83.949554  -83.949554  225.859375
   90.326302  -88.438667  -88.438667  225.862564
  BLADE PROFILES IN CARTESIAN COORDINATES (2D) BEFORE   PROJECTION, SCALING, MESHING AND STACKING 
  VARIABLES = "X", "YSS", "YPS" 
  BLADE           2  SECTION           3
    0.000000   -0.000048   -0.000048
    0.000062    0.002821   -0.005067
    0.000249    0.007794   -0.009071
    0.000561    0.013244   -0.012333
    0.000997    0.019053   -0.015422
    0.001557    0.023785   -0.018655
    0.002241    0.028145   -0.021898
    0.003050    0.032467   -0.025262
    0.003982    0.036642   -0.028721
    0.005038    0.040673   -0.032366
    0.006218    0.044550   -0.036298
    0.007520    0.048264   -0.040418
    0.008945    0.051814   -0.044571
    0.010493    0.055080   -0.048775
    0.012162    0.058084   -0.052893
    0.013954    0.060935   -0.056808
    0.015866    0.063682   -0.060431
    0.017899    0.066405   -0.063728
    0.020052    0.069185   -0.066659
    0.022325    0.071948   -0.069332
    0.024716    0.074736   -0.072010
    0.027226    0.077554   -0.074776
    0.029854    0.080414   -0.077592
    0.032600    0.083310   -0.080419
    0.035461    0.086172   -0.083334
    0.038439    0.089010   -0.086300
    0.041531    0.091845   -0.089299
    0.044738    0.094692   -0.092330
    0.048058    0.097545   -0.095435
    0.051491    0.100324   -0.098550
    0.055036    0.103047   -0.101743
    0.058691    0.105737   -0.104981
    0.062456    0.108406   -0.108238
    0.066331    0.111064   -0.111568
    0.070314    0.113577   -0.114918
    0.074403    0.116029   -0.118339
    0.078599    0.118440   -0.121802
    0.082900    0.120813   -0.125301
    0.087305    0.123019   -0.128864
    0.091812    0.125131   -0.132461
    0.096421    0.127182   -0.136125
    0.101131    0.129174   -0.139826
    0.105941    0.130966   -0.143595
    0.110848    0.132641   -0.147406
    0.115853    0.134233   -0.151284
    0.120953    0.135750   -0.155211
    0.126148    0.137022   -0.159206
    0.131435    0.138166   -0.163260
    0.136815    0.139202   -0.167373
    0.142285    0.140141   -0.171553
    0.147845    0.140808   -0.175799
    0.153492    0.141329   -0.180113
    0.159225    0.141719   -0.184496
    0.165044    0.141985   -0.188951
    0.170946    0.141965   -0.193483
    0.176930    0.141774   -0.198087
    0.182994    0.141432   -0.202767
    0.189138    0.140949   -0.207526
    0.195358    0.140155   -0.212377
    0.201655    0.139170   -0.217302
    0.208026    0.138017   -0.222311
    0.214470    0.136720   -0.227407
    0.220986    0.135073   -0.232590
    0.227570    0.133216   -0.237864
    0.234223    0.131149   -0.243235
    0.240941    0.128881   -0.248718
    0.247725    0.126446   -0.254278
    0.254571    0.123657   -0.259937
    0.261478    0.120634   -0.265695
    0.268445    0.117379   -0.271554
    0.275470    0.113911   -0.277516
    0.282550    0.110261   -0.283582
    0.289685    0.106256   -0.289755
    0.296872    0.101982   -0.296035
    0.304110    0.097457   -0.302423
    0.311396    0.092680   -0.308921
    0.318730    0.087646   -0.315531
    0.326109    0.082353   -0.322253
    0.333531    0.076821   -0.329087
    0.340994    0.071097   -0.336036
    0.348497    0.065014   -0.343099
    0.356038    0.058653   -0.350271
    0.363615    0.052019   -0.357530
    0.371226    0.045120   -0.364940
    0.378869    0.037953   -0.372471
    0.386542    0.030520   -0.380122
    0.394243    0.022820   -0.387891
    0.401971    0.014852   -0.395777
    0.409723    0.006619   -0.403780
    0.417498   -0.001880   -0.411901
    0.425293   -0.010643   -0.420138
    0.433107   -0.019670   -0.428492
    0.440937   -0.028957   -0.436950
    0.448783   -0.038504   -0.445494
    0.456641   -0.048309   -0.454191
    0.464509   -0.058369   -0.463015
    0.472387   -0.068685   -0.471952
    0.480272   -0.079262   -0.480999
    0.488161   -0.090105   -0.490157
    0.496053   -0.101274   -0.499422
    0.503947   -0.112583   -0.508795
    0.511839   -0.124128   -0.518262
    0.519729   -0.135907   -0.527799
    0.527613   -0.147914   -0.537486
    0.535491   -0.160146   -0.547283
    0.543360   -0.172598   -0.557179
    0.551217   -0.185266   -0.567169
    0.559063   -0.198154   -0.577251
    0.566893   -0.211279   -0.587424
    0.574707   -0.224678   -0.597671
    0.582502   -0.238177   -0.607973
    0.590277   -0.251865   -0.618400
    0.598029   -0.265737   -0.628922
    0.605757   -0.279785   -0.639520
    0.613458   -0.294004   -0.650190
    0.621131   -0.308399   -0.660929
    0.628774   -0.322983   -0.671734
    0.636385   -0.337786   -0.682585
    0.643962   -0.352645   -0.693471
    0.651503   -0.367642   -0.704451
    0.659006   -0.382769   -0.715492
    0.666469   -0.398020   -0.726585
    0.673891   -0.413386   -0.737721
    0.681270   -0.428878   -0.748894
    0.688604   -0.444497   -0.760102
    0.695890   -0.460258   -0.771339
    0.703128   -0.476028   -0.782589
    0.710315   -0.491875   -0.793834
    0.717450   -0.507791   -0.805134
    0.724530   -0.523767   -0.816456
    0.731555   -0.539795   -0.827787
    0.738522   -0.555883   -0.839119
    0.745429   -0.572027   -0.850448
    0.752275   -0.588236   -0.861768
    0.759059   -0.604399   -0.873075
    0.765777   -0.620569   -0.884351
    0.772430   -0.636739   -0.895583
    0.779015   -0.652899   -0.906820
    0.785530   -0.669040   -0.918024
    0.791974   -0.685165   -0.929197
    0.798345   -0.701255   -0.940324
    0.804642   -0.717321   -0.951401
    0.810863   -0.733355   -0.962422
    0.817006   -0.749277   -0.973382
    0.823070   -0.765125   -0.984274
    0.829054   -0.780891   -0.995083
    0.834956   -0.796564   -1.005804
    0.840775   -0.812137   -1.016465
    0.846508   -0.827604   -1.027038
    0.852155   -0.842956   -1.037516
    0.857715   -0.858179   -1.047899
    0.863185   -0.873282   -1.058179
    0.868565   -0.888253   -1.068348
    0.873852   -0.903034   -1.078401
    0.879047   -0.917650   -1.088332
    0.884147   -0.932093   -1.098136
    0.889152   -0.946353   -1.107808
    0.894059   -0.960423   -1.117343
    0.898869   -0.974293   -1.126735
    0.903579   -0.987958   -1.135970
    0.908188   -1.001410   -1.145048
    0.912695   -1.014636   -1.153982
    0.917100   -1.027629   -1.162753
    0.921401   -1.040382   -1.171355
    0.925597   -1.052885   -1.179785
    0.929686   -1.065145   -1.188037
    0.933669   -1.077140   -1.196106
    0.937544   -1.088849   -1.203989
    0.941309   -1.100279   -1.211680
    0.944965   -1.111422   -1.219174
    0.948509   -1.122272   -1.226467
    0.951942   -1.132821   -1.233556
    0.955262   -1.143064   -1.240435
    0.958469   -1.152994   -1.247102
    0.961561   -1.162604   -1.253551
    0.964539   -1.171888   -1.259779
    0.967400   -1.180840   -1.265782
    0.970146   -1.189455   -1.271563
    0.972774   -1.197727   -1.277106
    0.975284   -1.205651   -1.282370
    0.977675   -1.213222   -1.286996
    0.979948   -1.220434   -1.290820
    0.982101   -1.227277   -1.294030
    0.984134   -1.233759   -1.296742
    0.986046   -1.239871   -1.299029
    0.987838   -1.245606   -1.300925
    0.989507   -1.250962   -1.302463
    0.991055   -1.255934   -1.303655
    0.992480   -1.260520   -1.304517
    0.993782   -1.264718   -1.305054
    0.994962   -1.268524   -1.305274
    0.996018   -1.271937   -1.305240
    0.996950   -1.275054   -1.304855
    0.997759   -1.277937   -1.304068
    0.998443   -1.280842   -1.303064
    0.999003   -1.283795   -1.301772
    0.999439   -1.286651   -1.300201
    0.999751   -1.289392   -1.298353
    0.999938   -1.292006   -1.296147
    1.000000   -1.294416   -1.294416
  BLADE PROFILES IN CARTESIAN COORDINATES (3D) 
  VARIABLES = "X", "YSS", "YPS" "R" 
  BLADE           2  SECTION           3
   25.121847    2.152454    2.152454  244.070496
   26.188885    2.250060    2.250060  244.181580
   27.146612    2.337512    2.337512  244.270844
   28.006847    2.415793    2.415793  244.331863
   28.779314    2.485875    2.485875  244.379257
   29.471842    2.548727    2.548727  244.422607
   30.092690    2.605095    2.605095  244.462326
   30.649265    2.655648    2.655648  244.498795
   31.148205    2.700989    2.700989  244.532608
   31.595461    2.741657    2.741657  244.563797
   31.996414    2.778127    2.778127  244.592316
   32.355862    2.810834    2.810834  244.618393
   32.678093    2.840165    2.840165  244.642090
   32.966969    2.866468    2.866468  244.663635
   33.225945    2.890054    2.890054  244.683258
   33.458115    2.911205    2.911205  244.700989
   33.666248    2.930171    2.930171  244.717056
   33.852848    2.947178    2.947178  244.731613
   34.020134    2.962427    2.962427  244.744797
   34.170109    2.976101    2.976101  244.757278
   34.304562    2.988362    2.988362  244.769913
   34.438759    4.149080    1.833254  244.782669
   34.579041    4.624515    1.363540  244.796310
   34.725971    4.947656    0.958954  244.810745
   34.880123    5.188182    0.633510  244.826172
   35.042038    5.402864    0.390496  244.842667
   35.212280    5.606863    0.194719  244.860245
   35.391411    5.806630   -0.000860  244.879089
   35.579987    6.003453   -0.195261  244.899307
   35.778564    6.193233   -0.392872  244.921021
   35.987698    6.380998   -0.591967  244.944275
   36.207932    6.564102   -0.794507  244.969223
   36.439831    6.740316   -1.002503  244.996002
   36.683956    6.914207   -1.214364  245.024811
   36.940842    7.079110   -1.431900  245.055740
   37.210918    7.237954   -1.656376  245.088989
   37.494251    7.388399   -1.887030  245.124573
   37.791470    7.527461   -2.125000  245.162613
   38.103306    7.658226   -2.371273  245.203537
   38.430584    7.772704   -2.626965  245.247299
   38.774178    7.877520   -2.893225  245.294357
   39.135044    7.961010   -3.171493  245.344788
   39.514046    8.031615   -3.462623  245.399048
   39.911915    8.075870   -3.768098  245.457169
   40.329914    8.102065   -4.089618  245.519623
   40.769535    8.096483   -4.429496  245.586884
   41.232433    8.066170   -4.789693  245.659225
   41.720379    7.996066   -5.173515  245.737137
   42.235302    7.892695   -5.583158  245.821274
   42.783451    7.737164   -6.025858  245.912827
   43.372654    7.532588   -6.511311  246.013367
   44.003525    7.257572   -7.041364  246.123505
   44.675526    6.916168   -7.619726  246.243408
   45.387005    6.486937   -8.248792  246.373001
   46.135185    5.970340   -8.930160  246.512314
   46.916126    5.364884   -9.664387  246.660568
   47.717216    4.662897  -10.441471  246.815430
   48.525646    3.878849  -11.255365  246.974411
   49.337063    3.016395  -12.101283  247.136276
   50.147972    2.079637  -12.976363  247.300186
   50.955658    1.072978  -13.876595  247.465302
   51.758228    0.000000  -14.805035  247.630951
   52.554596   -1.140485  -15.757279  247.796509
   53.350155   -2.344536  -16.737888  247.962875
   54.148552   -3.622072  -17.757765  248.130630
   54.949146   -4.974869  -18.813282  248.299301
   55.750931   -6.400575  -19.901842  248.468521
   56.552494   -7.891236  -21.027739  248.637543
   57.352024   -9.450823  -22.184488  248.805878
   58.147270  -11.066031  -23.368319  248.972702
   58.931221  -12.722500  -24.572027  249.136459
   59.699467  -14.413087  -25.784243  249.295807
   60.449924  -16.119257  -26.998636  249.450317
   61.180927  -17.837904  -28.214680  249.599518
   61.891205  -19.563580  -29.424902  249.743011
   62.579891  -21.282650  -30.624039  249.880585
   63.246475  -22.993059  -31.812695  250.012100
   63.893406  -24.698780  -32.990726  250.138138
   64.521355  -26.391727  -34.155952  250.258774
   65.130295  -28.071386  -35.308437  250.373993
   65.720215  -29.735647  -36.445984  250.483902
   66.291107  -31.377827  -37.566025  250.588531
   66.842987  -32.995258  -38.666630  250.688019
   67.375824  -34.585670  -39.745136  250.782425
   67.889618  -36.145565  -40.801571  250.871841
   68.384331  -37.672600  -41.833302  250.956329
   68.859993  -39.162052  -42.838612  251.036041
   69.316566  -40.612305  -43.815865  251.111115
   69.754021  -42.020699  -44.747513  251.181686
   70.172356  -43.384514  -45.324387  251.247910
   70.571556  -45.054081  -45.054611  251.297318
   70.974541  -46.154171  -46.154434  251.331024
   71.409645  -47.341522  -47.341522  251.366699
   71.879463  -48.623356  -48.623356  251.404343
   72.386742  -50.007187  -50.007187  251.444016
   72.934494  -51.501125  -51.501125  251.485703
   73.525932  -53.113907  -53.113907  251.529388
   74.164566  -54.854996  -54.854996  251.575089
   74.854164  -56.734573  -56.734573  251.622681
   75.598824  -58.763622  -58.763622  251.672058
   76.402901  -60.954002  -60.954002  251.723145
   77.271164  -63.318489  -63.318489  251.775711
   78.208771  -65.870903  -65.870903  251.829529
   79.221222  -68.626099  -68.626099  251.884186
   80.314499  -71.600067  -71.600067  251.939499
   81.495079  -74.810173  -74.810173  251.994873
   82.769913  -78.274940  -78.274940  252.049805
   84.146515  -82.014503  -82.014503  252.103653
   85.632965  -86.050415  -86.050415  252.155655
   87.238029  -90.405991  -90.405991  252.205048
   88.971107  -95.106316  -95.106316  252.250916
