 DATA SET FOR "multall" . GENERATED BY "stagen" .                       
    CP   and   GAMMA 
  -10.0000    1.0000
287.0491            1.4492              
       ITIMST 
         3
     CFL,    DAMP,    MACHLIM,    F_PDOWN 
  0.400000 10.000000  2.000000  0.000000
  IF_RESTART 
         0
  NSTEPS_MAX, CONLIM 
     10000  0.000150
   SFX,      SFT,      FAC_4TH,     NCHANGE 
  0.005000  0.005000  0.800000      1000
       NUMBER OF BLADE ROWS 
         2
        IM        KM 
        37        37
  FP(I),I=1,IMM1 
  1.000000  1.250000  1.562500  1.953125  2.441406  3.051758  3.814697  4.768372
  5.960464  7.450581  9.313226 11.641532 14.551915 18.189894 20.000000 20.000000
 20.000000 20.000000 20.000000 20.000000 20.000000 20.000000 18.189894 14.551915
 11.641532  9.313226  7.450581  5.960464  4.768372  3.814697  3.051758  2.441406
  1.953125  1.562500  1.250000  1.000000
  FR(K),K=1,KMM1 
  1.000000  1.250000  1.562500  1.953125  2.441406  3.051758  3.814697  4.768372
  5.960464  7.450581  9.313226 11.641532 14.551915 18.189894 20.000000 20.000000
 20.000000 20.000000 20.000000 20.000000 20.000000 20.000000 18.189894 14.551915
 11.641532  9.313226  7.450581  5.960464  4.768372  3.814697  3.051758  2.441406
  1.953125  1.562500  1.250000  1.000000
        IR        JR        KR        IRBB      JRBB      KRBB 
         3         3         3         9         9         9
   FBLK1,     FBLK2,     FBLK3  
  0.400000  0.200000  0.100000
       IFMIX 
         1
   RFMIX,    FEXTRAP,   FSMTHB,    FANGLE 
  0.025000  0.800000  1.000000  0.800000
      IFCOOL    IFBLEED    IF_ROUGH 
         0         0         0
       NSECS_IN 
         3
       IN_PRESS  IN_VTAN   IN_VR    IN_FLOW  IF_REPEAT  RFIN 
         0         0         1         0         0   0.50000
  IPOUT  SFEXIT  NSFEXIT 
    1  0.000000    0
  PLATE_LOSS  THROTTLE_EXIT 
  0.000000  0.000000
        ILOS      NLOS      IBOUND 
       100         5         0
   REYNO,     RF_VIS,   FTRANS, TURBVIS_LIM, PRANDTL, YPLUSWALL
       0.0     0.500     0.000  3000.000       1.0     0.000
   YPLAM      YPTURB 
  5.000000 25.000000
      ISHIFT    NEXTRAP_LE  NEXTRAP_TE 
         2        10        10
  (NSTG(N),N=1,NROWS) 
         1         1
  5  TIME STEPS FOR PRINTOUT 
 10010 10010 10010 10010 10010
  MARKER FOR VARIABLES TO BE SENT TO THE OUTPUT FILE.
 0 0 0 0 0 0 0 0 0 0 0 0 0 0 0 0 0 0 0 0
  STREAM SURFACES ON WHICH RESULTS ARE TO BE SENT TO   THE OUTPUT FILE 
 0 0 0 0 0 0 0 0 0 0 0 0 0 0 0 0 0 0 0 0 0 0 0 0 0 0 0 0 0 0 0 0 0 0 0 0 0
 ***************************************************************
 ************STARTING THE INPUT FOR EACH BLADE ROW**************
  BLADE ROW NUMBER =        1                                           
    NUMBER OF BLADES IN ROW 
        32
        JM        JLE       JTE 
       111        26        96
      KTIPSTART  KTIPEND 
         0         0
       BOUNDARY LAYER TRANSITION POINTS 
         0         0         0         0
  SET NEWGRID= 1 TO GENERATE A NEW GRID WITH DIFFERENT "J" POINTS AND SPACINGS.
         0
   RPMROW,    RPMHUB 
       0.0       0.0
       JROTHS    JROTHE    JROTTS    JROTTE 
         1         1         1         1
   PUPROW    PLEROW   PTEROW    PDROW 
 3531726.0 3531726.0 2292250.0 2292250.0
      NSECS_ROW   INSURF  
         3         0
  IF_CUSP_OUT   IFANGLES 
         1         0
         0         3         0
 ***************************************************************
  ROW NUMBER           1  SECTION NUMBER            1
           0           0           0  IF_DESIGN etc 
   1.00000   0.00000    0
 -0.012682 -0.011179 -0.009838 -0.008644 -0.007579 -0.006630 -0.005783 -0.005029
 -0.004357 -0.003758 -0.003223 -0.002747 -0.002323 -0.001944 -0.001607 -0.001306
 -0.001038 -0.000799 -0.000586 -0.000396 -0.000226 -0.000075  0.000060  0.000180
  0.000287  0.000382  0.000477  0.000576  0.000679  0.000788  0.000903  0.001023
  0.001149  0.001283  0.001423  0.001571  0.001726  0.001890  0.002063  0.002244
  0.002435  0.002636  0.002846  0.003066  0.003298  0.003541  0.003796  0.004065
  0.004346  0.004643  0.004954  0.005282  0.005628  0.005993  0.006382  0.006800
  0.007247  0.007724  0.008229  0.008761  0.009316  0.009885  0.010460  0.011037
  0.011614  0.012189  0.012761  0.013328  0.013895  0.014464  0.015035  0.015607
  0.016179  0.016749  0.017317  0.017877  0.018425  0.018961  0.019484  0.019991
  0.020483  0.020960  0.021423  0.021872  0.022307  0.022729  0.023137  0.023532
  0.023914  0.024281  0.024635  0.024976  0.025303  0.025616  0.025915  0.026201
  0.026488  0.026790  0.027111  0.027449  0.027807  0.028186  0.028585  0.029008
  0.029455  0.029928  0.030427  0.030955  0.031513  0.032103  0.032726
  1.000000  0.000000
 -0.004784 -0.005489 -0.006116 -0.006676 -0.007174 -0.007618 -0.008014 -0.008367
 -0.008681 -0.008962 -0.009211 -0.009434 -0.009633 -0.009809 -0.009967 -0.010108
 -0.010233 -0.010344 -0.010444 -0.010533 -0.010612 -0.010682 -0.010745 -0.010801
 -0.010851 -0.010896 -0.010265 -0.009991 -0.009786 -0.009609 -0.009446 -0.009292
 -0.009145 -0.009007 -0.008881 -0.008776 -0.008686 -0.008594 -0.008498 -0.008398
 -0.008294 -0.008186 -0.008072 -0.007952 -0.007826 -0.007693 -0.007552 -0.007402
 -0.007242 -0.007071 -0.006889 -0.006692 -0.006480 -0.006250 -0.005998 -0.005719
 -0.005410 -0.005069 -0.004692 -0.004281 -0.003834 -0.003354 -0.002849 -0.002320
 -0.001769 -0.001198 -0.000609  0.000000  0.000631  0.001286  0.001968  0.002674
  0.003404  0.004158  0.004929  0.005716  0.006510  0.007306  0.008104  0.008899
  0.009688  0.010471  0.011247  0.012017  0.012778  0.013530  0.014270  0.014999
  0.015715  0.016415  0.017100  0.017767  0.018417  0.018998  0.019308  0.018976
  0.019764  0.020597  0.021477  0.022408  0.023392  0.024432  0.025531  0.026692
  0.027920  0.029218  0.030590  0.032039  0.033571  0.035191  0.036902
  1.000000
  0.000000  0.000000  0.000000  0.000000  0.000000  0.000000  0.000000  0.000000
  0.000000  0.000000  0.000000  0.000000  0.000000  0.000000  0.000000  0.000000
  0.000000  0.000000  0.000000  0.000000  0.000000  0.000000  0.000000  0.000000
  0.000000  0.000000  0.001169  0.001625  0.002001  0.002351  0.002686  0.003014
  0.003337  0.003654  0.003959  0.004247  0.004522  0.004801  0.005083  0.005371
  0.005664  0.005959  0.006259  0.006560  0.006865  0.007172  0.007482  0.007791
  0.008102  0.008414  0.008721  0.009028  0.009333  0.009633  0.009931  0.010223
  0.010506  0.010778  0.011031  0.011261  0.011459  0.011620  0.011743  0.011827
  0.011869  0.011871  0.011836  0.011770  0.011664  0.011517  0.011341  0.011130
  0.010885  0.010603  0.010293  0.009958  0.009596  0.009216  0.008817  0.008407
  0.007985  0.007555  0.007118  0.006674  0.006228  0.005779  0.005328  0.004880
  0.004434  0.003992  0.003554  0.003124  0.002701  0.002239  0.001537  0.000000
  0.000000  0.000000  0.000000  0.000000  0.000000  0.000000  0.000000  0.000000
  0.000000  0.000000  0.000000  0.000000  0.000000  0.000000  0.000000
  1.000000  0.000000
  0.212265  0.212228  0.212187  0.212146  0.212105  0.212065  0.212026  0.211988
  0.211952  0.211919  0.211888  0.211859  0.211832  0.211808  0.211786  0.211765
  0.211747  0.211730  0.211714  0.211701  0.211688  0.211677  0.211667  0.211658
  0.211649  0.211642  0.211629  0.211615  0.211601  0.211585  0.211569  0.211552
  0.211534  0.211514  0.211494  0.211472  0.211449  0.211424  0.211398  0.211370
  0.211340  0.211309  0.211276  0.211241  0.211204  0.211164  0.211122  0.211078
  0.211031  0.210980  0.210927  0.210870  0.210810  0.210746  0.210677  0.210602
  0.210520  0.210433  0.210340  0.210241  0.210138  0.210031  0.209922  0.209813
  0.209705  0.209596  0.209489  0.209382  0.209277  0.209172  0.209067  0.208963
  0.208861  0.208760  0.208662  0.208566  0.208474  0.208386  0.208302  0.208223
  0.208148  0.208077  0.208010  0.207946  0.207887  0.207831  0.207779  0.207730
  0.207684  0.207642  0.207602  0.207566  0.207532  0.207501  0.207472  0.207446
  0.207427  0.207407  0.207385  0.207363  0.207339  0.207314  0.207288  0.207260
  0.207230  0.207198  0.207164  0.207128  0.207089  0.207048  0.207003
 ***************************************************************
  ROW NUMBER           1  SECTION NUMBER            2
           0           0           0  IF_DESIGN etc 
   1.00000   0.00000    0
 -0.013623 -0.012075 -0.010695 -0.009465 -0.008368 -0.007390 -0.006518 -0.005740
 -0.005047 -0.004429 -0.003877 -0.003386 -0.002948 -0.002557 -0.002209 -0.001899
 -0.001622 -0.001375 -0.001155 -0.000958 -0.000784 -0.000628 -0.000488 -0.000364
 -0.000254 -0.000155 -0.000057  0.000046  0.000154  0.000268  0.000387  0.000512
  0.000644  0.000782  0.000929  0.001083  0.001245  0.001415  0.001595  0.001785
  0.001984  0.002193  0.002412  0.002642  0.002884  0.003137  0.003404  0.003684
  0.003978  0.004287  0.004612  0.004955  0.005316  0.005698  0.006104  0.006541
  0.007009  0.007508  0.008036  0.008592  0.009173  0.009769  0.010370  0.010974
  0.011578  0.012179  0.012777  0.013371  0.013964  0.014559  0.015156  0.015753
  0.016351  0.016947  0.017540  0.018124  0.018697  0.019256  0.019801  0.020330
  0.020843  0.021339  0.021820  0.022288  0.022741  0.023179  0.023604  0.024014
  0.024409  0.024791  0.025158  0.025511  0.025850  0.026174  0.026484  0.026780
  0.027075  0.027388  0.027719  0.028068  0.028437  0.028828  0.029241  0.029677
  0.030138  0.030626  0.031141  0.031686  0.032262  0.032871  0.033514
  1.000000  0.000000
 -0.003815 -0.004498 -0.005106 -0.005649 -0.006133 -0.006564 -0.006949 -0.007292
 -0.007598 -0.007870 -0.008113 -0.008330 -0.008523 -0.008695 -0.008849 -0.008986
 -0.009108 -0.009217 -0.009314 -0.009400 -0.009478 -0.009546 -0.009608 -0.009662
 -0.009711 -0.009755 -0.009110 -0.008849 -0.008652 -0.008481 -0.008323 -0.008175
 -0.008036 -0.007909 -0.007802 -0.007713 -0.007627 -0.007538 -0.007445 -0.007349
 -0.007249 -0.007144 -0.007035 -0.006920 -0.006799 -0.006671 -0.006537 -0.006393
 -0.006241 -0.006079 -0.005905 -0.005719 -0.005517 -0.005300 -0.005062 -0.004799
 -0.004507 -0.004186 -0.003833 -0.003446 -0.003025 -0.002576 -0.002102 -0.001606
 -0.001089 -0.000554  0.000000  0.000570  0.001160  0.001776  0.002415  0.003076
  0.003761  0.004467  0.005191  0.005929  0.006673  0.007419  0.008168  0.008913
  0.009654  0.010388  0.011116  0.011837  0.012552  0.013257  0.013951  0.014635
  0.015306  0.015962  0.016604  0.017230  0.017839  0.018377  0.018653  0.018311
  0.019057  0.019846  0.020680  0.021562  0.022493  0.023478  0.024520  0.025621
  0.026784  0.028015  0.029315  0.030690  0.032143  0.033680  0.035304
  1.000000
  0.000000  0.000000  0.000000  0.000000  0.000000  0.000000  0.000000  0.000000
  0.000000  0.000000  0.000000  0.000000  0.000000  0.000000  0.000000  0.000000
  0.000000  0.000000  0.000000  0.000000  0.000000  0.000000  0.000000  0.000000
  0.000000  0.000000  0.001209  0.001653  0.002019  0.002358  0.002684  0.003004
  0.003316  0.003617  0.003901  0.004170  0.004438  0.004710  0.004987  0.005270
  0.005556  0.005845  0.006139  0.006433  0.006732  0.007033  0.007337  0.007639
  0.007944  0.008247  0.008550  0.008853  0.009150  0.009443  0.009734  0.010022
  0.010301  0.010566  0.010811  0.011036  0.011232  0.011391  0.011508  0.011592
  0.011631  0.011635  0.011603  0.011533  0.011427  0.011289  0.011116  0.010907
  0.010664  0.010392  0.010088  0.009755  0.009403  0.009030  0.008639  0.008238
  0.007824  0.007402  0.006974  0.006539  0.006102  0.005662  0.005220  0.004780
  0.004343  0.003910  0.003481  0.003059  0.002645  0.002187  0.001497  0.000000
  0.000000  0.000000  0.000000  0.000000  0.000000  0.000000  0.000000  0.000000
  0.000000  0.000000  0.000000  0.000000  0.000000  0.000000  0.000000
  1.000000  0.000000
  0.225864  0.225862  0.225860  0.225858  0.225855  0.225854  0.225852  0.225851
  0.225849  0.225848  0.225847  0.225846  0.225845  0.225844  0.225844  0.225843
  0.225843  0.225842  0.225842  0.225842  0.225841  0.225841  0.225841  0.225840
  0.225840  0.225840  0.225840  0.225840  0.225840  0.225840  0.225840  0.225840
  0.225841  0.225841  0.225841  0.225841  0.225841  0.225841  0.225841  0.225841
  0.225842  0.225842  0.225842  0.225842  0.225843  0.225843  0.225843  0.225844
  0.225844  0.225845  0.225845  0.225846  0.225846  0.225847  0.225847  0.225848
  0.225849  0.225850  0.225851  0.225852  0.225853  0.225854  0.225855  0.225857
  0.225858  0.225859  0.225860  0.225861  0.225862  0.225864  0.225865  0.225866
  0.225867  0.225868  0.225869  0.225869  0.225870  0.225871  0.225872  0.225872
  0.225873  0.225873  0.225873  0.225874  0.225874  0.225874  0.225874  0.225874
  0.225874  0.225874  0.225874  0.225874  0.225874  0.225874  0.225873  0.225873
  0.225872  0.225872  0.225871  0.225870  0.225869  0.225869  0.225868  0.225868
  0.225868  0.225868  0.225869  0.225870  0.225871  0.225872  0.225874
 ***************************************************************
  ROW NUMBER           1  SECTION NUMBER            3
           0           0           0  IF_DESIGN etc 
   1.00000   0.00000    0
 -0.014854 -0.013223 -0.011770 -0.010474 -0.009319 -0.008289 -0.007371 -0.006553
 -0.005823 -0.005173 -0.004593 -0.004076 -0.003616 -0.003205 -0.002839 -0.002512
 -0.002222 -0.001962 -0.001731 -0.001525 -0.001341 -0.001177 -0.001031 -0.000900
 -0.000784 -0.000681 -0.000578 -0.000470 -0.000358 -0.000239 -0.000115  0.000016
  0.000153  0.000298  0.000450  0.000611  0.000780  0.000958  0.001146  0.001343
  0.001550  0.001768  0.001997  0.002236  0.002488  0.002752  0.003030  0.003321
  0.003627  0.003949  0.004288  0.004644  0.005020  0.005417  0.005839  0.006293
  0.006780  0.007298  0.007847  0.008425  0.009028  0.009647  0.010272  0.010899
  0.011526  0.012151  0.012772  0.013388  0.014004  0.014623  0.015243  0.015864
  0.016485  0.017105  0.017722  0.018330  0.018926  0.019508  0.020076  0.020627
  0.021162  0.021679  0.022181  0.022669  0.023142  0.023600  0.024044  0.024472
  0.024886  0.025285  0.025670  0.026039  0.026394  0.026734  0.027059  0.027369
  0.027680  0.028009  0.028356  0.028724  0.029112  0.029522  0.029956  0.030415
  0.030900  0.031412  0.031954  0.032526  0.033131  0.033770  0.034445
  1.000000  0.000000
 -0.004186 -0.004865 -0.005471 -0.006011 -0.006493 -0.006923 -0.007306 -0.007648
 -0.007953 -0.008225 -0.008468 -0.008684 -0.008877 -0.009050 -0.009203 -0.009340
 -0.009462 -0.009571 -0.009668 -0.009755 -0.009832 -0.009901 -0.009962 -0.010017
 -0.010066 -0.010109 -0.009439 -0.009182 -0.008986 -0.008815 -0.008658 -0.008510
 -0.008375 -0.008258 -0.008163 -0.008077 -0.007991 -0.007901 -0.007808 -0.007712
 -0.007611 -0.007507 -0.007398 -0.007284 -0.007164 -0.007037 -0.006904 -0.006762
 -0.006612 -0.006452 -0.006281 -0.006098 -0.005901 -0.005688 -0.005456 -0.005199
 -0.004915 -0.004602 -0.004259 -0.003883 -0.003476 -0.003040 -0.002581 -0.002101
 -0.001602 -0.001084 -0.000551  0.000000  0.000571  0.001165  0.001782  0.002420
  0.003082  0.003763  0.004461  0.005173  0.005891  0.006611  0.007334  0.008053
  0.008767  0.009476  0.010179  0.010875  0.011564  0.012244  0.012914  0.013573
  0.014220  0.014853  0.015472  0.016076  0.016663  0.017173  0.017423  0.017064
  0.017791  0.018560  0.019373  0.020233  0.021142  0.022102  0.023118  0.024192
  0.025328  0.026529  0.027799  0.029141  0.030561  0.032062  0.033650
  1.000000
  0.000000  0.000000  0.000000  0.000000  0.000000  0.000000  0.000000  0.000000
  0.000000  0.000000  0.000000  0.000000  0.000000  0.000000  0.000000  0.000000
  0.000000  0.000000  0.000000  0.000000  0.000000  0.000000  0.000000  0.000000
  0.000000  0.000000  0.001272  0.001718  0.002084  0.002424  0.002753  0.003073
  0.003382  0.003675  0.003951  0.004218  0.004487  0.004762  0.005043  0.005328
  0.005616  0.005908  0.006205  0.006503  0.006805  0.007108  0.007415  0.007720
  0.008029  0.008334  0.008641  0.008944  0.009245  0.009543  0.009836  0.010123
  0.010406  0.010676  0.010926  0.011150  0.011345  0.011508  0.011627  0.011710
  0.011750  0.011756  0.011719  0.011648  0.011543  0.011402  0.011226  0.011016
  0.010773  0.010498  0.010188  0.009854  0.009499  0.009120  0.008726  0.008320
  0.007902  0.007476  0.007044  0.006604  0.006162  0.005718  0.005271  0.004827
  0.004385  0.003947  0.003514  0.003088  0.002670  0.002202  0.001502  0.000000
  0.000000  0.000000  0.000000  0.000000  0.000000  0.000000  0.000000  0.000000
  0.000000  0.000000  0.000000  0.000000  0.000000  0.000000  0.000000
  1.000000  0.000000
  0.239427  0.239460  0.239497  0.239535  0.239574  0.239613  0.239651  0.239688
  0.239722  0.239755  0.239786  0.239814  0.239840  0.239865  0.239887  0.239907
  0.239926  0.239942  0.239958  0.239971  0.239984  0.239995  0.240005  0.240014
  0.240022  0.240030  0.240037  0.240049  0.240063  0.240078  0.240094  0.240111
  0.240129  0.240147  0.240167  0.240189  0.240212  0.240236  0.240261  0.240289
  0.240318  0.240349  0.240381  0.240416  0.240453  0.240492  0.240534  0.240578
  0.240625  0.240675  0.240728  0.240785  0.240846  0.240910  0.240980  0.241056
  0.241137  0.241225  0.241320  0.241420  0.241525  0.241634  0.241744  0.241855
  0.241966  0.242077  0.242187  0.242296  0.242404  0.242512  0.242619  0.242726
  0.242831  0.242935  0.243036  0.243135  0.243229  0.243320  0.243406  0.243488
  0.243566  0.243639  0.243708  0.243774  0.243835  0.243893  0.243947  0.243997
  0.244044  0.244088  0.244129  0.244167  0.244202  0.244234  0.244263  0.244290
  0.244312  0.244332  0.244353  0.244376  0.244400  0.244426  0.244454  0.244483
  0.244516  0.244551  0.244589  0.244631  0.244676  0.244725  0.244783
 ***************************************************************
 ************STARTING THE INPUT FOR EACH BLADE ROW**************
  BLADE ROW NUMBER =        2                                           
    NUMBER OF BLADES IN ROW 
        23
        JM        JLE       JTE 
       111        21        91
      KTIPSTART  KTIPEND 
         0         0
       BOUNDARY LAYER TRANSITION POINTS 
         0         0         0         0
  SET NEWGRID= 1 TO GENERATE A NEW GRID WITH DIFFERENT "J" POINTS AND SPACINGS.
         0
   RPMROW,    RPMHUB 
    9000.0    9000.0
       JROTHS    JROTHE    JROTTS    JROTTE 
         1         1         1         1
   PUPROW    PLEROW   PTEROW    PDROW 
 2292250.0 2292250.0 1422494.4 1422494.4
      NSECS_ROW   INSURF  
         3         0
  IF_CUSP_OUT   IFANGLES 
         1         0
         0         3         0
 ***************************************************************
  ROW NUMBER           2  SECTION NUMBER            1
           0           0           0  IF_DESIGN etc 
   1.00000   0.00000    0
  0.022879  0.024033  0.025070  0.026000  0.026837  0.027588  0.028261  0.028864
  0.029405  0.029890  0.030325  0.030714  0.031064  0.031377  0.031658  0.031910
  0.032136  0.032338  0.032519  0.032682  0.032828  0.032974  0.033126  0.033285
  0.033452  0.033628  0.033813  0.034007  0.034212  0.034427  0.034654  0.034893
  0.035145  0.035410  0.035688  0.035982  0.036289  0.036612  0.036950  0.037305
  0.037678  0.038070  0.038481  0.038913  0.039367  0.039844  0.040347  0.040876
  0.041435  0.042031  0.042670  0.043355  0.044085  0.044858  0.045670  0.046519
  0.047389  0.048267  0.049148  0.050029  0.050907  0.051779  0.052644  0.053509
  0.054376  0.055246  0.056117  0.056988  0.057857  0.058721  0.059573  0.060408
  0.061224  0.062018  0.062790  0.063539  0.064263  0.064966  0.065649  0.066311
  0.066952  0.067572  0.068172  0.068751  0.069309  0.069847  0.070364  0.070860
  0.071336  0.071790  0.072224  0.072661  0.073133  0.073643  0.074193  0.074787
  0.075429  0.076122  0.076870  0.077678  0.078550  0.079491  0.080508  0.081606
  0.082792  0.084072  0.085454  0.086947  0.088559  0.090299  0.092178
  1.000000  0.000000
 -0.014793 -0.013822 -0.012953 -0.012174 -0.011478 -0.010854 -0.010295 -0.009794
 -0.009345 -0.008942 -0.008581 -0.008257 -0.007967 -0.007707 -0.007474 -0.007265
 -0.007077 -0.006909 -0.006759 -0.006624 -0.006502 -0.005775 -0.005448 -0.005134
 -0.004827 -0.004521 -0.004216 -0.003908 -0.003598 -0.003285 -0.002968 -0.002646
 -0.002321 -0.001995 -0.001666 -0.001336 -0.001006 -0.000673 -0.000346 -0.000021
  0.000301  0.000618  0.000925  0.001227  0.001512  0.001788  0.002043  0.002279
  0.002491  0.002674  0.002824  0.002934  0.002991  0.002984  0.002899  0.002737
  0.002488  0.002156  0.001738  0.001236  0.000659  0.000000 -0.000725 -0.001531
 -0.002417 -0.003381 -0.004423 -0.005540 -0.006730 -0.007991 -0.009304 -0.010658
 -0.012045 -0.013462 -0.014897 -0.016340 -0.017789 -0.019246 -0.020702 -0.022156
 -0.023604 -0.025045 -0.026469 -0.027877 -0.029263 -0.030627 -0.031963 -0.033268
 -0.034540 -0.035777 -0.037341 -0.038369 -0.039479 -0.040677 -0.041970 -0.043366
 -0.044873 -0.046500 -0.048256 -0.050152 -0.052199 -0.054409 -0.056795 -0.059371
 -0.062153 -0.065156 -0.068399 -0.071902 -0.075684 -0.079769 -0.084181
  1.000000
  0.000000  0.000000  0.000000  0.000000  0.000000  0.000000  0.000000  0.000000
  0.000000  0.000000  0.000000  0.000000  0.000000  0.000000  0.000000  0.000000
  0.000000  0.000000  0.000000  0.000000  0.000000  0.001482  0.002165  0.002728
  0.003223  0.003682  0.004120  0.004544  0.004957  0.005358  0.005744  0.006106
  0.006440  0.006759  0.007076  0.007393  0.007708  0.008024  0.008335  0.008642
  0.008949  0.009252  0.009547  0.009843  0.010126  0.010408  0.010679  0.010941
  0.011193  0.011433  0.011663  0.011879  0.012073  0.012243  0.012377  0.012480
  0.012545  0.012570  0.012558  0.012505  0.012421  0.012297  0.012147  0.011963
  0.011745  0.011497  0.011221  0.010918  0.010584  0.010225  0.009848  0.009453
  0.009046  0.008628  0.008201  0.007769  0.007337  0.006899  0.006462  0.006024
  0.005588  0.005154  0.004725  0.004301  0.003883  0.003473  0.003071  0.002679
  0.002296  0.001699  0.000001  0.000000  0.000000  0.000000  0.000000  0.000000
  0.000000  0.000000  0.000000  0.000000  0.000000  0.000000  0.000000  0.000000
  0.000000  0.000000  0.000000  0.000000  0.000000  0.000000  0.000000
  1.000000  0.000000
  0.207812  0.207670  0.207556  0.207464  0.207403  0.207354  0.207309  0.207269
  0.207233  0.207201  0.207171  0.207144  0.207120  0.207099  0.207079  0.207061
  0.207045  0.207031  0.207018  0.207006  0.206996  0.206983  0.206970  0.206955
  0.206940  0.206924  0.206906  0.206887  0.206867  0.206845  0.206822  0.206797
  0.206770  0.206741  0.206710  0.206677  0.206641  0.206602  0.206561  0.206517
  0.206469  0.206418  0.206363  0.206304  0.206240  0.206172  0.206098  0.206019
  0.205933  0.205840  0.205737  0.205625  0.205502  0.205369  0.205227  0.205075
  0.204917  0.204754  0.204588  0.204420  0.204251  0.204082  0.203912  0.203742
  0.203570  0.203398  0.203225  0.203053  0.202881  0.202711  0.202544  0.202382
  0.202225  0.202074  0.201928  0.201789  0.201656  0.201529  0.201408  0.201292
  0.201181  0.201077  0.200977  0.200883  0.200794  0.200710  0.200631  0.200557
  0.200487  0.200422  0.200361  0.200327  0.200291  0.200253  0.200213  0.200170
  0.200126  0.200080  0.200033  0.199983  0.199932  0.199879  0.199826  0.199772
  0.199717  0.199663  0.199610  0.199558  0.199509  0.199464  0.199423
 ***************************************************************
  ROW NUMBER           2  SECTION NUMBER            2
           0           0           0  IF_DESIGN etc 
   1.00000   0.00000    0
  0.024122  0.025225  0.026213  0.027099  0.027894  0.028606  0.029245  0.029817
  0.030331  0.030791  0.031204  0.031573  0.031905  0.032203  0.032469  0.032708
  0.032922  0.033115  0.033287  0.033441  0.033580  0.033718  0.033863  0.034015
  0.034174  0.034341  0.034517  0.034702  0.034897  0.035102  0.035318  0.035546
  0.035786  0.036039  0.036304  0.036584  0.036877  0.037185  0.037509  0.037848
  0.038204  0.038579  0.038972  0.039385  0.039819  0.040276  0.040757  0.041265
  0.041801  0.042371  0.042985  0.043642  0.044343  0.045085  0.045866  0.046681
  0.047518  0.048363  0.049211  0.050059  0.050904  0.051744  0.052577  0.053410
  0.054246  0.055084  0.055924  0.056763  0.057600  0.058433  0.059254  0.060058
  0.060844  0.061609  0.062352  0.063072  0.063769  0.064445  0.065101  0.065738
  0.066354  0.066950  0.067526  0.068082  0.068617  0.069133  0.069629  0.070104
  0.070560  0.070995  0.071411  0.071826  0.072275  0.072759  0.073281  0.073846
  0.074455  0.075112  0.075822  0.076588  0.077416  0.078309  0.079273  0.080314
  0.081438  0.082651  0.083960  0.085374  0.086900  0.088548  0.090326
  1.000000  0.000000
 -0.005149 -0.004663 -0.004227 -0.003836 -0.003485 -0.003171 -0.002889 -0.002637
 -0.002410 -0.002207 -0.002025 -0.001862 -0.001716 -0.001585 -0.001467 -0.001362
 -0.001267 -0.001183 -0.001107 -0.001038 -0.000977 -0.000141  0.000142  0.000403
  0.000656  0.000903  0.001147  0.001390  0.001632  0.001872  0.002112  0.002351
  0.002591  0.002826  0.003062  0.003293  0.003519  0.003742  0.003955  0.004163
  0.004358  0.004546  0.004717  0.004877  0.005015  0.005135  0.005233  0.005298
  0.005336  0.005337  0.005291  0.005192  0.005034  0.004799  0.004487  0.004091
  0.003602  0.003036  0.002386  0.001660  0.000867  0.000000 -0.000933 -0.001936
 -0.003014 -0.004171 -0.005396 -0.006691 -0.008053 -0.009481 -0.010952 -0.012456
 -0.013992 -0.015541 -0.017099 -0.018666 -0.020226 -0.021784 -0.023339 -0.024888
 -0.026422 -0.027941 -0.029442 -0.030921 -0.032374 -0.033797 -0.035189 -0.036547
 -0.037868 -0.039148 -0.040700 -0.041748 -0.042880 -0.044102 -0.045421 -0.046844
 -0.048382 -0.050041 -0.051832 -0.053766 -0.055854 -0.058108 -0.060542 -0.063169
 -0.066004 -0.069066 -0.072371 -0.075939 -0.079791 -0.083950 -0.088439
  1.000000
  0.000000  0.000000  0.000000  0.000000  0.000000  0.000000  0.000000  0.000000
  0.000000  0.000000  0.000000  0.000000  0.000000  0.000000  0.000000  0.000000
  0.000000  0.000000  0.000000  0.000000  0.000000  0.001845  0.002582  0.003167
  0.003690  0.004180  0.004650  0.005106  0.005543  0.005949  0.006315  0.006662
  0.007008  0.007352  0.007697  0.008041  0.008382  0.008722  0.009058  0.009394
  0.009723  0.010052  0.010372  0.010691  0.011000  0.011302  0.011598  0.011879
  0.012153  0.012415  0.012663  0.012894  0.013106  0.013284  0.013435  0.013549
  0.013615  0.013645  0.013627  0.013570  0.013477  0.013345  0.013179  0.012979
  0.012742  0.012471  0.012172  0.011840  0.011482  0.011091  0.010680  0.010254
  0.009809  0.009354  0.008893  0.008423  0.007953  0.007479  0.007005  0.006529
  0.006056  0.005585  0.005119  0.004658  0.004205  0.003760  0.003324  0.002898
  0.002480  0.001797  0.000001  0.000000  0.000000  0.000000  0.000000  0.000000
  0.000000  0.000000  0.000000  0.000000  0.000000  0.000000  0.000000  0.000000
  0.000000  0.000000  0.000000  0.000000  0.000000  0.000000  0.000000
  1.000000  0.000000
  0.225874  0.225874  0.225873  0.225872  0.225870  0.225869  0.225868  0.225868
  0.225868  0.225868  0.225869  0.225869  0.225870  0.225871  0.225871  0.225872
  0.225872  0.225873  0.225873  0.225874  0.225874  0.225874  0.225874  0.225875
  0.225875  0.225875  0.225875  0.225875  0.225875  0.225876  0.225876  0.225876
  0.225876  0.225876  0.225876  0.225876  0.225877  0.225877  0.225877  0.225877
  0.225877  0.225877  0.225876  0.225876  0.225876  0.225876  0.225876  0.225875
  0.225875  0.225874  0.225874  0.225873  0.225872  0.225871  0.225870  0.225868
  0.225867  0.225865  0.225864  0.225862  0.225860  0.225858  0.225856  0.225854
  0.225852  0.225850  0.225848  0.225846  0.225844  0.225843  0.225841  0.225839
  0.225837  0.225836  0.225834  0.225833  0.225831  0.225830  0.225829  0.225828
  0.225827  0.225826  0.225825  0.225824  0.225824  0.225823  0.225822  0.225822
  0.225822  0.225821  0.225821  0.225822  0.225823  0.225824  0.225825  0.225827
  0.225828  0.225829  0.225831  0.225833  0.225835  0.225837  0.225839  0.225842
  0.225844  0.225847  0.225850  0.225853  0.225856  0.225859  0.225863
 ***************************************************************
  ROW NUMBER           2  SECTION NUMBER            3
           0           0           0  IF_DESIGN etc 
   1.00000   0.00000    0
  0.025122  0.026189  0.027147  0.028007  0.028779  0.029472  0.030093  0.030649
  0.031148  0.031595  0.031996  0.032356  0.032678  0.032967  0.033226  0.033458
  0.033666  0.033853  0.034020  0.034170  0.034305  0.034439  0.034579  0.034726
  0.034880  0.035042  0.035212  0.035391  0.035580  0.035779  0.035988  0.036208
  0.036440  0.036684  0.036941  0.037211  0.037494  0.037791  0.038103  0.038431
  0.038774  0.039135  0.039514  0.039912  0.040330  0.040770  0.041232  0.041720
  0.042235  0.042783  0.043373  0.044004  0.044676  0.045387  0.046135  0.046916
  0.047717  0.048526  0.049337  0.050148  0.050956  0.051758  0.052555  0.053350
  0.054149  0.054949  0.055751  0.056552  0.057352  0.058147  0.058931  0.059699
  0.060450  0.061181  0.061891  0.062580  0.063246  0.063893  0.064521  0.065130
  0.065720  0.066291  0.066843  0.067376  0.067890  0.068384  0.068860  0.069317
  0.069754  0.070172  0.070572  0.070975  0.071410  0.071879  0.072387  0.072934
  0.073526  0.074165  0.074854  0.075599  0.076403  0.077271  0.078209  0.079221
  0.080315  0.081495  0.082770  0.084147  0.085633  0.087238  0.088971
  1.000000  0.000000
  0.002152  0.002250  0.002338  0.002416  0.002486  0.002549  0.002605  0.002656
  0.002701  0.002742  0.002778  0.002811  0.002840  0.002866  0.002890  0.002911
  0.002930  0.002947  0.002962  0.002976  0.002988  0.004149  0.004625  0.004948
  0.005188  0.005403  0.005607  0.005807  0.006003  0.006193  0.006381  0.006564
  0.006740  0.006914  0.007079  0.007238  0.007388  0.007527  0.007658  0.007773
  0.007878  0.007961  0.008032  0.008076  0.008102  0.008096  0.008066  0.007996
  0.007893  0.007737  0.007533  0.007258  0.006916  0.006487  0.005970  0.005365
  0.004663  0.003879  0.003016  0.002080  0.001073  0.000000 -0.001140 -0.002345
 -0.003622 -0.004975 -0.006401 -0.007891 -0.009451 -0.011066 -0.012722 -0.014413
 -0.016119 -0.017838 -0.019564 -0.021283 -0.022993 -0.024699 -0.026392 -0.028071
 -0.029736 -0.031378 -0.032995 -0.034586 -0.036146 -0.037673 -0.039162 -0.040612
 -0.042021 -0.043385 -0.045054 -0.046154 -0.047342 -0.048623 -0.050007 -0.051501
 -0.053114 -0.054855 -0.056735 -0.058764 -0.060954 -0.063318 -0.065871 -0.068626
 -0.071600 -0.074810 -0.078275 -0.082015 -0.086050 -0.090406 -0.095106
  1.000000
  0.000000  0.000000  0.000000  0.000000  0.000000  0.000000  0.000000  0.000000
  0.000000  0.000000  0.000000  0.000000  0.000000  0.000000  0.000000  0.000000
  0.000000  0.000000  0.000000  0.000000  0.000000  0.002316  0.003261  0.003989
  0.004555  0.005012  0.005412  0.005807  0.006199  0.006586  0.006973  0.007359
  0.007743  0.008129  0.008511  0.008894  0.009275  0.009652  0.010029  0.010400
  0.010771  0.011133  0.011494  0.011844  0.012192  0.012526  0.012856  0.013170
  0.013476  0.013763  0.014044  0.014299  0.014536  0.014736  0.014900  0.015029
  0.015104  0.015134  0.015118  0.015056  0.014950  0.014805  0.014617  0.014393
  0.014136  0.013838  0.013501  0.013137  0.012734  0.012302  0.011850  0.011371
  0.010879  0.010377  0.009861  0.009341  0.008820  0.008292  0.007764  0.007237
  0.006710  0.006188  0.005671  0.005159  0.004656  0.004161  0.003677  0.003204
  0.002727  0.001940  0.000001  0.000000  0.000000  0.000000  0.000000  0.000000
  0.000000  0.000000  0.000000  0.000000  0.000000  0.000000  0.000000  0.000000
  0.000000  0.000000  0.000000  0.000000  0.000000  0.000000  0.000000
  1.000000  0.000000
  0.244071  0.244182  0.244271  0.244332  0.244379  0.244423  0.244462  0.244499
  0.244533  0.244564  0.244592  0.244618  0.244642  0.244664  0.244683  0.244701
  0.244717  0.244732  0.244745  0.244757  0.244770  0.244783  0.244796  0.244811
  0.244826  0.244843  0.244860  0.244879  0.244899  0.244921  0.244944  0.244969
  0.244996  0.245025  0.245056  0.245089  0.245125  0.245163  0.245204  0.245247
  0.245294  0.245345  0.245399  0.245457  0.245520  0.245587  0.245659  0.245737
  0.245821  0.245913  0.246013  0.246124  0.246243  0.246373  0.246512  0.246661
  0.246815  0.246974  0.247136  0.247300  0.247465  0.247631  0.247797  0.247963
  0.248131  0.248299  0.248469  0.248638  0.248806  0.248973  0.249136  0.249296
  0.249450  0.249600  0.249743  0.249881  0.250012  0.250138  0.250259  0.250374
  0.250484  0.250589  0.250688  0.250782  0.250872  0.250956  0.251036  0.251111
  0.251182  0.251248  0.251297  0.251331  0.251367  0.251404  0.251444  0.251486
  0.251529  0.251575  0.251623  0.251672  0.251723  0.251776  0.251830  0.251884
  0.251940  0.251995  0.252050  0.252104  0.252156  0.252205  0.252251
  STARTING INLET BOUNDARY CONDITION DATA .
  NUMBER OF POINTS FOR INLET BOUNDARY CONDITIONS 
        37
  SPACING OF INLET BOUNDARY CONDITION POINTS 
  1.000000  1.250000  1.562500  1.953125  2.441406  3.051758  3.814697  4.768372
  5.960464  7.450581  9.313226 11.641532 14.551915 18.189894 20.000000 20.000000
 20.000000 20.000000 20.000000 20.000000 20.000000 20.000000 18.189894 14.551915
 11.641532  9.313226  7.450581  5.960464  4.768372  3.814697  3.051758  2.441406
  1.953125  1.562500  1.250000  1.000000
   INLET STAGNATION PRESSURES 
 3786000.0 3786000.0 3786000.0 3786000.0 3786000.0 3785999.8 3786000.0 3786000.2
 3785999.8 3786000.0 3786000.2 3786000.0 3786000.2 3786000.0 3786000.0 3786000.0
 3786000.0 3786000.0 3786000.0 3786000.0 3786000.0 3786000.0 3786000.0 3786000.0
 3786000.0 3786000.0 3786000.0 3786000.0 3786000.0 3786000.0 3786000.0 3786000.0
 3786000.0 3786000.0 3786000.0 3786000.0 3786000.0
   INLET STAGNATION TEMPERATURES 
  332.8109  332.8109  332.8109  332.8109  332.8109  332.8109  332.8109  332.8109
  332.8109  332.8109  332.8109  332.8109  332.8109  332.8109  332.8109  332.8109
  332.8109  332.8109  332.8109  332.8109  332.8109  332.8109  332.8109  332.8109
  332.8109  332.8109  332.8109  332.8109  332.8109  332.8109  332.8109  332.8109
  332.8109  332.8109  332.8109  332.8109  332.8109
   INLET ABSOLUTE TANGENTIAL VELOCITY 
    0.0000    0.0000    0.0000    0.0000    0.0000    0.0000    0.0000    0.0000
    0.0000    0.0000    0.0000    0.0000    0.0000    0.0000    0.0000    0.0000
    0.0000    0.0000    0.0000    0.0000    0.0000    0.0000    0.0000    0.0000
    0.0000    0.0000    0.0000    0.0000    0.0000    0.0000    0.0000    0.0000
    0.0000    0.0000    0.0000    0.0000    0.0000
   INLET MERIDIONAL VELOCITY 
  106.4369  106.4369  106.4369  106.4369  106.4369  106.4369  106.4369  106.4369
  106.4369  106.4369  106.4369  106.4369  106.4369  106.4369  106.4369  106.4369
  106.4369  106.4369  106.4369  106.4369  106.4369  106.4369  106.4369  106.4369
  106.4369  106.4369  106.4369  106.4369  106.4369  106.4369  106.4369  106.4369
  106.4369  106.4369  106.4369  106.4369  106.4369
   INLET MERIDIONAL YAW ANGLE  
  -21.8014  -21.8014  -21.8014  -21.8014  -21.8014  -21.8014  -21.8014  -21.8014
  -21.8014  -21.8014  -21.8014  -21.8014  -21.8014  -21.8014  -21.8014  -21.8014
  -21.8014  -21.8014  -21.8014  -21.8014  -21.8014  -21.8014  -21.8014  -21.8014
  -21.8014  -21.8014  -21.8014  -21.8014  -21.8014  -21.8014  -21.8014  -21.8014
  -21.8014  -21.8014  -21.8014  -21.8014  -21.8014
   INLET PITCH ANGLE 
   -0.2964   -0.2946   -0.2925   -0.2898   -0.2864   -0.2821   -0.2768   -0.2702
   -0.2619   -0.2515   -0.2386   -0.2224   -0.2021   -0.1768   -0.1452   -0.1104
   -0.0757   -0.0409   -0.0061    0.0286    0.0634    0.0982    0.1330    0.1646
    0.1899    0.2101    0.2263    0.2393    0.2496    0.2579    0.2645    0.2699
    0.2741    0.2775    0.2802    0.2824    0.2841
   PDOWN_HUB   PDOWN_TIP 
 1422494.4 1422494.4
 MIXING LENGTH LIMITS ON ALL BLADE ROWS
  0.020000  0.030000  0.040000  0.050000  1.000000  0.500000
  0.020000  0.030000  0.040000  0.050000  1.000000  0.500000
  FACTOR TO INCREASE THE TURBULENT VISCOSITY OVER THE FIRST NMIXUP STEPS 
   2.00000 1000
