  BLADE PROFILES IN CARTESIAN COORDINATES (2D) BEFORE   PROJECTION, SCALING, MESHING AND STACKING 
  VARIABLES = "X", "YSS", "YPS" 
  BLADE           1  SECTION           1
    0.000000   -0.000328   -0.000328
    0.000062    0.001670   -0.001815
    0.000249    0.004194   -0.003848
    0.000561    0.006639   -0.005967
    0.000997    0.009100   -0.008085
    0.001557    0.011561   -0.010229
    0.002241    0.014053   -0.012457
    0.003050    0.016580   -0.014751
    0.003982    0.019125   -0.017094
    0.005038    0.021666   -0.019469
    0.006218    0.024171   -0.021857
    0.007520    0.026623   -0.024235
    0.008945    0.028960   -0.026572
    0.010493    0.031164   -0.028828
    0.012162    0.033219   -0.031005
    0.013954    0.035120   -0.033059
    0.015866    0.036895   -0.034973
    0.017899    0.038613   -0.036744
    0.020052    0.040372   -0.038393
    0.022325    0.042179   -0.039999
    0.024716    0.044065   -0.041608
    0.027226    0.046011   -0.043254
    0.029854    0.048015   -0.044935
    0.032600    0.050076   -0.046647
    0.035461    0.052190   -0.048388
    0.038439    0.054357   -0.050154
    0.041531    0.056574   -0.051942
    0.044738    0.058839   -0.053749
    0.048058    0.061152   -0.055571
    0.051491    0.063509   -0.057407
    0.055036    0.065910   -0.059251
    0.058691    0.068353   -0.061102
    0.062456    0.070835   -0.062957
    0.066331    0.073356   -0.064811
    0.070314    0.075914   -0.066662
    0.074403    0.078507   -0.068507
    0.078599    0.081133   -0.070343
    0.082900    0.083792   -0.072166
    0.087305    0.086481   -0.073973
    0.091812    0.089200   -0.075762
    0.096421    0.091927   -0.077529
    0.101131    0.094697   -0.079271
    0.105941    0.097492   -0.080988
    0.110848    0.100311   -0.082702
    0.115853    0.103151   -0.084348
    0.120953    0.106013   -0.085956
    0.126148    0.108893   -0.087524
    0.131435    0.111792   -0.089049
    0.136815    0.114708   -0.090529
    0.142285    0.117640   -0.091960
    0.147845    0.120586   -0.093339
    0.153492    0.123545   -0.094664
    0.159225    0.126514   -0.095932
    0.165044    0.129479   -0.097141
    0.170946    0.132469   -0.098288
    0.176930    0.135468   -0.099369
    0.182994    0.138475   -0.100387
    0.189138    0.141488   -0.101370
    0.195358    0.144507   -0.102235
    0.201655    0.147531   -0.103026
    0.208026    0.150558   -0.103739
    0.214470    0.153588   -0.104373
    0.220986    0.156619   -0.104925
    0.227570    0.159634   -0.105393
    0.234223    0.162665   -0.105776
    0.240941    0.165694   -0.106071
    0.247725    0.168722   -0.106277
    0.254571    0.171748   -0.106391
    0.261478    0.174770   -0.106417
    0.268445    0.177788   -0.106385
    0.275470    0.180801   -0.106209
    0.282550    0.183809   -0.105931
    0.289685    0.186808   -0.105553
    0.296872    0.189787   -0.105075
    0.304110    0.192771   -0.104493
    0.311396    0.195747   -0.103808
    0.318730    0.198714   -0.103019
    0.326109    0.201672   -0.102123
    0.333531    0.204619   -0.101121
    0.340994    0.207556   -0.100011
    0.348497    0.210481   -0.098801
    0.356038    0.213394   -0.097516
    0.363615    0.216293   -0.096079
    0.371226    0.219167   -0.094524
    0.378869    0.222039   -0.092857
    0.386542    0.224898   -0.091078
    0.394243    0.227742   -0.089189
    0.401971    0.230571   -0.087188
    0.409723    0.233385   -0.085075
    0.417498    0.236183   -0.082851
    0.425293    0.238965   -0.080516
    0.433107    0.241731   -0.078070
    0.440937    0.244479   -0.075513
    0.448783    0.247211   -0.072846
    0.456641    0.249923   -0.070069
    0.464509    0.252615   -0.067191
    0.472387    0.255282   -0.064241
    0.480272    0.257939   -0.061138
    0.488161    0.260578   -0.057929
    0.496053    0.263197   -0.054609
    0.503947    0.265796   -0.051185
    0.511839    0.268376   -0.047657
    0.519729    0.270936   -0.044027
    0.527613    0.273475   -0.040296
    0.535491    0.275994   -0.036467
    0.543360    0.278492   -0.032540
    0.551217    0.280969   -0.028518
    0.559063    0.283424   -0.024401
    0.566893    0.285858   -0.020193
    0.574707    0.288271   -0.015894
    0.582502    0.290661   -0.011507
    0.590277    0.293029   -0.007034
    0.598029    0.295376   -0.002476
    0.605757    0.297699    0.002162
    0.613458    0.299999    0.006881
    0.621131    0.302277    0.011676
    0.628774    0.304532    0.016545
    0.636385    0.306764    0.021486
    0.643962    0.308973    0.026497
    0.651503    0.311158    0.031573
    0.659006    0.313320    0.036714
    0.666469    0.315458    0.041915
    0.673891    0.317573    0.047174
    0.681270    0.319663    0.052488
    0.688604    0.321730    0.057854
    0.695890    0.323772    0.063268
    0.703128    0.325790    0.068728
    0.710315    0.327784    0.074231
    0.717450    0.329753    0.079772
    0.724530    0.331698    0.085350
    0.731555    0.333618    0.090959
    0.738522    0.335513    0.096598
    0.745429    0.337383    0.102262
    0.752275    0.339228    0.107948
    0.759059    0.341048    0.113653
    0.765777    0.342843    0.119374
    0.772430    0.344612    0.125105
    0.779015    0.346356    0.130845
    0.785530    0.348075    0.136589
    0.791974    0.349767    0.142333
    0.798345    0.351434    0.148075
    0.804642    0.353076    0.153810
    0.810863    0.354691    0.159535
    0.817006    0.356280    0.165245
    0.823070    0.357843    0.170939
    0.829054    0.359380    0.176610
    0.834956    0.360891    0.182258
    0.840775    0.362375    0.187879
    0.846508    0.363833    0.193467
    0.852155    0.365265    0.199018
    0.857715    0.366670    0.204531
    0.863185    0.368048    0.209999
    0.868565    0.369399    0.215422
    0.873852    0.370723    0.220793
    0.879047    0.372021    0.226110
    0.884147    0.373291    0.231378
    0.889152    0.374535    0.236586
    0.894059    0.375751    0.241719
    0.898869    0.376941    0.246784
    0.903579    0.378102    0.251778
    0.908188    0.379236    0.256696
    0.912695    0.380342    0.261537
    0.917100    0.381421    0.266296
    0.921401    0.382472    0.270970
    0.925597    0.383495    0.275557
    0.929686    0.384490    0.280053
    0.933669    0.385458    0.284456
    0.937544    0.386397    0.288762
    0.941309    0.387308    0.292967
    0.944965    0.388191    0.297070
    0.948509    0.389046    0.301067
    0.951942    0.389873    0.304955
    0.955262    0.390671    0.308733
    0.958469    0.391441    0.312397
    0.961561    0.392182    0.315944
    0.964539    0.392895    0.319373
    0.967400    0.393579    0.322681
    0.970146    0.394235    0.325865
    0.972774    0.394752    0.328924
    0.975284    0.394723    0.331855
    0.977675    0.394316    0.334656
    0.979948    0.393668    0.337326
    0.982101    0.392844    0.339862
    0.984134    0.391883    0.342262
    0.986046    0.390812    0.344525
    0.987838    0.389645    0.346650
    0.989507    0.388395    0.348635
    0.991055    0.387068    0.350479
    0.992480    0.385670    0.352180
    0.993782    0.384216    0.353737
    0.994962    0.382681    0.355149
    0.996018    0.381086    0.356415
    0.996950    0.379423    0.357534
    0.997759    0.377711    0.358620
    0.998443    0.375954    0.359735
    0.999003    0.374161    0.360953
    0.999439    0.372342    0.362448
    0.999751    0.370498    0.364032
    0.999938    0.368547    0.365751
    1.000000    0.367262    0.367262
  BLADE PROFILES IN CARTESIAN COORDINATES (3D) 
  VARIABLES = "X", "YSS", "YPS" "R" 
  BLADE           1  SECTION           1
  -24.976900  -13.896577  -13.896577 1147.800049
  -22.105434  -13.776239  -13.776239 1147.797729
  -19.545225  -13.668941  -13.668941 1147.795288
  -17.262529  -13.573272  -13.573272 1147.792725
  -15.227279  -13.487967  -13.487967 1147.790039
  -13.412634  -13.411907  -13.411907 1147.787354
  -11.794693  -13.344087  -13.344087 1147.785034
  -10.352137  -13.283621  -13.283621 1147.782837
   -9.065944  -13.229704  -13.229704 1147.780396
   -7.919172  -13.181630  -13.181630 1147.778320
   -6.896705  -13.138771  -13.138771 1147.776367
   -5.985071  -13.100553  -13.100553 1147.774658
   -5.172256  -13.066479  -13.066479 1147.772949
   -4.447547  -13.036097  -13.036097 1147.771240
   -3.801394  -13.009007  -13.009007 1147.770020
   -3.225283  -12.984853  -12.984853 1147.768677
   -2.711619  -12.963322  -12.963322 1147.767700
   -2.253633  -12.944120  -12.944120 1147.766479
   -1.845294  -12.926998  -12.926998 1147.765503
   -1.481219  -12.911736  -12.911736 1147.764648
   -1.156606  -12.898128  -12.898128 1147.763794
   -0.867178  -12.885992  -12.885992 1147.763184
   -0.609128  -12.875172  -12.875172 1147.762573
   -0.379043  -12.865525  -12.865525 1147.761963
   -0.173904  -12.856925  -12.856925 1147.761475
    0.009000  -12.849257  -12.849257 1147.760986
    0.191902  -11.974270  -13.703296 1147.760254
    0.383142  -11.560485  -14.096141 1147.759399
    0.583485  -11.267094  -14.395482 1147.758423
    0.793705  -11.051401  -14.627973 1147.757690
    1.014563  -10.867636  -14.809113 1147.756714
    1.246832  -10.683769  -14.968964 1147.755737
    1.491279  -10.495754  -15.127336 1147.754517
    1.748672  -10.303658  -15.286427 1147.753418
    2.019780  -10.106912  -15.446445 1147.752075
    2.305369   -9.905064  -15.607425 1147.750977
    2.606212   -9.697736  -15.769290 1147.749146
    2.923074   -9.484618  -15.931856 1147.747925
    3.256726   -9.265447  -16.094841 1147.746338
    3.607934   -9.040002  -16.257868 1147.744629
    3.977287   -8.808209  -16.420399 1147.743042
    4.364883   -8.570326  -16.581614 1147.740967
    4.771626   -8.326823  -16.740990 1147.739014
    5.198518   -8.076412  -16.897892 1147.737061
    5.646702   -7.818953  -17.053432 1147.734985
    6.117394   -7.554328  -17.202831 1147.732300
    6.611951   -7.282218  -17.347504 1147.729858
    7.131571   -7.002433  -17.486250 1147.727539
    7.677238   -6.714918  -17.617781 1147.724609
    8.250788   -6.420242  -17.740849 1147.721313
    8.854262   -6.116148  -17.853985 1147.718140
    9.489925   -5.802847  -17.957624 1147.714844
   10.160286   -5.479783  -18.044695 1147.711182
   10.868047   -5.146354  -18.115829 1147.707275
   11.621803   -4.800539  -18.168575 1147.702881
   12.432400   -4.436543  -18.199383 1147.698364
   13.300755   -4.056168  -18.204937 1147.693481
   14.226165   -3.660959  -18.176394 1147.688232
   15.206441   -3.254101  -18.109152 1147.682129
   16.237766   -2.836438  -17.999292 1147.676514
   17.314798   -2.411716  -17.842699 1147.670044
   18.420118   -1.987825  -17.640099 1147.663696
   19.536026   -1.570795  -17.387640 1147.656738
   20.656507   -1.162290  -17.089899 1147.650391
   21.776642   -0.763777  -16.748522 1147.643311
   22.892714   -0.376064  -16.365446 1147.636475
   24.001978    0.000000  -15.945282 1147.629883
   25.102928    0.365711  -15.484194 1147.623535
   26.202955    0.723509  -14.982825 1147.616577
   27.307056    1.075353  -14.439459 1147.610229
   28.414331    1.421255  -13.854469 1147.603271
   29.523314    1.761067  -13.228682 1147.596924
   30.632019    2.094456  -12.563457 1147.590210
   31.737879    2.421013  -11.860797 1147.584106
   32.837765    2.740201  -11.123415 1147.577881
   33.921890    3.049601  -10.359284 1147.571411
   34.984169    3.347989   -9.574853 1147.565674
   36.021694    3.635071   -8.774803 1147.560059
   37.032135    3.910712   -7.963635 1147.554443
   38.013691    4.174918   -7.145575 1147.549438
   38.965164    4.427819   -6.324458 1147.544556
   39.885853    4.669667   -5.503642 1147.539795
   40.779163    4.901714   -4.682691 1147.535400
   41.645962    5.124542   -3.863051 1147.531006
   42.486263    5.338449   -3.046643 1147.526733
   43.300030    5.543700   -2.235826 1147.523193
   44.087315    5.740559   -1.432389 1147.519531
   44.848083    5.929308   -0.638102 1147.516235
   45.582352    6.110033    0.144086 1147.513306
   46.290100    6.282980    0.913148 1147.510010
   46.971367    6.448345    1.667534 1147.507446
   47.626099    6.606266    2.405455 1147.504639
   48.254333    6.756908    3.125351 1147.502197
   48.856060    6.818760    3.825725 1147.500122
   49.431274    6.540083    4.505066 1147.498047
   49.979984    5.465076    5.464598 1147.495972
   50.528717    5.859252    5.859013 1147.495605
   51.108768    6.276193    6.276193 1147.494995
   51.721954    6.716945    6.716945 1147.494019
   52.370155    7.182867    7.182867 1147.493042
   53.055374    7.675397    7.675397 1147.491211
   53.779728    8.196052    8.196052 1147.489014
   54.545448    8.746437    8.746437 1147.486206
   55.354893    9.328245    9.328245 1147.482666
   56.210564    9.943277    9.943277 1147.478149
   57.115105   10.593425   10.593425 1147.472046
   58.071293   11.280687   11.280687 1147.465088
   59.082081   12.007188   12.007188 1147.456665
   60.150600   12.775163   12.775163 1147.446411
   61.280128   13.586980   13.586980 1147.434692
   62.474155   14.445131   14.445131 1147.421021
  BLADE PROFILES IN CARTESIAN COORDINATES (2D) BEFORE   PROJECTION, SCALING, MESHING AND STACKING 
  VARIABLES = "X", "YSS", "YPS" 
  BLADE           1  SECTION           2
    0.000000   -0.000328   -0.000328
    0.000062    0.001669   -0.001815
    0.000249    0.004194   -0.003848
    0.000561    0.006638   -0.005967
    0.000997    0.009099   -0.008085
    0.001557    0.011560   -0.010229
    0.002241    0.014052   -0.012456
    0.003050    0.016579   -0.014750
    0.003982    0.019124   -0.017093
    0.005038    0.021664   -0.019468
    0.006218    0.024169   -0.021856
    0.007520    0.026621   -0.024233
    0.008945    0.028958   -0.026570
    0.010493    0.031162   -0.028827
    0.012162    0.033216   -0.031003
    0.013954    0.035118   -0.033057
    0.015866    0.036892   -0.034971
    0.017899    0.038610   -0.036742
    0.020052    0.040369   -0.038391
    0.022325    0.042177   -0.039997
    0.024716    0.044062   -0.041606
    0.027226    0.046008   -0.043252
    0.029854    0.048012   -0.044933
    0.032600    0.050072   -0.046645
    0.035461    0.052186   -0.048385
    0.038439    0.054353   -0.050151
    0.041531    0.056570   -0.051939
    0.044738    0.058835   -0.053746
    0.048058    0.061147   -0.055569
    0.051491    0.063505   -0.057404
    0.055036    0.065906   -0.059249
    0.058691    0.068348   -0.061100
    0.062456    0.070830   -0.062954
    0.066331    0.073351   -0.064808
    0.070314    0.075908   -0.066659
    0.074403    0.078501   -0.068504
    0.078599    0.081127   -0.070340
    0.082900    0.083785   -0.072163
    0.087305    0.086474   -0.073970
    0.091812    0.089192   -0.075759
    0.096421    0.091920   -0.077526
    0.101131    0.094689   -0.079269
    0.105941    0.097484   -0.080985
    0.110848    0.100302   -0.082700
    0.115853    0.103142   -0.084346
    0.120953    0.106003   -0.085954
    0.126148    0.108883   -0.087522
    0.131435    0.111782   -0.089048
    0.136815    0.114697   -0.090527
    0.142285    0.117629   -0.091958
    0.147845    0.120574   -0.093338
    0.153492    0.123533   -0.094663
    0.159225    0.126502   -0.095931
    0.165044    0.129466   -0.097140
    0.170946    0.132456   -0.098287
    0.176930    0.135454   -0.099369
    0.182994    0.138460   -0.100387
    0.189138    0.141473   -0.101371
    0.195358    0.144491   -0.102236
    0.201655    0.147514   -0.103027
    0.208026    0.150541   -0.103740
    0.214470    0.153571   -0.104375
    0.220986    0.156601   -0.104927
    0.227570    0.159615   -0.105396
    0.234223    0.162645   -0.105779
    0.240941    0.165674   -0.106075
    0.247725    0.168701   -0.106281
    0.254571    0.171726   -0.106396
    0.261478    0.174747   -0.106423
    0.268445    0.177765   -0.106391
    0.275470    0.180777   -0.106216
    0.282550    0.183784   -0.105939
    0.289685    0.186782   -0.105562
    0.296872    0.189760   -0.105084
    0.304110    0.192743   -0.104503
    0.311396    0.195719   -0.103819
    0.318730    0.198685   -0.103030
    0.326109    0.201641   -0.102135
    0.333531    0.204588   -0.101134
    0.340994    0.207523   -0.100025
    0.348497    0.210448   -0.098816
    0.356038    0.213360   -0.097532
    0.363615    0.216258   -0.096095
    0.371226    0.219130   -0.094542
    0.378869    0.222002   -0.092876
    0.386542    0.224859   -0.091098
    0.394243    0.227702   -0.089210
    0.401971    0.230530   -0.087210
    0.409723    0.233343   -0.085099
    0.417498    0.236140   -0.082876
    0.425293    0.238921   -0.080542
    0.433107    0.241685   -0.078097
    0.440937    0.244432   -0.075541
    0.448783    0.247162   -0.072875
    0.456641    0.249873   -0.070100
    0.464509    0.252564   -0.067224
    0.472387    0.255229   -0.064274
    0.480272    0.257885   -0.061173
    0.488161    0.260522   -0.057965
    0.496053    0.263140   -0.054647
    0.503947    0.265738   -0.051224
    0.511839    0.268317   -0.047698
    0.519729    0.270875   -0.044069
    0.527613    0.273413   -0.040340
    0.535491    0.275930   -0.036513
    0.543360    0.278426   -0.032588
    0.551217    0.280902   -0.028567
    0.559063    0.283356   -0.024452
    0.566893    0.285788   -0.020245
    0.574707    0.288199   -0.015948
    0.582502    0.290588   -0.011562
    0.590277    0.292954   -0.007091
    0.598029    0.295299   -0.002535
    0.605757    0.297621    0.002102
    0.613458    0.299919    0.006818
    0.621131    0.302196    0.011611
    0.628774    0.304449    0.016479
    0.636385    0.306679    0.021418
    0.643962    0.308886    0.026427
    0.651503    0.311070    0.031502
    0.659006    0.313230    0.036640
    0.666469    0.315367    0.041840
    0.673891    0.317479    0.047097
    0.681270    0.319568    0.052409
    0.688604    0.321633    0.057773
    0.695890    0.323673    0.063185
    0.703128    0.325690    0.068643
    0.710315    0.327682    0.074143
    0.717450    0.329649    0.079683
    0.724530    0.331592    0.085258
    0.731555    0.333510    0.090866
    0.738522    0.335404    0.096503
    0.745429    0.337272    0.102165
    0.752275    0.339115    0.107849
    0.759059    0.340934    0.113552
    0.765777    0.342727    0.119270
    0.772430    0.344494    0.125000
    0.779015    0.346237    0.130738
    0.785530    0.347953    0.136479
    0.791974    0.349644    0.142222
    0.798345    0.351310    0.147962
    0.804642    0.352949    0.153695
    0.810863    0.354563    0.159418
    0.817006    0.356150    0.165126
    0.823070    0.357712    0.170818
    0.829054    0.359247    0.176488
    0.834956    0.360756    0.182134
    0.840775    0.362239    0.187752
    0.846508    0.363695    0.193338
    0.852155    0.365125    0.198888
    0.857715    0.366528    0.204399
    0.863185    0.367905    0.209866
    0.868565    0.369255    0.215286
    0.873852    0.370578    0.220655
    0.879047    0.371873    0.225971
    0.884147    0.373142    0.231237
    0.889152    0.374384    0.236443
    0.894059    0.375599    0.241575
    0.898869    0.376787    0.246638
    0.903579    0.377947    0.251630
    0.908188    0.379080    0.256547
    0.912695    0.380185    0.261386
    0.917100    0.381262    0.266143
    0.921401    0.382311    0.270816
    0.925597    0.383333    0.275401
    0.929686    0.384327    0.279896
    0.933669    0.385294    0.284297
    0.937544    0.386232    0.288601
    0.941309    0.387142    0.292806
    0.944965    0.388024    0.296907
    0.948509    0.388878    0.300903
    0.951942    0.389703    0.304790
    0.955262    0.390500    0.308566
    0.958469    0.391269    0.312229
    0.961561    0.392009    0.315775
    0.964539    0.392721    0.319203
    0.967400    0.393404    0.322509
    0.970146    0.394059    0.325693
    0.972774    0.394576    0.328751
    0.975284    0.394548    0.331681
    0.977675    0.394141    0.334481
    0.979948    0.393492    0.337150
    0.982101    0.392667    0.339685
    0.984134    0.391706    0.342084
    0.986046    0.390634    0.344346
    0.987838    0.389468    0.346471
    0.989507    0.388217    0.348456
    0.991055    0.386889    0.350299
    0.992480    0.385491    0.351999
    0.993782    0.384036    0.353556
    0.994962    0.382501    0.354968
    0.996018    0.380906    0.356233
    0.996950    0.379242    0.357352
    0.997759    0.377530    0.358437
    0.998443    0.375773    0.359552
    0.999003    0.373980    0.360771
    0.999439    0.372160    0.362266
    0.999751    0.370316    0.363849
    0.999938    0.368367    0.365568
    1.000000    0.367077    0.367077
  BLADE PROFILES IN CARTESIAN COORDINATES (3D) 
  VARIABLES = "X", "YSS", "YPS" "R" 
  BLADE           1  SECTION           2
  -25.005032  -13.900556  -13.900556 1148.054810
  -22.131941  -13.780203  -13.780203 1148.054932
  -19.570282  -13.672896  -13.672896 1148.054932
  -17.286297  -13.577222  -13.577222 1148.054932
  -15.249887  -13.491916  -13.491916 1148.054932
  -13.434217  -13.415858  -13.415858 1148.054810
  -11.815362  -13.348045  -13.348045 1148.055054
  -10.371984  -13.287584  -13.287584 1148.055054
   -9.085063  -13.233673  -13.233673 1148.055054
   -7.937637  -13.185609  -13.185609 1148.054810
   -6.914588  -13.142753  -13.142753 1148.055054
   -6.002437  -13.104545  -13.104545 1148.054932
   -5.189161  -13.070478  -13.070478 1148.054932
   -4.464037  -13.040101  -13.040101 1148.054932
   -3.817517  -13.013019  -13.013019 1148.054932
   -3.241081  -12.988873  -12.988873 1148.055054
   -2.727125  -12.967342  -12.967342 1148.055054
   -2.268877  -12.948146  -12.948146 1148.054932
   -1.860306  -12.931031  -12.931031 1148.054810
   -1.496020  -12.915771  -12.915771 1148.055054
   -1.171224  -12.902165  -12.902165 1148.054932
   -0.881635  -12.890035  -12.890035 1148.054932
   -0.623431  -12.879220  -12.879220 1148.054932
   -0.393219  -12.869576  -12.869576 1148.054810
   -0.187963  -12.860978  -12.860978 1148.054932
   -0.004955  -12.853312  -12.853312 1148.054932
    0.178054  -11.977898  -13.707790 1148.054932
    0.369403  -11.563916  -14.100848 1148.055054
    0.569865  -11.270380  -14.400347 1148.054932
    0.780203  -11.054580  -14.632960 1148.054932
    1.001191  -10.870728  -14.814198 1148.054932
    1.233593  -10.686782  -14.974141 1148.054932
    1.478180  -10.498689  -15.132611 1148.054932
    1.735720  -10.306509  -15.291799 1148.054810
    2.006986  -10.109677  -15.451908 1148.054810
    2.292742   -9.907745  -15.612990 1148.054810
    2.593760   -9.700331  -15.774954 1148.054932
    2.910805   -9.487126  -15.937623 1148.054932
    3.244651   -9.267866  -16.100712 1148.054932
    3.596061   -9.042329  -16.263844 1148.055054
    3.965629   -8.810442  -16.426476 1148.054932
    4.353452   -8.572466  -16.587803 1148.054810
    4.760426   -8.328868  -16.747286 1148.054932
    5.187568   -8.078361  -16.904303 1148.055054
    5.636007   -7.820805  -17.059952 1148.055054
    6.106973   -7.556082  -17.209467 1148.054932
    6.601823   -7.283872  -17.354246 1148.054688
    7.121742   -7.003986  -17.493107 1148.054688
    7.667730   -6.716372  -17.624750 1148.054810
    8.241607   -6.421593  -17.747925 1148.054810
    8.845431   -6.117403  -17.861172 1148.054810
    9.481467   -5.804001  -17.964922 1148.054810
   10.152213   -5.480834  -18.052099 1148.055054
   10.860393   -5.147304  -18.123341 1148.054932
   11.614580   -4.801387  -18.176186 1148.055054
   12.425661   -4.437293  -18.207094 1148.054688
   13.294507   -4.056817  -18.212742 1148.054810
   14.220469   -3.661511  -18.184292 1148.054810
   15.201311   -3.254554  -18.117126 1148.054810
   16.233232   -2.836804  -18.007332 1148.055054
   17.310909   -2.412004  -17.850794 1148.055054
   18.416870   -1.988035  -17.648235 1148.055054
   19.533419   -1.570944  -17.395796 1148.054688
   20.654556   -1.162386  -17.098061 1148.054810
   21.775354   -0.763831  -16.756670 1148.054810
   22.892065   -0.376084  -16.373562 1148.054688
   24.001974    0.000000  -15.953353 1148.054688
   25.103573    0.365722  -15.492219 1148.055176
   26.204235    0.723521  -14.990776 1148.054688
   27.308992    1.075358  -14.447317 1148.054443
   28.416910    1.421246  -13.862219 1148.054688
   29.526531    1.761033  -13.236315 1148.055054
   30.635864    2.094387  -12.570963 1148.055176
   31.742378    2.420901  -11.868153 1148.054688
   32.842918    2.740037  -11.130614 1148.054688
   33.927673    3.049379  -10.366311 1148.054810
   34.990574    3.347699   -9.581705 1148.054565
   36.028687    3.634706   -8.781470 1148.054688
   37.039722    3.910272   -7.970109 1148.054932
   38.021839    4.174395   -7.151852 1148.054565
   38.973866    4.427216   -6.330535 1148.055298
   39.895088    4.668963   -5.509522 1148.054688
   40.788910    4.900915   -4.688369 1148.054810
   41.656223    5.123649   -3.868519 1148.055054
   42.496994    5.337458   -3.051907 1148.054810
   43.311253    5.542614   -2.240884 1148.054810
   44.098984    5.739369   -1.437240 1148.054932
   44.860195    5.928014   -0.642757 1148.054810
   45.594879    6.108640    0.139638 1148.054810
   46.303036    6.281483    0.908891 1148.054932
   46.984684    6.446740    1.663469 1148.054932
   47.639801    6.604567    2.401586 1148.054688
   48.268398    6.755103    3.121664 1148.054932
   48.870472    6.816936    3.822223 1148.054932
   49.446018    6.537982    4.501737 1148.054932
   49.995037    5.462046    5.461567 1148.054810
   50.544060    5.856253    5.856013 1148.055054
   51.124443    6.273224    6.273224 1148.054810
   51.737968    6.714013    6.714013 1148.054810
   52.386536    7.179975    7.179975 1148.055054
   53.072155    7.672546    7.672546 1148.054932
   53.796921    8.193252    8.193252 1148.055054
   54.563080    8.743697    8.743697 1148.054810
   55.372982    9.325575    9.325575 1148.054932
   56.229160    9.940686    9.940686 1148.054932
   57.134232   10.590931   10.590931 1148.054932
   58.090981   11.278309   11.278309 1148.055054
   59.102383   12.004950   12.004950 1148.054810
   60.171555   12.773087   12.773087 1148.054932
   61.301788   13.585092   13.585092 1148.055054
   62.496559   14.443470   14.443470 1148.054932
  BLADE PROFILES IN CARTESIAN COORDINATES (2D) BEFORE   PROJECTION, SCALING, MESHING AND STACKING 
  VARIABLES = "X", "YSS", "YPS" 
  BLADE           1  SECTION           3
    0.000000   -0.000327   -0.000327
    0.000062    0.001669   -0.001815
    0.000249    0.004194   -0.003848
    0.000561    0.006637   -0.005966
    0.000997    0.009099   -0.008084
    0.001557    0.011559   -0.010228
    0.002241    0.014051   -0.012455
    0.003050    0.016577   -0.014750
    0.003982    0.019122   -0.017092
    0.005038    0.021662   -0.019467
    0.006218    0.024167   -0.021855
    0.007520    0.026619   -0.024232
    0.008945    0.028955   -0.026569
    0.010493    0.031160   -0.028825
    0.012162    0.033214   -0.031002
    0.013954    0.035115   -0.033056
    0.015866    0.036890   -0.034969
    0.017899    0.038608   -0.036740
    0.020052    0.040366   -0.038389
    0.022325    0.042174   -0.039995
    0.024716    0.044059   -0.041604
    0.027226    0.046005   -0.043250
    0.029854    0.048009   -0.044930
    0.032600    0.050069   -0.046642
    0.035461    0.052183   -0.048383
    0.038439    0.054349   -0.050149
    0.041531    0.056566   -0.051936
    0.044738    0.058831   -0.053743
    0.048058    0.061143   -0.055566
    0.051491    0.063500   -0.057401
    0.055036    0.065901   -0.059246
    0.058691    0.068343   -0.061097
    0.062456    0.070825   -0.062951
    0.066331    0.073345   -0.064805
    0.070314    0.075902   -0.066657
    0.074403    0.078495   -0.068502
    0.078599    0.081121   -0.070337
    0.082900    0.083779   -0.072160
    0.087305    0.086467   -0.073968
    0.091812    0.089185   -0.075757
    0.096421    0.091912   -0.077524
    0.101131    0.094681   -0.079266
    0.105941    0.097476   -0.080983
    0.110848    0.100293   -0.082697
    0.115853    0.103133   -0.084343
    0.120953    0.105994   -0.085952
    0.126148    0.108874   -0.087520
    0.131435    0.111772   -0.089046
    0.136815    0.114687   -0.090526
    0.142285    0.117617   -0.091957
    0.147845    0.120563   -0.093336
    0.153492    0.123521   -0.094662
    0.159225    0.126489   -0.095931
    0.165044    0.129453   -0.097140
    0.170946    0.132442   -0.098287
    0.176930    0.135440   -0.099369
    0.182994    0.138445   -0.100388
    0.189138    0.141457   -0.101371
    0.195358    0.144475   -0.102237
    0.201655    0.147498   -0.103028
    0.208026    0.150524   -0.103742
    0.214470    0.153553   -0.104377
    0.220986    0.156582   -0.104930
    0.227570    0.159596   -0.105399
    0.234223    0.162625   -0.105783
    0.240941    0.165653   -0.106079
    0.247725    0.168680   -0.106286
    0.254571    0.171704   -0.106401
    0.261478    0.174724   -0.106429
    0.268445    0.177741   -0.106398
    0.275470    0.180753   -0.106224
    0.282550    0.183759   -0.105947
    0.289685    0.186756   -0.105571
    0.296872    0.189733   -0.105093
    0.304110    0.192715   -0.104513
    0.311396    0.195690   -0.103830
    0.318730    0.198655   -0.103042
    0.326109    0.201611   -0.102148
    0.333531    0.204556   -0.101147
    0.340994    0.207491   -0.100039
    0.348497    0.210414   -0.098831
    0.356038    0.213325   -0.097548
    0.363615    0.216222   -0.096113
    0.371226    0.219093   -0.094560
    0.378869    0.221963   -0.092895
    0.386542    0.224820   -0.091119
    0.394243    0.227662   -0.089231
    0.401971    0.230488   -0.087233
    0.409723    0.233300   -0.085122
    0.417498    0.236096   -0.082901
    0.425293    0.238875   -0.080568
    0.433107    0.241638   -0.078124
    0.440937    0.244384   -0.075570
    0.448783    0.247113   -0.072905
    0.456641    0.249822   -0.070131
    0.464509    0.252512   -0.067256
    0.472387    0.255176   -0.064308
    0.480272    0.257831   -0.061208
    0.488161    0.260467   -0.058002
    0.496053    0.263083   -0.054686
    0.503947    0.265680   -0.051264
    0.511839    0.268256   -0.047739
    0.519729    0.270813   -0.044112
    0.527613    0.273350   -0.040385
    0.535491    0.275865   -0.036559
    0.543360    0.278360   -0.032635
    0.551217    0.280834   -0.028616
    0.559063    0.283286   -0.024503
    0.566893    0.285717   -0.020298
    0.574707    0.288127   -0.016002
    0.582502    0.290514   -0.011618
    0.590277    0.292879   -0.007149
    0.598029    0.295222   -0.002595
    0.605757    0.297542    0.002040
    0.613458    0.299839    0.006755
    0.621131    0.302114    0.011546
    0.628774    0.304365    0.016412
    0.636385    0.306594    0.021350
    0.643962    0.308799    0.026356
    0.651503    0.310981    0.031429
    0.659006    0.313140    0.036566
    0.666469    0.315274    0.041764
    0.673891    0.317386    0.047019
    0.681270    0.319473    0.052329
    0.688604    0.321536    0.057691
    0.695890    0.323575    0.063101
    0.703128    0.325589    0.068557
    0.710315    0.327579    0.074056
    0.717450    0.329545    0.079593
    0.724530    0.331486    0.085167
    0.731555    0.333403    0.090772
    0.738522    0.335294    0.096407
    0.745429    0.337161    0.102067
    0.752275    0.339003    0.107750
    0.759059    0.340819    0.113451
    0.765777    0.342611    0.119167
    0.772430    0.344377    0.124895
    0.779015    0.346117    0.130630
    0.785530    0.347832    0.136370
    0.791974    0.349521    0.142111
    0.798345    0.351185    0.147848
    0.804642    0.352823    0.153580
    0.810863    0.354435    0.159300
    0.817006    0.356020    0.165007
    0.823070    0.357580    0.170697
    0.829054    0.359114    0.176365
    0.834956    0.360621    0.182009
    0.840775    0.362103    0.187625
    0.846508    0.363557    0.193210
    0.852155    0.364985    0.198758
    0.857715    0.366387    0.204266
    0.863185    0.367762    0.209731
    0.868565    0.369110    0.215150
    0.873852    0.370432    0.220518
    0.879047    0.371726    0.225831
    0.884147    0.372993    0.231096
    0.889152    0.374234    0.236300
    0.894059    0.375448    0.241430
    0.898869    0.376634    0.246492
    0.903579    0.377793    0.251482
    0.908188    0.378924    0.256397
    0.912695    0.380027    0.261234
    0.917100    0.381103    0.265990
    0.921401    0.382151    0.270662
    0.925597    0.383172    0.275245
    0.929686    0.384165    0.279738
    0.933669    0.385130    0.284138
    0.937544    0.386067    0.288441
    0.941309    0.386976    0.292644
    0.944965    0.387857    0.296744
    0.948509    0.388709    0.300739
    0.951942    0.389534    0.304625
    0.955262    0.390329    0.308400
    0.958469    0.391097    0.312061
    0.961561    0.391837    0.315606
    0.964539    0.392548    0.319033
    0.967400    0.393230    0.322338
    0.970146    0.393884    0.325520
    0.972774    0.394400    0.328577
    0.975284    0.394373    0.331506
    0.977675    0.393966    0.334306
    0.979948    0.393317    0.336974
    0.982101    0.392491    0.339508
    0.984134    0.391530    0.341907
    0.986046    0.390457    0.344168
    0.987838    0.389290    0.346292
    0.989507    0.388039    0.348276
    0.991055    0.386711    0.350119
    0.992480    0.385312    0.351818
    0.993782    0.383857    0.353375
    0.994962    0.382322    0.354786
    0.996018    0.380727    0.356051
    0.996950    0.379062    0.357169
    0.997759    0.377349    0.358254
    0.998443    0.375592    0.359369
    0.999003    0.373799    0.360588
    0.999439    0.371979    0.362084
    0.999751    0.370134    0.363667
    0.999938    0.368183    0.365388
    1.000000    0.366893    0.366893
  BLADE PROFILES IN CARTESIAN COORDINATES (3D) 
  VARIABLES = "X", "YSS", "YPS" "R" 
  BLADE           1  SECTION           3
  -25.033783  -13.904902  -13.904902 1148.309814
  -22.158987  -13.784531  -13.784531 1148.312256
  -19.595810  -13.677216  -13.677216 1148.314697
  -17.310465  -13.581532  -13.581532 1148.317261
  -15.272846  -13.496224  -13.496224 1148.320068
  -13.456097  -13.420167  -13.420167 1148.322510
  -11.836279  -13.352357  -13.352357 1148.324951
  -10.392048  -13.291900  -13.291900 1148.327148
   -9.104363  -13.237995  -13.237995 1148.329468
   -7.956258  -13.189937  -13.189937 1148.331543
   -6.932606  -13.147087  -13.147087 1148.333618
   -6.019916  -13.108884  -13.108884 1148.335205
   -5.206154  -13.074821  -13.074821 1148.337158
   -4.480603  -13.044452  -13.044452 1148.338501
   -3.833701  -13.017374  -13.017374 1148.339966
   -3.256923  -12.993234  -12.993234 1148.341187
   -2.742663  -12.971707  -12.971707 1148.342529
   -2.284144  -12.952517  -12.952517 1148.343506
   -1.875333  -12.935408  -12.935408 1148.344238
   -1.510833  -12.920150  -12.920150 1148.345337
   -1.185843  -12.906549  -12.906549 1148.346069
   -0.896080  -12.894422  -12.894422 1148.346924
   -0.637728  -12.883607  -12.883607 1148.347534
   -0.407379  -12.873967  -12.873967 1148.348145
   -0.202001  -12.865372  -12.865372 1148.348511
   -0.018885  -12.857708  -12.857708 1148.348877
    0.164230  -11.981846  -13.712653 1148.349731
    0.355693  -11.567650  -14.105929 1148.350586
    0.556267  -11.273958  -14.405593 1148.351440
    0.766729  -11.058051  -14.638342 1148.352295
    0.987844  -10.874108  -14.819683 1148.353394
    1.220382  -10.690075  -14.979723 1148.354126
    1.465112  -10.501896  -15.138293 1148.355225
    1.722807  -10.309627  -15.297575 1148.356445
    1.994228  -10.112708  -15.457792 1148.357544
    2.280151   -9.910685  -15.618975 1148.359009
    2.581342   -9.703180  -15.781045 1148.360107
    2.898571   -9.489880  -15.943820 1148.361938
    3.232610   -9.270523  -16.107014 1148.363403
    3.584225   -9.044888  -16.270256 1148.364990
    3.954010   -8.812905  -16.433002 1148.366943
    4.342058   -8.574827  -16.594442 1148.368774
    4.749269   -8.331127  -16.754038 1148.370728
    5.176658   -8.080519  -16.911167 1148.372681
    5.625357   -7.822855  -17.066933 1148.375000
    6.096598   -7.558029  -17.216564 1148.377441
    6.591732   -7.285713  -17.361464 1148.379639
    7.111956   -7.005721  -17.500441 1148.382446
    7.658260   -6.718002  -17.632200 1148.385010
    8.232469   -6.423111  -17.755487 1148.388184
    8.836642   -6.118812  -17.868853 1148.391357
    9.473044   -5.805300  -17.972712 1148.394775
   10.144179   -5.482027  -18.060007 1148.398682
   10.852771   -5.148387  -18.131353 1148.402222
   11.607399   -4.802363  -18.184303 1148.406738
   12.418939   -4.438157  -18.215307 1148.411011
   13.288291   -4.057571  -18.221050 1148.415771
   14.214786   -3.662156  -18.192698 1148.421021
   15.196187   -3.255099  -18.125608 1148.426880
   16.228718   -2.837247  -18.015881 1148.432983
   17.307007   -2.412351  -17.859392 1148.439209
   18.413616   -1.988299  -17.656870 1148.446167
   19.530806   -1.571135  -17.404448 1148.452148
   20.652575   -1.162517  -17.106705 1148.459106
   21.774044   -0.763907  -16.765291 1148.466064
   22.891390   -0.376115  -16.382145 1148.472412
   24.001955    0.000000  -15.961878 1148.479614
   25.104156    0.365744  -15.500684 1148.485840
   26.205475    0.723554  -14.999153 1148.492310
   27.310858    1.075395  -14.455587 1148.499023
   28.419399    1.421278  -13.870373 1148.505127
   29.529707    1.761048  -13.244327 1148.512085
   30.639666    2.094383  -12.578822 1148.518677
   31.746820    2.420867  -11.875842 1148.524780
   32.847984    2.739957  -11.138124 1148.531372
   33.933365    3.049248  -10.373635 1148.537231
   34.996883    3.347507   -9.588824 1148.543091
   36.035614    3.634455   -8.788383 1148.549072
   37.047222    3.909946   -7.976811 1148.554443
   38.029903    4.173997   -7.158337 1148.559814
   38.982487    4.426739   -6.336788 1148.564819
   39.904251    4.668404   -5.515553 1148.569580
   40.798595    4.900271   -4.694172 1148.574097
   41.666412    5.122916   -3.874088 1148.578125
   42.507664    5.336633   -3.057246 1148.582520
   43.322399    5.541696   -2.246001 1148.586304
   44.110588    5.738356   -1.442131 1148.589844
   44.872269    5.926911   -0.647413 1148.593140
   45.607365    6.107438    0.135202 1148.596558
   46.315937    6.280180    0.904676 1148.599365
   46.997986    6.445345    1.659473 1148.602417
   47.653481    6.603074    2.397804 1148.604980
   48.282444    6.753513    3.118083 1148.607422
   48.884884    6.815331    3.818841 1148.609863
   49.460762    6.536100    4.498549 1148.612061
   50.010101    5.459200    5.458723 1148.613892
   50.559467    5.853448    5.853209 1148.614380
   51.140198    6.270463    6.270463 1148.615234
   51.754093    6.711297    6.711297 1148.616211
   52.403049    7.177310    7.177310 1148.617676
   53.089066    7.669942    7.669942 1148.619263
   53.814262    8.190709    8.190709 1148.621826
   54.580853    8.741225    8.741225 1148.624634
   55.391235    9.323188    9.323188 1148.628174
   56.247913    9.938398    9.938398 1148.632812
   57.153484   10.588753   10.588753 1148.638672
   58.110794   11.276267   11.276267 1148.645996
   59.122765   12.003057   12.003057 1148.654541
   60.192524   12.771373   12.771373 1148.664551
   61.323353   13.583588   13.583588 1148.676270
   62.518768   14.442220   14.442220 1148.689819
  BLADE PROFILES IN CARTESIAN COORDINATES (2D) BEFORE   PROJECTION, SCALING, MESHING AND STACKING 
  VARIABLES = "X", "YSS", "YPS" 
  BLADE           2  SECTION           1
    0.000000    0.001399    0.001399
    0.000062    0.002912   -0.000686
    0.000249    0.004927   -0.003460
    0.000561    0.007016   -0.006373
    0.000997    0.009119   -0.009278
    0.001557    0.011280   -0.012110
    0.002241    0.013641   -0.014980
    0.003050    0.016142   -0.017898
    0.003982    0.018735   -0.020841
    0.005038    0.021389   -0.023774
    0.006218    0.024075   -0.026654
    0.007520    0.026757   -0.029428
    0.008945    0.029398   -0.032063
    0.010493    0.031959   -0.034522
    0.012162    0.034400   -0.036784
    0.013954    0.036689   -0.038849
    0.015866    0.038799   -0.040752
    0.017899    0.040721   -0.042575
    0.020052    0.042476   -0.044419
    0.022325    0.044132   -0.046303
    0.024716    0.045780   -0.048225
    0.027226    0.047442   -0.050183
    0.029854    0.049113   -0.052175
    0.032600    0.050792   -0.054198
    0.035461    0.052475   -0.056251
    0.038439    0.054160   -0.058332
    0.041531    0.055842   -0.060439
    0.044738    0.057520   -0.062571
    0.048058    0.059189   -0.064726
    0.051491    0.060849   -0.066902
    0.055036    0.062494   -0.069099
    0.058691    0.064124   -0.071314
    0.062456    0.065734   -0.073547
    0.066331    0.067323   -0.075797
    0.070314    0.068887   -0.078061
    0.074403    0.070424   -0.080340
    0.078599    0.071932   -0.082632
    0.082900    0.073407   -0.084936
    0.087305    0.074848   -0.087251
    0.091812    0.076251   -0.089576
    0.096421    0.077615   -0.091908
    0.101131    0.078937   -0.094230
    0.105941    0.080218   -0.096580
    0.110848    0.081480   -0.098937
    0.115853    0.082662   -0.101301
    0.120953    0.083788   -0.103671
    0.126148    0.084860   -0.106046
    0.131435    0.085876   -0.108427
    0.136815    0.086833   -0.110811
    0.142285    0.087731   -0.113200
    0.147845    0.088566   -0.115592
    0.153492    0.089338   -0.117988
    0.159225    0.090043   -0.120386
    0.165044    0.090680   -0.122786
    0.170946    0.091247   -0.125187
    0.176930    0.091742   -0.127574
    0.182994    0.092164   -0.129978
    0.189138    0.092511   -0.132383
    0.195358    0.092781   -0.134790
    0.201655    0.092978   -0.137197
    0.208026    0.093126   -0.139606
    0.214470    0.093157   -0.142014
    0.220986    0.093099   -0.144423
    0.227570    0.092957   -0.146833
    0.234223    0.092729   -0.149242
    0.240941    0.092415   -0.151652
    0.247725    0.092012   -0.154062
    0.254571    0.091521   -0.156470
    0.261478    0.090940   -0.158877
    0.268445    0.090268   -0.161277
    0.275470    0.089503   -0.163685
    0.282550    0.088647   -0.166094
    0.289685    0.087696   -0.168502
    0.296872    0.086652   -0.170910
    0.304110    0.085512   -0.173318
    0.311396    0.084284   -0.175726
    0.318730    0.082990   -0.178134
    0.326109    0.081563   -0.180542
    0.333531    0.080038   -0.182950
    0.340994    0.078412   -0.185358
    0.348497    0.076688   -0.187766
    0.356038    0.074868   -0.190173
    0.363615    0.072950   -0.192580
    0.371226    0.070935   -0.194983
    0.378869    0.068823   -0.197391
    0.386542    0.066613   -0.199799
    0.394243    0.064307   -0.202208
    0.401971    0.061905   -0.204617
    0.409723    0.059406   -0.207026
    0.417498    0.056812   -0.209435
    0.425293    0.054123   -0.211844
    0.433107    0.051339   -0.214254
    0.440937    0.048462   -0.216664
    0.448783    0.045492   -0.219074
    0.456641    0.042429   -0.221484
    0.464509    0.039284   -0.223894
    0.472387    0.036075   -0.226304
    0.480272    0.032742   -0.228713
    0.488161    0.029321   -0.231123
    0.496053    0.025813   -0.233532
    0.503947    0.022219   -0.235941
    0.511839    0.018541   -0.238350
    0.519729    0.014780   -0.240758
    0.527613    0.010936   -0.243165
    0.535491    0.007013   -0.245571
    0.543360    0.003012   -0.247975
    0.551217   -0.001065   -0.250379
    0.559063   -0.005217   -0.252782
    0.566893   -0.009441   -0.255183
    0.574707   -0.013736   -0.257581
    0.582502   -0.018099   -0.259977
    0.590277   -0.022529   -0.262370
    0.598029   -0.027024   -0.264761
    0.605757   -0.031582   -0.267148
    0.613458   -0.036199   -0.269532
    0.621131   -0.040875   -0.271912
    0.628774   -0.045606   -0.274288
    0.636385   -0.050391   -0.276659
    0.643962   -0.055226   -0.279025
    0.651503   -0.060110   -0.281386
    0.659006   -0.065040   -0.283741
    0.666469   -0.070013   -0.286090
    0.673891   -0.075027   -0.288433
    0.681270   -0.080080   -0.290768
    0.688604   -0.085167   -0.293095
    0.695890   -0.090288   -0.295415
    0.703128   -0.095438   -0.297725
    0.710315   -0.100616   -0.300027
    0.717450   -0.105818   -0.302319
    0.724530   -0.111041   -0.304601
    0.731555   -0.116283   -0.306872
    0.738522   -0.121541   -0.309131
    0.745429   -0.126812   -0.311379
    0.752275   -0.132092   -0.313614
    0.759059   -0.137379   -0.315835
    0.765777   -0.142671   -0.318040
    0.772430   -0.147964   -0.320234
    0.779015   -0.153254   -0.322413
    0.785530   -0.158539   -0.324576
    0.791974   -0.163816   -0.326722
    0.798345   -0.169081   -0.328852
    0.804642   -0.174332   -0.330963
    0.810863   -0.179565   -0.333057
    0.817006   -0.184777   -0.335131
    0.823070   -0.189966   -0.337186
    0.829054   -0.195128   -0.339220
    0.834956   -0.200260   -0.341233
    0.840775   -0.205359   -0.343224
    0.846508   -0.210422   -0.345192
    0.852155   -0.215445   -0.347137
    0.857715   -0.220436   -0.349058
    0.863185   -0.225381   -0.350955
    0.868565   -0.230269   -0.352826
    0.873852   -0.235106   -0.354671
    0.879047   -0.239889   -0.356488
    0.884147   -0.244615   -0.358279
    0.889152   -0.249281   -0.360041
    0.894059   -0.253885   -0.361774
    0.898869   -0.258423   -0.363478
    0.903579   -0.262893   -0.365151
    0.908188   -0.267293   -0.366793
    0.912695   -0.271618   -0.368403
    0.917100   -0.275867   -0.369981
    0.921401   -0.280037   -0.371526
    0.925597   -0.284125   -0.373037
    0.929686   -0.288130   -0.374513
    0.933669   -0.292048   -0.375955
    0.937544   -0.295877   -0.377361
    0.941309   -0.299614   -0.378730
    0.944965   -0.303258   -0.380063
    0.948509   -0.306805   -0.381358
    0.951942   -0.310254   -0.382615
    0.955262   -0.313602   -0.383833
    0.958469   -0.316848   -0.385013
    0.961561   -0.319989   -0.386153
    0.964539   -0.323023   -0.387252
    0.967400   -0.325949   -0.388311
    0.970146   -0.328764   -0.389328
    0.972774   -0.331464   -0.390288
    0.975284   -0.334053   -0.390890
    0.977675   -0.336526   -0.390941
    0.979948   -0.338883   -0.390628
    0.982101   -0.341120   -0.390059
    0.984134   -0.343238   -0.389298
    0.986046   -0.345234   -0.388384
    0.987838   -0.347107   -0.387345
    0.989507   -0.348856   -0.386198
    0.991055   -0.350480   -0.384957
    0.992480   -0.351978   -0.383632
    0.993782   -0.353349   -0.382232
    0.994962   -0.354592   -0.380799
    0.996018   -0.355707   -0.379285
    0.996950   -0.356736   -0.377658
    0.997759   -0.357694   -0.376036
    0.998443   -0.358879   -0.374381
    0.999003   -0.360123   -0.372707
    0.999439   -0.361390   -0.371038
    0.999751   -0.362947   -0.369415
    0.999938   -0.364613   -0.367673
    1.000000   -0.365358   -0.365358
  BLADE PROFILES IN CARTESIAN COORDINATES (3D) 
  VARIABLES = "X", "YSS", "YPS" "R" 
  BLADE           2  SECTION           1
   52.453545   -0.928836   -0.928836 1147.492798
   53.622128   -0.976912   -0.976912 1147.489502
   54.669819   -1.020015   -1.020015 1147.485596
   55.609123   -1.058657   -1.058657 1147.481201
   56.451256   -1.093302   -1.093302 1147.476685
   57.206287   -1.124362   -1.124362 1147.471558
   57.883205   -1.152208   -1.152208 1147.466675
   58.490089   -1.177173   -1.177173 1147.461548
   59.034206   -1.199556   -1.199556 1147.457031
   59.522026   -1.219623   -1.219623 1147.452515
   59.959381   -1.237613   -1.237613 1147.448364
   60.351509   -1.253743   -1.253743 1147.444458
   60.703064   -1.268204   -1.268204 1147.441040
   61.018253   -1.281168   -1.281168 1147.437500
   61.300827   -1.292792   -1.292792 1147.434448
   61.554180   -1.303213   -1.303213 1147.431885
   61.781326   -1.312556   -1.312556 1147.429077
   61.984962   -1.320932   -1.320932 1147.426758
   62.167549   -1.328442   -1.328442 1147.424683
   62.331242   -1.335175   -1.335175 1147.422852
   62.477997   -1.341212   -1.341212 1147.421021
   62.624760   -0.598031   -2.111295 1147.419067
   62.778198   -0.244231   -2.491998 1147.416870
   62.938934    0.027290   -2.755139 1147.414551
   63.107594    0.234502   -2.942553 1147.412231
   63.284813    0.390849   -3.098125 1147.409790
   63.471184    0.522638   -3.250088 1147.406982
   63.667290    0.650001   -3.400978 1147.404053
   63.873806    0.774573   -3.551744 1147.400879
   64.091316    0.896747   -3.703080 1147.397461
   64.320457    1.016715   -3.855506 1147.393921
   64.561829    1.134521   -4.009431 1147.390137
   64.816040    1.250093   -4.165180 1147.385986
   65.083740    1.363252   -4.323009 1147.381592
   65.365524    1.473738   -4.483134 1147.376953
   65.661858    1.581160   -4.645657 1147.371948
   65.972816    1.684941   -4.810443 1147.366455
   66.299149    1.784685   -4.977640 1147.360352
   66.641647    1.879951   -5.146592 1147.354248
   67.001190    1.971716   -5.319449 1147.347412
   67.378830    2.056058   -5.495479 1147.340576
   67.775612    2.134010   -5.675003 1147.332642
   68.192482    2.204787   -5.858219 1147.324707
   68.630257    2.267431   -6.045242 1147.315918
   69.090385    2.320963   -6.236465 1147.306152
   69.574516    2.364254   -6.431572 1147.296021
   70.084473    2.395988   -6.632425 1147.285278
   70.622269    2.415184   -6.838922 1147.273315
   71.190056    2.420063   -7.051627 1147.260498
   71.794739    2.406319   -7.272798 1147.246826
   72.445038    2.372344   -7.505161 1147.231812
   73.141640    2.314604   -7.748106 1147.215088
   73.884026    2.229559   -8.001704 1147.197266
   74.670395    2.113842   -8.265069 1147.177612
   75.497734    1.966298   -8.537015 1147.156860
   76.361702    1.780491   -8.816264 1147.134399
   77.248367    1.559334   -9.098431 1147.111084
   78.143539    1.305691   -9.379902 1147.087524
   79.042343    1.021017   -9.659773 1147.063232
   79.940910    0.707028   -9.937387 1147.038452
   80.836189    0.365546  -10.212409 1147.013916
   81.725975    0.000000  -10.484722 1146.989014
   82.609116   -0.391499  -10.754440 1146.964600
   83.491516   -0.809189  -11.023826 1146.939453
   84.377174   -1.254725  -11.294494 1146.914307
   85.265366   -1.727462  -11.566652 1146.889282
   86.154953   -2.226619  -11.840197 1146.864014
   87.044289   -2.751029  -12.114990 1146.838745
   87.931358   -3.299079  -12.390697 1146.813599
   88.813652   -3.868658  -12.666792 1146.788940
   89.683311   -4.453720  -12.941012 1146.764526
   90.535400   -5.049534  -13.211930 1146.740967
   91.367676   -5.652813  -13.478864 1146.718018
   92.178200   -6.260442  -13.741212 1146.695557
   92.965591   -6.869561  -13.998395 1146.674683
   93.728813   -7.477727  -14.250081 1146.654175
   94.467384   -8.082609  -14.496063 1146.634644
   95.183975   -8.684793  -14.737043 1146.616089
   95.879311   -9.283421  -14.973142 1146.598389
   96.553375   -9.877102  -15.204236 1146.581299
   97.206207  -10.465276  -15.430177 1146.565063
   97.837776  -11.045158  -15.650827 1146.549683
   98.448051  -11.616364  -15.866032 1146.535034
   99.037071  -12.177726  -16.075630 1146.521484
   99.604851  -12.728131  -16.279451 1146.508057
  100.151375  -13.266585  -16.477350 1146.495728
  100.676613  -13.792010  -16.669134 1146.484131
  101.180595  -14.303433  -16.854692 1146.472900
  101.663322  -14.799805  -16.989132 1146.462769
  102.124794  -15.280520  -16.812618 1146.453003
  102.564972  -15.962528  -15.962956 1146.443848
  103.005272  -16.278450  -16.278664 1146.438965
  103.480545  -16.619270  -16.619270 1146.433472
  103.993668  -16.987206  -16.987206 1146.427734
  104.547607  -17.384411  -17.384411 1146.421875
  105.145607  -17.813215  -17.813215 1146.415527
  105.791183  -18.276133  -18.276133 1146.408936
  106.488121  -18.775875  -18.775875 1146.401855
  107.240501  -19.315369  -19.315369 1146.394775
  108.052719  -19.897791  -19.897791 1146.387207
  108.929604  -20.526545  -20.526545 1146.379639
  109.876205  -21.205315  -21.205315 1146.371582
  110.898125  -21.938091  -21.938091 1146.363647
  112.001358  -22.729160  -22.729160 1146.355225
  113.192352  -23.583168  -23.583168 1146.346924
  114.478088  -24.505117  -24.505117 1146.338501
  115.866142  -25.500423  -25.500423 1146.330078
  117.364601  -26.574913  -26.574913 1146.322021
  118.982292  -27.734898  -27.734898 1146.313965
  120.728653  -28.987173  -28.987173 1146.306641
  122.613976  -30.339092  -30.339092 1146.299683
  BLADE PROFILES IN CARTESIAN COORDINATES (2D) BEFORE   PROJECTION, SCALING, MESHING AND STACKING 
  VARIABLES = "X", "YSS", "YPS" 
  BLADE           2  SECTION           2
    0.000000    0.001437    0.001437
    0.000062    0.002922   -0.000687
    0.000249    0.004947   -0.003465
    0.000561    0.007032   -0.006389
    0.000997    0.009134   -0.009303
    0.001557    0.011288   -0.012139
    0.002241    0.013644   -0.015012
    0.003050    0.016142   -0.017934
    0.003982    0.018731   -0.020880
    0.005038    0.021384   -0.023814
    0.006218    0.024069   -0.026689
    0.007520    0.026750   -0.029463
    0.008945    0.029391   -0.032096
    0.010493    0.031953   -0.034554
    0.012162    0.034396   -0.036814
    0.013954    0.036686   -0.038877
    0.015866    0.038796   -0.040780
    0.017899    0.040718   -0.042605
    0.020052    0.042475   -0.044451
    0.022325    0.044131   -0.046337
    0.024716    0.045778   -0.048262
    0.027226    0.047438   -0.050222
    0.029854    0.049108   -0.052216
    0.032600    0.050786   -0.054242
    0.035461    0.052467   -0.056298
    0.038439    0.054150   -0.058382
    0.041531    0.055831   -0.060492
    0.044738    0.057506   -0.062627
    0.048058    0.059174   -0.064785
    0.051491    0.060831   -0.066965
    0.055036    0.062475   -0.069165
    0.058691    0.064102   -0.071384
    0.062456    0.065710   -0.073620
    0.066331    0.067296   -0.075873
    0.070314    0.068858   -0.078142
    0.074403    0.070393   -0.080424
    0.078599    0.071898   -0.082720
    0.082900    0.073370   -0.085028
    0.087305    0.074808   -0.087347
    0.091812    0.076209   -0.089676
    0.096421    0.077569   -0.092012
    0.101131    0.078888   -0.094339
    0.105941    0.080165   -0.096693
    0.110848    0.081425   -0.099055
    0.115853    0.082603   -0.101423
    0.120953    0.083725   -0.103798
    0.126148    0.084793   -0.106178
    0.131435    0.085805   -0.108563
    0.136815    0.086759   -0.110953
    0.142285    0.087653   -0.113347
    0.147845    0.088484   -0.115744
    0.153492    0.089251   -0.118145
    0.159225    0.089952   -0.120548
    0.165044    0.090585   -0.122954
    0.170946    0.091147   -0.125359
    0.176930    0.091638   -0.127752
    0.182994    0.092056   -0.130162
    0.189138    0.092398   -0.132573
    0.195358    0.092663   -0.134985
    0.201655    0.092854   -0.137398
    0.208026    0.092998   -0.139812
    0.214470    0.093022   -0.142227
    0.220986    0.092959   -0.144642
    0.227570    0.092812   -0.147057
    0.234223    0.092579   -0.149473
    0.240941    0.092259   -0.151889
    0.247725    0.091851   -0.154305
    0.254571    0.091354   -0.156719
    0.261478    0.090767   -0.159124
    0.268445    0.090089   -0.161539
    0.275470    0.089319   -0.163954
    0.282550    0.088456   -0.166369
    0.289685    0.087500   -0.168784
    0.296872    0.086449   -0.171199
    0.304110    0.085303   -0.173614
    0.311396    0.084068   -0.176029
    0.318730    0.082768   -0.178443
    0.326109    0.081335   -0.180858
    0.333531    0.079801   -0.183273
    0.340994    0.078168   -0.185688
    0.348497    0.076438   -0.188103
    0.356038    0.074611   -0.190517
    0.363615    0.072686   -0.192931
    0.371226    0.070664   -0.195341
    0.378869    0.068544   -0.197757
    0.386542    0.066328   -0.200172
    0.394243    0.064015   -0.202588
    0.401971    0.061605   -0.205005
    0.409723    0.059099   -0.207421
    0.417498    0.056497   -0.209838
    0.425293    0.053800   -0.212255
    0.433107    0.051009   -0.214672
    0.440937    0.048124   -0.217089
    0.448783    0.045146   -0.219506
    0.456641    0.042076   -0.221924
    0.464509    0.038923   -0.224342
    0.472387    0.035706   -0.226759
    0.480272    0.032365   -0.229177
    0.488161    0.028935   -0.231594
    0.496053    0.025419   -0.234011
    0.503947    0.021818   -0.236428
    0.511839    0.018132   -0.238844
    0.519729    0.014361   -0.241260
    0.527613    0.010509   -0.243675
    0.535491    0.006578   -0.246088
    0.543360    0.002568   -0.248501
    0.551217   -0.001517   -0.250914
    0.559063   -0.005678   -0.253324
    0.566893   -0.009910   -0.255732
    0.574707   -0.014213   -0.258138
    0.582502   -0.018585   -0.260542
    0.590277   -0.023024   -0.262943
    0.598029   -0.027528   -0.265341
    0.605757   -0.032093   -0.267737
    0.613458   -0.036720   -0.270128
    0.621131   -0.041404   -0.272516
    0.628774   -0.046144   -0.274900
    0.636385   -0.050937   -0.277279
    0.643962   -0.055781   -0.279653
    0.651503   -0.060674   -0.282021
    0.659006   -0.065612   -0.284384
    0.666469   -0.070594   -0.286741
    0.673891   -0.075617   -0.289091
    0.681270   -0.080678   -0.291434
    0.688604   -0.085774   -0.293769
    0.695890   -0.090903   -0.296096
    0.703128   -0.096062   -0.298414
    0.710315   -0.101248   -0.300723
    0.717450   -0.106459   -0.303023
    0.724530   -0.111691   -0.305312
    0.731555   -0.116941   -0.307590
    0.738522   -0.122207   -0.309857
    0.745429   -0.127486   -0.312112
    0.752275   -0.132774   -0.314355
    0.759059   -0.138070   -0.316582
    0.765777   -0.143370   -0.318795
    0.772430   -0.148670   -0.320996
    0.779015   -0.153969   -0.323182
    0.785530   -0.159262   -0.325352
    0.791974   -0.164547   -0.327505
    0.798345   -0.169820   -0.329642
    0.804642   -0.175079   -0.331760
    0.810863   -0.180320   -0.333860
    0.817006   -0.185540   -0.335941
    0.823070   -0.190736   -0.338002
    0.829054   -0.195906   -0.340043
    0.834956   -0.201045   -0.342062
    0.840775   -0.206151   -0.344060
    0.846508   -0.211222   -0.346035
    0.852155   -0.216253   -0.347986
    0.857715   -0.221250   -0.349913
    0.863185   -0.226202   -0.351815
    0.868565   -0.231097   -0.353692
    0.873852   -0.235941   -0.355543
    0.879047   -0.240731   -0.357367
    0.884147   -0.245464   -0.359163
    0.889152   -0.250137   -0.360931
    0.894059   -0.254747   -0.362669
    0.898869   -0.259292   -0.364378
    0.903579   -0.263768   -0.366056
    0.908188   -0.268173   -0.367703
    0.912695   -0.272504   -0.369319
    0.917100   -0.276759   -0.370902
    0.921401   -0.280935   -0.372451
    0.925597   -0.285029   -0.373967
    0.929686   -0.289039   -0.375448
    0.933669   -0.292962   -0.376894
    0.937544   -0.296796   -0.378304
    0.941309   -0.300539   -0.379678
    0.944965   -0.304187   -0.381015
    0.948509   -0.307739   -0.382314
    0.951942   -0.311193   -0.383575
    0.955262   -0.314546   -0.384797
    0.958469   -0.317796   -0.385980
    0.961561   -0.320941   -0.387124
    0.964539   -0.323980   -0.388227
    0.967400   -0.326909   -0.389288
    0.970146   -0.329727   -0.390309
    0.972774   -0.332431   -0.391271
    0.975284   -0.335024   -0.391872
    0.977675   -0.337500   -0.391922
    0.979948   -0.339860   -0.391610
    0.982101   -0.342101   -0.391042
    0.984134   -0.344221   -0.390281
    0.986046   -0.346220   -0.389370
    0.987838   -0.348095   -0.388331
    0.989507   -0.349846   -0.387186
    0.991055   -0.351473   -0.385946
    0.992480   -0.352972   -0.384622
    0.993782   -0.354345   -0.383223
    0.994962   -0.355590   -0.381790
    0.996018   -0.356706   -0.380277
    0.996950   -0.357736   -0.378652
    0.997759   -0.358696   -0.377030
    0.998443   -0.359880   -0.375376
    0.999003   -0.361123   -0.373703
    0.999439   -0.362393   -0.372033
    0.999751   -0.363948   -0.370414
    0.999938   -0.365617   -0.368674
    1.000000   -0.366366   -0.366366
  BLADE PROFILES IN CARTESIAN COORDINATES (3D) 
  VARIABLES = "X", "YSS", "YPS" "R" 
  BLADE           2  SECTION           2
   52.515049   -0.905415   -0.905415 1148.054810
   53.680889   -0.954252   -0.954252 1148.054932
   54.726139   -0.998037   -0.998037 1148.054810
   55.663250   -1.037293   -1.037293 1148.055054
   56.503448   -1.072488   -1.072488 1148.054810
   57.256714   -1.104042   -1.104042 1148.054688
   57.932060   -1.132332   -1.132332 1148.055054
   58.537556   -1.157696   -1.157696 1148.054810
   59.080410   -1.180436   -1.180436 1148.055054
   59.567112   -1.200824   -1.200824 1148.054932
   60.003464   -1.219103   -1.219103 1148.055176
   60.394680   -1.235491   -1.235491 1148.054932
   60.745434   -1.250183   -1.250183 1148.054932
   61.059906   -1.263356   -1.263356 1148.054810
   61.341835   -1.275166   -1.275166 1148.054932
   61.594608   -1.285755   -1.285755 1148.054810
   61.821232   -1.295248   -1.295248 1148.054932
   62.024414   -1.303759   -1.303759 1148.055054
   62.206570   -1.311390   -1.311390 1148.054932
   62.369896   -1.318232   -1.318232 1148.054932
   62.516315   -1.324365   -1.324365 1148.055054
   62.662750   -0.582248   -2.093383 1148.054932
   62.815838   -0.229466   -2.473067 1148.054932
   62.976227    0.041483   -2.735435 1148.055054
   63.144520    0.248321   -2.922316 1148.054932
   63.321339    0.404340   -3.077680 1148.054932
   63.507282    0.535806   -3.229470 1148.054932
   63.702972    0.662766   -3.380197 1148.054810
   63.909031    0.786934   -3.530809 1148.054932
   64.126083    0.908700   -3.681996 1148.054810
   64.354713    1.028258   -3.834283 1148.054932
   64.595566    1.145649   -3.988075 1148.055054
   64.849213    1.260801   -4.143694 1148.055054
   65.116333    1.373536   -4.301402 1148.055054
   65.397491    1.483594   -4.461412 1148.054932
   65.693192    1.590583   -4.623821 1148.054932
   66.003471    1.693928   -4.788507 1148.054932
   66.329102    1.793234   -4.955571 1148.054932
   66.670868    1.888045   -5.124448 1148.054688
   67.029655    1.979374   -5.297223 1148.054932
   67.406471    2.063226   -5.473175 1148.054810
   67.802399    2.140732   -5.652631 1148.054810
   68.218391    2.211061   -5.835786 1148.054810
   68.655228    2.273259   -6.022757 1148.054932
   69.114395    2.326347   -6.213935 1148.055054
   69.597496    2.369194   -6.408993 1148.054932
   70.106415    2.400491   -6.609822 1148.054688
   70.643082    2.419234   -6.816303 1148.054932
   71.209686    2.423643   -7.029009 1148.055054
   71.813118    2.409480   -7.250189 1148.055054
   72.462044    2.375084   -7.482580 1148.054810
   73.157234    2.316936   -7.725406 1148.054810
   73.898071    2.231497   -7.979208 1148.055176
   74.682846    2.115412   -8.242650 1148.055176
   75.508492    1.967527   -8.514697 1148.055054
   76.370743    1.781358   -8.794064 1148.054932
   77.255608    1.559942   -9.076364 1148.055054
   78.148964    1.306085   -9.358000 1148.054810
   79.046005    1.021246   -9.638049 1148.054932
   79.942749    0.707136   -9.915856 1148.055054
   80.836227    0.365577  -10.191086 1148.054932
   81.724274    0.000000  -10.463618 1148.055054
   82.605652   -0.391493  -10.733572 1148.054688
   83.486298   -0.809179  -11.003210 1148.055054
   84.370201   -1.254627  -11.274163 1148.054932
   85.256660   -1.727245  -11.546586 1148.054810
   86.144455   -2.226246  -11.820426 1148.054810
   87.032059   -2.750468  -12.095531 1148.055054
   87.917366   -3.298297  -12.371560 1148.055054
   88.797890   -3.867624  -12.647989 1148.054932
   89.665825   -4.452409  -12.922554 1148.055054
   90.516243   -5.047924  -13.193825 1148.054932
   91.346848   -5.650884  -13.461113 1148.054810
   92.155762   -6.258178  -13.723815 1148.054810
   92.941559   -6.866940  -13.981348 1148.055054
   93.703262   -7.474739  -14.233390 1148.054810
   94.440346   -8.079255  -14.479720 1148.054932
   95.155502   -8.681056  -14.721047 1148.055054
   95.849434   -9.279305  -14.957487 1148.054932
   96.522133   -9.872602  -15.188919 1148.054932
   97.173607  -10.460377  -15.415192 1148.054932
   97.803879  -11.039867  -15.636170 1148.054810
   98.412918  -11.610678  -15.851687 1148.055054
   99.000748  -12.171643  -16.061596 1148.055054
   99.567345  -12.721658  -16.265724 1148.054810
  100.112732  -13.259720  -16.463909 1148.054810
  100.636894  -13.784760  -16.655977 1148.055176
  101.139832  -14.295804  -16.841810 1148.054810
  101.621552  -14.791802  -16.976297 1148.055054
  102.082054  -15.272151  -16.800566 1148.055054
  102.521301  -15.953427  -15.953854 1148.054932
  102.960594  -16.269238  -16.269451 1148.054932
  103.434807  -16.609941  -16.609941 1148.055054
  103.946747  -16.977743  -16.977743 1148.054810
  104.499443  -17.374805  -17.374805 1148.054932
  105.096069  -17.803461  -17.803461 1148.055054
  105.740166  -18.266211  -18.266211 1148.054932
  106.435509  -18.765778  -18.765778 1148.054932
  107.186157  -19.305082  -19.305082 1148.054932
  107.996536  -19.887293  -19.887293 1148.054810
  108.871376  -20.515816  -20.515816 1148.054932
  109.815796  -21.194340  -21.194340 1148.054932
  110.835365  -21.926840  -21.926840 1148.055054
  111.936058  -22.717615  -22.717615 1148.054932
  113.124275  -23.571295  -23.571295 1148.054932
  114.407028  -24.492886  -24.492886 1148.054932
  115.791832  -25.487793  -25.487793 1148.054810
  117.286797  -26.561853  -26.561853 1148.054932
  118.900688  -27.721348  -27.721348 1148.054810
  120.642960  -28.973083  -28.973083 1148.054932
  122.523842  -30.324398  -30.324398 1148.054810
  BLADE PROFILES IN CARTESIAN COORDINATES (2D) BEFORE   PROJECTION, SCALING, MESHING AND STACKING 
  VARIABLES = "X", "YSS", "YPS" 
  BLADE           2  SECTION           3
    0.000000    0.001503    0.001503
    0.000062    0.002965   -0.000689
    0.000249    0.004966   -0.003470
    0.000561    0.007049   -0.006405
    0.000997    0.009148   -0.009328
    0.001557    0.011297   -0.012168
    0.002241    0.013647   -0.015045
    0.003050    0.016141   -0.017970
    0.003982    0.018728   -0.020919
    0.005038    0.021379   -0.023852
    0.006218    0.024063   -0.026724
    0.007520    0.026743   -0.029497
    0.008945    0.029384   -0.032130
    0.010493    0.031946   -0.034585
    0.012162    0.034391   -0.036843
    0.013954    0.036682   -0.038906
    0.015866    0.038791   -0.040808
    0.017899    0.040714   -0.042635
    0.020052    0.042473   -0.044483
    0.022325    0.044130   -0.046371
    0.024716    0.045776   -0.048298
    0.027226    0.047435   -0.050261
    0.029854    0.049104   -0.052258
    0.032600    0.050780   -0.054287
    0.035461    0.052460   -0.056345
    0.038439    0.054140   -0.058432
    0.041531    0.055819   -0.060545
    0.044738    0.057493   -0.062683
    0.048058    0.059159   -0.064844
    0.051491    0.060814   -0.067027
    0.055036    0.062455   -0.069231
    0.058691    0.064080   -0.071453
    0.062456    0.065686   -0.073693
    0.066331    0.067270   -0.075950
    0.070314    0.068829   -0.078222
    0.074403    0.070362   -0.080508
    0.078599    0.071864   -0.082808
    0.082900    0.073334   -0.085120
    0.087305    0.074769   -0.087444
    0.091812    0.076166   -0.089775
    0.096421    0.077524   -0.092096
    0.101131    0.078839   -0.094447
    0.105941    0.080113   -0.096806
    0.110848    0.081370   -0.099172
    0.115853    0.082543   -0.101545
    0.120953    0.083661   -0.103925
    0.126148    0.084726   -0.106310
    0.131435    0.085734   -0.108700
    0.136815    0.086684   -0.111095
    0.142285    0.087574   -0.113493
    0.147845    0.088401   -0.115896
    0.153492    0.089164   -0.118301
    0.159225    0.089861   -0.120710
    0.165044    0.090490   -0.123121
    0.170946    0.091048   -0.125531
    0.176930    0.091534   -0.127930
    0.182994    0.091947   -0.130345
    0.189138    0.092285   -0.132762
    0.195358    0.092552   -0.135180
    0.201655    0.092768   -0.137599
    0.208026    0.092870   -0.140019
    0.214470    0.092888   -0.142439
    0.220986    0.092820   -0.144861
    0.227570    0.092667   -0.147282
    0.234223    0.092429   -0.149704
    0.240941    0.092103   -0.152126
    0.247725    0.091690   -0.154548
    0.254571    0.091188   -0.156968
    0.261478    0.090595   -0.159379
    0.268445    0.089911   -0.161801
    0.275470    0.089135   -0.164223
    0.282550    0.088266   -0.166644
    0.289685    0.087303   -0.169066
    0.296872    0.086246   -0.171487
    0.304110    0.085102   -0.173909
    0.311396    0.083890   -0.176331
    0.318730    0.082547   -0.178752
    0.326109    0.081107   -0.181174
    0.333531    0.079565   -0.183596
    0.340994    0.077926   -0.186018
    0.348497    0.076189   -0.188439
    0.356038    0.074354   -0.190861
    0.363615    0.072423   -0.193282
    0.371226    0.070394   -0.195700
    0.378869    0.068267   -0.198122
    0.386542    0.066043   -0.200545
    0.394243    0.063723   -0.202968
    0.401971    0.061306   -0.205392
    0.409723    0.058792   -0.207816
    0.417498    0.056183   -0.210240
    0.425293    0.053479   -0.212664
    0.433107    0.050680   -0.215089
    0.440937    0.047787   -0.217514
    0.448783    0.044801   -0.219939
    0.456641    0.041732   -0.222364
    0.464509    0.038597   -0.224789
    0.472387    0.035337   -0.227214
    0.480272    0.031988   -0.229640
    0.488161    0.028551   -0.232065
    0.496053    0.025027   -0.234489
    0.503947    0.021417   -0.236914
    0.511839    0.017722   -0.239338
    0.519729    0.013943   -0.241761
    0.527613    0.010083   -0.244184
    0.535491    0.006143   -0.246606
    0.543360    0.002125   -0.249027
    0.551217   -0.001969   -0.251446
    0.559063   -0.006137   -0.253864
    0.566893   -0.010378   -0.256280
    0.574707   -0.014690   -0.258694
    0.582502   -0.019071   -0.261106
    0.590277   -0.023518   -0.263515
    0.598029   -0.028030   -0.265921
    0.605757   -0.032604   -0.268324
    0.613458   -0.037239   -0.270723
    0.621131   -0.041932   -0.273119
    0.628774   -0.046680   -0.275510
    0.636385   -0.051482   -0.277897
    0.643962   -0.056335   -0.280279
    0.651503   -0.061236   -0.282656
    0.659006   -0.066183   -0.285026
    0.666469   -0.071174   -0.287391
    0.673891   -0.076205   -0.289748
    0.681270   -0.081275   -0.292099
    0.688604   -0.086379   -0.294441
    0.695890   -0.091517   -0.296776
    0.703128   -0.096685   -0.299102
    0.710315   -0.101879   -0.301419
    0.717450   -0.107098   -0.303726
    0.724530   -0.112339   -0.306022
    0.731555   -0.117597   -0.308308
    0.738522   -0.122872   -0.310582
    0.745429   -0.128159   -0.312845
    0.752275   -0.133456   -0.315094
    0.759059   -0.138760   -0.317331
    0.765777   -0.144067   -0.319552
    0.772430   -0.149376   -0.321757
    0.779015   -0.154683   -0.323950
    0.785530   -0.159984   -0.326127
    0.791974   -0.165277   -0.328287
    0.798345   -0.170558   -0.330431
    0.804642   -0.175825   -0.332556
    0.810863   -0.181074   -0.334663
    0.817006   -0.186302   -0.336750
    0.823070   -0.191506   -0.338818
    0.829054   -0.196683   -0.340865
    0.834956   -0.201830   -0.342891
    0.840775   -0.206943   -0.344895
    0.846508   -0.212021   -0.346876
    0.852155   -0.217059   -0.348833
    0.857715   -0.222064   -0.350767
    0.863185   -0.227023   -0.352675
    0.868565   -0.231925   -0.354558
    0.873852   -0.236776   -0.356415
    0.879047   -0.241572   -0.358244
    0.884147   -0.246312   -0.360046
    0.889152   -0.250991   -0.361819
    0.894059   -0.255608   -0.363563
    0.898869   -0.260159   -0.365277
    0.903579   -0.264641   -0.366961
    0.908188   -0.269053   -0.368613
    0.912695   -0.273390   -0.370234
    0.917100   -0.277651   -0.371821
    0.921401   -0.281832   -0.373376
    0.925597   -0.285932   -0.374896
    0.929686   -0.289947   -0.376382
    0.933669   -0.293876   -0.377833
    0.937544   -0.297715   -0.379247
    0.941309   -0.301463   -0.380625
    0.944965   -0.305116   -0.381966
    0.948509   -0.308673   -0.383269
    0.951942   -0.312131   -0.384534
    0.955262   -0.315489   -0.385760
    0.958469   -0.318743   -0.386948
    0.961561   -0.321892   -0.388094
    0.964539   -0.324935   -0.389200
    0.967400   -0.327868   -0.390265
    0.970146   -0.330690   -0.391288
    0.972774   -0.333398   -0.392253
    0.975284   -0.335994   -0.392852
    0.977675   -0.338474   -0.392903
    0.979948   -0.340836   -0.392591
    0.982101   -0.343080   -0.392023
    0.984134   -0.345203   -0.391264
    0.986046   -0.347205   -0.390354
    0.987838   -0.349082   -0.389317
    0.989507   -0.350836   -0.388172
    0.991055   -0.352464   -0.386934
    0.992480   -0.353966   -0.385611
    0.993782   -0.355341   -0.384213
    0.994962   -0.356587   -0.382780
    0.996018   -0.357705   -0.381268
    0.996950   -0.358736   -0.379644
    0.997759   -0.359696   -0.378023
    0.998443   -0.360880   -0.376369
    0.999003   -0.362123   -0.374696
    0.999439   -0.363394   -0.373026
    0.999751   -0.364950   -0.371411
    0.999938   -0.366620   -0.369671
    1.000000   -0.367374   -0.367374
  BLADE PROFILES IN CARTESIAN COORDINATES (3D) 
  VARIABLES = "X", "YSS", "YPS" "R" 
  BLADE           2  SECTION           3
   52.570930   -0.882662   -0.882662 1148.618042
   53.734722   -0.932285   -0.932285 1148.621460
   54.778137   -0.976776   -0.976776 1148.625610
   55.713604   -1.016665   -1.016665 1148.629883
   56.552299   -1.052429   -1.052429 1148.634644
   57.304234   -1.084494   -1.084494 1148.639893
   57.978382   -1.113243   -1.113243 1148.645020
   58.582790   -1.139018   -1.139018 1148.649902
   59.124683   -1.162128   -1.162128 1148.654419
   59.610500   -1.182847   -1.182847 1148.659058
   60.046082   -1.201423   -1.201423 1148.663208
   60.436596   -1.218078   -1.218078 1148.666992
   60.786701   -1.233010   -1.233010 1148.670654
   61.100605   -1.246398   -1.246398 1148.674072
   61.382046   -1.258401   -1.258401 1148.677002
   61.634342   -1.269162   -1.269162 1148.679810
   61.860561   -1.278811   -1.278811 1148.682251
   62.063370   -1.287461   -1.287461 1148.684692
   62.245205   -1.295216   -1.295216 1148.686890
   62.408234   -1.302170   -1.302170 1148.688843
   62.554390   -1.308404   -1.308404 1148.690430
   62.700539   -0.566896   -2.076817 1148.692383
   62.853352   -0.214920   -2.455696 1148.694458
   63.013443    0.055618   -2.717446 1148.696899
   63.181416    0.262087   -2.903906 1148.699341
   63.357906    0.417986   -3.059152 1148.701782
   63.543484    0.549208   -3.210859 1148.704590
   63.738823    0.675841   -3.361511 1148.707520
   63.944489    0.799679   -3.512057 1148.710571
   64.161125    0.921112   -3.663187 1148.713989
   64.389320    1.040331   -3.815423 1148.717651
   64.629707    1.157379   -3.969171 1148.721436
   64.882874    1.272181   -4.124755 1148.725708
   65.149467    1.384560   -4.282433 1148.729980
   65.430107    1.494256   -4.442421 1148.734619
   65.725227    1.600877   -4.604816 1148.739868
   66.034927    1.703849   -4.769494 1148.745239
   66.359909    1.802776   -4.935890 1148.751099
   66.701012    1.897192   -5.105472 1148.757202
   67.059105    1.988126   -5.278217 1148.763916
   67.435188    2.071554   -5.454197 1148.770996
   67.830330    2.148662   -5.633688 1148.778687
   68.245491    2.218588   -5.816890 1148.786865
   68.681488    2.280378   -6.003917 1148.795898
   69.139717    2.333055   -6.195164 1148.805420
   69.621887    2.375488   -6.390284 1148.815430
   70.129761    2.406369   -6.591204 1148.826416
   70.665344    2.425890   -6.797792 1148.837891
   71.230843    2.428617   -7.010620 1148.850952
   71.833031    2.414028   -7.231936 1148.864624
   72.480659    2.379198   -7.464484 1148.879883
   73.174400    2.320608   -7.707486 1148.896362
   73.913765    2.234731   -7.961492 1148.914429
   74.696899    2.118533   -8.225166 1148.933716
   75.520851    1.969853   -8.497469 1148.954834
   76.381310    1.783264   -8.777112 1148.977051
   77.264336    1.561459   -9.059716 1149.000122
   78.155830    1.307243   -9.341674 1149.023926
   79.050980    1.022074   -9.622065 1149.048340
   79.945877    0.707664   -9.900224 1149.072876
   80.837463    0.366406  -10.175819 1149.097412
   81.723640    0.000000  -10.448735 1149.122192
   82.603142   -0.391706  -10.719077 1149.146973
   83.481949   -0.809634  -10.989123 1149.171997
   84.363968   -1.255257  -11.260517 1149.196899
   85.248550   -1.728031  -11.533359 1149.222290
   86.134491   -2.227169  -11.807653 1149.247070
   87.020187   -2.751507  -12.083228 1149.272217
   87.903625   -3.299439  -12.359739 1149.297363
   88.782310   -3.868848  -12.636667 1149.322266
   89.648399   -4.453699  -12.911734 1149.346436
   90.497025   -5.049261  -13.183510 1149.369995
   91.325890   -5.652254  -13.451304 1149.392822
   92.133080   -6.259571  -13.714512 1149.415161
   92.917267   -6.868343  -13.972620 1149.436523
   93.677361   -7.476125  -14.225093 1149.456787
   94.412918   -8.080633  -14.471918 1149.476196
   95.126572   -8.682416  -14.713728 1149.494751
   95.819054   -9.280631  -14.950652 1149.512451
   96.490364   -9.873887  -15.182552 1149.529419
   97.140518  -10.461624  -15.409290 1149.545776
   97.769493  -11.041057  -15.630718 1149.561157
   98.377289  -11.611814  -15.846684 1149.575684
   98.963898  -12.172715  -16.057026 1149.589600
   99.529343  -12.722664  -16.261572 1149.602661
  100.073631  -13.260652  -16.460167 1149.615112
  100.596718  -13.785618  -16.652628 1149.626709
  101.098640  -14.296580  -16.838842 1149.637695
  101.579414  -14.792501  -16.973459 1149.648071
  102.038986  -15.272768  -16.798393 1149.657715
  102.477364  -15.953697  -15.954122 1149.666260
  102.915855  -16.269575  -16.269789 1149.671387
  103.389214  -16.610359  -16.610359 1149.676636
  103.900230  -16.978251  -16.978251 1149.682373
  104.451881  -17.375404  -17.375404 1149.688354
  105.047440  -17.804159  -17.804159 1149.694580
  105.690384  -18.267015  -18.267015 1149.701416
  106.384453  -18.766695  -18.766695 1149.708130
  107.133743  -19.306122  -19.306122 1149.715332
  107.942673  -19.888464  -19.888464 1149.722656
  108.815956  -20.517130  -20.517130 1149.730347
  109.758705  -21.195799  -21.195799 1149.738281
  110.776436  -21.928457  -21.928457 1149.746460
  111.875160  -22.719398  -22.719398 1149.754761
  113.061272  -23.573254  -23.573254 1149.762939
  114.341759  -24.495029  -24.495029 1149.771362
  115.724129  -25.490124  -25.490124 1149.779541
  117.216461  -26.564369  -26.564369 1149.787842
  118.827538  -27.724062  -27.724062 1149.795532
  120.566772  -28.975992  -28.975992 1149.803101
  122.444359  -30.327496  -30.327496 1149.809814
